3.064067067067056449e+00
1.913484484484480053e+00
0.000000000000000000e+00
1.081640640640647799e+00
3.973744744744736046e+00
8.170870870870954317e-01
2.476536536536599609e-01
1.911577577577579179e+00
2.487277277277258614e-01
1.801604604604609472e+00
7.069088988988988831e+01
2.200180180180225931e-01
1.381781781781789113e-02
1.233691691691699566e+00
1.771575575575583761e+00
6.042493493493489076e+00
1.969369369369353487e-02
5.469069069068972083e-02
3.821469069069070201e+01
1.147467467467480740e+00
0.000000000000000000e+00
8.480060060059998461e-01
2.274359359359355182e+00
2.387897897897889865e-01
1.881381381381362974e-02
3.935835835835857499e-02
2.087425425425416758e+00
4.507507507507423072e-02
2.663163163163171504e-02
1.307021021021018248e+00
5.545654654654643245e+00
1.358508508508501633e-01
3.937877877877928867e-01
1.154225225225228746e+00
1.737856856856830445e+00
1.598444444444444112e+00
7.962240140140124822e+01
3.705357857857863735e+01
2.592862862862857498e-01
2.655597597597577852e+00
1.027943743743744243e+01
1.055191191191191757e+00
2.280516516516521097e+00
9.483713713713683990e-01
2.030203203203226447e+00
1.976976976977017075e-02
3.918128128128207099e-01
0.000000000000000000e+00
2.721252252252264192e+00
1.612623023023018476e+01
2.017886886886904207e+00
1.192592592592577223e-02
1.276276276276308297e-01
8.354104104104052020e-01
2.535230230230230308e+00
6.823723723723769119e-01
1.823386386386365743e+00
5.501091091091163676e-01
4.354693693693659995e+00
1.258742742742743115e+00
4.565661461461461101e+01
1.363811811811819652e+00
3.335758358358358322e+01
2.993993993993996836e-03
1.891453453453453282e+00
9.824024024024144430e-02
5.363053053052992958e+00
1.767149149149148446e+00
2.498498498498555598e-01
1.124714714714697972e-01
3.027503503503533810e+00
3.659259259259183689e-02
2.042196196196220725e+00
2.682392392392388913e+00
1.862662662662648572e-01
4.755620720720723682e+01
2.091970970970992827e+00
1.725464464464465442e+00
3.100200800800798007e+01
3.674414414414476915e-01
1.132609609609624535e+00
1.338001001000989953e+00
1.277097097097073808e-01
5.417647647647655162e+00
4.325865865865851312e+00
2.764442442442434977e+00
9.590120120120304570e-01
2.497901901901892430e+00
9.596386386386452916e-01
2.465965965965930817e-01
1.537037037037043141e-01
1.608486486486489397e+00
8.075075075075170694e-02
2.043442442442448659e+00
1.799489489489470850e+00
4.829949949949905452e-01
2.465955955955966505e+00
1.857803803803812048e+00
1.485080080080091403e+00
6.098575675675677843e+01
3.275272272272252039e+00
4.979979979979966796e-03
1.372052052052045445e-01
1.440300000000004488e+01
2.483313313313290083e-01
1.580678678678672844e+00
8.310130130129975701e-01
8.807647647647698363e-01
2.495735735735719329e-01
2.508403403403383081e+00
2.987377377377301579e-01
8.361961961962043055e-02
6.343943943943879116e-02
3.001707707707723660e+00
2.123544544544541335e+00
2.115865865865840523e-01
0.000000000000000000e+00
2.619782782782777097e+00
1.641823823823829409e+00
8.033565565565520927e+00
5.874724724724750047e+00
1.090857857857852053e+00
3.329509509509550047e-01
1.469673673673674186e+00
2.181684684684689568e+00
4.260340340340343923e-01
1.380035035035024116e+00
1.102342342342354647e-01
1.215691191191195664e+01
2.993993993994003774e-03
3.987987987988050875e-03
2.344744744744726647e-02
5.531031031031009848e-02
1.792227227227253694e+00
1.460051051051056259e+00
1.736838738738745036e+01
2.497657657657662567e-01
4.106368368368363164e+00
1.218329329329336908e+00
1.997997997997994629e-03
1.499305305305290048e+00
1.638357357357348887e+00
2.176176176176211965e-02
2.147110110110131753e+00
2.372412412412349403e-01
2.005851851851846224e+00
1.486084084084062118e+00
4.342852852852913670e-01
1.560371371371376492e+00
2.161761761761716791e-02
2.720456456456446848e+00
1.110979979979986876e+00
1.488388388388376012e-02
2.597954954954971196e+00
5.401776776776776146e+00
1.011606606606625824e+00
2.263565565565551108e+00
6.662280280280268308e+00
1.438072072072079655e+00
1.482782782782783026e-01
1.087327327327337195e-01
0.000000000000000000e+00
1.869819819819827644e-01
1.476754854854854493e+01
2.243969969969983769e+00
6.610555655655667806e+01
1.018768768768790467e-01
1.602909909909945085e+00
1.200080780780778511e+01
1.393337337337350545e+00
1.699249249249234206e-01
1.812483483483495528e+00
1.277144144144138904e+00
0.000000000000000000e+00
1.131697697697692018e+00
8.825399399399382006e+00
1.951405405405416182e+00
1.949699699699651567e-01
1.664984984984958227e-01
1.104923923923923468e+00
8.580580580580762784e-02
2.160690690690703519e+00
7.798498498498368514e-02
2.067837837837832371e+00
7.469709709709665413e-01
9.654554554554655166e-01
1.985919919919918897e+00
1.580867867867866705e+00
1.495026026026033739e+00
2.062612612612585716e-01
2.290684684684671790e+00
2.343894894894885450e+00
1.394413413413430503e+00
1.982485485485477872e+00
1.090990990990958406e-02
2.715713713713728161e+00
7.957957957957810177e-03
2.050008008007996985e+00
3.935735735735647334e-02
2.121781581581582898e+01
1.002217417417415746e+01
1.146417417417415763e+00
2.014624624624663518e-01
0.000000000000000000e+00
1.775710710710723506e+00
0.000000000000000000e+00
3.747353353353311434e+00
3.697697697697638342e-02
8.986486486486494618e-02
4.825495495495571996e-01
6.082966966966959887e+01
2.497657657657662567e-01
7.215405405405330708e-01
4.088808808808722661e-01
2.308414414414429849e+00
5.062195795795795306e+01
2.812833833833830255e+01
2.810036936936934637e+01
9.228228228228171348e-01
1.924240240240234545e+00
6.514464464464509996e-01
3.088428428428456884e-01
4.967821821821837958e+00
0.000000000000000000e+00
2.069730430430428925e+01
1.084170170170172698e+00
2.552374374374339894e+00
8.295845845845903899e-01
5.843014014013954593e+00
1.130599599599597660e+00
2.993993993993998570e-03
1.110528528528524461e+00
2.031717717717741234e+00
2.539789789789787200e+00
8.627934934934945232e+00
4.070961961961995890e+00
1.001449149149146578e+01
1.729627627627640329e+00
1.744455455455459880e+00
1.374606606606591619e+00
1.216327327327322072e+00
1.251502502502500835e+00
1.284384384384356162e-02
2.254924924924944507e-01
1.998714714714727059e+00
2.364323323323336723e+00
1.870144044044040399e+01
1.976686686686668137e+00
1.153644644644645112e+00
8.842582582582664275e-01
1.429994994994994828e+00
2.260482482482484290e+00
2.955065065065016205e-01
1.299129129129145410e-01
2.696436436436415174e-01
1.117208708708707121e+01
1.427795795795806733e+00
4.418893893893917735e+00
3.648118118118135023e+00
2.243457457457456172e+00
1.000000000000015200e-03
0.000000000000000000e+00
1.582165165165148935e+00
8.082368368368332057e+00
4.918786486486481380e+01
1.556818818818818118e+00
6.480370370370370559e+00
1.235429429429435455e+00
7.341451451451492805e-01
1.407309309309304313e+00
1.920230230230216106e+00
7.238873873873880704e+00
2.257757757757736933e-02
7.177099099099106816e+00
2.896396396396334200e-02
2.353753753753728625e-02
2.514264264264252535e+00
2.087597597597629917e-01
4.219219219219158545e-02
2.590547547547547680e+00
2.021468468468494262e+00
1.847333533533537775e+01
1.180619619619614813e+00
1.803529529529535269e+00
6.194280280280279882e+00
2.009165165165148537e+00
2.614466966966960726e+01
2.051013013013011310e+00
2.043290290290298739e+00
2.478468468468436603e-01
2.129367367367394959e+00
1.667484084084083662e+01
2.435186186186185431e+00
0.000000000000000000e+00
2.670074074074065607e+00
1.121340340340344133e+00
8.001166166166118643e+00
1.872222222222190979e-01
2.155362362362368334e+00
1.871861861861884302e-01
1.226152152152145014e+00
1.251939939939945123e+00
8.087187187187208082e-01
1.739600600600616165e+00
6.985985985985999555e-03
1.269044044044031150e+00
1.726916916916892697e-01
2.431421421421460227e-01
1.022838838838858289e+00
1.647397397397410534e+00
4.754754754754642043e-02
3.487487487487433979e-02
1.390888888888887287e+00
4.924594594594551289e-01
0.000000000000000000e+00
0.000000000000000000e+00
1.291409409409416176e+00
2.836470470470479732e+00
2.405980980980996442e+00
4.319019019019106065e-02
4.162452452452450657e+00
9.544714714714700454e-01
8.229312312312275779e+00
5.006365365365355480e+00
6.301629629629641016e+00
1.880410410410398692e+00
1.659745545545542456e+01
9.631281281281111051e-01
1.800821821821819047e+00
0.000000000000000000e+00
1.693463463463455110e+00
1.570447447447432809e+00
2.228811811811800769e+00
1.438388388388378014e-01
2.136422422422435297e+00
1.129156156156155388e+00
1.959699699699683773e-01
1.000271271271264917e+00
1.194383383383394115e+00
1.954394394394350087e-01
2.194429429429415990e+00
4.483583583583660576e-02
1.342772772772795331e-01
1.146906906906920570e-01
0.000000000000000000e+00
6.977731631631625930e+01
1.318113113113138946e+00
2.363893693693690423e+01
4.332402402402327768e-01
2.781647647647638166e+00
3.313367367367367589e+00
3.058092092092104419e+00
7.541741741741789240e-02
1.009488488488480495e+00
1.049419419419450328e-01
7.593102102102086803e+00
3.287687687687639720e-02
3.108051051051079039e+00
2.438104104104123149e+00
5.969969969969926744e-03
2.235635635635631613e-01
1.749109109109089899e-01
1.672772772772805269e-02
2.831271271271244006e-01
3.987987987988034395e-03
4.660210210210136705e-01
1.199630630630645234e+00
2.957344344344340126e+00
4.264733333333334997e+01
2.432702702702660702e-01
1.739979979979965063e-01
1.000000000000002840e-03
3.037417417417399013e-01
5.480480480480517252e-02
1.880677677677660142e+00
2.271771771771778983e-02
1.357960960960963526e+00
2.794184184184141384e-01
1.596787787787786517e+00
1.143325325325313946e+00
1.132951551551551184e+01
2.546654654654652905e+00
1.000000000000018235e-03
7.114214214214241438e-02
1.257999999999995566e+00
1.569388388388376354e+00
1.453511511511507592e+00
2.946737737737723961e+00
1.619529529529525336e-01
1.181611111111106993e+01
3.757851351351345670e+01
1.203544544544543626e+00
2.568888888888863908e-01
1.412411411411417683e+00
1.809960960960943499e+00
2.312170170170174899e+00
1.302288288288297569e+00
2.144934934934918103e-01
1.719326326326332310e+00
4.530905905905913578e+00
1.671245245245245981e+00
2.654628628628625364e+00
3.781799199199205219e+01
1.412063063063056845e+00
4.574449549549562022e+01
1.231065065065067188e+00
1.486712712712723317e+00
6.761708708708705551e+00
1.624774774774762731e+00
1.580599599599608274e+00
0.000000000000000000e+00
5.226981981981973391e+00
2.891311311311296484e-01
9.221121121120967601e-01
3.173421321321321287e+01
2.810844844844852197e+00
3.634414914914918171e+01
2.748984984984994107e+00
2.673213213213146422e-01
2.575345345345357195e+00
1.904595595595603097e+00
2.695829829829821556e+00
9.805305305305360430e-02
2.567927927927962095e-01
4.688255655655659382e+01
3.496995995996016404e+00
8.645234234234214554e+00
4.664564564564447485e-02
9.007707707707761635e-01
8.696046046046025380e-01
6.184935935935948592e+00
5.557457457457523620e-02
1.465455455455442757e-01
0.000000000000000000e+00
4.012891891891865015e+00
1.790397397397397894e+00
2.520190190190250701e-01
1.386536736736732855e+01
8.397187187187016288e-01
1.309469469469488057e-01
2.469979979980032603e-01
2.072678678678665953e+00
2.763601601601605395e+00
4.998193893893893858e+01
7.449412412412431017e+00
2.724324324324317245e-02
1.000000000000018452e-03
2.796996996997024865e-01
6.264942942942966830e+00
2.158580580580604646e+00
0.000000000000000000e+00
5.439019019019091239e-01
1.830876876876867287e+00
1.498557557557575137e+00
1.412954954954971365e+00
2.242013013013006262e+00
3.329679679679661941e+00
2.337887887887902583e+00
1.917106106106113428e+00
2.057957957957915612e-02
0.000000000000000000e+00
2.261491491491506078e+00
3.126116116116029464e-01
0.000000000000000000e+00
3.484834834834818484e-01
2.217057057057018332e-01
3.373643643643626788e-01
2.454981981982023775e+00
1.885719719719705534e+00
1.106822822822820518e+00
2.709849849849882419e-01
1.000000000000018452e-03
3.860450450450401694e-01
4.273923923923919510e+00
2.086715715715711461e+00
3.919922922922919550e+00
1.183403403403393339e+00
7.408198198198177042e-01
1.011291291291285921e+00
1.524731731731742146e+00
2.480480480480487859e+00
5.375198898898893418e+01
1.774740740740752498e+00
1.603968968968996656e+00
6.548768768768821191e-01
2.314001001000978164e+00
5.671780780780756537e+00
1.281928928928935951e+00
5.228888888888837405e-01
0.000000000000000000e+00
1.661391391391396022e+00
1.018157157157160153e+00
2.788974974974974597e+00
2.308058058058096440e-01
5.291691691691550320e-02
7.818918918919018357e-02
1.955446446446434505e+00
2.729729729729761176e-02
0.000000000000000000e+00
1.072463463463462219e+00
1.498065465465457358e+01
2.565043043043060411e+00
1.960020020020013831e+01
9.909909909909864201e-03
2.463603603603635173e-01
2.145316316316316030e+00
8.927627627627776619e-02
2.400954954954952925e+00
2.388022022022019186e+00
0.000000000000000000e+00
3.141485485485471685e+00
4.039781181181164982e+01
9.358098098098145412e-01
1.692242242242219641e+00
6.810917917917933551e+00
2.042597597597618275e+00
1.667737737737753356e+00
2.332456456456463378e+00
2.818718718718731669e-02
6.700720720720616530e-01
4.126134134134145093e+00
4.537937937938055777e-01
3.719498498498500894e+00
1.865303303303267990e+00
5.937564564564582703e+00
8.963963963964052817e-03
2.037964964964982695e+00
1.627127127127132866e-01
5.755665665665662400e-01
6.449743743743748148e+00
3.068497597597600901e+01
8.599722722722761503e+00
6.574334334334365204e-01
3.144744744744775583e-02
1.263046646646648874e+01
1.493792792792780988e+00
3.361631631631699646e-01
2.142495995995990299e+01
1.261804804804806057e+00
1.228968968968946057e-01
1.744974974974960569e+00
2.149705705705690750e+00
5.134334334334266642e-02
1.864754754754777366e+00
1.087327327327341636e-01
2.854604604604618512e+00
0.000000000000000000e+00
1.780698698698696791e+00
1.048107107107123737e+00
7.198798798798873577e-02
1.184698098098096963e+01
1.297207207207229929e-01
6.771007007007018075e+00
1.359106106106098055e+00
1.764384384384418136e-01
2.142790790790775723e+00
0.000000000000000000e+00
2.913212212212206609e+00
8.581571571571583457e-01
9.405864564564558350e+01
1.731606606606602705e+00
1.600562462462458768e+01
9.705408408408418452e+00
1.791205205205221862e+00
4.319019019019126188e-02
1.814412412412422571e+00
2.964753753753738508e+00
1.667950950950986000e+00
2.236735735735749575e+00
2.456196196196222259e-01
2.458286886886889278e+01
1.038840840840851598e+00
1.831021021021032313e-01
2.847817817817818398e+00
1.473203203203212963e+00
2.210130130130173731e-01
6.092760660660660932e+01
2.738074074074070108e+00
1.357792792792787084e+00
4.365791791791780341e+00
2.004227227227230124e+00
1.885614814814817564e+01
1.295595595595604166e-02
2.459959959959930401e-02
1.714704704704702820e+00
1.128238238238253865e+00
5.508350550550553493e+01
2.193751751751746859e+00
1.222662662662666877e-01
1.479196196196191027e+00
2.578076076076050160e+00
1.997997997997997665e-03
7.311850850850794004e+00
5.499188288288269888e+01
1.236726726726727899e+00
3.567967967967928256e-01
2.500340340340397871e-01
8.582041041041081897e+00
1.595585585585583555e-01
6.990953853853854127e+01
2.349349349349377780e-02
6.418808808808739164e-01
1.190790790790790046e-02
2.173924924924922397e+00
2.552292292292259179e-01
1.578978978978980499e-02
1.305799799799800764e+00
2.642322322322286920e-01
4.185145045045014456e+01
2.559259259259311081e-01
1.633107107107099498e+00
2.659289289289299418e-01
2.130050050050042165e-01
1.172089089089101366e+00
2.445259259259256801e+00
3.053313313313257837e-01
4.358192192192192671e+00
5.208208208208166962e-02
2.141705705705719609e+00
1.509639639639641207e+00
5.307241241241215768e+00
1.985887887887892944e+00
3.969307307307334831e+00
8.965355355355307809e-01
3.100700700700727633e-02
1.038226226226225846e+00
1.796906906906894918e-01
4.777637637637602297e-01
6.054063163163164063e+01
6.468210910910903522e+01
1.096271271271262115e+00
2.768828828828814315e-01
1.318669669669655597e+00
6.655608308308292465e+01
2.453523523523551741e+00
2.453075075075085820e+00
3.823643643643601098e-01
1.694265265265260556e+00
3.267687687687682585e-01
1.824444444444466962e+00
8.309947947947947000e+01
3.273663663663642920e-01
5.996996996997114304e-02
2.865732732732720223e+00
4.741053553553545896e+01
1.461779779779798005e+00
2.431991991992011215e+00
2.081831831831804924e-01
4.667413413413476597e+00
2.220580580580518715e-01
2.993993993993998570e-03
2.081831831831804092e-01
2.598222022022008915e+01
5.258893893893901605e+00
1.053019289289288736e+02
2.344744744744712769e-02
6.128388388388341657e-01
1.992607607607594256e+00
1.412822822822823898e+00
1.619529529529526723e-01
1.542273273273279344e+00
1.811917917917942988e+00
2.876936936936949074e-01
1.293683683683687669e+01
2.344744744744722137e-02
2.644704704704698428e-01
2.506100100100075334e+00
4.483583583583651555e-02
3.009839839839842379e-01
1.398989989990003124e+00
1.765965965965967666e+00
1.175227527527528970e+01
8.787687687687808502e-01
2.947887887887960523e-01
1.941377377377358382e+00
2.383623623623655485e-01
1.404863863863875295e+00
6.660280280280281850e-01
0.000000000000000000e+00
1.095080580580579799e+01
2.090000000000014069e-01
2.385745745745714297e-01
3.987987987988045671e-03
1.516766766766785846e-01
1.961961961961962778e-02
1.576178178178183176e+00
1.893393393393392743e-01
5.009619619619705144e-01
9.248348348348395254e-02
1.714858858858860025e+00
1.366433433433459355e+00
2.734955955955951090e+00
1.935746746746750402e+00
2.795393393393399872e+00
2.862840840840807477e+00
2.801411611611612429e+01
7.262718118118112898e+01
2.167245245245224439e+00
1.637667667667666471e+00
1.116992392392392475e+01
2.255645645645680264e-01
4.473647647647655212e+00
3.987987987988026589e-03
4.893600600600636952e+00
1.164412412412402897e+00
1.000000000000013031e-03
1.672718718718715358e+00
2.080120120120099447e-01
5.969969969969938887e-03
5.979585585585560636e+00
3.892278178178179360e+01
2.926196196196236832e-01
1.216364364364354467e+00
2.075519519519521960e+00
4.184895895895895279e+00
1.272087087087101054e+00
1.493983983983991237e+00
2.973743743743748613e-01
1.704154154154140288e+00
1.168918918918945837e-01
1.518744744744749076e+00
3.162113113113082186e+00
1.221439439439423236e+00
1.768410410410437006e+00
4.250540540540476697e-01
2.380730730730702127e-01
2.175078078078087174e+00
2.330960960960987427e-01
6.783508508508509394e+00
5.223894894894907992e+00
1.156583583583597363e+00
4.705880880880908279e+00
6.083583583583471177e-02
3.289199199199174251e-01
2.690690690690680231e-01
1.349724724724724823e+00
2.939170170170182228e+00
5.380480480480436672e-02
1.855636636636641468e+00
1.787427427427402016e+00
7.201014414414397891e+01
1.266616616616628443e-01
8.009414414414447236e+00
1.638108108108122796e-01
3.188018018018041744e-01
8.485857857857862285e+00
3.378037037037035617e+00
1.713212212212201546e+00
2.285955955955991659e-01
4.370423623623620557e+01
3.357250250250253476e+00
2.202276276276275979e+00
2.067457457457426706e-01
3.105345345345329466e-01
8.036576576576602848e-01
2.860184184184201062e+00
7.245631631631658465e+00
0.000000000000000000e+00
5.391691691691746086e-02
9.800510510510598294e-01
1.192412412412402478e+00
2.083567567567532919e+00
5.471578578578582430e+00
2.581647647647637989e+00
1.781661661661659624e+00
3.595425425425357036e-01
0.000000000000000000e+00
2.061961961961938927e-02
2.727477477477455281e+00
2.129311311311314903e+00
2.707862862862865594e+00
1.082432432432409580e-01
2.554824824824827090e+00
8.785171171171157312e+00
3.507657657657688999e-01
2.480734134134116431e+01
2.443685685685698772e+00
3.173555555555554797e+00
1.347592592592597116e+00
6.217393393393363610e+00
2.155633633633631252e+00
1.000000000000019103e-03
1.473315315315293361e+00
3.017153153153146583e+00
1.445675675675663630e-01
1.949889889889887762e+00
9.797527527527569724e-01
2.792361061061055594e+01
5.878117117117140467e+00
1.482289289289297374e+00
1.368931931931933077e+00
9.436336336336086095e-02
2.392142142142114902e-01
3.935835835835845009e-02
2.521451451451491299e-01
1.642128128128127029e+00
4.283693693693728655e-01
5.788088088088043648e-01
1.807814814814813875e+00
1.223901401401406375e+01
1.894871971971967639e+01
1.238693693693689202e+00
1.997997997998012844e-03
1.233873873873859855e-01
1.491485785785785723e+01
1.024238238238250887e+00
2.209615615615633022e+00
2.210327327327368696e+00
2.079579579579600088e-02
9.460630630630684212e-01
1.808878878878872609e-01
2.734734734734664205e-02
1.534875575575570750e+01
2.134748748748751090e+00
1.994383383383385278e+00
3.643063063063150531e-01
2.449501501501489376e+00
3.045765765765811040e-01
2.406745745745739740e+00
5.613971971971988495e+00
1.547273273273259031e+00
1.435904904904882429e+00
7.467367367367330755e-02
2.334397397397431462e+00
1.084293793793796645e+01
1.923117117117118857e+00
1.069944944944945187e+00
1.000000000000018886e-03
1.761181181181219191e-01
1.285818818818794451e+00
3.015540540540542214e+00
1.063474474474479958e+00
2.125765765765736393e-01
5.149755755755721864e+00
4.609984584584585576e+01
3.000229229229209871e+00
3.712072072072070572e+00
4.182569569569579038e+00
8.996136136136151373e-01
2.417777777777788684e-01
4.912307207207210524e+01
4.027952952952932009e+01
1.302507507507516982e+00
1.409452452452465865e+00
2.883848848848857838e+00
1.827493493493489440e+00
1.810570570570582349e+00
8.274674674674628028e-01
0.000000000000000000e+00
1.011051051051052169e-01
1.574738738738742594e+00
1.342549249249250032e+01
2.351051051051038510e+00
3.233273773773776583e+01
1.589057457457453282e+01
8.522852852852894401e+00
1.173111111111123650e+00
1.217527527527540315e-01
2.279462462462446659e+00
1.529168168168156816e+00
3.993993993994047163e-03
5.450243343343375813e+01
6.904174174174124712e-01
9.744484484484342568e-01
9.416076076076189683e-01
2.349568568568563443e+00
1.151717717717737566e+00
2.240975975975974865e+00
3.733652652652660553e+00
6.418418418418490867e-02
0.000000000000000000e+00
3.353755255255260437e+01
1.520142142142154817e+00
3.479521621621614003e+01
2.665895895895921131e-01
1.567177177177174530e+00
1.000000000000016284e-03
2.144930330330326029e+01
0.000000000000000000e+00
7.424383383383370116e+00
0.000000000000000000e+00
4.640580580580597747e-01
2.175937437437450583e+01
1.692102102102108097e+00
1.812039039039031074e+00
5.823045745745740476e+01
2.571386386386370848e+00
2.664790790790799058e+00
1.197867867867866004e-01
1.623029029029028347e+00
1.978778778778791242e-02
2.449918918918925659e+00
1.581712012012007307e+01
1.612612612612578655e-01
2.045121721721720576e+01
7.905345645645645902e+01
1.601056056056047616e+00
0.000000000000000000e+00
2.422721721721720289e+00
3.853674274274283107e+01
3.339882882882853732e+00
1.096139139139157059e+00
4.260129329329327419e+01
3.987987987988028324e-03
1.086842842842841605e+00
2.273373373373364231e-02
2.628068068068111218e-01
4.590148448448441343e+01
2.024774774774780461e-01
6.228283283283300165e+00
4.303953953953973510e+00
2.035483483483491618e+00
1.050805805805808291e+00
2.618048048048014498e-01
3.616836836836901381e-01
9.975155155155359665e-01
5.135077077077043306e+00
1.930761761761780271e+00
2.122626626626644253e+00
1.064654654654642874e-01
7.753253253253213906e-01
1.069655655655657966e+01
3.032456656656660954e+01
1.317499499499493965e+00
8.482472472472487590e-01
2.682436436436435478e+00
6.602502502502446968e-02
5.900918018018013811e+01
1.688462462462456903e+00
1.106101101101093720e+00
3.733747747747731882e+00
1.168742742742740592e+00
1.698253253253263262e+00
3.633063063063070253e+00
1.550540540540564505e-01
4.383223223223216003e-01
0.000000000000000000e+00
4.574794794794825870e-01
2.863446446446456406e+00
6.895857257257262063e+01
5.692752252252248724e+01
1.911324324324311208e+00
2.642712712712734224e-01
1.825982982982990999e+00
1.512290290290285277e+00
2.150856856856875332e+00
2.577327327327338935e-01
2.397076076076068318e+00
5.002002002002102661e-03
3.723102102102108901e+00
1.756158158158141802e+00
1.532278278278253580e+00
1.354169169169176845e+00
2.924996996997013543e+00
2.967797797797799841e-01
7.032294994995007187e+01
1.776070070070101981e+00
8.001352352352318675e+00
1.608533533533512250e+00
2.452207207207195871e+00
1.451766766766771966e+00
1.959765765765770551e+00
1.210854854854857221e+00
7.692391391391399935e+00
1.336175175175192020e+00
1.797146146146150425e+00
2.217831831831829525e+00
2.273373373373354517e-02
6.333043043043093956e-01
7.587457457457549292e-01
2.351211211211197583e+00
1.835533533533542982e+00
3.138532532532543939e+00
2.121871871871880977e-01
7.535135135135180573e-02
2.409039039039093666e-01
1.683183183183178944e-02
8.160910910910939009e-01
1.681581581581600635e-02
3.578808808808758291e-01
1.829948948948948884e+00
2.139265265265265281e+00
1.348528528528562254e-01
1.896736736736754636e-01
7.229169169169163744e+00
1.314036036036036803e+00
1.052083683683682303e+01
3.300700700700655993e-02
6.957957957957760717e-03
2.259018018018029927e+00
1.157057057057049726e-01
2.439939939939890501e-02
1.156066066066067544e+00
4.512243243243242219e+00
1.583783783783779958e-02
2.061928928928900007e+00
2.061752752752743945e+00
2.931475475475463721e+00
9.085885885885669477e-02
1.192192192192179645e-01
