3.344341341341327656e+00
2.200436436436412180e+00
0.000000000000000000e+00
1.200900900900889967e+00
4.382688688688663348e+00
8.642462462462463524e-01
2.506406406406377352e-01
2.168653653653653368e+00
2.483993993993972582e-01
2.059725725725737089e+00
8.089983783783799254e+01
2.359589589589571046e-01
2.153753753753787081e-02
1.265039039039049795e+00
1.946167167167133005e+00
6.753414414414513622e+00
1.782182182182193153e-02
7.114214214214255316e-02
4.167653753753747736e+01
1.231242242242260865e+00
0.000000000000000000e+00
9.439299299299294121e-01
2.533911911911904902e+00
2.387897897897889865e-01
3.139139139139168755e-02
4.583583583583487192e-02
2.425104104104110370e+00
4.985685685685687513e-02
3.732732732732719355e-02
1.453147147147137330e+00
6.228582582582578908e+00
1.475135135135139663e-01
4.073913913913929097e-01
1.296251251251240078e+00
1.937376376376368503e+00
1.764671671671651065e+00
9.018170970970972178e+01
4.155179479479468796e+01
2.648238238238198594e-01
2.963134134134140396e+00
1.130578078078078974e+01
1.128467467467473728e+00
2.531567567567570620e+00
1.034021021021025000e+00
2.253575575575582413e+00
1.879779779779748236e-02
3.868558558558515825e-01
0.000000000000000000e+00
3.012878878878874733e+00
1.775758758758761147e+01
2.250015015015008668e+00
1.489789789789772168e-02
1.311061061061033206e-01
9.468908908909060562e-01
2.883202202202190367e+00
7.470260260260286334e-01
1.968451451451463941e+00
5.625285285285270831e-01
4.790129129129107710e+00
1.412331331331334816e+00
5.225611911911907015e+01
1.441246246246239648e+00
3.579956456456457659e+01
7.943943943943871169e-03
2.005632632632635914e+00
1.149379379379389804e-01
6.012910910910904683e+00
1.963552552552560782e+00
2.501061061061102819e-01
1.345345345345330679e-01
3.279805805805791508e+00
4.574174174174252400e-02
2.297800800800804844e+00
3.065616616616606116e+00
1.934284284284254196e-01
5.501436436436437560e+01
2.163685685685664772e+00
1.925983983983998060e+00
3.463401201201200053e+01
3.689089089089061524e-01
1.210255255255249240e+00
1.454699699699696591e+00
1.315105105105100203e-01
6.103764764764759931e+00
5.005767767767732579e+00
3.054144144144136597e+00
1.016295295295296164e+00
2.679358358358355119e+00
1.044687687687699373e+00
2.508258258258296292e-01
1.737417417417399801e-01
1.778257257257268575e+00
8.077877877877857882e-02
2.278256256256250722e+00
1.986751751751744566e+00
4.851641641641721847e-01
2.664164164164143145e+00
2.018834834834831948e+00
1.601068068068089767e+00
6.663929829829825735e+01
3.733715715715725025e+00
5.969969969969943224e-03
1.392072072072064737e-01
1.590564364364375116e+01
2.527437437437457524e-01
1.684002002001995679e+00
9.161831831831811490e-01
9.728978978979060388e-01
2.496246246246307809e-01
2.863617617617612687e+00
3.235065065065019230e-01
8.198198198198068665e-02
7.283183183183301879e-02
3.297636636636638752e+00
2.296407407407391688e+00
2.568168168168114551e-01
0.000000000000000000e+00
2.896314314314299754e+00
1.786736736736723064e+00
8.804319319319285242e+00
6.565111111111137987e+00
1.198113113113103312e+00
3.308938938938890684e-01
1.611181181181172040e+00
2.423822822822821355e+00
4.482222222222333463e-01
1.496046046046038969e+00
1.146906906906918766e-01
1.344486586586586974e+01
4.991991991992077334e-03
3.987987987988050875e-03
3.573873873873942980e-02
6.970770770770699787e-02
1.952418418418398804e+00
1.571387387387391588e+00
1.959573573573571181e+01
2.501291291291309338e-01
4.605888888888890698e+00
1.373991991991993400e+00
7.943943943943881578e-03
1.543466466466459686e+00
1.869033033033042024e+00
3.054554554554571311e-02
2.329942942942940132e+00
2.381381381381388607e-01
2.222450450450456305e+00
1.582179179179176165e+00
4.425215215215243525e-01
1.777295295295295174e+00
2.924124124124160423e-02
2.993323323323338947e+00
1.175218218218215593e+00
1.689589589589596264e-02
2.911245245245245528e+00
6.156703703703713337e+00
1.117111111111103838e+00
2.436887887887876580e+00
7.796319319319316321e+00
1.530352352352368550e+00
1.577357357357329903e-01
1.176216216216217358e-01
0.000000000000000000e+00
1.931041041041061390e-01
1.697584984984982626e+01
2.488274274274265174e+00
7.183250250250247859e+01
1.124714714714699637e-01
1.732790790790789126e+00
1.327916916916917600e+01
1.505691691691693812e+00
1.794264264264243680e-01
2.006578578578572358e+00
1.395345345345339272e+00
1.000000000000005442e-03
1.223273273273287387e+00
9.960110110110182546e+00
2.084473473473473337e+00
2.014854854854873367e-01
1.885955955955988250e-01
1.194177177177188076e+00
1.103643643643666683e-01
2.317271271271267530e+00
8.537237237237293996e-02
2.247460460460462439e+00
9.762872872872792041e-01
1.028927927927920427e+00
2.213616616616624455e+00
1.727346346346342765e+00
1.677468468468465979e+00
2.224364364364402324e-01
2.622091091091108606e+00
2.524154154154145679e+00
1.508883883883890498e+00
2.182325325325353838e+00
1.288788788788822540e-02
3.022797797797812436e+00
9.927927927927798421e-03
2.320971971971959924e+00
5.373273273273121431e-02
2.395133333333331294e+01
1.105495395395393388e+01
1.264810810810821584e+00
2.104084084084035244e-01
0.000000000000000000e+00
2.018078078078081816e+00
0.000000000000000000e+00
4.400181181181182843e+00
5.312012012012078815e-02
9.228228228228252394e-02
4.866256256256343837e-01
6.816884784784791407e+01
2.485675675675644014e-01
8.003623623623558059e-01
4.204124124124033468e-01
2.587846846846837856e+00
5.717657157157182013e+01
3.080485085085082630e+01
3.064847747747750617e+01
1.087214214214207830e+00
2.119801801801816765e+00
6.639779779779848568e-01
3.257397397397484018e-01
5.648558558558558929e+00
0.000000000000000000e+00
2.349857557557561805e+01
1.238800800800798463e+00
2.931562562562553875e+00
8.799349349349375737e-01
6.373410410410397908e+00
1.212633633633630303e+00
3.987987987988036130e-03
1.207562562562551900e+00
2.212700700700703571e+00
2.840080080080094938e+00
9.462795795795830855e+00
4.599468468468473681e+00
1.108447047047048528e+01
1.912549549549572125e+00
1.980929929929917455e+00
1.491897897897898284e+00
1.324047047047052228e+00
1.369467467467463617e+00
1.284384384384378713e-02
2.314624624624583571e-01
2.138468468468489370e+00
2.509209209209194658e+00
2.076695395395395494e+01
2.192431431431416389e+00
1.263786786786792904e+00
9.446196196196073869e-01
1.501914914914929122e+00
2.536915915915923136e+00
3.110820820820797139e-01
1.417237237237216618e-01
2.845945945945991262e-01
1.216005905905907447e+01
1.576436436436434496e+00
4.835971971971970262e+00
3.997692692692718097e+00
2.428391391391383269e+00
2.000000000000014787e-03
0.000000000000000000e+00
1.707685685685677246e+00
8.934254254254266669e+00
5.624646046046051850e+01
1.692430430430421406e+00
7.076922922922923576e+00
1.376310310310316476e+00
7.963193193193162100e-01
1.565515515515495615e+00
2.028807807807792685e+00
8.113012012012044138e+00
2.849549549549573735e-02
7.913486486486460691e+00
4.197397397397313601e-02
2.161961961962007017e-02
2.750522522522534263e+00
2.097457457457436170e-01
5.213513513513613057e-02
2.894827827827830546e+00
2.237895895895885445e+00
2.036543643643644685e+01
1.251625625625635063e+00
1.960571571571566807e+00
6.848744744744753810e+00
2.209911911911931259e+00
2.995038438438435691e+01
2.155301301301304928e+00
2.286952952952978624e+00
2.484844844844873446e-01
2.402813813813817756e+00
1.877343443443441373e+01
2.698320320320292343e+00
0.000000000000000000e+00
2.900457457457451760e+00
1.210552552552557559e+00
8.997643643643662870e+00
1.960990990991033356e-01
2.363959959959970991e+00
1.968358358358341109e-01
1.344933933933945669e+00
1.417724724724712893e+00
8.775015015014966391e-01
1.935381381381400701e+00
9.965965965966086873e-03
1.381762762762758889e+00
1.973763763763776713e-01
2.438468468468435735e-01
1.105364364364375573e+00
1.849486486486490167e+00
6.083583583583473953e-02
4.700600600600563644e-02
1.497448448448468472e+00
4.929969969969982269e-01
0.000000000000000000e+00
0.000000000000000000e+00
1.455669669669664046e+00
3.249407407407385762e+00
2.683339339339346985e+00
4.683383383383377119e-02
4.623564564564535573e+00
1.081878878878892669e+00
9.246824824824804168e+00
5.538725725725730520e+00
7.157176176176178295e+00
2.076305305305289561e+00
1.919208308308314415e+01
1.004586586586591279e+00
1.928359359359350655e+00
0.000000000000000000e+00
1.976967967967955930e+00
1.712520520520544487e+00
2.529155155155156987e+00
1.600880880880907187e-01
2.283029029029020496e+00
1.207114114114122616e+00
2.065255255255231959e-01
1.088427427427429928e+00
1.325747747747751060e+00
2.061061061061089938e-01
2.415788788788792552e+00
5.380480480480478306e-02
1.434624624624589451e-01
1.283273273273260739e-01
0.000000000000000000e+00
7.830277277277275516e+01
1.402383383383371873e+00
2.630769369369368604e+01
4.476766766766716588e-01
3.069876876876895810e+00
3.777336336336322820e+00
3.120210210210209389e+00
8.349849849849792782e-02
1.080451451451447387e+00
1.004624624624605167e-01
8.542365365365370167e+00
4.301801801801777986e-02
3.537013013013025287e+00
2.687886886886902360e+00
1.088988988989001566e-02
2.289039039039081347e-01
1.984534534534532491e-01
2.344744744744722137e-02
2.942442442442430584e-01
9.909909909909864201e-03
4.727447447447433726e-01
1.247917917917928277e+00
3.299365365365376501e+00
4.916801101101099647e+01
2.423023023023014866e-01
1.772772772772761019e-01
3.987987987988038732e-03
3.031031031031010126e-01
6.457157157157222827e-02
2.093952952952958579e+00
3.821721721721803300e-02
1.432173173173180825e+00
2.813513513513483111e-01
1.785831831831836247e+00
1.272318318318323982e+00
1.229587787787792763e+01
2.924212212212197848e+00
1.997997997998056212e-03
7.868268268268165111e-02
1.431121121121129880e+00
1.720138138138129769e+00
1.574646646646636894e+00
3.237288288288290516e+00
1.649009009008979010e-01
1.302612212212208220e+01
4.168041841841846917e+01
1.387774774774794384e+00
2.616016016016018964e-01
1.483319319319330587e+00
2.093252252252252532e+00
2.502349349349354490e+00
1.437287287287296156e+00
2.159909909909888126e-01
1.912528528528542049e+00
5.204881881881898487e+00
1.806738738738732586e+00
3.078725725725747875e+00
4.185504204204200818e+01
1.576688688688698159e+00
5.099438538538534260e+01
1.405971971971976764e+00
1.590076076076074152e+00
7.764110110110126861e+00
1.764191191191200270e+00
1.655379379379371185e+00
0.000000000000000000e+00
5.978519519519518433e+00
3.122832832832815875e-01
1.004596596596595059e+00
3.592669669669670895e+01
3.113587587587591798e+00
4.058211811811794689e+01
2.978190190190232123e+00
2.749149149149175964e-01
2.853796796796779667e+00
2.192942942942953000e+00
2.937560560560542822e+00
1.088578578578556638e-01
2.577727727727786022e-01
5.240849449449449793e+01
3.823794794794801888e+00
9.736640640640661815e+00
6.430330330330098765e-02
9.235305305305209211e-01
9.752112112112263365e-01
7.041236236236241730e+00
6.516516516516526747e-02
1.487157157157148746e-01
1.000000000000003490e-03
4.533963963963957511e+00
1.944519519519511297e+00
2.725675675675728327e-01
1.565463263263238680e+01
8.590510510510522835e-01
1.608318318318331108e-01
2.481321321321336149e-01
2.330274274274241719e+00
3.066726726726706431e+00
5.648913413413409756e+01
8.141776776776872282e+00
3.751651651651654457e-02
1.997997997998001568e-03
2.930120120120127680e-01
7.049001001000931410e+00
2.329806806806827613e+00
0.000000000000000000e+00
5.563873873873775855e-01
2.016327327327334551e+00
1.675794794794781994e+00
1.532406406406408017e+00
2.390888888888881070e+00
3.637996996996984755e+00
2.588847847847841166e+00
2.129251251251272237e+00
2.734934934934940554e-02
0.000000000000000000e+00
2.518027027027041509e+00
3.478458458458433267e-01
0.000000000000000000e+00
3.651541541541583058e-01
2.334804804804808120e-01
3.566836836836846381e-01
2.831889889889921630e+00
2.066165165165152917e+00
1.210860860860868415e+00
2.762812812812794339e-01
0.000000000000000000e+00
3.865615615615626277e-01
4.639735735735754041e+00
2.301052052052066532e+00
4.238509509509510664e+00
1.345931931931917402e+00
8.191461461461362337e-01
1.159719719719723541e+00
1.600391391391389639e+00
2.875277277277279442e+00
5.930054254254258694e+01
1.935239239239246345e+00
1.707938938938934559e+00
6.628738738738800818e-01
2.676298298298283029e+00
6.385899899899874832e+00
1.389068068068047834e+00
5.344484484484525177e-01
0.000000000000000000e+00
1.830834834834829117e+00
1.115472472472479382e+00
3.082748748748758594e+00
2.341921921921894245e-01
6.688288288288242456e-02
9.448548548548595105e-02
2.194778778778801787e+00
4.256256256256254339e-02
1.997997997998022385e-03
1.146052052052060066e+00
1.629602602602599859e+01
2.875717717717726885e+00
2.166530230230221932e+01
1.769369369369395983e-02
2.692042042042066541e-01
2.468563563563576757e+00
1.040320320320309161e-01
2.541480480480460713e+00
2.683170170170218416e+00
0.000000000000000000e+00
3.449388388388385351e+00
4.417068968968970211e+01
9.811811811811701478e-01
1.898178178178210107e+00
7.802437437437393264e+00
2.288379379379379852e+00
1.858204204204206400e+00
2.577044044044049187e+00
4.483583583583646004e-02
7.267327327327232078e-01
4.562282282282293266e+00
4.592012012011992828e-01
4.038270270270231777e+00
2.058687687687699608e+00
6.561215215215219665e+00
1.193193193193223603e-02
2.183532532532530102e+00
1.753143143143122418e-01
5.709979979979918907e-01
6.954694694694731005e+00
3.357310510510520629e+01
1.002604404404405436e+01
6.927037037036991585e-01
4.302502502502546927e-02
1.432072372372372371e+01
1.611623623623634316e+00
3.420050050050054136e-01
2.402934534534537292e+01
1.380300300300295158e+00
1.374064064064076385e-01
1.830537537537542336e+00
2.243261261261270789e+00
5.313313313313422492e-02
2.071866866866848067e+00
1.139529529529541840e-01
3.146468468468489821e+00
1.000000000000014332e-03
1.894036036036065074e+00
1.085860860860848431e+00
8.848448448448253956e-02
1.287638238238232091e+01
1.362142142142119539e-01
7.618285285285248065e+00
1.537968968968982386e+00
1.880820820820841566e-01
2.394337337337326677e+00
0.000000000000000000e+00
3.267366366366367458e+00
9.642922922922707585e-01
1.066997797797799450e+02
1.955646646646628684e+00
1.792066766766767216e+01
1.061360860860855837e+01
2.028578578578567271e+00
5.450550550550604251e-02
1.959621621621618237e+00
3.237236236236253450e+00
1.812847847847830041e+00
2.448103103103101308e+00
2.492952952952978418e-01
2.703385685685682915e+01
1.132207207207196253e+00
1.916276276276244750e-01
3.141290290290300380e+00
1.649240240240246180e+00
2.526366366366317728e-01
6.721647847847852120e+01
3.112677677677655907e+00
1.429848848848836562e+00
4.980223223223197770e+00
2.170765765765753308e+00
2.037599799799806277e+01
1.788588588588557043e-02
3.899699699699705341e-02
1.924668668668659599e+00
1.245876876876889749e+00
6.068470370370369693e+01
2.359758758758744968e+00
1.342212212212238465e-01
1.611381381381381539e+00
2.895314314314325621e+00
1.997997997997997665e-03
8.142203203203212780e+00
5.962650550550555550e+01
1.298916916916921016e+00
3.777927927927932639e-01
2.653363363363293592e-01
9.726452452452440056e+00
1.660660660660668586e-01
7.841418918918904524e+01
3.018718718718708949e-02
6.088138138138101674e-01
1.972172172172139207e-02
2.314809809809809771e+00
2.568078078078100956e-01
1.969369369369371528e-02
1.373631631631620609e+00
2.846966966966895662e-01
4.808148048048045808e+01
2.541931931931920574e-01
1.850792792792802066e+00
2.736616616616582842e-01
2.246246246246213496e-01
1.282729729729727541e+00
2.668121121121137307e+00
3.253123123123177751e-01
4.719987987988007561e+00
5.692392392392341821e-02
2.303442442442452442e+00
1.632787787787784328e+00
5.683494494494508942e+00
2.124023023023021040e+00
4.607754754754767035e+00
9.338348348348350925e-01
4.301801801801756475e-02
1.121222222222229892e+00
1.967147147147109976e-01
4.935735735735667928e-01
6.868912312312316715e+01
7.171607807807804136e+01
1.204604604604604168e+00
2.861411411411354244e-01
1.480786786786811415e+00
7.571733933933928995e+01
2.665219219219211233e+00
2.612195195195198938e+00
4.011361361361330258e-01
1.814812812812818921e+00
3.344934934934920556e-01
2.047233233233234806e+00
9.399424424424425695e+01
3.335045045045071932e-01
7.758858858858905250e-02
3.177991991992001886e+00
5.228969469469481623e+01
1.594404404404391906e+00
2.773203203203189027e+00
2.129639639639624993e-01
5.271649649649669200e+00
2.278588588588565944e-01
2.993993993993998137e-03
2.173603603603648793e-01
2.971759759759751063e+01
5.850496496496478294e+00
1.195342842842842828e+02
1.961961961961979084e-02
6.136346346346307490e-01
2.241565565565581952e+00
1.556914914914929282e+00
1.683723723723707100e-01
1.645096096096087868e+00
1.976895895895891764e+00
2.986936936936924192e-01
1.421635535535555483e+01
2.724324324324316898e-02
2.919179179179194339e-01
2.898026026026017554e+00
5.480480480480542232e-02
3.013513513513519371e-01
1.536876876876883236e+00
1.941823823823812134e+00
1.304818318318318937e+01
9.339209209209168305e-01
3.109309309309272740e-01
2.214341341341335756e+00
2.850050050050105810e-01
1.624327327327323767e+00
7.630770770770843869e-01
0.000000000000000000e+00
1.207965065065065424e+01
2.166196196196159829e-01
2.376936936936919764e-01
4.979979979979972000e-03
1.697407407407394986e-01
1.672772772772790004e-02
1.727165165165177152e+00
2.007957957957918205e-01
5.162222222222252466e-01
9.721621621621670539e-02
1.894717717717734118e+00
1.505326326326334341e+00
3.003415415415405132e+00
2.112043043043059676e+00
3.189007007006987138e+00
3.161185185185187763e+00
3.122001801801799914e+01
8.101217517517513045e+01
2.295747747747746370e+00
1.677193193193200704e+00
1.304284184184187190e+01
2.309379379379395136e-01
5.011087087087084946e+00
5.979979979979977225e-03
5.253023023023031257e+00
1.275750750750743512e+00
2.000000000000026062e-03
1.876747747747739670e+00
2.220680680680686137e-01
1.769369369369419576e-02
6.684819819819781017e+00
4.421755655655658046e+01
3.002802802802810311e-01
1.332166166166161458e+00
2.253692692692686350e+00
4.676153153153153497e+00
1.364929929929919350e+00
1.720655655655643157e+00
2.988648648648669637e-01
1.835421421421416621e+00
1.283273273273260462e-01
1.680045045045063468e+00
3.456215215215212577e+00
1.279821821821831351e+00
2.157096096096080995e+00
4.496686686686608425e-01
2.373493493493530060e-01
2.481392392392387070e+00
2.450280280280247025e-01
7.448942942942952783e+00
5.583471471471468384e+00
1.255194194194199531e+00
5.287617617617622834e+00
8.198198198198068665e-02
3.529829829829775889e-01
2.750700700700778878e-01
1.432306306306306842e+00
3.256517517517494742e+00
7.451351351351447050e-02
2.068694694694680702e+00
1.873056056056052299e+00
8.087323923923899827e+01
1.330130130130120769e-01
8.914333333333354759e+00
1.802582582582609172e-01
3.155205205205207641e-01
9.533842842842835452e+00
3.644875875875893012e+00
1.853872872872880606e+00
2.458408408408445378e-01
5.112543543543544899e+01
3.917986986986981002e+00
2.384646646646623847e+00
2.327357357357319745e-01
3.166356356356317403e-01
8.706016016016018266e-01
3.220721721721710118e+00
8.253523523523520922e+00
2.993993993994002040e-03
6.602502502502445580e-02
1.089239239239235824e+00
1.262864864864861270e+00
2.364719719719710955e+00
6.036819819819796429e+00
2.948002002001993471e+00
2.025980980980960133e+00
3.713573573573518138e-01
0.000000000000000000e+00
2.153753753753786387e-02
2.972376376376381302e+00
2.329688688688688725e+00
2.892430430430426469e+00
1.216716716716693958e-01
3.011717717717719012e+00
9.858879879879872021e+00
3.591021021021045256e-01
2.727656356356371248e+01
2.667397397397406777e+00
3.550707707707710270e+00
1.452566566566548811e+00
6.849160160160209010e+00
2.450904904904928294e+00
0.000000000000000000e+00
1.616909909909920673e+00
3.286381381381350053e+00
1.498378378378416864e-01
2.184995995996005913e+00
1.072404404404407874e+00
3.169725625625626009e+01
6.328711711711726196e+00
1.625105105105083103e+00
1.482541541541548602e+00
9.530930930930825440e-02
2.404394394394445134e-01
4.664564564564466220e-02
2.460160160160141385e-01
1.807946946946956901e+00
4.694094094094073966e-01
5.777097097097151357e-01
2.007042042042040286e+00
1.337675475475475650e+01
2.117405205205206187e+01
1.329321321321327520e+00
3.987987987988046538e-03
1.372412412412395977e-01
1.706143743743744778e+01
1.150060060060063005e+00
2.454192192192164335e+00
2.566859859859848214e+00
2.761761761761740222e-02
1.022448448448437741e+00
1.921631631631662285e-01
3.300500500500563178e-02
1.715300700700699466e+01
2.364903903903901039e+00
2.199406406406388736e+00
3.809239239239186059e-01
2.687230230230202466e+00
3.094564564564540876e-01
2.629283283283288419e+00
6.232322322322300323e+00
1.674613613613608276e+00
1.652926926926945095e+00
7.951051051051072349e-02
2.143657657657659588e+00
1.181242642642637009e+01
2.138341341341339685e+00
1.117155155155152846e+00
1.000000000000018886e-03
2.456426426426400744e-01
1.395825825825848243e+00
3.357594594594595971e+00
1.126817817817808765e+00
2.159909909909887848e-01
5.620274274274300375e+00
4.886867867867893978e+01
3.305685685685697983e+00
4.274055055055049124e+00
4.573883883883929080e+00
9.800220220220089429e-01
2.450030030030089234e-01
5.601949849849856378e+01
4.412033433433423824e+01
1.411057057057052422e+00
1.457897897897911799e+00
3.298376376376376040e+00
1.981818818818802175e+00
1.978383383383387040e+00
9.080790790790734812e-01
0.000000000000000000e+00
1.087327327327336779e-01
1.693114114114096402e+00
1.558083983983980936e+01
2.584043043043069865e+00
3.725256656656661391e+01
1.777222222222228964e+01
9.755960960960917916e+00
1.119815815815809579e+00
1.244604604604582637e-01
2.462986986986992477e+00
1.671583583583565291e+00
6.969969969969914622e-03
6.285581881881887512e+01
7.105215215215292535e-01
1.022801801801804356e+00
9.751351351351372765e-01
2.671666666666680623e+00
1.242248248248241538e+00
2.476746746746742556e+00
4.161792792792788021e+00
8.468268268268230869e-02
0.000000000000000000e+00
3.938148448448448136e+01
1.658274274274270210e+00
3.959671871871870508e+01
2.802072072072040454e-01
1.748982982982983936e+00
1.000000000000016284e-03
2.492639539539538163e+01
0.000000000000000000e+00
8.676119119119128698e+00
1.000000000000015200e-03
4.732872872872855852e-01
2.385451751751747906e+01
1.883734734734736849e+00
2.034141141141166731e+00
6.629049549549539222e+01
2.889859859859869928e+00
2.813064064064057845e+00
1.377357357357353596e-01
1.825511511511511253e+00
2.750750750750702994e-02
2.637537537537544718e+00
1.696788488488481406e+01
1.774714714714701325e-01
2.276949149149147189e+01
9.056093493493503388e+01
1.766603603603614125e+00
0.000000000000000000e+00
2.704106106106078045e+00
4.190469369369360919e+01
3.848644644644646728e+00
1.227658658658657753e+00
4.759593593593590555e+01
6.957957957957915107e-03
1.178503503503505634e+00
3.056156156156126721e-02
2.884424424424450462e-01
5.065512912912912924e+01
1.966316316316305268e-01
7.092263263263285822e+00
4.644419419419464568e+00
2.299066066066049352e+00
1.141311311311322241e+00
2.800930930930935481e-01
3.576836836836867484e-01
1.037147147147155390e+00
5.552298298298333989e+00
2.167411411411392930e+00
2.406672672672659274e+00
1.262222222222190993e-01
8.523463463463468726e-01
1.201711711711715580e+01
3.370726326326325051e+01
1.452482482482479353e+00
9.036296296296513209e-01
2.955714714714690494e+00
7.367367367367241848e-02
6.416703303303313533e+01
1.877130130130139740e+00
1.237772772772768981e+00
4.206412412412434243e+00
1.232584584584579535e+00
1.825532532532566199e+00
3.930799799799794769e+00
1.609529529529521441e-01
4.382052052052028412e-01
1.000000000000001105e-03
4.666186186186273011e-01
3.245908908908873070e+00
7.842848248248246534e+01
6.365985785785786533e+01
2.074364364364376545e+00
2.621211211211207370e-01
1.960999999999983201e+00
1.729355355355338908e+00
2.445331331331360492e+00
2.603673673673658207e-01
2.565946946946953133e+00
7.997997997997927100e-03
4.180706706706738274e+00
1.905891891891853929e+00
1.544766766766765942e+00
1.514692692692688691e+00
3.229836836836831093e+00
3.077387387387344742e-01
7.891877277277265534e+01
1.977038038038048784e+00
8.593804804804790365e+00
1.751853853853842624e+00
2.672050050050048586e+00
1.509111111111096859e+00
2.094281281281280549e+00
1.314828828828846108e+00
8.783788788788797319e+00
1.506677677677698890e+00
1.955370370370374200e+00
2.404238238238246783e+00
3.046546546546494150e-02
6.437507507507528315e-01
9.182642642642765418e-01
2.750721721721718360e+00
1.977772772772753873e+00
3.481543543543550001e+00
2.163603603603554693e-01
8.767867867868082976e-02
2.509509509509565417e-01
1.976976976976987585e-02
8.812882882882967506e-01
2.843543543543497476e-02
3.885385385385334844e-01
1.979986986987006814e+00
2.297184184184180911e+00
1.462082082082072909e-01
1.969069069069115940e-01
8.176485485485457616e+00
1.484590590590596282e+00
1.199787187187190440e+01
3.966266266266276624e-02
4.979979979979970266e-03
2.467081081081103466e+00
1.425175175175193987e-01
2.818718718718754915e-02
1.269346346346339471e+00
4.974741741741738998e+00
1.879779779779747542e-02
2.216442442442449146e+00
2.311878878878865784e+00
3.135181181181188936e+00
9.606006006006062581e-02
1.447157157157147045e-01
