2.393860860860869355e+00
1.361200200200209265e+00
0.000000000000000000e+00
8.907847847847855105e-01
2.786839839839835964e+00
6.842992992992907864e-01
2.376936936936918932e-01
1.370545545545547528e+00
2.440030030029977648e-01
1.357128128128131994e+00
5.136396696696697717e+01
1.808328328328358270e-01
7.943943943943869435e-03
8.847067067067162505e-01
1.294000000000018691e+00
4.377608608608601237e+00
2.724324324324317245e-02
3.380880880880758610e-02
2.684520420420420095e+01
8.579669669669557353e-01
0.000000000000000000e+00
6.637327327327287030e-01
1.718942942942960794e+00
2.328088088088114127e-01
4.987987987987995385e-03
1.672772772772793820e-02
1.591934934934937207e+00
3.242142142142116074e-02
9.909909909909858997e-03
9.955975975975971393e-01
4.178042042042038773e+00
1.099769769769748107e-01
3.177607607607650930e-01
8.677917917917827850e-01
1.245064064064064002e+00
1.214628628628645179e+00
5.621687187187171020e+01
2.636280280280276145e+01
2.481121121121170336e-01
1.962304304304288038e+00
6.947053053053048544e+00
7.749489489489517213e-01
1.639204204204198989e+00
7.739289289289212892e-01
1.420995995995993244e+00
6.969969969969931102e-03
4.099349349349359350e-01
0.000000000000000000e+00
1.901136136136114763e+00
1.123510510510511473e+01
1.489544544544540106e+00
6.969969969969887734e-03
9.799799799799868705e-02
6.541701701701727600e-01
1.812866866866850390e+00
4.415675675675584944e-01
1.394596596596582527e+00
5.088478478478365430e-01
3.285948948948960169e+00
9.733673673673808313e-01
3.216450250250246512e+01
9.990860860860911741e-01
2.140064764764763439e+01
1.997997997998007206e-03
1.324055055055054497e+00
5.948948948948878934e-02
3.869333333333314418e+00
1.260178178178180453e+00
2.498888888888871063e-01
8.524924924925131320e-02
2.148911911911898898e+00
1.088988988989000178e-02
1.435571571571564453e+00
1.941247247247250618e+00
1.232832832832854997e-01
3.207315215215206905e+01
1.482828828828812062e+00
1.329712712712731726e+00
2.149965465465470160e+01
4.144424424424465458e-01
8.269669669669748036e-01
1.002647647647639140e+00
1.154454454454483248e-01
3.838204204204192838e+00
3.112422422422420176e+00
1.944271271271291512e+00
7.252442442442458281e-01
1.696227227227219636e+00
7.659149149149186986e-01
2.335925925925893543e-01
7.775675675675736143e-02
1.180644644644649910e+00
8.660460460460560339e-02
1.549380380380378286e+00
1.371257257257252116e+00
4.788288288288358729e-01
1.776634634634613130e+00
1.378590590590583309e+00
1.127234234234232302e+00
4.011747147147143977e+01
2.367490490490480326e+00
0.000000000000000000e+00
8.267067067067072894e-02
9.850801801801852164e+00
2.475255255255290887e-01
1.229604604604600082e+00
6.518628628628757582e-01
7.045265265265400201e-01
2.490930930930967124e-01
1.940169169169152941e+00
2.744264264264310582e-01
4.754754754754645513e-02
4.119219219219178579e-02
2.120219219219221962e+00
1.483542542542544140e+00
1.347737737737743635e-01
0.000000000000000000e+00
1.986689689689687066e+00
1.229627627627628117e+00
5.823111111111076710e+00
4.160875875875869490e+00
8.107747747747681144e-01
2.830090090090054966e-01
1.088429429429415229e+00
1.502681681681675929e+00
3.856566566566513310e-01
1.085628628628619197e+00
7.283183183183301879e-02
8.737985985985966764e+00
0.000000000000000000e+00
6.957957957957787605e-03
1.575975975975999269e-02
2.658158158158131779e-02
1.373335335335343244e+00
1.077571571571568132e+00
1.128099999999999881e+01
2.495735735735719329e-01
2.876951951951962627e+00
9.626966966966813422e-01
0.000000000000000000e+00
1.146857857857846108e+00
1.239602602602606352e+00
5.987987987988006681e-03
1.576804804804835092e+00
2.309099099099055641e-01
1.424402402402403345e+00
1.116635635635640611e+00
3.701921921921952907e-01
1.143169169169160782e+00
8.927927927927951923e-03
1.994213213213199110e+00
9.036616616616506281e-01
8.927927927927948454e-03
1.902072072072060749e+00
4.058408408408412882e+00
7.820610610610749802e-01
1.680682682682680618e+00
4.757308308308313194e+00
1.101970970970966412e+00
9.758858858859030538e-02
7.702102102102147130e-02
0.000000000000000000e+00
1.541811811811837352e-01
1.022738138138137920e+01
1.618167167167183562e+00
4.680183983983990714e+01
6.430330330330162603e-02
1.219693693693673087e+00
7.776630630630630314e+00
9.687707707707904348e-01
1.131081081081070777e-01
1.371738738738753627e+00
9.597747747747746860e-01
0.000000000000000000e+00
7.760380380380347276e-01
6.487084084084066227e+00
1.374923923923924152e+00
1.617297297297307090e-01
1.027577577577585971e-01
8.163303303303278691e-01
6.253253253253211741e-02
1.581115115115135028e+00
6.816716716716782198e-02
1.519558558558554706e+00
5.177807807807888185e-01
8.634214214214176453e-01
1.417533533533540169e+00
1.148118118118102382e+00
1.148951951951943329e+00
1.935495495495530571e-01
1.501019019019022460e+00
1.720319319319312035e+00
1.051490490490498031e+00
1.475141141141138368e+00
2.993993993994003774e-03
2.060769769769777771e+00
1.000000000000014983e-03
1.504007007007014840e+00
1.789189189189199086e-02
1.442449849849852583e+01
7.282921921921917452e+00
8.825865865865821780e-01
1.682772772772805070e-01
0.000000000000000000e+00
1.357192192192179014e+00
0.000000000000000000e+00
2.655330330330306854e+00
1.386586586586557694e-02
4.844744744744724357e-02
3.697877877877802644e-01
4.290216916916924106e+01
2.481321321321336149e-01
4.836096096096021979e-01
3.827337337337374801e-01
1.688731731731727637e+00
3.492099499499495607e+01
1.934457857857862706e+01
1.864636436436433442e+01
7.052142142142118209e-01
1.401831831831831909e+00
6.096886886886917489e-01
2.908108108108100054e-01
3.629828828828781884e+00
0.000000000000000000e+00
1.420693293293293458e+01
9.022922922922852473e-01
1.904471471471491872e+00
6.715015015015154409e-01
3.975017017017008936e+00
8.565475475475420319e-01
1.000000000000008694e-03
8.046326326326221912e-01
1.547621621621619870e+00
1.840927927927916263e+00
5.624334334334280427e+00
2.849702702702685109e+00
6.815756756756758072e+00
1.299786786786797155e+00
1.297235235235227213e+00
1.023478478478467180e+00
8.932682682682716591e-01
9.667327327327256414e-01
1.997997997997980751e-03
2.141851851851828692e-01
1.436168168168170167e+00
1.767121121121127736e+00
1.388879279279277945e+01
1.487909909909901129e+00
8.348298298298314490e-01
7.054304304304418460e-01
1.088776776776778421e+00
1.689212212212212627e+00
2.160660660660701782e-01
7.285285285285293677e-02
2.523433433433501794e-01
7.218591591591576595e+00
1.032211211211207846e+00
3.062402402402413681e+00
2.667814814814811974e+00
1.614237237237224454e+00
0.000000000000000000e+00
0.000000000000000000e+00
1.153100100100095338e+00
5.870972972972981374e+00
3.267967067067072406e+01
1.164307307307311135e+00
4.551770770770755092e+00
9.674334334334268037e-01
6.139719719719736180e-01
1.054004004004012618e+00
1.371730730730720715e+00
5.197103103103104971e+00
6.957957957957850922e-03
4.800458458458439104e+00
7.002002002001981272e-03
3.018718718718708949e-02
1.785616616616610086e+00
1.677987987987973328e-01
9.909909909909871140e-03
2.013359359359362166e+00
1.455094094094100177e+00
1.219113213213211289e+01
9.105535535535497216e-01
1.371354354354354044e+00
4.355674674674678393e+00
1.668467467467461107e+00
1.784974874874883000e+01
1.464270270270283003e+00
1.475037037037023380e+00
2.468828828828867894e-01
1.490396396396396428e+00
1.140999899899896164e+01
1.890197197197178047e+00
0.000000000000000000e+00
1.974544544544541314e+00
9.071171171171233949e-01
5.616667667667699426e+00
1.212312312312341239e-01
1.563390390390397178e+00
1.660660660660668309e-01
9.487277277277162968e-01
9.658008008007904488e-01
6.169519519519578443e-01
1.260555555555548102e+00
0.000000000000000000e+00
9.782122122122044461e-01
1.316576576576610480e-01
2.376936936936918376e-01
8.517847847847815901e-01
1.157616616616613969e+00
2.153753753753770428e-02
1.675975975975957377e-02
1.085681681681672339e+00
4.854834834834879098e-01
0.000000000000000000e+00
0.000000000000000000e+00
9.794584584584590248e-01
2.003841841841826010e+00
1.705211211211227873e+00
1.869369369369378725e-02
3.016272272272272570e+00
7.378808808808763331e-01
5.794463463463459085e+00
3.564496496496502242e+00
4.430534534534536384e+00
1.285452452452451988e+00
1.148091491491488014e+01
7.974134134134202023e-01
1.293855855855873260e+00
0.000000000000000000e+00
1.210120120120132592e+00
1.190725725725720885e+00
1.680946946946963783e+00
8.605405405405468222e-02
1.541715715715715307e+00
8.347337337337272789e-01
1.683723723723705989e-01
7.586056056056064145e-01
9.015475475475513978e-01
1.788898898898911016e-01
1.581335335335339209e+00
1.961961961961963472e-02
9.746346346346215772e-02
7.283183183183311593e-02
0.000000000000000000e+00
4.976827027027050576e+01
9.889669669669768348e-01
1.619175075075074233e+01
3.964954954954907351e-01
2.072315315315309547e+00
2.515233233233240995e+00
2.251950950950946329e+00
4.051051051051107743e-02
7.074354354354489560e-01
5.716416416416568447e-02
5.411456456456475550e+00
2.153753753753778061e-02
2.351330330330332785e+00
1.825229229229214489e+00
0.000000000000000000e+00
1.964964964965004168e-01
1.273753753753755213e-01
4.979979979979968531e-03
2.461961961961980638e-01
0.000000000000000000e+00
4.582162162162196628e-01
8.639489489489377005e-01
2.160437437437447983e+00
3.037432932932929930e+01
2.320640640640699026e-01
1.577417417417430467e-01
1.000000000000002840e-03
2.617657657657627701e-01
2.724324324324317245e-02
1.412128128128123938e+00
7.957957957957777217e-03
1.099985985985971304e+00
2.641981981982010064e-01
1.197113113113096539e+00
8.733953953953829119e-01
7.360922922922896738e+00
1.841368368368370589e+00
0.000000000000000000e+00
3.751651651651665559e-02
9.309679679679516706e-01
1.115104104104097216e+00
1.031445445445436260e+00
2.192579579579582383e+00
1.372412412412396532e-01
8.837911911911911389e+00
2.475583783783783431e+01
9.383963963964027100e-01
2.388228228228207184e-01
1.027737737737733692e+00
1.361159159159157417e+00
1.709923923923953648e+00
1.038125125125128223e+00
2.000240240240224732e-01
1.313780780780785529e+00
3.182437437437455774e+00
1.271401401401389020e+00
1.922653653653677797e+00
2.374083483483483903e+01
1.007857857857863859e+00
3.368795595595599934e+01
9.664164164164145143e-01
1.133506506506508416e+00
4.599321321321340861e+00
1.308203203203208265e+00
1.213432432432426156e+00
0.000000000000000000e+00
3.657948948948932966e+00
2.817017017017041658e-01
7.462262262262293611e-01
2.242795395395398117e+01
1.983687687687727408e+00
2.593293693693657076e+01
1.795061061061063779e+00
2.280630630630607336e-01
1.890252252252245579e+00
1.458478478478482110e+00
1.830147147147142661e+00
5.933633633633626780e-02
2.457687687687733213e-01
3.640434534534529831e+01
2.613261261261258905e+00
6.199102102102116874e+00
3.100700700700730755e-02
7.708898898898978169e-01
7.088178178178079492e-01
4.600443443443435143e+00
3.843843843843814528e-02
1.017717717717701725e-01
0.000000000000000000e+00
2.675546546546559767e+00
1.302526526526520678e+00
2.055955955955979242e-01
1.052678078078081825e+01
6.546986986987082258e-01
1.098198198198178377e-01
2.462772772772834629e-01
1.533199199199208218e+00
2.172726726726732949e+00
3.753198698698689384e+01
5.683274274274224602e+00
2.993993993993998570e-03
0.000000000000000000e+00
2.276186186186208993e-01
4.423157157157161734e+00
1.631421421421407780e+00
0.000000000000000000e+00
4.927747747747692753e-01
1.285512512512511307e+00
1.152779779779782521e+00
1.032206206206208510e+00
1.561134134134132712e+00
2.388838838838859058e+00
1.633112112112101499e+00
1.367765765765766917e+00
2.993993993994002907e-03
0.000000000000000000e+00
1.639091091091117613e+00
2.239179179179228152e-01
0.000000000000000000e+00
2.885175175175176410e-01
2.087597597597631305e-01
2.469729729729751300e-01
1.793199199199193128e+00
1.412146146146158410e+00
8.841761761761881555e-01
2.338528528528503458e-01
0.000000000000000000e+00
3.360860860860921950e-01
3.000590590590573203e+00
1.562074074074099039e+00
2.964518518518518331e+00
9.128508508508537123e-01
5.921991991991992776e-01
7.757407407407433952e-01
1.077082082082080339e+00
1.776222222222221037e+00
3.662803203203201718e+01
1.344591591591581148e+00
1.182128128128129285e+00
6.229969969969838539e-01
1.677690690690671227e+00
4.128531531531509202e+00
9.054384384384340789e-01
4.796936936937050699e-01
0.000000000000000000e+00
1.222252252252253646e+00
7.239299299299229995e-01
2.062892892892888241e+00
2.188898898898915812e-01
3.380880880880804407e-02
3.287687687687661925e-02
1.422361361361349941e+00
2.153753753753785347e-02
0.000000000000000000e+00
8.460170170170152604e-01
1.016255355355356116e+01
1.817934934934946511e+00
1.308982482482482013e+01
1.000000000000000671e-03
2.286106106106109981e-01
1.489647647647657003e+00
5.941541541541640881e-02
1.680966966966956466e+00
1.805099099099063409e+00
0.000000000000000000e+00
2.355982982982990581e+00
2.770617317317318040e+01
6.954874874874836799e-01
1.241574574574582313e+00
4.922801801801798049e+00
1.474839839839834799e+00
1.216327327327329622e+00
1.784531531531539983e+00
1.381781781781781480e-02
5.927767767767908591e-01
2.794988988989008938e+00
4.384334334334228367e-01
2.617156156156160041e+00
1.388319319319317735e+00
4.121575575575585404e+00
1.997997997998043201e-03
1.526595595595612309e+00
1.179409409409418741e-01
5.996186186186276412e-01
4.621536536536570594e+00
2.162832032032029872e+01
5.797872872872893879e+00
5.249429429429421923e-01
9.957957957957935119e-03
8.434521521521489262e+00
1.097176176176166473e+00
3.344094094094092751e-01
1.466937237237236324e+01
9.065655655655623368e-01
9.308408408408309909e-02
1.310365365365367962e+00
1.519895895895886584e+00
2.249349349349382202e-02
1.435205205205196899e+00
8.687087087086974024e-02
2.052577577577584744e+00
0.000000000000000000e+00
1.298256256256273611e+00
8.260250250250270598e-01
3.380880880880784284e-02
8.066193193193184285e+00
1.011051051051052169e-01
4.630473473473469603e+00
1.082559559559566731e+00
1.653153153153136545e-01
1.616310310310304699e+00
0.000000000000000000e+00
2.146220220220215413e+00
6.702432432432439136e-01
6.655853253253255275e+01
1.235594594594594309e+00
1.115814514514514144e+01
6.724663663663657864e+00
1.323512512512491357e+00
2.349349349349383678e-02
1.395611611611603076e+00
2.154593593593579826e+00
1.216020020020045278e+00
1.700185185185188352e+00
2.402402402402379622e-01
1.705090090090093113e+01
8.594534534534524761e-01
1.509259259259262964e-01
2.078604604604624928e+00
1.137299299299305622e+00
1.721621621621655385e-01
4.386530730730734717e+01
1.895873873873857418e+00
9.604374374374451406e-01
3.106252252252264423e+00
1.541397397397401337e+00
1.248776676676672892e+01
5.987987987987940762e-03
6.969969969969873856e-03
1.239228228228234752e+00
8.263413413413488451e-01
3.557839339339338380e+01
1.599522522522510926e+00
8.105205205205100183e-02
1.081969969969974965e+00
1.825851851851849394e+00
0.000000000000000000e+00
4.945531531531506708e+00
3.780463363363362106e+01
9.426986986986891637e-01
3.215325325325339989e-01
2.054364364364389961e-01
5.900107107107104731e+00
1.248088088088106229e-01
4.848859059059058296e+01
5.969969969969893785e-03
6.866756756756828839e-01
3.987987987988028324e-03
1.606869869869874012e+00
2.511501501501510192e-01
1.997997997998024987e-03
1.062814814814819098e+00
2.487027027026995907e-01
2.963777877877875255e+01
2.495415415415475624e-01
1.221995995996003614e+00
2.521671671671730786e-01
2.106096096096094217e-01
8.546776776776717766e-01
1.751857857857870959e+00
2.627007007007025607e-01
2.962861861861875834e+00
2.157957957957967049e-02
1.522421421421411569e+00
1.098170170170166937e+00
3.792426426426415809e+00
1.347234234234242045e+00
2.786942942942938206e+00
7.761301301301297695e-01
1.284384384384362580e-02
8.191931931931952793e-01
1.448708708708695281e-01
4.166466466466424157e-01
3.950040640640632716e+01
4.430873073073073698e+01
9.000300300300239087e-01
1.800490490490459228e-01
1.117538538538565662e+00
4.690095095095103517e+01
1.671403403403412868e+00
1.720904904904904553e+00
3.319259259259260131e-01
1.218233233233251722e+00
2.747987987987943748e-01
1.422536536536542107e+00
5.714728528528505791e+01
2.800540540540594758e-01
3.046946946947007295e-02
2.105156156156148928e+00
3.224749349349350069e+01
1.113099099099101430e+00
1.820739739739723140e+00
1.968358358358341664e-01
3.404414414414404622e+00
2.056846846846829002e-01
0.000000000000000000e+00
1.977567567567590501e-01
1.775000900900923639e+01
3.767801801801809347e+00
6.791663163163117645e+01
3.987987987988012711e-03
5.730670670670625633e-01
1.425214214214221897e+00
1.036495495495513230e+00
1.269259259259240824e-01
1.114969969969969554e+00
1.384131131131142167e+00
2.514264264264309268e-01
8.623820820820810695e+00
5.969969969969967510e-03
1.961151151151161176e-01
1.690084084084082727e+00
2.344744744744712769e-02
2.499259259259287713e-01
1.003867867867863639e+00
1.335187187187196090e+00
8.286820820820800293e+00
7.451311311311372698e-01
2.695165165165169796e-01
1.456810810810810652e+00
2.683953953953909788e-01
1.007938938938928386e+00
5.968958958959009742e-01
0.000000000000000000e+00
7.415745745745762285e+00
1.856696696696715221e-01
2.365475475475490863e-01
0.000000000000000000e+00
1.253753753753767131e-01
3.987987987988031793e-03
1.114903903903917026e+00
1.575205205205169878e-01
4.793543543543490326e-01
5.733633633633566928e-02
1.266360360360358372e+00
1.066645645645635021e+00
1.944573573573583625e+00
1.405191191191191180e+00
1.948363363363354805e+00
1.911342342342366996e+00
1.985479579579578768e+01
5.207951051051048097e+01
1.508278278278262885e+00
1.139518518518524592e+00
8.240006006006058925e+00
2.153023023023033222e-01
3.025083083083086155e+00
1.000000000000011513e-03
3.418536536536517456e+00
9.536966966966826664e-01
0.000000000000000000e+00
1.204058058058079972e+00
1.492352352352373512e-01
0.000000000000000000e+00
4.070987987987968459e+00
2.839298698698699752e+01
2.449469469469487404e-01
9.657997997997930240e-01
1.620198198198198547e+00
3.010876876876878772e+00
9.373683683683528001e-01
1.131008008008005605e+00
1.923523523523560375e-01
1.276383383383374204e+00
9.088988988988874751e-02
1.217891891891904166e+00
2.328242242242271498e+00
9.836176176176174568e-01
1.307480480480453178e+00
3.621011011011072145e-01
2.286196196196136898e-01
1.638740740740730617e+00
1.777847847847882079e-01
4.956196196196214210e+00
3.642438438438444948e+00
8.260760760760742505e-01
3.282799799799790197e+00
3.566666666666708230e-02
2.910460460460459475e-01
2.549709709709663263e-01
9.673833833833939133e-01
2.164778778778766899e+00
3.006906906906892801e-02
1.343703703703715169e+00
1.348379379379388565e+00
4.949907807807810656e+01
9.506906906907124089e-02
5.415541541541551318e+00
1.002352352352373355e-01
2.776186186186186400e-01
6.020713713713700344e+00
2.384843843843859723e+00
1.227873873873890131e+00
1.718348348348371635e-01
3.119962762762764896e+01
2.441629629629632703e+00
1.647509509509520242e+00
1.613563563563540082e-01
2.707257257257200678e-01
6.771091091091028247e-01
2.074949949949933981e+00
4.916070070070074571e+00
0.000000000000000000e+00
2.249349349349378038e-02
6.672582582582515798e-01
9.192762762762776152e-01
1.584295295295300887e+00
3.799225225225222324e+00
1.778896896896901447e+00
1.255407407407397535e+00
2.975235235235184628e-01
0.000000000000000000e+00
6.957957957957822299e-03
1.961223223223212520e+00
1.623733733733715656e+00
2.033187187187205591e+00
6.220220220220341878e-02
1.878267267267255125e+00
6.205572572572590317e+00
3.004754754754724311e-01
1.717738338338335069e+01
1.680117117117128078e+00
2.280171171171178290e+00
1.032715715715722737e+00
4.337353353353333496e+00
1.558072072072073100e+00
0.000000000000000000e+00
1.028096096096103640e+00
2.190528528528528529e+00
1.026466466466475769e-01
1.438458458458452549e+00
7.905485485485538311e-01
1.978697897897890456e+01
4.468223223223244389e+00
1.062249249249238581e+00
9.808708708708766544e-01
5.381681681681566021e-02
2.297807807807862035e-01
1.381781781781784256e-02
2.638598598598625999e-01
1.218208208208206189e+00
3.257567567567596356e-01
3.820040040040095786e-01
1.290649649649656006e+00
8.499155155155165176e+00
1.330676176176176284e+01
9.014154154154139231e-01
0.000000000000000000e+00
8.928828828828733188e-02
9.956486486486509691e+00
8.281351351351263768e-01
1.538853853853876963e+00
1.640853853853836419e+00
3.993993993993989917e-03
7.420960960960992780e-01
1.512942942942955837e-01
7.943943943943864230e-03
1.075533633633635056e+01
1.607690690690684709e+00
1.472715715715728901e+00
3.414514514514488397e-01
1.745780780780796348e+00
2.698338338338378550e-01
1.734805805805788470e+00
3.876272272272248465e+00
1.156567567567582389e+00
1.047654654654635031e+00
3.473873873873878360e-02
1.742238238238227099e+00
7.727386386386434047e+00
1.351940940940949076e+00
7.708218218218155782e-01
0.000000000000000000e+00
8.603403403403502014e-02
9.642232232232232914e-01
2.102137137137132239e+00
7.793813813813814662e-01
1.921111111111126202e-01
3.690866866866904683e+00
3.074554354354352270e+01
2.244714714714702186e+00
2.700462462462467350e+00
2.929204204204189033e+00
6.259169169169194191e-01
2.406366366366318177e-01
3.461492992993002105e+01
2.871504704704699051e+01
1.005891891891895984e+00
1.058704704704709787e+00
2.148983983983991042e+00
1.347386386386398405e+00
1.333055055055043292e+00
5.735475475475465545e-01
0.000000000000000000e+00
5.909009009008955871e-02
1.160966966966961555e+00
8.883889889889896807e+00
1.660752752752771233e+00
2.251729529529534091e+01
1.092870370370369137e+01
6.103037037037055690e+00
7.996586586586673651e-01
1.117427427427445386e-01
1.617910910910910882e+00
1.100247247247247984e+00
0.000000000000000000e+00
3.797809509509500003e+01
5.714544544544463145e-01
7.117037037037132752e-01
7.941111111111121001e-01
1.663137137137121968e+00
9.082272272272344793e-01
1.584826826826826629e+00
2.709679679679689812e+00
3.306306306306261433e-02
0.000000000000000000e+00
2.310933233233233963e+01
1.138344344344354386e+00
2.475958058058062505e+01
2.257257257257229421e-01
1.156659659659654338e+00
0.000000000000000000e+00
1.413543843843835646e+01
0.000000000000000000e+00
5.408595595595613759e+00
0.000000000000000000e+00
4.526016016016055077e-01
1.467700800800801986e+01
1.247726726726714253e+00
1.342385385385396201e+00
3.951739539539536850e+01
1.926434434434434628e+00
1.954397397397396041e+00
7.061061061061185695e-02
1.222900900900899090e+00
4.991991991992028761e-03
1.563239239239240019e+00
1.070278978978980788e+01
9.811211211211140482e-02
1.387749249249248784e+01
5.571912312312301196e+01
1.199889889889891093e+00
0.000000000000000000e+00
1.684689689689684133e+00
2.767519819819816718e+01
2.493719719719710071e+00
8.384294294294386551e-01
3.004678578578578296e+01
0.000000000000000000e+00
7.813473473473476760e-01
5.985985985986034229e-03
2.046276276276254302e-01
3.080038738738740989e+01
1.810120120120157217e-01
4.394133133133187208e+00
3.232797797797807071e+00
1.371069069069069446e+00
8.277547547547651208e-01
2.402592592592618370e-01
2.619769769769824674e-01
7.597817817817795749e-01
3.672130130130148551e+00
1.504470470470474552e+00
1.504066066066058305e+00
8.280180180180130023e-02
5.931161161161160322e-01
7.561557557557566867e+00
2.087269569569567551e+01
1.000736736736729693e+00
7.375915915915807197e-01
1.927154154154148813e+00
4.027627627627702878e-02
4.193590290290298128e+01
1.326032032032030239e+00
8.510420420420339305e-01
2.622441441441439203e+00
8.767377377377456593e-01
1.261236236236223496e+00
2.614605605605619942e+00
1.365675675675693812e-01
4.142892892892808265e-01
0.000000000000000000e+00
4.348298298298240994e-01
1.936347347347364023e+00
4.624906306306304771e+01
3.890625825825826212e+01
1.453428428428433117e+00
2.493243243243214724e-01
1.335534534534556839e+00
1.112470470470465989e+00
1.547958958958944198e+00
2.400060060060093814e-01
1.750146146146138948e+00
1.000000000000013248e-03
2.663318318318324884e+00
1.342529529529530086e+00
1.232941941941950725e+00
1.061898898898897325e+00
2.241928928928923259e+00
2.648048048047998426e-01
4.973460060060049415e+01
1.316746746746750407e+00
5.594497497497482819e+00
1.243377377377374415e+00
1.785696696696685848e+00
1.035778778778783993e+00
1.425921921921907032e+00
9.572722722722756261e-01
5.352018018018007695e+00
1.036330330330323957e+00
1.328510510510503062e+00
1.611305305305317015e+00
8.963963963964101389e-03
5.857077077077065264e-01
6.892292292292252487e-01
1.743031031031034406e+00
1.352196196196203237e+00
2.279313313313309663e+00
2.048358358358338405e-01
5.024124124124080409e-02
2.057897897897919270e-01
1.772772772772758521e-02
6.744874874874902115e-01
2.993993993994003341e-03
2.911681681681667078e-01
1.338973973973983655e+00
1.469631631631626689e+00
9.643243243243136698e-02
1.756466466466434229e-01
5.181743743743751907e+00
9.441671671671717503e-01
7.633805805805894629e+00
1.381781781781785817e-02
0.000000000000000000e+00
1.643529529529522692e+00
6.354754754754779467e-02
7.943943943943867700e-03
8.810110110110054293e-01
3.264903903903928928e+00
1.997997997998031926e-03
1.469946946946954380e+00
1.480704704704703945e+00
2.177927927927929996e+00
5.291691691691540606e-02
7.814814814814913246e-02
