2.246191291291291847e+01
1.387690790790786544e+01
1.380340340340345251e-01
6.935681681681622024e+00
3.013470270270270035e+01
4.102396396396394529e+00
4.268878878878787919e-01
1.317038538538541737e+01
3.140640640640627868e-01
1.245019619619619533e+01
5.943073513513525086e+02
4.525265265265188130e-01
2.125865865865821380e-01
7.491134134134116884e+00
1.256222822822814322e+01
4.206003803803798036e+01
1.856716716716728111e-01
2.911451451451457229e-01
2.398749539539538773e+02
6.199923923923952529e+00
1.631221221221215156e-01
4.782976976976963002e+00
1.806990490490491652e+01
3.355155155155118418e-01
3.713393393393338293e-01
3.657997997998045370e-01
1.516518718718717729e+01
3.287357357357363341e-01
5.922822822822833011e-01
8.650367367367366001e+00
4.755495895895902692e+01
4.081471471471399548e-01
7.543643643643547225e-01
8.025627627627736516e+00
1.194407807807813526e+01
1.105957357357362802e+01
6.130103863863864717e+02
2.997401461461457188e+02
6.380450450450451116e-01
1.767239039039040094e+01
7.947289089089120750e+01
6.367105105105038021e+00
1.715027527527524853e+01
5.621917917917901519e+00
1.505906506506494047e+01
3.057607607607588096e-01
1.126709709709715401e+00
7.342442442442276285e-02
1.999342542542551371e+01
1.125898728728726894e+02
1.385983983983982171e+01
1.662542542542516100e-01
3.641791791791840205e-01
5.874671671671690909e+00
1.842218918918921133e+01
4.091141141141184434e+00
1.315066666666665895e+01
3.240486486486437556e+00
3.576459559559555146e+01
7.913352352352314156e+00
3.611713663663668399e+02
9.097459459459486197e+00
2.878829499499497047e+02
2.540040040040074110e-01
1.218485185185181585e+01
4.127227227227129314e-01
4.299058658658658771e+01
1.179436836836838509e+01
3.120140140140104101e-01
2.741771771771740474e-01
2.069980080080078721e+01
2.454684684684706741e-01
1.519381181181180906e+01
2.027150650650647634e+01
4.660250250250331794e-01
4.458950890890896517e+02
1.368343343343346419e+01
1.016781381381381877e+01
2.359409719719720044e+02
1.246468468468463930e+00
7.239612612612631004e+00
9.089478478478399737e+00
4.489409409409449991e-01
4.440662462462441340e+01
3.435379279279259634e+01
1.974020020020017085e+01
5.009628628628654212e+00
1.731060160160159711e+01
6.065416416416449685e+00
6.444104104104080299e-01
4.236516516516583009e-01
1.077793793793797761e+01
2.996876876876924944e-01
1.496927927927927904e+01
1.255767667667671716e+01
6.333963963963924471e-01
1.665451451451452769e+01
1.257149549549545142e+01
1.047557157157156382e+01
4.513646756756754712e+02
2.836617617617604026e+01
2.235915915915885066e-01
6.588988988988945250e-01
1.072502172172174966e+02
5.896056056055998251e-01
9.836986986986978820e+00
5.129990990990944688e+00
5.364339339339329271e+00
3.446546546546527257e-01
1.872663563563571998e+01
1.564383383383374904e+00
3.927817817817867430e-01
3.623453453453446271e-01
2.166668168168174802e+01
1.362420720720723466e+01
1.448202202202202971e+00
1.023693693693707579e-01
1.852690490490496344e+01
1.108239139139138629e+01
6.276504404404414572e+01
4.320978078078088913e+01
6.500011011011006090e+00
1.458396396396416383e+00
9.642948948948937726e+00
1.409338738738741803e+01
6.920880880880914132e-01
9.559334334334323557e+00
3.373833833833841389e-01
1.097112222222220907e+02
2.439859859859895286e-01
4.031531531531584722e-02
2.805465465465536434e-01
9.298848848848688675e-01
1.355881981981993967e+01
1.034106706706704948e+01
1.316332402402400703e+02
4.532612612612510472e-01
3.107602302302290198e+01
8.008341341341314035e+00
3.095715715715717242e-01
1.102705005005003791e+01
1.153028128128132579e+01
3.804034034034110001e-01
1.522655255255266482e+01
2.966716716716704116e-01
1.388348048048048788e+01
9.157005005004995368e+00
1.911493493493513052e+00
1.189192892892884323e+01
2.171561561561534126e-01
2.009842542542542176e+01
6.975513513513454278e+00
2.026776776776797739e-01
1.977831331331330489e+01
4.020267167167153133e+01
6.315594594594625910e+00
1.558938438438431362e+01
5.247683983983977640e+01
8.824515515515489739e+00
6.238458458458480127e-01
3.038038038038035071e-01
1.391781781781806504e-01
4.037937937937911559e-01
1.179333993993991641e+02
1.544766666666672528e+01
5.188227217217219049e+02
3.549109109109096494e-01
1.190975175175176304e+01
7.938676976976969968e+01
8.843027027027000386e+00
4.539849849849752483e-01
1.262586586586587423e+01
8.762356356356404419e+00
1.639059059059075341e-01
6.746061061061064734e+00
7.157391791791798141e+01
1.373745645645650626e+01
6.626306306306284366e-01
4.164144144144201198e-01
6.319594594594602377e+00
5.770560560560550334e-01
1.380245745745743946e+01
6.185135135135098050e-01
1.489314614614618471e+01
4.394653653653652903e+00
6.087821821821861157e+00
1.404357857857861447e+01
1.078789989989982523e+01
1.036873173173171914e+01
4.534964964964889877e-01
1.624052052052052630e+01
1.714317917917916034e+01
8.387830830830786510e+00
1.293723923923923991e+01
2.990650650650675813e-01
2.054594494494499912e+01
2.683543543543572274e-01
1.386079479479483290e+01
6.489749749749754715e-01
1.459771441441441766e+02
7.997113613613603889e+01
7.297503503503422806e+00
9.073173173173108008e-01
1.415775775775807155e-01
1.209911411411410853e+01
6.611311311311210415e-02
2.922092692692659810e+01
3.598598598598652387e-01
3.671331331331361136e-01
2.559789789789795655e+00
4.592180800800804263e+02
2.978638638638630431e-01
4.642660660660677507e+00
6.309609609609546643e-01
1.692782282282274053e+01
3.912511281281281299e+02
1.910329359359359671e+02
2.019307407407407027e+02
5.813877877877864364e+00
1.257045245245247145e+01
2.454273273273257061e+00
8.285675675675597818e-01
3.404047547547552455e+01
1.550020020019984013e-01
1.603657717717716764e+02
6.923081081081055466e+00
2.008604904904902710e+01
5.267125125125166285e+00
4.568219719719721184e+01
7.295820820820802410e+00
2.174434434434451835e-01
7.485701701701726662e+00
1.495391591591589986e+01
1.644148048048048949e+01
5.910583183183186406e+01
2.850332932932935748e+01
7.139258358358340217e+01
1.121939039039042108e+01
1.279747247247246911e+01
8.893635635635597225e+00
8.265448448448461605e+00
8.285159159159151798e+00
1.677297297297304368e-01
5.975445445445440873e-01
1.354064964964980966e+01
1.638976176176175770e+01
1.418042252252252524e+02
1.420060660660673868e+01
7.819294294294277137e+00
5.274156156156171171e+00
9.884776776776801555e+00
1.650792192192194818e+01
9.474054054054120710e-01
6.219799799799777817e-01
9.932002002002129348e-01
7.771574174174185146e+01
7.661882882882864898e+00
3.143525425425421105e+01
2.739681681681679848e+01
1.356686186186185950e+01
2.410800800800818600e-01
9.899199199199293364e-02
1.067170970970975397e+01
6.361087687687677317e+01
3.551260680680677524e+02
1.111052152152151784e+01
4.305511111111115241e+01
7.404670670670682853e+00
4.025845845845846149e+00
9.801788788788764251e+00
1.450728228228234151e+01
5.071485385385388867e+01
4.159019019019000174e-01
4.812671471471485063e+01
8.581431431431433277e-01
2.770740740740704200e-01
1.951425725725731297e+01
3.957667667667691958e-01
3.211961961961978251e-01
1.857902502502494002e+01
1.267726526526512743e+01
1.305682742742743301e+02
6.931088088088142918e+00
1.227669069069068541e+01
4.531517417417416738e+01
1.475506406406424809e+01
1.896642992992998984e+02
1.310550850850856541e+01
1.432135935935947302e+01
4.019489489489482259e-01
1.464582182182182990e+01
1.057701191191191015e+02
1.692423123123115047e+01
1.001441441441432018e-01
1.854672572572568612e+01
7.317436436436396185e+00
6.308235135135143423e+01
4.449619619619559208e-01
1.573211511511513550e+01
2.774094094094077811e-01
8.182493493493518955e+00
8.231309309309315481e+00
4.687549549549560268e+00
1.174854554554543107e+01
3.655355355355355829e-01
8.143397397397436066e+00
9.134274274274277738e-01
3.591091091091096477e-01
6.138545545545539106e+00
1.117828528528533560e+01
2.263613613613646991e-01
3.612072072072041728e-01
8.138831831831840447e+00
5.740530530530655318e-01
1.349249249249253879e-01
1.405715715715680492e-01
8.551557557557575961e+00
2.182867367367365929e+01
1.602068368368368567e+01
3.593153153153230694e-01
2.852310910910917485e+01
5.795090090090130097e+00
6.695668168168182888e+01
3.525802402402400304e+01
4.559309109109108249e+01
1.133315615615617489e+01
1.284136696696696731e+02
5.722437437437434937e+00
1.258691491491493686e+01
1.021691691691668652e-01
1.140809109109107133e+01
1.067694794794796920e+01
1.552967567567567109e+01
4.274174174174211194e-01
1.479462362362357553e+01
6.892139139139084492e+00
4.914674674674738841e-01
5.684385385385366973e+00
7.832118118118103212e+00
3.575175175175130948e-01
1.552237437437441159e+01
2.340700700700673320e-01
4.209379379379397101e-01
3.246396396396404871e-01
1.186456456456439490e-01
6.250112402402394309e+02
8.236086086086096714e+00
1.704751651651652367e+02
6.642352352352378642e-01
1.902652452452452181e+01
2.293563063063059460e+01
2.179708808808814524e+01
4.264904904904969762e-01
5.300831831831793295e+00
3.050160160160126921e-01
5.852092292292289955e+01
2.800550550550570117e-01
2.237805305305299797e+01
1.652932332332330390e+01
3.129479479479468362e-01
4.065625625625584605e-01
5.101131131131191321e-01
3.169709709709682688e-01
4.672982982982998856e-01
1.621721721721704201e-01
6.765055055054941535e-01
7.742443443443400852e+00
2.025486086086089799e+01
2.692153133133127199e+02
4.691881881881909688e-01
3.013233233233205688e-01
1.590540540540553160e-01
4.794954954954901427e-01
4.105535535535544955e-01
1.268845545545543096e+01
3.754874874874907786e-01
7.719658658658654637e+00
1.005929929929924915e+00
1.097282582582582222e+01
6.323486486486499913e+00
8.546810410410436987e+01
1.797250550550547388e+01
1.910820820820847976e-01
3.710770770770850380e-01
9.096210210210204039e+00
1.110808908908904513e+01
9.457484484484510290e+00
2.277729129129143715e+01
3.443313313313373647e-01
8.791200300300299375e+01
3.120473393393394304e+02
7.951980980980959401e+00
5.181261261261177475e-01
8.735644644644656509e+00
1.371708208208189284e+01
1.570432532532541536e+01
9.167473473473426893e+00
2.805955955955909409e-01
1.148715415415411378e+01
3.650705305305309878e+01
1.166921321321323113e+01
1.996951351351345849e+01
2.882730470470470436e+02
9.549119119119142240e+00
3.364937597597602235e+02
8.532982982982948883e+00
9.553653653653652711e+00
5.101722722722717407e+01
1.128398498498500402e+01
1.044814614614617376e+01
1.756956956956956528e-01
3.975278778778776712e+01
1.363547547547546701e+00
5.520627627627644252e+00
2.433797547547545435e+02
1.914535635635635558e+01
2.985293473473477093e+02
1.796312512512506387e+01
4.429829829829869947e-01
1.735906506506503177e+01
1.381657457457472660e+01
1.846372572572578363e+01
5.722432432432471572e-01
4.097927927927848546e-01
3.504101961961961820e+02
2.588697097097100652e+01
6.785338838838846698e+01
2.367147147147114217e-01
4.983686686686625400e+00
6.766177177177169710e+00
4.526810310310311536e+01
3.010600600600600862e-01
4.881711711711681501e-01
1.769519519519509587e-01
2.716269369369369358e+01
1.204713813813816259e+01
5.396466466466499634e-01
1.120307767767768752e+02
4.537363363363327906e+00
8.743243243243102869e-01
4.031761761761667451e-01
1.476489589589590068e+01
1.880306206206218889e+01
3.776921901901906153e+02
5.177854654654656485e+01
3.770380380380358165e-01
1.791291291291335352e-01
5.772942942942930200e-01
4.681420020020019734e+01
1.518349749749749478e+01
6.184484484484335104e-02
1.366366366366368768e+00
1.158077777777779716e+01
1.058560360360364960e+01
8.474348348348296867e+00
1.517677177177174386e+01
2.544337537537537841e+01
1.490694494494492695e+01
1.404441941941944805e+01
3.853103103103144300e-01
1.560540540540538701e-01
1.708827027027024315e+01
1.139616616616607514e+00
1.659449449449422742e-01
6.971361361361348985e-01
4.102942942943033078e-01
2.082559559559577167e+00
1.866033533533530431e+01
1.136811111111101802e+01
6.981351351351359646e+00
5.123973973973884322e-01
1.913103103103128144e-01
5.169729729729767298e-01
3.168022622622621398e+01
1.438857157157177546e+01
2.911345545545544766e+01
8.543794794794882463e+00
4.117154154154160750e+00
6.941693693693689937e+00
1.064239239239236667e+01
1.802258158158159063e+01
4.032184134134134865e+02
1.272355255255255813e+01
1.109163763763760535e+01
1.263663663663676218e+00
1.675029829829843564e+01
4.320091091091090618e+01
8.610380380380409093e+00
9.816096096096158519e-01
1.765665665665681894e-01
1.112104704704704261e+01
6.134059059059026708e+00
2.005144044044042673e+01
5.866266266266244589e-01
2.279469469469451726e-01
5.968098098098093551e-01
1.350676976976989252e+01
3.369719719719725393e-01
1.678928928928958009e-01
6.391449449449445375e+00
1.162075295295295518e+02
1.784686986986983825e+01
1.408496966966964692e+02
3.235225225225255574e-01
9.891921921921935645e-01
1.393978778778774874e+01
4.389729729729612284e-01
1.557555155155160875e+01
1.569189489489489908e+01
1.284034034034018112e-01
2.117433733733730961e+01
2.906307217217217271e+02
5.196207207207200973e+00
1.085036236236230600e+01
5.271214314314308069e+01
1.425362362362359292e+01
1.155669069069059418e+01
1.767837237237236536e+01
2.451811811811846764e-01
3.193035035035021618e+00
2.824344244244241864e+01
5.127487487487558671e-01
2.558582282282283771e+01
1.303203103103098748e+01
4.269107007007002608e+01
3.971551551551625869e-01
1.447090290290289971e+01
7.540630630630604792e-01
9.110380380380332932e-01
5.028151951951947041e+01
2.523784484484488075e+02
6.312647747747738691e+01
3.451671671671711739e+00
5.295845845845842392e-01
8.427915115115104072e+01
9.563738738738717160e+00
9.166036036035981605e-01
1.514867257257255631e+02
7.661424424424411406e+00
4.879429429429379961e-01
1.369986186186188881e+01
1.422650050050051362e+01
3.468398398398434002e-01
1.379780580580581528e+01
2.455405405405364783e-01
2.088942542542542213e+01
2.151261261261250279e-01
1.328876676676670598e+01
5.826445445445438409e+00
3.128358358358346858e-01
8.343679879879887551e+01
3.669719719719695683e-01
5.336160860860864119e+01
9.189416416416404942e+00
3.993703703703784247e-01
1.555823323323321539e+01
1.186296296296270592e-01
1.951470470470469465e+01
5.141043043043041827e+00
8.386135245245253600e+02
1.117267167167164033e+01
1.108609059059059661e+02
8.142010510510526444e+01
1.203887787787790664e+01
3.503183183183184446e-01
1.351505805805804705e+01
2.296618518518519636e+01
1.197018818818817643e+01
1.714093593593565146e+01
3.993143143143159102e-01
1.407039389389386486e+02
7.330650650650660793e+00
3.232142142142145347e-01
2.061802002001997991e+01
9.834349349349336578e+00
4.817087087087003061e-01
5.041810690690688830e+02
2.018278078078078153e+01
9.395013013013027603e+00
3.002700300300289626e+01
1.440822222222221605e+01
1.426811811811816995e+02
5.104544544544513673e-01
3.181171171171221501e-01
1.271730330330342973e+01
7.593073073073081325e+00
4.522148728728735705e+02
1.471004904904907740e+01
6.886236236236272790e-01
9.380826826826922371e+00
1.852906406406404471e+01
1.772242242242221266e-01
5.358945945945948353e+01
4.432742412412416684e+02
7.514173173173230857e+00
5.024244244244338020e-01
5.812752752752775587e-01
5.752097697697693945e+01
2.977807807807830165e-01
5.433420640640639476e+02
4.753463463463565852e-01
1.718854854854847236e+00
3.646906906906944856e-01
1.451709309309310214e+01
3.954654654654681800e-01
3.931391391391428347e-01
9.337919919919919209e+00
6.749839839839825162e-01
2.668383523523523309e+02
4.064974974974880917e-01
1.200916316316315680e+01
5.022372372372260196e-01
4.257997997997977069e-01
7.164974974975019784e+00
1.636932032032036588e+01
6.578288288288244301e-01
3.014329829829833329e+01
5.875435435435356624e-01
1.496638538538542917e+01
1.019461461461463259e+01
3.525012012012016527e+01
1.332097097097102889e+01
2.857174174174176784e+01
4.919614614614632231e+00
2.368558558558595539e-01
6.386277277277264908e+00
4.188108108108010152e-01
7.233443443443362542e-01
5.073173953953963178e+02
5.546220280280284669e+02
6.531503503503506280e+00
1.468724724724730368e+00
9.139024024024081427e+00
5.547134044044039456e+02
1.605896996996992598e+01
1.624422222222222700e+01
1.535726726726732716e+00
1.210331031031026328e+01
5.916506506506478136e-01
1.338629529529529449e+01
6.504528628628627303e+02
5.328418418418400249e-01
4.745695695695737459e-01
1.996754154154153582e+01
3.656660640640641304e+02
9.245465465465432686e+00
1.825573273273271724e+01
2.891511511511493659e-01
3.645092192192166891e+01
3.956396396396343884e-01
1.791521521521513005e-01
3.477317317317349388e-01
1.966669129129131477e+02
3.689748748748770879e+01
8.874046076076073177e+02
2.934034034033999316e-01
9.552982982983057036e-01
1.395072172172173453e+01
8.214254254254248266e+00
2.567237237237212089e-01
1.136830430430429040e+01
1.305464064064067031e+01
4.658848848848908264e-01
9.808254154154155913e+01
2.631501501501541385e-01
8.556636636636596460e-01
1.677119719719718915e+01
3.375875875875826715e-01
6.798228228228100356e-01
8.630168168168124154e+00
1.313089489489487605e+01
8.996153653653659887e+01
5.136063063063081913e+00
5.211561561561537381e-01
1.425675575575585263e+01
1.343022022022027029e+00
9.267262262262267569e+00
3.462316316316270903e+00
8.442642642642707307e-02
8.027884684684686079e+01
3.629689689689625243e-01
3.396736736736778450e-01
1.509739739739735520e-01
5.566956956957053171e-01
1.857427427427396638e-01
1.006653353353352109e+01
4.014214214214161802e-01
1.581547547547551780e+00
4.663613613613554754e-01
1.205004004004011264e+01
1.000551651651649898e+01
1.994729129129128253e+01
1.405742742742744689e+01
2.050971671671653596e+01
2.066371471471476795e+01
1.843227387387390195e+02
6.270708108108105989e+02
1.550051551551552897e+01
1.104179879879878357e+01
8.770552452452427872e+01
3.676816816816853573e-01
3.249494894894894514e+01
3.084024024024022981e-01
3.748025125125111856e+01
8.550733733733752118e+00
1.921461461461441977e-01
1.168747947947944077e+01
4.431231231231153589e-01
2.253733733733719047e-01
3.825578078078089561e+01
3.677285395395385308e+02
4.727107107107015316e-01
8.390136136136145950e+00
1.446105205205206445e+01
2.749883283283278246e+01
8.535366366366318402e+00
1.042352652652643563e+01
1.176422422422419567e+00
1.065889389389390551e+01
4.809179179179238206e-01
1.093776676676672466e+01
2.441046146146146967e+01
7.067622622622640627e+00
1.295521721721735986e+01
1.287102102102104961e+00
4.718818818818780736e-01
1.597419319319313757e+01
4.650150150150108019e-01
4.507575075075077820e+01
3.735906806806814018e+01
7.211818818818811927e+00
3.197017317317319041e+01
3.619809809809813039e-01
6.700900900900974566e-01
4.201671671671619590e-01
9.222386386386364876e+00
2.214503103103101722e+01
3.427497497497425938e-01
1.286602002002001477e+01
1.243647847847844723e+01
5.980592812812819830e+02
4.165345345345441985e-01
6.278868968968970421e+01
4.160790790790699356e-01
1.124022022022031386e+00
6.130829129129117661e+01
2.238015915915919152e+01
1.223122622622611999e+01
5.132572572572454694e-01
3.473820690690686206e+02
2.678873473473475286e+01
1.452002302302306980e+01
5.397477477477572450e-01
6.598348348348336279e-01
4.480411411411456157e+00
2.067427627627626308e+01
5.364230430430426111e+01
1.786776776776811682e-01
4.230540540540458916e-01
5.916595595595605772e+00
6.847834834834845452e+00
1.460150850850840598e+01
3.969925625625624122e+01
1.949300300300296840e+01
1.214533133133135756e+01
1.233607607607614343e+00
1.456816816816837445e-01
2.986806806806818204e-01
1.827590590590596165e+01
1.460232932932929728e+01
1.974778178178192078e+01
6.721681681681722642e-01
1.952087087087096506e+01
6.445360060060049534e+01
5.029059059058978987e-01
1.993912782782781221e+02
1.803710310310310305e+01
2.433326826826821332e+01
9.260551551551509775e+00
5.091848448448416775e+01
1.499071771771768447e+01
1.261061061061055921e-01
9.285955955955934371e+00
2.308764364364364141e+01
5.441361361361358728e-01
1.538621621621622104e+01
6.132647647647621270e+00
2.237488828828826399e+02
4.335655155155158269e+01
9.491661661661616733e+00
8.390529529529576536e+00
4.353843843843945294e-01
3.487127127127104820e-01
3.306146146146138887e-01
1.569200200200208339e+00
1.090540840840843373e+01
2.346399399399390795e+00
2.033535535535554661e+00
1.276324524524524229e+01
9.075419719719711509e+01
1.668370990990991913e+02
6.597048048048046454e+00
1.487837837837812371e-01
3.557587587587651146e-01
1.152685715715716697e+02
6.630405405405404906e+00
1.338183283283286684e+01
1.693217817817816240e+01
3.185085085085087586e-01
5.665956956956965662e+00
3.723123123123155409e-01
3.120930930930900793e-01
1.248716856856854349e+02
1.368082382382381113e+01
1.421974774774775163e+01
4.857637637637576833e-01
1.620413513513511461e+01
5.352102102102040959e-01
1.750617617617620070e+01
4.056316316316314641e+01
1.076819419419420498e+01
9.434242242242268262e+00
3.322902902902941658e-01
1.623562962962974510e+01
8.821457857857862450e+01
1.335148648648650749e+01
6.818184184184173269e+00
1.693723723723738195e-01
7.694124124124114283e-01
8.287308308308340088e+00
2.311054054054054774e+01
6.529124124124123796e+00
3.223493493493470030e-01
3.857737537537530415e+01
3.497008768768770892e+02
2.126064364364364323e+01
2.647270470470467174e+01
2.875917417417418065e+01
5.413575575575549692e+00
3.644704704704626597e-01
3.806280170170180099e+02
3.123746006005997629e+02
8.813687687687716377e+00
9.714815815815788014e+00
2.105906906906902876e+01
1.224534134134130525e+01
1.274735235235231556e+01
5.325618618618555900e+00
8.093193193193050361e-02
3.551541541541557989e-01
1.029355555555551938e+01
8.766225225225220186e+01
1.705877677677674242e+01
2.444444094094092463e+02
1.199542132132131371e+02
6.632363763763783027e+01
6.687725725725611525e+00
5.321551551551497727e-01
1.467109509509507959e+01
1.031936136136129178e+01
3.081391391391415935e-01
4.416192062062058312e+02
3.426492492492455355e+00
5.631166166166216236e+00
5.668054054054040058e+00
1.710856256256259655e+01
6.930520520520517813e+00
1.760710210210210036e+01
2.843844944944943620e+01
3.713543543543542658e-01
1.821261261261277464e-01
2.941535395395396790e+02
1.059264764764762390e+01
2.584535395395395199e+02
5.402012012011930819e-01
1.094627627627624733e+01
1.545535535535528526e-01
1.827798628628626716e+02
6.197797797797684194e-02
6.157034534534529513e+01
1.252282282282302095e-01
8.734964964964929690e-01
1.555478468468464257e+02
1.161375175175174590e+01
1.286753353353355678e+01
4.137646516516511497e+02
1.868413713713712454e+01
1.985484184184187129e+01
4.123233233233176143e-01
1.171353953953951788e+01
3.074824824824767266e-01
1.642674174174175405e+01
1.233007677677678799e+02
5.208198198198263906e-01
1.381884814814816309e+02
6.947814714714714910e+02
1.063418318318320566e+01
1.283633633633614879e-01
1.632032632632635583e+01
2.975926846846846843e+02
2.585640240240248744e+01
7.403398398398408631e+00
3.520200580580582255e+02
2.810230230230244541e-01
7.312771771771765295e+00
4.187277277277228205e-01
5.844274274274319225e-01
3.557761491491489210e+02
2.812532532532476814e-01
4.133470870870877434e+01
3.180392692692696599e+01
1.257987887887884781e+01
5.851184184184174519e+00
6.500210210210215500e-01
2.410536536536506347e+00
5.513413413413360331e+00
3.923931831831832540e+01
1.472109609609615255e+01
1.544417417417418292e+01
2.618618618618580030e-01
4.821167167167163647e+00
7.259621421421415732e+01
2.226245815815817082e+02
9.190409409409422636e+00
4.384565565565549328e+00
1.830225625625627117e+01
2.951171171171168006e-01
5.104559509509500685e+02
1.140204804804811012e+01
6.697358358358244779e+00
2.887757957957965260e+01
7.625199199199187206e+00
1.103783683683682426e+01
2.457906506506509103e+01
3.742302302302314976e-01
5.114864864864975269e-01
3.160180180180167664e-01
9.887727727727513294e-01
1.976001801801804447e+01
5.419367837837843354e+02
4.707334364364365911e+02
1.445823723723722409e+01
4.533473473473570992e-01
1.246443943943945776e+01
1.090320920920919789e+01
1.443539839839838201e+01
4.133633633633589932e-01
1.719264364364368802e+01
5.091551551551571908e-01
2.599867667667674809e+01
1.251188288288290451e+01
1.050412512512511931e+01
8.694146146146239928e+00
2.238755455455439858e+01
7.097477477477476260e-01
5.638958498498491281e+02
1.231329529529525679e+01
5.606556856856862936e+01
1.016421521521524873e+01
1.652168468468465079e+01
8.362212212212183360e+00
1.293441741741744444e+01
8.328403403403378036e+00
6.432090290290317114e+01
9.200271271271290630e+00
1.169184384384385744e+01
1.569162162162165686e+01
5.343583583583511043e-01
1.052480480480496583e+00
5.996562562562499643e+00
1.907044444444447251e+01
1.260607207207207558e+01
2.275669469469469774e+01
3.303253253253208843e-01
2.304604604604570672e-01
5.627197197197124634e-01
2.292082082082156358e-01
4.493072072072064493e+00
3.204304304304342876e-01
6.510220220220287457e-01
1.437356856856857767e+01
1.436346146146148328e+01
3.911821821821901968e-01
3.365315315315257627e-01
5.428054954954956912e+01
8.506591591591634582e+00
8.240988388388403507e+01
3.599299299299293931e-01
1.620370370370356194e-01
1.578744544544536943e+01
4.829249249249166764e-01
2.882212212212197922e-01
7.218821821821840956e+00
3.219086786786782284e+01
3.702262262262298598e-01
1.426177577577574951e+01
1.342066766766767927e+01
2.045973073073075810e+01
4.859579579579477171e-01
1.132983983983980369e+00
