2.409518518518494634e+00
1.432835835835851057e+00
0.000000000000000000e+00
9.247987987988079972e-01
2.917663663663679241e+00
7.030490490490489686e-01
2.393573573573623270e-01
1.479650650650638388e+00
2.444684684684669262e-01
1.426425425425432492e+00
5.329706906906899633e+01
1.891451451451480748e-01
6.957957957957856994e-03
9.329589589589559750e-01
1.400253253253280983e+00
4.659810810810805393e+00
2.629729729729753801e-02
3.473873873873892931e-02
2.917948948948950871e+01
8.860460460460385379e-01
0.000000000000000000e+00
6.822332332332408100e-01
1.873732732732717787e+00
2.348588588588618742e-01
9.951951951952016026e-03
1.769369369369394596e-02
1.654147147147144281e+00
3.246946946946969309e-02
1.188988988988957766e-02
1.044610610610619217e+00
4.320893893893884119e+00
1.114824824824834359e-01
3.220410410410454172e-01
9.135295295295264850e-01
1.291416416416426127e+00
1.253664664664665196e+00
5.872055555555560602e+01
2.772943743743744704e+01
2.542252252252307221e-01
1.961704704704713143e+00
7.432202202202229380e+00
8.051541541541612501e-01
1.693267267267251963e+00
7.867327327327298114e-01
1.538935935935950017e+00
7.957957957957883036e-03
4.044814814814899906e-01
0.000000000000000000e+00
1.959682682682724719e+00
1.184705305305306844e+01
1.548523523523524403e+00
1.190990990991003425e-02
9.799799799799870093e-02
6.866456456456432322e-01
1.911066066066037683e+00
4.820400400400446372e-01
1.425660660660671875e+00
5.609869869869779091e-01
3.494203203203183339e+00
1.015089089089092012e+00
3.412852352352363283e+01
1.069650650650649126e+00
2.261489789789792582e+01
2.993993993993997269e-03
1.383423423423417731e+00
6.889889889889787289e-02
4.062173173173185603e+00
1.331318318318306826e+00
2.502252252252207820e-01
8.848448448448288650e-02
2.252274274274276955e+00
1.381781781781797613e-02
1.516530530530523890e+00
1.983463463463458476e+00
1.293243243243232254e-01
3.477709609609610908e+01
1.667312312312309475e+00
1.402012012012022524e+00
2.325118218218221955e+01
3.971231231231273640e-01
8.612602602602587032e-01
1.078590590590593479e+00
1.135195195195198986e-01
3.964639639639614632e+00
3.324723723723701063e+00
2.042578578578584381e+00
7.602622622622702275e-01
1.820571571571568903e+00
8.061281281281177380e-01
2.374684684684661706e-01
8.933333333333394466e-02
1.206908908908917333e+00
8.973673673673586426e-02
1.613547547547570016e+00
1.403737737737733582e+00
4.832172172172229385e-01
1.874613613613605345e+00
1.437177177177163756e+00
1.174480480480468048e+00
4.335941341341341371e+01
2.556070070070069811e+00
0.000000000000000000e+00
9.247247247247189494e-02
1.041748848848848219e+01
2.471501501501522091e-01
1.260569569569568227e+00
6.645985985985958244e-01
7.552092092091985398e-01
2.486486486486459702e-01
2.002016016016030520e+00
2.759189189189167890e-01
5.202702702702720339e-02
4.301801801801781455e-02
2.222568568568575653e+00
1.515878878878883729e+00
1.318078078078062376e-01
0.000000000000000000e+00
2.090325325325322225e+00
1.283314314314324411e+00
5.978452452452497567e+00
4.456846846846813648e+00
8.594614614614596304e-01
2.911901901901980394e-01
1.118897897897887628e+00
1.612091091091089723e+00
3.781731731731814428e-01
1.128215215215219391e+00
8.280180180180103655e-02
9.635297297297320540e+00
0.000000000000000000e+00
6.957957957957787605e-03
1.672772772772787228e-02
3.242742742742756729e-02
1.442845845845832642e+00
1.114532532532538367e+00
1.239232632632642961e+01
2.501061061061102819e-01
3.051362362362352698e+00
9.960570570570554949e-01
1.000000000000015850e-03
1.216880880880871540e+00
1.274348348348365301e+00
5.987987987988007549e-03
1.639206206206228256e+00
2.333333333333291182e-01
1.505461461461453654e+00
1.138122122122136259e+00
3.722222222222253962e-01
1.217267267267284847e+00
9.909909909909862466e-03
2.081595595595610249e+00
9.464574574574723398e-01
6.957957957957798013e-03
2.028929929929909726e+00
4.228651651651631482e+00
7.693243243243258478e-01
1.753233233233225663e+00
4.895620620620615426e+00
1.142443443443454276e+00
1.081041041041056888e-01
8.033633633633838200e-02
0.000000000000000000e+00
1.611601601601570233e-01
1.121074474474471572e+01
1.681532532532549418e+00
4.838044644644651271e+01
7.367367367367246012e-02
1.286652652652646056e+00
8.456996996996958060e+00
1.005059059059050242e+00
1.238258258258266020e-01
1.416222222222238036e+00
1.028979979979976367e+00
0.000000000000000000e+00
8.571041041041145281e-01
6.779910910910931676e+00
1.424786786786801818e+00
1.720360360360392027e-01
1.162582582582591673e-01
8.530100100099977656e-01
6.174874874874854147e-02
1.689880880880874292e+00
6.256356356356414239e-02
1.578688688688673292e+00
5.882592592592534864e-01
8.723023023023006584e-01
1.528647647647653152e+00
1.238243243243225322e+00
1.203307307307321494e+00
1.935495495495531404e-01
1.593523523523522112e+00
1.835448448448439906e+00
1.135690690690681848e+00
1.577205205205187477e+00
2.993993993994003774e-03
2.196518518518520757e+00
1.000000000000014983e-03
1.614581581581564729e+00
1.591791791791758240e-02
1.537647547547546800e+01
7.767342342342342221e+00
9.472532532532542682e-01
1.769309309309308464e-01
0.000000000000000000e+00
1.422776776776760732e+00
0.000000000000000000e+00
2.878812812812796995e+00
1.778378378378355634e-02
5.821421421421369563e-02
3.716866866866931907e-01
4.547417217217208929e+01
2.482232232232262359e-01
5.340910910910993126e-01
3.865925925925882689e-01
1.743545545545514885e+00
3.727552152152163956e+01
2.090080980980985359e+01
1.979732832832836920e+01
7.508838838838667318e-01
1.452320320320335201e+00
6.229979979979903826e-01
2.989379379379397128e-01
3.934585585585616219e+00
0.000000000000000000e+00
1.463106206206205862e+01
9.349399399399337396e-01
1.964072072072062136e+00
7.219049049049096611e-01
4.316415415415439938e+00
8.973273273273242312e-01
1.000000000000008694e-03
8.506766766766922228e-01
1.579181181181185778e+00
1.970847847847827516e+00
6.003682682682705440e+00
2.968474474474512181e+00
7.330348348348359799e+00
1.315981981981975801e+00
1.434473473473469873e+00
1.063161161161148227e+00
9.580220220220113658e-01
9.978208208208328989e-01
5.969969969970009144e-03
2.186136136136107300e-01
1.470496496496505712e+00
1.808555555555541705e+00
1.467141741741743211e+01
1.568845845845842968e+00
8.770580580580631391e-01
7.307547547547654787e-01
1.130430430430423350e+00
1.793535535535518699e+00
2.249609609609563854e-01
8.893993993994123159e-02
2.581281281281295192e-01
7.868774774774785818e+00
1.093936936936933835e+00
3.279658658658684001e+00
2.813435435435458487e+00
1.721033033033033455e+00
0.000000000000000000e+00
0.000000000000000000e+00
1.180914914914916292e+00
6.106017017016998061e+00
3.518146646646642495e+01
1.232422422422441599e+00
4.839558558558549883e+00
1.004511511511501753e+00
6.310710710710740745e-01
1.129479479479473580e+00
1.406720720720711304e+00
5.488754754754777032e+00
8.943943943943750627e-03
5.055865865865873054e+00
8.991991991991984609e-03
3.018718718718708949e-02
1.850034034034010233e+00
1.776446446446469374e-01
1.769369369369392514e-02
2.012256256256235165e+00
1.600219219219248368e+00
1.297065665665661527e+01
9.419999999999889573e-01
1.450364364364369774e+00
4.651929929929921492e+00
1.602173173173166987e+00
1.889717217217219414e+01
1.575873873873848918e+00
1.583141141141122032e+00
2.461501501501536515e-01
1.549003003003005974e+00
1.221859759759763442e+01
1.913688688688677919e+00
0.000000000000000000e+00
2.028210210210223963e+00
1.010004004004009692e+00
5.906785785785817033e+00
1.326356356356323540e-01
1.657760760760746521e+00
1.700810810810777229e-01
9.671691691691709503e-01
9.810120120119982801e-01
6.378888888888966102e-01
1.286544544544556468e+00
0.000000000000000000e+00
9.906456456456519399e-01
1.335085085085105927e-01
2.392142142142115457e-01
8.741831831831845534e-01
1.235438438438433373e+00
2.534934934934986520e-02
2.634934934934895709e-02
1.090045045045036742e+00
4.888318318318258804e-01
0.000000000000000000e+00
0.000000000000000000e+00
1.005728728728741528e+00
2.161446446446479985e+00
1.775662662662657265e+00
1.961961961961955145e-02
3.210349349349355119e+00
7.633973973973908755e-01
6.126316316316297694e+00
3.794273273273269798e+00
4.519674674674649673e+00
1.362061061061073719e+00
1.223824024024025015e+01
8.272012012011902282e-01
1.371885885885896217e+00
0.000000000000000000e+00
1.311677677677665299e+00
1.232686686686681021e+00
1.739285285285286697e+00
1.112702702702674379e-01
1.631266266266267140e+00
8.977237237237206680e-01
1.728888888888870934e-01
7.961421421421442934e-01
9.413433433433424646e-01
1.866826826826802621e-01
1.667825825825809849e+00
2.249349349349385671e-02
9.884684684684699740e-02
8.033633633633850690e-02
0.000000000000000000e+00
5.173734534534551699e+01
1.024643643643625923e+00
1.704143843843845474e+01
4.084374374374449279e-01
2.182756756756765171e+00
2.627746746746735695e+00
2.422970970970961702e+00
4.418618618618619376e-02
7.403463463463623162e-01
6.185385385385517437e-02
5.760635635635637186e+00
2.249349349349380814e-02
2.449773773773782359e+00
1.888218218218220112e+00
0.000000000000000000e+00
1.911781781781758671e-01
1.316156156156128576e-01
6.957957957957732094e-03
2.448648648648678872e-01
0.000000000000000000e+00
4.600820820820880619e-01
8.937997997997850774e-01
2.286184184184182566e+00
3.251937737737740974e+01
2.312022022021993639e-01
1.571321321321305919e-01
1.000000000000002840e-03
2.728628628628579911e-01
2.344744744744738443e-02
1.474713713713690977e+00
7.967967967968173776e-03
1.162272272272274032e+00
2.636266266266320546e-01
1.252839839839837710e+00
9.085835835835885943e-01
7.744354354354372916e+00
1.947062062062064891e+00
0.000000000000000000e+00
3.935835835835842927e-02
9.795175175175000470e-01
1.157180180180162887e+00
1.096062062062050035e+00
2.331970970970958401e+00
1.352142142142134240e-01
9.051473473473471643e+00
2.647090990990988857e+01
9.825455455455486264e-01
2.386176176176234009e-01
1.094230230230241796e+00
1.429908908908903209e+00
1.775026026026029324e+00
1.081827827827837707e+00
2.077717717717769419e-01
1.376103103103097025e+00
3.309948948948961966e+00
1.314253253253239606e+00
2.030993993993988944e+00
2.578157657657658675e+01
1.079978978978973325e+00
3.444860260260263374e+01
9.600660660660811363e-01
1.154336336336352131e+00
4.977480480480493519e+00
1.333947947947975443e+00
1.264778778778772761e+00
0.000000000000000000e+00
3.833951951951997117e+00
2.798048048048022984e-01
7.644554554554420234e-01
2.323345245245249302e+01
2.215802802802818050e+00
2.769967367367365796e+01
1.905451451451449563e+00
2.365075075075102062e-01
1.969555555555551951e+00
1.572770770770777204e+00
2.031327327327308918e+00
6.716316316316181534e-02
2.463133133133124930e-01
3.770468668668669920e+01
2.741001001000989312e+00
6.670000000000029239e+00
2.818718718718779548e-02
8.499679679679525979e-01
7.244224224224139475e-01
4.928910910910876630e+00
4.027627627627695939e-02
1.074084084084097890e-01
0.000000000000000000e+00
2.781255255255270065e+00
1.351929929929920338e+00
2.158118118118093620e-01
1.080498298298295978e+01
6.508098098098095141e-01
1.195345345345317778e-01
2.469979979980032880e-01
1.613240240240251255e+00
2.184907907907926550e+00
3.822217617617609875e+01
6.014404404404420035e+00
1.284384384384371601e-02
0.000000000000000000e+00
2.330230230230267985e-01
4.684810810810812853e+00
1.664038038038040845e+00
0.000000000000000000e+00
4.968678678678563609e-01
1.426449449449443296e+00
1.199948948948942551e+00
1.101512512512523134e+00
1.589901901901903836e+00
2.519450450450445356e+00
1.726964964964954996e+00
1.423743743743748791e+00
5.969969969969906795e-03
0.000000000000000000e+00
1.686044044044049395e+00
2.391471471471474652e-01
0.000000000000000000e+00
3.013953953953984466e-01
2.076826826826791150e-01
2.611921921921899759e-01
1.842508508508480247e+00
1.485591591591574945e+00
8.981731731731861235e-01
2.400930930930960938e-01
0.000000000000000000e+00
3.424734734734697916e-01
3.086676676676688658e+00
1.673059059059071041e+00
3.008794794794798833e+00
9.895675675675669192e-01
6.109129129129148295e-01
8.190620620620550074e-01
1.156103103103100160e+00
1.904728728728734666e+00
3.928869169169174569e+01
1.394898898898903283e+00
1.231868868868870148e+00
6.321991991992034210e-01
1.807035035035051251e+00
4.322269269269291669e+00
9.729869869869950394e-01
4.896646646646739542e-01
0.000000000000000000e+00
1.288384384384375192e+00
7.739359359359383461e-01
2.126059059059062228e+00
2.229979979979944682e-01
3.751651651651660702e-02
3.935835835835855417e-02
1.510645645645637192e+00
2.249349349349378732e-02
0.000000000000000000e+00
8.924274274274349716e-01
1.082454954954958026e+01
1.871413413413393512e+00
1.404479179179179305e+01
3.987987987988026589e-03
2.393583583583612229e-01
1.596023023023028786e+00
6.031531531531425516e-02
1.767193193193179690e+00
1.900938938938937950e+00
0.000000000000000000e+00
2.402149149149154894e+00
2.881478478478482330e+01
7.284594594594508976e-01
1.322789789789786452e+00
5.215141141141123704e+00
1.582025025025026288e+00
1.267391391391388566e+00
1.873703703703696544e+00
1.478978978978984574e-02
6.071181181181175557e-01
2.841244244244256478e+00
4.317627627627624864e-01
2.680584584584579044e+00
1.431050050050051148e+00
4.419314314314323866e+00
2.997997997998138198e-03
1.638974974974972465e+00
1.213513513513536368e-01
5.931921921921875507e-01
4.824354354354349894e+00
2.260755655655657392e+01
6.390749749749737418e+00
5.515815815815848788e-01
1.488988988988998972e-02
9.087563563563559654e+00
1.139306306306303140e+00
3.335285285285241041e-01
1.596447047047050560e+01
9.281781781781677232e-01
1.004264264264252138e-01
1.379774774774766843e+00
1.561132132132106110e+00
3.100700700700732490e-02
1.449308308308312476e+00
9.168768768768555122e-02
2.167749749749739330e+00
0.000000000000000000e+00
1.395125125125110666e+00
8.726316316316419242e-01
4.119219219219177192e-02
8.862500500500532397e+00
1.109819819819827802e-01
4.763446446446432780e+00
1.090079079079078861e+00
1.611601601601569955e-01
1.673756756756751063e+00
0.000000000000000000e+00
2.302216216216219191e+00
7.231681681681685347e-01
6.873135735735735352e+01
1.303502502502520422e+00
1.229707207207205677e+01
6.917067067067099728e+00
1.435256256256237206e+00
2.929129129129067616e-02
1.391291291291292476e+00
2.273812812812813000e+00
1.293400400400415817e+00
1.858761761761754228e+00
2.415925925925877238e-01
1.804711411411410538e+01
8.835835835836012286e-01
1.625465465465479320e-01
2.140194194194164456e+00
1.171546546546549106e+00
1.826376376376376287e-01
4.665534934934937183e+01
1.984678678678686747e+00
1.004214214214220302e+00
3.153456456456442680e+00
1.542435435435428603e+00
1.346560660660660425e+01
7.983983983983889213e-03
8.955955955956022493e-03
1.270840840840840258e+00
8.496006006006013855e-01
3.878830730730744847e+01
1.694780780780784424e+00
8.203203203203331129e-02
1.145942942942950848e+00
1.941532532532549871e+00
0.000000000000000000e+00
5.298996996997010100e+00
3.991717717717715885e+01
9.971171171171235859e-01
3.369669669669700385e-01
2.136276276276263819e-01
6.423573573573501783e+00
1.324834834834804909e-01
5.115741641641641024e+01
8.927927927927953658e-03
6.783563563563572707e-01
7.967967967968100917e-03
1.707242242242267727e+00
2.512412412412440288e-01
4.979979979979966796e-03
1.088119119119109968e+00
2.531151151151123102e-01
3.146306806806805412e+01
2.476466466466492045e-01
1.265723723723717331e+00
2.542382382382331052e-01
2.117957957958001292e-01
8.970410410410326607e-01
1.834181181181184339e+00
2.686226226226255398e-01
3.129035035035059753e+00
3.410910910910885246e-02
1.578768768768754605e+00
1.174777777777773702e+00
4.074960960960902767e+00
1.401541541541520441e+00
2.968014014013987900e+00
7.984774774774657802e-01
1.575975975976006901e-02
8.493763763763780839e-01
1.427807807807823792e-01
4.217277277277329262e-01
4.248073473473480277e+01
4.853504904904909978e+01
9.279429429429424392e-01
1.939959959959967339e-01
1.138144144144146663e+00
4.863220020020022361e+01
1.759798798798801078e+00
1.784327327327329238e+00
3.365385385385335493e-01
1.267677677677677028e+00
2.865655655655647283e-01
1.476778778778772061e+00
6.242931631631654454e+01
2.872582582582621780e-01
3.128528528528547181e-02
2.201665665665671234e+00
3.417333633633630541e+01
1.134008008008003277e+00
1.974172172172160566e+00
2.065255255255236400e-01
3.689350350350360852e+00
2.077717717717769974e-01
0.000000000000000000e+00
1.977567567567590501e-01
1.883081781781783448e+01
3.963392392392449004e+00
7.230264064064061813e+01
3.987987987988010109e-03
5.787457457457479970e-01
1.545519519519532592e+00
1.084275275275278450e+00
1.317957957957983650e-01
1.195526526526528910e+00
1.472189189189178737e+00
2.656806806806777388e-01
8.949905905905893633e+00
6.957957957957871739e-03
2.031421421421384377e-01
1.818401401401394502e+00
3.100700700700728674e-02
2.830730730730712796e-01
1.085082082082083454e+00
1.379885885885876906e+00
8.646409409409429259e+00
7.846206206206167710e-01
2.695165165165169241e-01
1.501740740740735491e+00
2.641351351351395871e-01
1.076686686686698868e+00
6.016476476476492197e-01
0.000000000000000000e+00
7.698876876876850517e+00
1.972972972972960870e-01
2.381381381381388884e-01
0.000000000000000000e+00
1.261291291291311012e-01
3.987987987988031793e-03
1.165787787787808671e+00
1.621581581581554021e-01
4.867057057057153080e-01
6.688288288288241068e-02
1.325884884884893422e+00
1.109767767767755764e+00
2.053603603603603833e+00
1.476490490490474539e+00
2.070739739739746899e+00
2.047669669669641035e+00
2.169496596596597371e+01
5.457710210210206014e+01
1.575633633633656050e+00
1.289983983984001936e+00
8.350021021020996415e+00
2.211151151151166949e-01
3.303126126126080031e+00
2.993993993993999871e-03
3.739635635635700783e+00
9.973083083083209566e-01
0.000000000000000000e+00
1.288574574574577136e+00
1.593513513513495350e-01
1.000000000000009562e-03
4.369807807807811528e+00
2.974212912912907569e+01
2.491241241241239912e-01
1.012367367367352999e+00
1.632875875875860583e+00
3.114973973973972576e+00
9.922222222222329968e-01
1.193892892892885582e+00
2.063163163163197200e-01
1.370370370370385782e+00
9.643243243243136698e-02
1.238152152152134811e+00
2.455490490490476407e+00
1.006268268268284638e+00
1.408519519519515262e+00
3.738728728728747397e-01
2.258898898898927809e-01
1.697979979979981291e+00
1.917817817817805137e-01
5.317108108108119069e+00
3.898896896896837383e+00
8.927717717717611468e-01
3.457852852852840719e+00
3.843843843843793018e-02
2.938408408408434425e-01
2.599679679679627875e-01
9.840030030029985886e-01
2.303218218218212154e+00
3.006906906906894189e-02
1.389875875875876243e+00
1.435729729729736226e+00
5.287546946946954307e+01
1.036466466466459818e-01
5.717188188188199405e+00
1.233703703703692423e-01
2.805425425425351893e-01
6.368792792792799418e+00
2.514632632632651799e+00
1.328527527527528118e+00
1.914264264264249893e-01
3.223510910910911775e+01
2.561579579579598143e+00
1.766732732732740230e+00
1.738438438438415223e-01
2.719429429429460199e-01
7.008528528528574775e-01
2.101187187187211425e+00
5.283605605605607103e+00
1.000000000000001972e-03
2.629729729729752413e-02
7.186176176176281016e-01
9.462962962963057389e-01
1.597571571571559934e+00
4.024807807807775362e+00
1.914768768768741358e+00
1.296813813813814109e+00
3.164144144144117599e-01
0.000000000000000000e+00
4.979979979979972868e-03
2.068967967967969557e+00
1.671346346346349154e+00
2.148702702702701917e+00
7.640240240240302183e-02
1.924087087087075654e+00
6.423302302302317024e+00
3.088048048048048777e-01
1.785481981981978095e+01
1.767837837837835213e+00
2.365929929929934339e+00
1.051185185185183002e+00
4.710875875875875529e+00
1.667858858858840332e+00
0.000000000000000000e+00
1.091611611611601917e+00
2.190649649649649700e+00
1.054124124124143219e-01
1.542696696696687297e+00
8.140930930930775355e-01
2.122923623623623612e+01
4.667016016016028779e+00
1.092803803803817697e+00
1.022858858858865405e+00
6.149049049048938009e-02
2.274264264264310997e-01
1.381781781781789634e-02
2.601741741741718239e-01
1.296352352352366344e+00
3.240070070070115715e-01
4.202742742742719417e-01
1.339921921921926273e+00
8.990052052052044829e+00
1.364271771771766772e+01
9.346656656656825435e-01
0.000000000000000000e+00
9.248348348348395254e-02
1.083836836836835182e+01
8.457847847847831391e-01
1.643792792792801327e+00
1.707795795795793437e+00
5.987987987988005814e-03
7.825015015014896713e-01
1.560520520520499999e-01
8.927927927927951923e-03
1.131914914914915471e+01
1.672468468468463643e+00
1.508662662662651588e+00
3.447997997997940822e-01
1.837007007007025239e+00
2.745585585585589850e-01
1.821962962962965449e+00
4.111982982982985035e+00
1.201326326326317195e+00
1.099793793793790719e+00
4.301801801801759251e-02
1.826794794794770249e+00
8.001012012012020946e+00
1.453169169169145070e+00
8.271981981982013954e-01
0.000000000000000000e+00
8.662562562562702018e-02
1.029539539539541027e+00
2.288717717717707600e+00
8.330470470470537903e-01
1.925925925925954518e-01
3.779677677677658387e+00
3.319771571571568103e+01
2.352435435435445754e+00
2.820169169169171042e+00
3.211482482482481693e+00
6.653433433433527666e-01
2.398358358358309850e-01
3.657499399399395656e+01
3.069223823823817909e+01
1.035370370370368276e+00
1.201699699699685153e+00
2.262009009008999705e+00
1.418069069069066934e+00
1.419898898898898976e+00
6.143783783783743901e-01
0.000000000000000000e+00
6.516516516516526747e-02
1.212008008008011783e+00
9.696446446446485012e+00
1.815566566566556128e+00
2.345580580580572416e+01
1.177758058058053336e+01
6.400965965966005200e+00
8.896236236236209072e-01
1.126386386386361294e-01
1.754669669669671972e+00
1.175309309309308103e+00
1.000000000000007177e-03
3.979410110110107013e+01
5.861221221221250000e-01
7.389749749749734420e-01
8.055115115115037971e-01
1.764767767767778661e+00
9.273853853853810669e-01
1.678931931931937793e+00
2.875137137137157683e+00
3.580680680680622952e-02
0.000000000000000000e+00
2.501639739739741586e+01
1.192586586586600994e+00
2.614030430430434748e+01
2.348898898898928167e-01
1.199266266266261427e+00
0.000000000000000000e+00
1.561137837837832620e+01
0.000000000000000000e+00
5.576964964964962412e+00
0.000000000000000000e+00
4.499559559559475619e-01
1.591933233233225664e+01
1.272542542542521637e+00
1.432078078078079519e+00
4.083754954954957128e+01
2.011530530530531546e+00
2.155091091091083211e+00
7.469469469469412759e-02
1.279625625625624430e+00
6.977977977977928466e-03
1.680405405405408059e+00
1.145268668668668965e+01
9.796796796796797269e-02
1.436337737737736653e+01
5.937424524524495695e+01
1.244450450450445000e+00
0.000000000000000000e+00
1.778293293293286670e+00
2.939878178178153689e+01
2.430986986986973797e+00
8.951081081081021518e-01
3.097695995995996299e+01
0.000000000000000000e+00
7.928318318318415825e-01
6.977977977977846066e-03
2.081271271271266654e-01
3.335414414414410800e+01
1.844724724724751130e-01
4.681573573573555969e+00
3.417516516516502900e+00
1.554488488488502407e+00
8.349569569569585958e-01
2.410210210210174675e-01
3.067467467467510089e-01
7.964424424424370041e-01
3.788251251251237850e+00
1.559313313313303917e+00
1.631377377377383864e+00
8.198198198198063114e-02
6.303213213213209043e-01
7.776095095095085341e+00
2.208096696696699013e+01
1.044312312312316582e+00
7.437307307307350346e-01
2.037987987987995631e+00
4.210610610610576038e-02
4.551509809809813589e+01
1.384996996996986640e+00
8.907217217217395788e-01
2.808367367367367695e+00
9.086946946946994341e-01
1.338756756756758870e+00
2.752891891891902088e+00
1.438678678678679823e-01
4.178288288288339869e-01
0.000000000000000000e+00
4.343053053052948753e-01
2.090440440440437531e+00
4.846071971971974079e+01
4.055058958958966997e+01
1.529144144144163997e+00
2.520190190190215729e-01
1.433332332332337034e+00
1.219968968968981438e+00
1.629860860860868899e+00
2.448158158158101616e-01
1.800660660660673651e+00
1.000000000000013248e-03
2.840051051051045494e+00
1.388863863863857517e+00
1.251593593593595344e+00
1.083609609609619273e+00
2.289360360360373381e+00
2.702132132132102904e-01
5.186214414414413199e+01
1.356211211211228340e+00
5.849760760760760903e+00
1.287474474474471275e+00
1.840658658658649749e+00
1.077266266266268424e+00
1.498716716716726793e+00
9.663013013012980990e-01
5.674461461461483225e+00
1.123198198198210429e+00
1.360909909909907123e+00
1.714633633633645626e+00
9.951951951951884187e-03
5.893543543543517949e-01
6.916656656656769986e-01
1.773643643643655787e+00
1.373155155155147522e+00
2.386775775775776598e+00
2.061061061061092714e-01
5.733633633633579418e-02
2.136286286286330771e-01
1.772772772772758521e-02
6.913043043043073377e-01
3.993993993994034153e-03
2.973283283283291167e-01
1.409948948948949621e+00
1.593851851851855850e+00
1.011051051051052169e-01
1.772772772772760741e-01
5.425773773773760134e+00
1.018297297297312998e+00
8.035130130130111681e+00
1.772772772772756092e-02
0.000000000000000000e+00
1.687489489489491179e+00
7.088288288288319139e-02
9.909909909909862466e-03
9.250430430430367501e-01
3.448738738738741816e+00
4.987987987988066509e-03
1.555467467467494203e+00
1.561400400400389632e+00
2.240430430430442765e+00
5.909009009008962116e-02
8.335935935936096552e-02
