2.221952952952943594e+00
1.278709709709699771e+00
0.000000000000000000e+00
8.462512512512587737e-01
2.694308308308312139e+00
6.743653653653710611e-01
2.404394394394445134e-01
1.304010010010026033e+00
2.435195195195174189e-01
1.305206206206200203e+00
4.832398298298296169e+01
1.749139139139171129e-01
5.969969969969943224e-03
8.147267267267362945e-01
1.241511511511510513e+00
4.155536536536531322e+00
2.534934934934983397e-02
2.534934934934992071e-02
2.532568468468470968e+01
8.303873873873863776e-01
0.000000000000000000e+00
6.271921921921891352e-01
1.675093093093062979e+00
2.309099099099055918e-01
3.993993993993972570e-03
1.478978978979011635e-02
1.526593593593614351e+00
3.337537537537598603e-02
1.486586586586599763e-02
9.537957957958037580e-01
3.861399399399394472e+00
1.046446446446464285e-01
3.190580580580613668e-01
8.134974974975073270e-01
1.176007007007016769e+00
1.178256256256258627e+00
5.439542142142126835e+01
2.530857057057058412e+01
2.458118118118094997e-01
1.855014014014012558e+00
6.578360360360378856e+00
7.454594594594542434e-01
1.571822822822836141e+00
7.863603603603472880e-01
1.367158158158148673e+00
6.977977977977892904e-03
4.067477477477546288e-01
0.000000000000000000e+00
1.799388388388383220e+00
1.068117217217218418e+01
1.438185185185188120e+00
5.979979979980040543e-03
9.643243243243081186e-02
6.356556556556561821e-01
1.752403403403403281e+00
4.419319319319259254e-01
1.338177177177184429e+00
4.688908908908953621e-01
3.190397397397378043e+00
9.183333333333320025e-01
2.998461561561563826e+01
9.840140140140085645e-01
2.063970670670672192e+01
0.000000000000000000e+00
1.267531531531538080e+00
4.644444444444403852e-02
3.594964964964968424e+00
1.197972972972975336e+00
2.498498498498555320e-01
8.443543543543398366e-02
2.055066066066058461e+00
8.927927927927953658e-03
1.376686686686688477e+00
1.815338338338336355e+00
1.074814814814790825e-01
3.119709809809804568e+01
1.479003003003011907e+00
1.299600600600603340e+00
2.017227927927919140e+01
4.196506506506552658e-01
7.991081081081085058e-01
9.910180180180221399e-01
1.113463463463486847e-01
3.536504504504495383e+00
2.917916916916925896e+00
1.854356356356366309e+00
7.223843843843924528e-01
1.583676676676670558e+00
7.198898898898905552e-01
2.346096096096096095e-01
7.026126126126192029e-02
1.146797797797817653e+00
8.810210210210160653e-02
1.468953953953961999e+00
1.289352352352355791e+00
4.767477477477400916e-01
1.662756756756764931e+00
1.318732732732733171e+00
1.077515515515531375e+00
3.958132032032035141e+01
2.313824824824825210e+00
0.000000000000000000e+00
8.017517517517454284e-02
9.259290290290323355e+00
2.463453453453419428e-01
1.167517517517519421e+00
6.559809809809780123e-01
6.822092092092125748e-01
2.479439439439474202e-01
1.838728728728716177e+00
2.646786786786752277e-01
4.301801801801786312e-02
3.659259259259171199e-02
1.995350350350327373e+00
1.438448448448450989e+00
1.238278278278283073e-01
0.000000000000000000e+00
1.873732732732737771e+00
1.183629629629615154e+00
5.427983983983974525e+00
3.996930930930877590e+00
7.609989989990125769e-01
2.591061061060990212e-01
1.006041041041053630e+00
1.451806806806798855e+00
3.702562562562649040e-01
1.067313313313314138e+00
7.198798798798870802e-02
8.191485485485429763e+00
0.000000000000000000e+00
9.909909909909860731e-03
1.284384384384376979e-02
2.175775775775814699e-02
1.315962962962946348e+00
1.045959959959962049e+00
1.083628328328334511e+01
2.496736736736703544e-01
2.737795795795779252e+00
9.084674674674793060e-01
0.000000000000000000e+00
1.097955955955972174e+00
1.163120120120126666e+00
2.997997997998021105e-03
1.516894894894890822e+00
2.309099099099055641e-01
1.358996996997010820e+00
1.047577577577565755e+00
3.621881881881871545e-01
1.118324324324331043e+00
6.957957957957827504e-03
1.871132132132142356e+00
8.817767767767779041e-01
4.979979979979970266e-03
1.811153153153158835e+00
3.907553553553524406e+00
7.559179179179249530e-01
1.612139139139158184e+00
4.481225225225249353e+00
1.061208208208215709e+00
1.023023023023016675e-01
6.944444444444275444e-02
0.000000000000000000e+00
1.506606606606628873e-01
9.502323323323292215e+00
1.535405405405397383e+00
4.545386186186198785e+01
5.909009009008955177e-02
1.174082082082092304e+00
7.284439439439424291e+00
9.688878878878879330e-01
9.845345345345199450e-02
1.331214214214206049e+00
9.599329329329343574e-01
0.000000000000000000e+00
7.606306306306249709e-01
6.306777777777784699e+00
1.346293293293282511e+00
1.527277277277263035e-01
9.678078078077942403e-02
7.823643643643598544e-01
5.223923923924038426e-02
1.513096096096098409e+00
7.177877877877877899e-02
1.434944944944953171e+00
4.554704704704752860e-01
8.267287287287167219e-01
1.341664664664661055e+00
1.050657657657665833e+00
1.107877877877871953e+00
1.876876876876876765e-01
1.451592592592590991e+00
1.640443443443437843e+00
1.002297297297303436e+00
1.411753753753751672e+00
1.997997997997982920e-03
1.907601601601621732e+00
1.997997997998051008e-03
1.410656656656662067e+00
1.493193193193203573e-02
1.366450350350349296e+01
6.903243243243258220e+00
8.349129129129050364e-01
1.641701701701701321e-01
0.000000000000000000e+00
1.302713713713718136e+00
0.000000000000000000e+00
2.542893893893895196e+00
9.927927927927900770e-03
4.119219219219177192e-02
3.619599599599539475e-01
4.103979879879879178e+01
2.482232232232262359e-01
4.631691691691655621e-01
3.743243243243238871e-01
1.594687687687690536e+00
3.350709609609601358e+01
1.821091991991988479e+01
1.779823623623624229e+01
6.615325325325381867e-01
1.315601601601594117e+00
6.041181181181229931e-01
2.798298298298270148e-01
3.368607607607575716e+00
0.000000000000000000e+00
1.340010010010008301e+01
8.879669669669725263e-01
1.800782782782778035e+00
6.561351351351305539e-01
3.813148148148149286e+00
8.133923923924001320e-01
0.000000000000000000e+00
7.703813813813800149e-01
1.432479479479481066e+00
1.712012012012019913e+00
5.476345345345325022e+00
2.669704704704698450e+00
6.477092092092078701e+00
1.240547547547542040e+00
1.210764764764759915e+00
9.300280280280299738e-01
8.695555555555353200e-01
9.646346346346323930e-01
1.997997997997989859e-03
2.064064064064017323e-01
1.378637637637636359e+00
1.665263263263258242e+00
1.299825425425421699e+01
1.295129129129121148e+00
7.794254254254204817e-01
6.884084084084053368e-01
1.030784784784785968e+00
1.626727727727735662e+00
2.120790790790748337e-01
6.987687687687677007e-02
2.506086086086067310e-01
6.857831831831846969e+00
9.516286286286202989e-01
2.984558558558554342e+00
2.585520520520508736e+00
1.535630630630627991e+00
0.000000000000000000e+00
0.000000000000000000e+00
1.101588588588584994e+00
5.543733733733725799e+00
3.093310010010011624e+01
1.095626626626616140e+00
4.388874874874874266e+00
9.451751751751726882e-01
6.023353353353404493e-01
1.040530530530535458e+00
1.300714714714724884e+00
4.770244244244222998e+00
6.957957957957850922e-03
4.633199199199174778e+00
6.002002002002034160e-03
3.206906906906818733e-02
1.733563563563588650e+00
1.689439439439436030e-01
9.909909909909864201e-03
1.832666666666674216e+00
1.363665665665663607e+00
1.150489889889889028e+01
9.026386386386369143e-01
1.305238238238246806e+00
3.999180180180180955e+00
1.654785785785788832e+00
1.695674774774782279e+01
1.412827827827823901e+00
1.446462462462454690e+00
2.475435435435401066e-01
1.465910910910901199e+00
1.067104704704703977e+01
1.797701701701701182e+00
0.000000000000000000e+00
1.879660660660645410e+00
9.076336336336253696e-01
5.407703703703691467e+00
1.208168168168143874e-01
1.498105105105105750e+00
1.552912912912939869e-01
9.116136136136231416e-01
9.378678678678584735e-01
6.088028028027961946e-01
1.196482482482491561e+00
0.000000000000000000e+00
9.272652652652744187e-01
1.321701701701683551e-01
2.367807807807757181e-01
8.326556556556575783e-01
1.114205205205205829e+00
2.057957957957917694e-02
1.381781781781797613e-02
1.051385385385393834e+00
4.863063063063010061e-01
0.000000000000000000e+00
0.000000000000000000e+00
9.386456456456422348e-01
1.912882882882892321e+00
1.642681681681687378e+00
1.384384384384409680e-02
2.866750750750736820e+00
7.109149149149180946e-01
5.450701701701715862e+00
3.398306306306285940e+00
4.267926926926926434e+00
1.232706706706695021e+00
1.090418318318321234e+01
7.951741741741780167e-01
1.230144144144136087e+00
0.000000000000000000e+00
1.190921921921928472e+00
1.115469469469477781e+00
1.624326326326323899e+00
9.913013013013140251e-02
1.495185185185192500e+00
7.841061061061253001e-01
1.700810810810775286e-01
7.265215215215183875e-01
8.973583583583469858e-01
1.794234234234192704e-01
1.533264264264265764e+00
1.672772772772793126e-02
8.778178178178372426e-02
7.785285285285252488e-02
0.000000000000000000e+00
4.733352352352360981e+01
9.741441441441520688e-01
1.507568668668667833e+01
3.940640640640685755e-01
1.980251251251245126e+00
2.409459459459454500e+00
2.180305305305290986e+00
3.112712712712636942e-02
6.882192192192202462e-01
5.723623623623626949e-02
5.141100100100103099e+00
1.575975975975989901e-02
2.232357357357363181e+00
1.712101101101077383e+00
0.000000000000000000e+00
1.921421421421391218e-01
1.232382382382404135e-01
5.969969969969761946e-03
2.338258258258201217e-01
0.000000000000000000e+00
4.604954954954910140e-01
8.403063063063120897e-01
1.979853853853875467e+00
2.883446546546549172e+01
2.300250250250307771e-01
1.583493493493512150e-01
1.000000000000002840e-03
2.602912912912941357e-01
2.153753753753771122e-02
1.373250250250246607e+00
3.993993993994123491e-03
1.066129129129131714e+00
2.606106106106124698e-01
1.145623623623629239e+00
8.459039039039060182e-01
7.156518518518518057e+00
1.743418418418415605e+00
0.000000000000000000e+00
2.818718718718744506e-02
9.176666666666645211e-01
1.074664664664672031e+00
1.014709709709711749e+00
2.076819819819829771e+00
1.297207207207232704e-01
8.398562562562579714e+00
2.339900500500509750e+01
9.181101101101178941e-01
2.399759759759748368e-01
9.657247247247383592e-01
1.267289289289274645e+00
1.690456456456455481e+00
9.689759759759719593e-01
2.039789789789772101e-01
1.285804804804804302e+00
3.025032032032054730e+00
1.246349349349352043e+00
1.838810810810840968e+00
2.250462362362362612e+01
9.509749749749781822e-01
3.247606206206214097e+01
9.341551551551445787e-01
1.056728728728737021e+00
4.410200200200207199e+00
1.245151151151172586e+00
1.167079079079073045e+00
0.000000000000000000e+00
3.426648648648616291e+00
2.795615615615681948e-01
7.404074074073974110e-01
2.124270170170171212e+01
1.950453453453493191e+00
2.417802602602608175e+01
1.714064064064082071e+00
2.214214214214214604e-01
1.828779779779786008e+00
1.427249249249247010e+00
1.724441441441416423e+00
5.024124124124080409e-02
2.454684684684657336e-01
3.464930830830827091e+01
2.520902902902915521e+00
5.873937937937924403e+00
2.629729729729756230e-02
7.802492492492542064e-01
6.383363363363377951e-01
4.207838838838811490e+00
3.006906906906892454e-02
1.061781781781763329e-01
0.000000000000000000e+00
2.569185185185203668e+00
1.241840840840848781e+00
1.974364364364387670e-01
1.017681281281282502e+01
6.290400400400385506e-01
9.261561561561509892e-02
2.461501501501536793e-01
1.472027027027009716e+00
2.066255255255244894e+00
3.537201601601606171e+01
5.383241241241210062e+00
2.993993993993998570e-03
0.000000000000000000e+00
2.169109109109047806e-01
4.172212212212221161e+00
1.537739739739740097e+00
0.000000000000000000e+00
4.870940940940820529e-01
1.188062062062066104e+00
1.095777777777777962e+00
1.001191191191173502e+00
1.536971971971969664e+00
2.281296296296316584e+00
1.560730730730722993e+00
1.293519519519520600e+00
4.979979979979968531e-03
0.000000000000000000e+00
1.561155155155158791e+00
2.116476476476498725e-01
0.000000000000000000e+00
2.890030030029980823e-01
2.003603603603617000e-01
2.381161161161126361e-01
1.630264264264286389e+00
1.387125125125128644e+00
8.779919919920056159e-01
2.317337337337352643e-01
0.000000000000000000e+00
3.401671671671752106e-01
2.878137137137144030e+00
1.526129129129139006e+00
2.826405405405413074e+00
8.585575575575551399e-01
5.515295295295389311e-01
7.367397397397498215e-01
1.043512512512524859e+00
1.667946946946948561e+00
3.411518618618607945e+01
1.302137137137151290e+00
1.148257257257254249e+00
6.182882882882878572e-01
1.637133133133125584e+00
4.079835835835821989e+00
8.646226226226216838e-01
4.849109109109101534e-01
0.000000000000000000e+00
1.166541541541539440e+00
7.144534534534482395e-01
1.960250250250227255e+00
2.148708708708759740e-01
2.818718718718767058e-02
2.912912912912957522e-02
1.356970970970972301e+00
2.057957957957911449e-02
0.000000000000000000e+00
7.908858858858859309e-01
9.468103103103084450e+00
1.733424424424415689e+00
1.221284884884893529e+01
1.000000000000013899e-03
2.266166166166148910e-01
1.439725725725731875e+00
4.997597597597672886e-02
1.611782782782787526e+00
1.709811811811807525e+00
0.000000000000000000e+00
2.276188188188182693e+00
2.652158058058060774e+01
6.829329329329325571e-01
1.206955955955938187e+00
4.657548548548544609e+00
1.423381381381383592e+00
1.160579579579581910e+00
1.709919919919907771e+00
1.284384384384400918e-02
5.845425425425401222e-01
2.580590590590567945e+00
4.296696696696657991e-01
2.521052052052050296e+00
1.342306306306325414e+00
3.890213213213224108e+00
2.000000000000026496e-03
1.465855855855870082e+00
1.206156156156177328e-01
6.058808808808776591e-01
4.319010010009996847e+00
2.031410210210211886e+01
5.593174174174209590e+00
5.136146146146095548e-01
7.967967967968085305e-03
8.008734734734742844e+00
1.084530530530527725e+00
3.342012012012030575e-01
1.385710310310310511e+01
8.688758758758694523e-01
8.350450450450429274e-02
1.264150150150143537e+00
1.435080080080076481e+00
2.344744744744722484e-02
1.325714714714705034e+00
8.443543543543371999e-02
2.038489489489466511e+00
0.000000000000000000e+00
1.259693693693695105e+00
8.169959959959997020e-01
2.629729729729746515e-02
7.589411411411417951e+00
1.026466466466476185e-01
4.489055055055018784e+00
1.042421421421414918e+00
1.556736736736765159e-01
1.555450450450444055e+00
0.000000000000000000e+00
2.046620620620597464e+00
6.488308308308426975e-01
6.319050450450421152e+01
1.194384384384397535e+00
1.044152752752753877e+01
6.177507507507530526e+00
1.248314314314298512e+00
2.439939939939882174e-02
1.309874874874897177e+00
2.107191191191196911e+00
1.175142142142137969e+00
1.683317317317316819e+00
2.358358358358314533e-01
1.628250850850851350e+01
8.323503503503590917e-01
1.496606606606633028e-01
2.001065065065069870e+00
1.083221221221221331e+00
1.728678678678667313e-01
4.092584484484474672e+01
1.801908908908898432e+00
9.377987987987972396e-01
2.871650650650660275e+00
1.446649649649657254e+00
1.186770270270268846e+01
4.993993993993908406e-03
5.979979979980019726e-03
1.199653653653653063e+00
8.087837837837940080e-01
3.370097497497496875e+01
1.536172172172156847e+00
7.027327327327229090e-02
1.030456456456455561e+00
1.773968968968966609e+00
0.000000000000000000e+00
4.629757757757771763e+00
3.575219719719716949e+01
9.128328328328473296e-01
3.176126126126098681e-01
2.005525525525500008e-01
5.620403403403386733e+00
1.269259259259239436e-01
4.620377077077072414e+01
5.969969969969893785e-03
6.955145145145062990e-01
1.997997997998025421e-03
1.508019019019021023e+00
2.512142142142115842e-01
1.997997997998038865e-03
9.964234234234192744e-01
2.454914914914878010e-01
2.856693293293293934e+01
2.476466466466492045e-01
1.146967967967972291e+00
2.512462462462407009e-01
2.117957957958001569e-01
8.357707707707633382e-01
1.662496496496501219e+00
2.566936936936879410e-01
2.828767767767763175e+00
2.349349349349364596e-02
1.427413413413417986e+00
1.048838838838838772e+00
3.666698698698677372e+00
1.274649649649661987e+00
2.623559559559561549e+00
7.677337337337331036e-01
1.284384384384362580e-02
7.834224224224386468e-01
1.374634634634644970e-01
4.108008008007961176e-01
3.816100500500498782e+01
4.283516716716717809e+01
8.818858858858951155e-01
1.720900900900913799e-01
1.054260260260256210e+00
4.476008308308316685e+01
1.614805805805824113e+00
1.578048048048036334e+00
3.184774774774724038e-01
1.157521521521525099e+00
2.628778778778735892e-01
1.335505505505493851e+00
5.547074574574572381e+01
2.749739739739742728e-01
2.268168168168146343e-02
2.046416416416436235e+00
3.070159659659657692e+01
1.047539539539550590e+00
1.745216216216221916e+00
1.921111111111123981e-01
3.425747747747760030e+00
1.991231231231200827e-01
0.000000000000000000e+00
1.963723723723714010e-01
1.648920820820827515e+01
3.529839839839877147e+00
6.405926126126118447e+01
1.997997997998002002e-03
5.575065065065154535e-01
1.376982982982983161e+00
1.007234234234237968e+00
1.233873873873859578e-01
1.078492492492503230e+00
1.324423423423420898e+00
2.420460460460513719e-01
8.262581581581605050e+00
5.969969969969969245e-03
1.839919919919882629e-01
1.627578578578578794e+00
1.961961961961940573e-02
2.252632632632582399e-01
9.821811811811860249e-01
1.271610610610615755e+00
7.951930930930942942e+00
7.370150150150119872e-01
2.644274274274293623e-01
1.387586586586591064e+00
2.775285285285268300e-01
1.001272272272259123e+00
5.862682682682622826e-01
0.000000000000000000e+00
6.828699699699726899e+00
1.871861861861884024e-01
2.351061061061086588e-01
0.000000000000000000e+00
1.098448448448459402e-01
3.987987987988031793e-03
1.085107107107104341e+00
1.519259259259259365e-01
4.761051051051081173e-01
5.557457457457512517e-02
1.191590590590580589e+00
1.018192192192203471e+00
1.907833833833807891e+00
1.351530530530525409e+00
1.817236236236239089e+00
1.798409409409392312e+00
1.891185385385384521e+01
4.984730630630619430e+01
1.379142142142135041e+00
1.098009009008989123e+00
7.750457457457448740e+00
2.124954954955009245e-01
2.934013013012997106e+00
0.000000000000000000e+00
3.169651651651660185e+00
9.307057057057099847e-01
0.000000000000000000e+00
1.148481481481470778e+00
1.365345345345332917e-01
1.000000000000004791e-03
3.810309309309298786e+00
2.631964664664668163e+01
2.336016016016040087e-01
9.489319319319433621e-01
1.531445445445444919e+00
2.873523523523545453e+00
8.945455455455465499e-01
1.062261261261246981e+00
1.815335335335306333e-01
1.247388388388384728e+00
8.443543543543395591e-02
1.198060060060054832e+00
2.192620620620630234e+00
9.421371371371364267e-01
1.298062062062049105e+00
3.510980980981033839e-01
2.252612612612560350e-01
1.609380380380379005e+00
1.704334334334313694e-01
4.641958958958961823e+00
3.413832832832853992e+00
8.382522522522459774e-01
3.110085085085088963e+00
2.912912912912976951e-02
2.843903903903904906e-01
2.553303303303332550e-01
9.348598598598472087e-01
2.046267267267250389e+00
3.194294294294337810e-02
1.324345345345348868e+00
1.294320320320331286e+00
4.659836436436435747e+01
8.787087087087208648e-02
5.342632632632632550e+00
1.059419419419404679e-01
2.759799799799802500e-01
5.619537537537526717e+00
2.255169169169161325e+00
1.206779779779785233e+00
1.657487487487493416e-01
2.890221921921916604e+01
2.334390390390397751e+00
1.620415415415398463e+00
1.536766766766771153e-01
2.664294294294239918e-01
6.791851851851817834e-01
2.015146146146112649e+00
4.786917917917937970e+00
0.000000000000000000e+00
2.153753753753774938e-02
6.112982982983025115e-01
8.757547547547451794e-01
1.516844844844860596e+00
3.658268268268273449e+00
1.747006006006006640e+00
1.187730730730730544e+00
2.993833833833823843e-01
0.000000000000000000e+00
4.979979979979971133e-03
1.878562562562548832e+00
1.614625625625626171e+00
1.977675675675676370e+00
6.469969969969951995e-02
1.751449449449469009e+00
5.648111111111126625e+00
2.848028028028025682e-01
1.620487387387384715e+01
1.607386386386376431e+00
2.222548548548532565e+00
9.964154154154213350e-01
4.117592592592604461e+00
1.472679679679683717e+00
0.000000000000000000e+00
1.001505505505515314e+00
2.065624624624633920e+00
1.003313313313331095e-01
1.357808808808824708e+00
7.708978978979095231e-01
1.880502802802800488e+01
4.209159159159175267e+00
1.022438438438436403e+00
9.731561561561706819e-01
4.614514514514429094e-02
2.277277277277320600e-01
1.284384384384382530e-02
2.636126126126148161e-01
1.160931931931933336e+00
3.015295295295340461e-01
3.704654654654627177e-01
1.259510510510513326e+00
8.151721721721720826e+00
1.317642042042055373e+01
8.421761761761744625e-01
0.000000000000000000e+00
7.618718718718821281e-02
9.452323323323334137e+00
7.944134134134046565e-01
1.473399399399386578e+00
1.571129129129138491e+00
3.993993993993992520e-03
7.149089089089142313e-01
1.483873873873866600e-01
7.943943943943864230e-03
1.033229029029040547e+01
1.479948948948938137e+00
1.384919919919914255e+00
3.402662662662651605e-01
1.753168168168157459e+00
2.673853853853795925e-01
1.645514514514519355e+00
3.851681681681684122e+00
1.096317317317323070e+00
9.750810810810793816e-01
3.659259259259189934e-02
1.648742742742750345e+00
7.330376376376369407e+00
1.276390390390386376e+00
7.371871871871950033e-01
0.000000000000000000e+00
7.989089089089207452e-02
9.513533533533597986e-01
1.937972972972974439e+00
7.440700700700731973e-01
1.944984984984954590e-01
3.455661661661664219e+00
2.957433333333334957e+01
2.116080080080079195e+00
2.633724724724703758e+00
2.844247247247253085e+00
6.073783783783717194e-01
2.387897897897889865e-01
3.252603703703702820e+01
2.713177477477480082e+01
9.593583583583521479e-01
1.031646646646644072e+00
2.084716716716706220e+00
1.272515515515517448e+00
1.331178178178169524e+00
5.454524524524455575e-01
0.000000000000000000e+00
5.909009009008955871e-02
1.100491491491504714e+00
8.708986986986971601e+00
1.569643643643654496e+00
2.156490490490487844e+01
1.054842042042045946e+01
5.760635635635652285e+00
8.064374374374367882e-01
1.078388388388375474e-01
1.513248248248230121e+00
1.065304304304306671e+00
0.000000000000000000e+00
3.647898998999013287e+01
5.322362362362326182e-01
7.103253253253323241e-01
7.784214214214230099e-01
1.619357357357354754e+00
9.033103103103179432e-01
1.533499499499497931e+00
2.606067067067057152e+00
2.933733733733761423e-02
0.000000000000000000e+00
2.218199599599601157e+01
1.094789789789775813e+00
2.393079179179179050e+01
2.224124124124135515e-01
1.054096096096083679e+00
0.000000000000000000e+00
1.356201601601607010e+01
0.000000000000000000e+00
5.123920920920925326e+00
0.000000000000000000e+00
4.545285285285331489e-01
1.428098498498500568e+01
1.197034034034025529e+00
1.292738738738736126e+00
3.721732432432435900e+01
1.766348348348330211e+00
1.865568568568556351e+00
6.427527527527447659e-02
1.177119119119117485e+00
2.997997997997996818e-03
1.512311311311325790e+00
1.012631731731730511e+01
8.727727727727674356e-02
1.311470070070066640e+01
5.272072672672660332e+01
1.126750750750746377e+00
0.000000000000000000e+00
1.579166166166150020e+00
2.600918018018014877e+01
2.301311311311306618e+00
8.207467467467501887e-01
2.895592592592591785e+01
0.000000000000000000e+00
7.521021021020986019e-01
3.993993993994047163e-03
1.974724724724704061e-01
2.951930130130131502e+01
1.734444444444440125e-01
4.165996996997021640e+00
2.964577577577603318e+00
1.373396396396405761e+00
7.508838838838861607e-01
2.396616616616576434e-01
2.447557557557581143e-01
7.090630630630467834e-01
3.430881881881894468e+00
1.439765765765761873e+00
1.423277277277280595e+00
7.868268268268151233e-02
5.566876876876898361e-01
7.103266266266270001e+00
1.992973973973975532e+01
9.306496496496574622e-01
7.102832832832903787e-01
1.828841841841837956e+00
3.287687687687632088e-02
4.039424124124134607e+01
1.247740740740726162e+00
7.981491491491566892e-01
2.565571571571560128e+00
8.274814814814746011e-01
1.220706706706711886e+00
2.434204204204193811e+00
1.255165165165170182e-01
4.077817817817745993e-01
0.000000000000000000e+00
4.300160160160095280e-01
1.895522522522528952e+00
4.365574174174164312e+01
3.677442442442441717e+01
1.409673673673677241e+00
2.471541541541521503e-01
1.285311311311314597e+00
1.095601601601597253e+00
1.445244244244249687e+00
2.380730730730702127e-01
1.666580580580583559e+00
0.000000000000000000e+00
2.484510510510501202e+00
1.287283283283283897e+00
1.143813813813806535e+00
1.029905905905923014e+00
2.106748748748755951e+00
2.637257257257216714e-01
4.754288588588583053e+01
1.279701701701706940e+00
5.321935935935926842e+00
1.180654654654665903e+00
1.719846846846836419e+00
9.801771771771845554e-01
1.368427427427429066e+00
9.137427427427472493e-01
5.096072072072046488e+00
1.000610610610616957e+00
1.269941941941942654e+00
1.505476476476483416e+00
5.985985985986137445e-03
5.786816816816882092e-01
6.813753753753793996e-01
1.665895895895884715e+00
1.277660660660670633e+00
2.177784784784771777e+00
2.052612612612592646e-01
4.483583583583650861e-02
2.056726726726712529e-01
1.869369369369377684e-02
6.608228228228207879e-01
2.993993993994003341e-03
2.730960960960926442e-01
1.258100100100087770e+00
1.423106106106105884e+00
8.524924924925135483e-02
1.695135135135141524e-01
4.876999999999986457e+00
9.266736736736811419e-01
7.322200200200188469e+00
7.943943943943867700e-03
0.000000000000000000e+00
1.590508508508513330e+00
5.138238238238176242e-02
6.957957957957811891e-03
8.627017017016987976e-01
3.226388388388370831e+00
2.000000000000021726e-03
1.443635635635650116e+00
1.441985985985987373e+00
2.107113113113120662e+00
5.645645645645549354e-02
6.771171171171244674e-02
