1.763534534534543674e+00
1.090607607607595675e+00
0.000000000000000000e+00
7.661731731731910022e-01
2.159790790790789838e+00
6.417907907907948184e-01
2.365475475475490863e-01
1.091534534534522649e+00
2.428468468468449881e-01
1.041894894894892731e+00
3.922331331331330517e+01
1.675265265265240555e-01
0.000000000000000000e+00
6.806146146146140330e-01
1.091658658658649639e+00
3.395581581581572195e+00
1.000000000000011513e-03
1.769369369369403269e-02
2.014703303303305049e+01
7.207657657657586814e-01
0.000000000000000000e+00
5.330470470470550781e-01
1.384701701701698262e+00
2.268178178178148208e-01
0.000000000000000000e+00
4.979979979979967664e-03
1.220241241241231345e+00
1.290390390390414206e-02
5.969969969969992664e-03
8.576086086085940030e-01
3.109485485485475653e+00
7.314014014013947573e-02
2.813803803803837100e-01
6.113463463463356673e-01
9.953503503503543515e-01
9.510920920920846733e-01
4.195876576576564787e+01
2.053156656656662804e+01
2.442282282282308148e-01
1.439505505505489058e+00
5.366692692692766720e+00
6.633173173173257942e-01
1.279203203203208128e+00
7.099689689689618888e-01
1.122288288288278313e+00
4.987987987988004059e-03
4.195945945945900313e-01
0.000000000000000000e+00
1.425615615615585252e+00
8.336463463463470447e+00
1.144038038038043714e+00
3.987987987988031793e-03
8.116016016016099066e-02
4.991951951951991706e-01
1.441172172172163091e+00
3.686936936936843767e-01
1.117532532532521383e+00
4.302482482482512527e-01
2.429243243243235373e+00
8.228168168168260577e-01
2.394598798798796224e+01
8.106486486486580434e-01
1.631778778778779682e+01
0.000000000000000000e+00
9.883743743743835797e-01
2.456756756756807089e-02
2.921451451451468007e+00
1.012862862862860647e+00
2.502492492492470744e-01
6.516516516516507318e-02
1.624879879879876921e+00
6.957957957957787605e-03
1.237464464464455460e+00
1.471901901901917054e+00
7.779279279279355253e-02
2.449266066066066116e+01
1.121335335335335470e+00
1.055574574574564384e+00
1.565458058058054469e+01
4.424164164164085533e-01
7.089349349349258755e-01
8.542842842842854889e-01
1.094554554554546255e-01
2.980034034034023893e+00
2.366160160160164061e+00
1.512949949949952799e+00
6.345355355355416505e-01
1.352362362362358628e+00
6.162022022022056733e-01
2.286196196196139119e-01
5.729229229229163001e-02
9.063253253253260588e-01
4.822022022022096066e-02
1.226780780780776015e+00
1.084306306306302536e+00
4.683993993993882943e-01
1.261647647647643034e+00
1.069532532532539992e+00
8.340240240240196501e-01
3.027640940940939629e+01
1.940241241241257297e+00
0.000000000000000000e+00
6.516516516516514257e-02
7.198964964965029800e+00
2.438438438438481903e-01
9.807427427427344302e-01
5.744054054054126279e-01
5.597107107107148760e-01
2.473313313313302564e-01
1.489695695695701705e+00
2.580980980981047446e-01
2.629729729729754148e-02
2.153753753753782224e-02
1.632837837837847861e+00
1.143171171171188050e+00
7.993893893893853908e-02
0.000000000000000000e+00
1.551350350350353180e+00
9.560090090090108683e-01
4.422780780780768417e+00
3.224271271271279105e+00
6.180690690690676670e-01
2.410010010010028569e-01
8.899029029029171811e-01
1.208219219219214269e+00
3.307057057056999594e-01
8.925905905905969773e-01
4.574174174174224644e-02
6.804974974975029234e+00
0.000000000000000000e+00
1.997997997998029324e-03
4.979979979979966796e-03
8.971971971971968648e-03
1.078018018018014779e+00
8.719819819819788487e-01
8.707747747747701439e+00
2.491601601601629301e-01
2.188311311311312402e+00
7.963913913913894804e-01
0.000000000000000000e+00
9.321391391391369297e-01
9.573053053053066641e-01
1.000000000000018235e-03
1.262121121121127398e+00
2.255765765765779252e-01
1.074564564564566949e+00
8.707317317317407879e-01
2.990240240240255032e-01
9.138798798798889456e-01
3.987987987988058682e-03
1.622188188188183666e+00
7.818908908908905886e-01
1.997997997997995063e-03
1.440398398398392787e+00
3.164555555555543354e+00
6.744364364364380249e-01
1.332040040040029627e+00
3.620651651651676239e+00
8.191151151151164767e-01
7.259559559559543296e-02
5.909009009008951707e-02
0.000000000000000000e+00
1.262222222222192658e-01
7.693739739739744898e+00
1.272519519519497155e+00
3.488567467467476035e+01
4.210610610610579507e-02
9.615955955955978185e-01
5.347274274274248285e+00
8.386666666666728887e-01
7.551351351351312524e-02
1.089120120120121937e+00
8.122602602602760902e-01
0.000000000000000000e+00
6.408038038038048612e-01
4.787973973973949526e+00
1.104405405405396223e+00
1.314144144144170079e-01
6.253253253253174271e-02
6.528588588588599695e-01
2.818718718718749364e-02
1.243392392392395074e+00
8.252852852853005683e-02
1.177352352352355913e+00
3.494184184184166986e-01
7.121491491491430681e-01
1.121399399399400476e+00
8.253453453453502009e-01
9.405165165165171315e-01
1.739979979979965063e-01
1.169612612612614511e+00
1.372710710710728588e+00
8.623803803803880008e-01
1.145336336336332250e+00
1.997997997997982920e-03
1.617512512512492950e+00
1.000000000000014983e-03
1.181443443443448427e+00
2.997997997998122152e-03
1.070738538538537554e+01
5.756902902902914398e+00
7.429739739739761317e-01
1.083223223223222648e-01
0.000000000000000000e+00
1.093164164164151186e+00
0.000000000000000000e+00
2.134193193193173244e+00
4.979979979979967664e-03
2.439939939939894317e-02
2.807357357357355143e-01
3.175620020020022238e+01
2.487277277277258614e-01
3.487587587587611115e-01
3.435235235235276630e-01
1.297710710710720861e+00
2.622646546546546276e+01
1.418680980980979811e+01
1.393317517517518667e+01
5.374934934934963993e-01
1.042728728728711918e+00
5.688148148148103322e-01
2.693373373373362245e-01
2.820940940940930286e+00
0.000000000000000000e+00
1.083151451451448821e+01
7.566366366366353846e-01
1.505204204204207530e+00
5.478828828828875563e-01
3.274853853853837649e+00
7.104684684684707818e-01
0.000000000000000000e+00
5.928758758758770897e-01
1.184899899899893194e+00
1.368494494494475022e+00
4.272437437437413443e+00
2.262680680680678069e+00
5.214372372372370279e+00
1.038948948948936080e+00
1.051511511511521890e+00
7.416656656656739344e-01
7.893303303303358387e-01
7.812182182182195733e-01
0.000000000000000000e+00
1.881861861861880425e-01
1.160259259259267539e+00
1.379288288288283537e+00
1.049825225225224834e+01
1.075618618618615630e+00
6.559459459459462405e-01
6.303883883883850681e-01
8.930670670670693978e-01
1.274135135135130215e+00
1.952212212212237064e-01
5.134334334334268030e-02
2.360070070070022230e-01
5.395725725725726285e+00
7.733033033033032133e-01
2.458975975975972172e+00
2.082911911911936809e+00
1.272550550550533455e+00
0.000000000000000000e+00
0.000000000000000000e+00
9.208048048047978718e-01
4.326849849849778273e+00
2.398735235235231755e+01
9.356626626626702858e-01
3.432227227227214073e+00
8.250780780780631041e-01
4.789149149149135587e-01
8.605995995995946446e-01
1.097796796796786545e+00
3.968581581581582807e+00
4.979979979979968531e-03
3.804399399399373660e+00
0.000000000000000000e+00
8.927927927927953658e-03
1.378362362362374194e+00
1.528088088088102037e-01
8.927927927927950189e-03
1.577232232232227194e+00
1.202202202202206083e+00
8.751913913913941911e+00
7.890750750750651354e-01
1.098468468468450254e+00
3.113536536536550603e+00
1.300049049049040173e+00
1.355702002001989825e+01
1.197795795795796536e+00
1.096799799799798025e+00
2.462772772772835461e-01
1.223109109109112413e+00
8.374146146146154379e+00
1.402225225225221639e+00
0.000000000000000000e+00
1.491745745745750362e+00
7.870890890890872571e-01
4.387150150150184835e+00
8.216216216216194745e-02
1.220332332332337177e+00
1.451691691691708308e-01
7.942632632632726786e-01
7.928668668668598096e-01
5.378278278278233460e-01
9.714274274274221632e-01
0.000000000000000000e+00
8.399739739739796596e-01
1.035435435435418799e-01
2.383573573573513071e-01
7.576636636636614464e-01
8.998938938938875198e-01
9.909909909909862466e-03
8.927927927927953658e-03
8.663453453453502373e-01
4.797067067067141144e-01
0.000000000000000000e+00
0.000000000000000000e+00
8.160100100100116105e-01
1.499665665665655290e+00
1.319075075075073267e+00
4.979979979979966796e-03
2.292063063063044304e+00
5.221131131131203640e-01
4.273627627627620384e+00
2.711617617617618770e+00
3.509578578578574248e+00
1.047981981981972455e+00
8.730616616616622139e+00
7.489559559559504365e-01
9.790330330330314634e-01
0.000000000000000000e+00
9.645465465465500321e-01
1.009901901901892440e+00
1.348119119119107978e+00
5.663163163163256048e-02
1.209158158158155860e+00
6.163303303303433456e-01
1.540540540540569769e-01
6.710140140140109510e-01
7.535115115115079698e-01
1.683723723723707377e-01
1.281187187187207366e+00
1.088988988989001046e-02
7.144244244244302156e-02
6.257357357357258565e-02
0.000000000000000000e+00
3.528151551551554377e+01
8.301571571571642050e-01
1.196664164164167232e+01
3.630640640640578898e-01
1.587318318318313493e+00
1.981715715715717696e+00
1.721441441441449172e+00
1.772772772772756439e-02
5.719749749749755141e-01
3.155955955956051689e-02
4.060475475475462837e+00
9.909909909909865935e-03
1.788059059059063483e+00
1.381610610610611189e+00
0.000000000000000000e+00
1.820120120120132523e-01
9.564664664664593308e-02
2.993993993994003341e-03
2.126276276276284904e-01
0.000000000000000000e+00
4.401471471471405938e-01
6.550040040040098210e-01
1.621027027027033274e+00
2.234360560560555342e+01
2.269419419419411998e-01
1.438678678678676492e-01
0.000000000000000000e+00
2.345015015015002591e-01
1.381781781781795185e-02
1.134956956956947094e+00
1.997997997998034528e-03
9.381811811811812118e-01
2.563663663663648951e-01
9.363993993994119691e-01
7.307337337337369565e-01
5.475946946946981697e+00
1.371874874874873251e+00
0.000000000000000000e+00
1.865765765765759268e-02
7.850910910910944285e-01
8.756256256256184090e-01
8.072512512512333149e-01
1.673195195195175788e+00
1.072232232232250837e-01
6.503454454454449696e+00
1.935369169169169368e+01
7.986696696696713449e-01
2.259599599599630138e-01
7.800350350350261364e-01
1.094184184184180175e+00
1.382267267267255795e+00
8.416366366366450080e-01
1.925925925925955073e-01
1.016438438438425518e+00
2.421644644644646238e+00
1.008443443443451271e+00
1.441072072072059784e+00
1.882819819819818008e+01
7.749329329329281979e-01
2.497070970970989734e+01
8.274584584584626645e-01
7.906966966967126087e-01
3.499373373373371177e+00
1.016595595595576995e+00
9.822202202202152677e-01
0.000000000000000000e+00
2.692991991991982914e+00
2.716106106106123685e-01
7.032632632632704883e-01
1.693771671671687074e+01
1.588607607607605443e+00
1.940245645645646277e+01
1.419902902902904662e+00
2.020050050050047341e-01
1.406497497497482208e+00
1.196265265265270772e+00
1.418977977977981419e+00
3.935835835835885255e-02
2.424984984985014969e-01
2.709475075075070549e+01
2.016508508508538355e+00
4.747801801801783128e+00
8.927927927927951923e-03
7.150530530530606610e-01
5.944004004004032060e-01
3.141288288288281105e+00
1.769369369369377942e-02
9.427727727727742979e-02
0.000000000000000000e+00
2.149707707707730897e+00
1.041811811811796717e+00
1.722592592592602778e-01
7.516638638638576175e+00
5.641851851851847899e-01
6.388988988988880680e-02
2.446196196196234185e-01
1.232611611611611258e+00
1.662988988988974404e+00
2.669083783783783659e+01
4.289179179179175350e+00
1.997997997997998099e-03
0.000000000000000000e+00
1.854804804804786600e-01
3.288047047047057969e+00
1.288054054054059039e+00
0.000000000000000000e+00
4.656316316316273518e-01
1.008783783783789412e+00
9.074224224224164415e-01
8.039019019018991408e-01
1.241780780780781912e+00
1.888968968968962603e+00
1.242770770770764255e+00
1.061908908908902216e+00
1.997997997998050574e-03
0.000000000000000000e+00
1.379953953953968027e+00
1.760510510510528148e-01
0.000000000000000000e+00
2.647257257257208951e-01
1.925925925925955073e-01
2.032142142142139840e-01
1.367734734734752378e+00
1.112818818818815059e+00
7.902482482482476867e-01
2.174874874874896391e-01
0.000000000000000000e+00
3.155055055055032143e-01
2.298794794794802865e+00
1.246584584584575550e+00
2.309565565565566470e+00
6.902662662662635285e-01
4.773623623623519108e-01
5.699589589589609817e-01
8.697037037037242957e-01
1.383620620620604980e+00
2.721318518518507545e+01
1.076152152152143326e+00
9.516576576576541990e-01
6.032292292292347202e-01
1.334169169169165281e+00
3.130828828828830179e+00
7.062972972972952901e-01
4.523873873873802687e-01
0.000000000000000000e+00
1.056202202202192408e+00
5.628398398398403168e-01
1.553315315315306977e+00
2.125765765765736393e-01
1.284384384384367785e-02
2.153753753753780836e-02
1.117799799799796157e+00
1.961961961961947512e-02
0.000000000000000000e+00
6.592742742742762063e-01
7.687142142142144863e+00
1.424138138138130616e+00
9.588249249249265915e+00
1.000000000000019320e-03
2.185345345345399148e-01
1.163433433433441300e+00
2.465165165165133024e-02
1.316531531531516475e+00
1.387337337337344545e+00
0.000000000000000000e+00
1.736389389389388693e+00
2.148806306306303782e+01
6.017797797797801440e-01
1.025246246246245496e+00
3.596678678678662422e+00
1.181122122122113316e+00
9.600260260260186085e-01
1.396091091091083314e+00
3.987987987988028324e-03
5.359819819819854336e-01
2.107445445445451426e+00
4.189379379379368218e-01
1.936231231231231753e+00
1.100014014014010444e+00
3.097323323323296851e+00
0.000000000000000000e+00
1.166064064064068928e+00
9.009009009009130708e-02
6.196776776776716789e-01
3.581320320320307005e+00
1.566722622622625671e+01
4.210297297297320718e+00
4.236476476476524478e-01
1.997997997997994629e-03
6.328688688688684394e+00
9.066606606606441021e-01
3.471581581581560383e-01
1.113292792792793762e+01
7.882782782782691289e-01
5.857257257257342253e-02
1.064438438438445989e+00
1.148427427427434644e+00
3.987987987988052610e-03
1.127722722722705573e+00
6.257357357357243299e-02
1.608770770770759473e+00
0.000000000000000000e+00
9.977527527527517703e-01
7.261241241241256361e-01
1.961961961961981860e-02
6.342896896896871972e+00
7.367367367367270992e-02
3.476035035035031751e+00
9.300930930930972895e-01
1.317957957957984205e-01
1.270659659659658436e+00
0.000000000000000000e+00
1.664718718718715795e+00
5.457807807807851797e-01
5.009764764764754830e+01
9.718668668668667410e-01
8.392952952952947854e+00
4.934192192192202064e+00
9.884544544544574540e-01
9.909909909909862466e-03
1.050041041041045453e+00
1.694081081081073137e+00
1.007510510510511770e+00
1.338957957957962464e+00
2.351061061061086588e-01
1.344094194194195957e+01
7.633413413413344673e-01
1.311061061061038757e-01
1.588567567567563010e+00
8.989749749749577079e-01
1.372792792792782990e-01
3.178692592592592447e+01
1.498525525525507218e+00
7.928398398398501801e-01
2.365789789789830788e+00
1.130884884884890917e+00
9.281375375375370496e+00
2.000000000000019124e-03
4.987987987987919924e-03
1.039374374374379073e+00
6.215895895895892087e-01
2.646038238238251949e+01
1.230273273273267964e+00
4.882382382382472602e-02
8.522782782782682975e-01
1.452427427427416706e+00
0.000000000000000000e+00
3.848141141141132593e+00
2.759906806806807822e+01
7.794654654654687986e-01
2.810010010010008941e-01
1.827057057057079048e-01
4.507198198198173245e+00
1.026466466466474936e-01
3.455319119119123172e+01
2.993993993994002040e-03
6.460820820820826205e-01
0.000000000000000000e+00
1.210300300300303444e+00
2.497657657657662567e-01
1.997997997997974246e-03
9.008358358358224960e-01
2.252172172172213216e-01
2.123663363363388257e+01
2.458898898898908003e-01
9.827767767767834339e-01
2.501861861861894298e-01
2.009169169169149893e-01
6.803633633633642264e-01
1.373384384384382262e+00
2.331471471471452950e-01
2.333971971971968262e+00
1.090990990990990152e-02
1.179093093093095623e+00
8.832502502502428410e-01
2.941231231231231202e+00
1.053515515515514700e+00
2.127154154154159205e+00
7.491681681681611193e-01
6.957957957957796279e-03
7.020610610610688029e-01
1.036466466466459818e-01
3.784724724724790046e-01
2.985567167167162239e+01
3.402117217217215739e+01
7.514464464464425397e-01
1.423243243243227929e-01
8.646956956956977081e-01
3.536994894894883146e+01
1.361261261261258682e+00
1.319755755755753324e+00
2.928518518518539726e-01
1.027690690690701736e+00
2.448078078078105013e-01
1.133883883883879840e+00
4.437305305305304870e+01
2.403153153153182731e-01
1.092592592592591359e-02
1.610205205205198942e+00
2.430721321321322748e+01
8.584184184184168176e-01
1.447418418418424002e+00
1.783543543543541499e-01
2.736583583583592993e+00
1.815375375375410660e-01
0.000000000000000000e+00
1.825825825825854731e-01
1.317366766766769182e+01
2.658957957958001828e+00
5.109470270270271897e+01
1.000000000000004358e-03
5.299959959959915645e-01
1.170004004004011389e+00
8.165005005005089300e-01
9.799799799799865929e-02
9.058278278278341089e-01
1.095982982982994569e+00
2.253933933933967571e-01
6.430613613613670232e+00
2.993993993993999871e-03
1.506586586586614873e-01
1.301371371371360608e+00
9.909909909909860731e-03
1.975835835835872967e-01
7.749319319319373234e-01
1.055989989989976952e+00
6.486507507507484505e+00
6.755305305305244756e-01
2.441541541541492055e-01
1.111245245245242153e+00
2.500600600600630941e-01
8.201131131131126351e-01
4.798548548548445258e-01
0.000000000000000000e+00
5.226896896896919387e+00
1.794234234234193814e-01
2.297807807807861757e-01
0.000000000000000000e+00
8.280180180180106431e-02
1.997997997997981619e-03
9.172912912912861705e-01
1.307207207207211341e-01
4.284744744744778955e-01
3.194294294294339892e-02
1.011656656656670483e+00
8.851991991992007591e-01
1.502060060060050883e+00
1.078725725725718343e+00
1.542066066066079433e+00
1.509857857857858976e+00
1.494142742742745256e+01
3.849735035035036645e+01
1.173196196196194752e+00
9.824734734734795749e-01
6.226519519519517765e+00
1.970600600600622976e-01
2.241397397397400404e+00
0.000000000000000000e+00
2.591750750750723586e+00
8.249049049049067550e-01
0.000000000000000000e+00
9.996706706706697254e-01
9.967567567567608977e-02
0.000000000000000000e+00
3.189284284284298110e+00
2.085709709709709614e+01
2.070700700700731089e-01
7.738848848848798312e-01
1.304210210210218435e+00
2.366304304304283956e+00
7.999309309309303728e-01
9.392782782782843620e-01
1.265405405405403694e-01
1.024141141141137190e+00
6.083583583583475340e-02
9.749729729729736949e-01
1.895013013013019165e+00
8.594504504504588693e-01
1.060435435435440610e+00
3.170910910910924585e-01
2.255765765765782027e-01
1.240442442442442061e+00
1.411841841841866285e-01
3.575526526526537019e+00
2.695055055055064930e+00
6.870900900900797081e-01
2.433347347347333489e+00
1.769369369369403269e-02
2.610280280280283249e-01
2.450030030030091177e-01
8.313593593593615605e-01
1.708239239239228047e+00
1.672772772772763289e-02
1.064443443443450210e+00
1.090671671671663345e+00
3.703512912912918154e+01
6.773873873873950680e-02
4.358093093093093451e+00
8.397997997998118969e-02
2.084684684684661449e-01
4.472911911911916505e+00
1.694148148148145072e+00
9.739849849849846475e-01
1.314864864864848382e-01
2.289389289289291085e+01
1.928167167167158969e+00
1.289366366366371697e+00
1.127667667667642537e-01
2.496486486486442224e-01
6.441301301301318727e-01
1.607961961961963615e+00
3.571073073073071757e+00
0.000000000000000000e+00
1.769369369369377248e-02
4.987027027027110537e-01
7.533953953953920202e-01
1.197640640640633025e+00
2.850181181181187018e+00
1.400493493493519592e+00
9.973713713713682205e-01
2.710090090090117032e-01
0.000000000000000000e+00
1.000000000000011947e-03
1.541681681681684735e+00
1.321547547547526902e+00
1.548699699699697563e+00
3.580680680680653483e-02
1.464258258258273715e+00
4.613611611611617924e+00
2.506456456456405690e-01
1.264978078078077495e+01
1.337537537537526466e+00
1.717050050050046295e+00
8.837587587587799609e-01
3.428334334334343758e+00
1.236348348348356829e+00
0.000000000000000000e+00
8.462082082082192924e-01
1.710382382382384936e+00
7.214214214214313692e-02
1.052187187187189288e+00
7.434584584584621458e-01
1.472910710710722171e+01
3.369940940940949758e+00
7.720100100100160123e-01
7.628658658658511449e-01
4.519919919919977713e-02
2.236546546546523129e-01
6.957957957957888219e-03
2.521021021020973252e-01
1.022513513513510830e+00
2.470290290290351465e-01
3.878668668668630581e-01
1.042188188188184039e+00
6.208814814814839877e+00
1.055533933933934421e+01
6.874334334334324392e-01
0.000000000000000000e+00
5.733633633633571092e-02
7.307657657657636641e+00
6.771561561561582065e-01
1.146814814814798966e+00
1.283941941941938669e+00
0.000000000000000000e+00
6.393093093093019652e-01
1.219579579579564560e-01
5.969969969969886846e-03
8.072866866866879931e+00
1.225803803803793057e+00
1.122111111111110615e+00
3.011801801801834988e-01
1.421295295295305738e+00
2.371921921921965604e-01
1.368692692692697666e+00
3.150477477477477084e+00
9.808268268268253154e-01
8.248378378378354858e-01
1.575975975976008289e-02
1.315454454454437316e+00
5.813592592592589980e+00
1.039461461461462788e+00
6.335285285285334744e-01
0.000000000000000000e+00
5.949449449449392691e-02
8.195055055055177062e-01
1.616842842842862726e+00
6.132832832832724179e-01
1.794234234234196035e-01
2.770282282282295228e+00
2.232457957957958072e+01
1.658737737737738138e+00
2.122493493493488703e+00
2.260620620620624077e+00
4.778268268268340280e-01
2.360750750750764126e-01
2.607494494494498127e+01
2.013661961961960500e+01
8.033613613613582727e-01
9.275185185185277348e-01
1.737716716716713128e+00
1.026832832832828002e+00
1.081868868868878231e+00
4.272302302302306010e-01
0.000000000000000000e+00
4.754754754754708657e-02
9.272342342342294597e-01
7.040826826826828366e+00
1.286125125125132662e+00
1.643863363363369245e+01
8.572334334334321682e+00
4.532442442442427222e+00
7.274534534534639052e-01
9.193393393393529955e-02
1.275897897897883659e+00
9.035985985985890423e-01
0.000000000000000000e+00
2.748230530530532079e+01
4.964064064064140358e-01
5.414764764764744553e-01
7.471171171171133718e-01
1.333999999999994746e+00
8.175355355355490294e-01
1.225381381381374091e+00
2.067275275275284319e+00
6.957957957957926383e-03
0.000000000000000000e+00
1.736645245245239977e+01
9.058788788788801893e-01
1.865652652652652677e+01
2.039349349349321716e-01
9.419329329329265699e-01
0.000000000000000000e+00
1.103988588588591924e+01
0.000000000000000000e+00
4.081199199199184058e+00
0.000000000000000000e+00
4.310150150150228177e-01
1.102159959959963764e+01
1.030059059059057702e+00
1.050300300300295753e+00
3.014949949949951602e+01
1.519530530530516677e+00
1.497342342342341537e+00
4.070870870870875458e-02
1.010761761761753474e+00
0.000000000000000000e+00
1.231566566566580478e+00
8.261277277277301323e+00
5.153453453453463867e-02
1.036009409409410686e+01
4.075637537537537014e+01
9.313203203203290759e-01
0.000000000000000000e+00
1.233069069069073542e+00
2.009657957957954366e+01
1.949683683683682833e+00
7.242302302302234818e-01
2.221960360360359132e+01
0.000000000000000000e+00
6.600190190190161621e-01
0.000000000000000000e+00
1.638018018017978472e-01
2.267535035035036017e+01
1.607597597597627270e-01
3.415482482482498305e+00
2.369584584584587539e+00
1.141764764764735984e+00
6.430380380380316119e-01
2.296246246246213263e-01
2.480850850850893630e-01
6.265805805805819695e-01
2.641832832832816891e+00
1.159930930930934911e+00
1.185579579579574272e+00
5.821421421421371645e-02
4.558128128128123846e-01
5.367950950950930888e+00
1.553660460460460691e+01
7.985545545545612578e-01
6.532882882882821152e-01
1.536187187187180170e+00
1.865765765765757880e-02
3.058955955955956085e+01
1.050500500500493262e+00
6.498758758758628185e-01
2.067216216216218427e+00
7.172212212212183413e-01
1.006173173173164681e+00
1.973692692692696982e+00
9.327727727727901097e-02
3.929189189189118414e-01
0.000000000000000000e+00
4.150700700700739598e-01
1.597831831831839189e+00
3.516007907907897589e+01
2.858027427427417777e+01
1.120986986986981959e+00
2.440030030029978203e-01
1.013907907907896089e+00
8.774844844844840175e-01
1.247094094094083783e+00
2.332762762762755626e-01
1.374588588588575799e+00
0.000000000000000000e+00
1.975027027027026039e+00
1.027803803803806204e+00
9.772392392392399429e-01
8.688998998998883616e-01
1.665964964964965933e+00
2.532642642642676245e-01
3.799384384384380553e+01
1.042313313313302681e+00
4.233408408408407375e+00
9.610850850850877203e-01
1.422003003003003530e+00
8.379009009009107389e-01
1.075712712712720842e+00
7.879339339339342940e-01
4.051542542542578396e+00
9.165345345345384809e-01
1.070272272272278169e+00
1.202527527527532225e+00
1.997997997998007640e-03
5.551531531531609387e-01
6.365475475475484979e-01
1.432758758758766016e+00
1.109882882882877508e+00
1.752877877877865309e+00
1.886846846846821357e-01
2.818718718718751445e-02
1.921741741741768428e-01
1.088988988988998097e-02
6.149529529529623728e-01
1.000000000000007393e-03
2.244874874874860093e-01
1.091633633633633638e+00
1.174757757757759702e+00
6.170570570570634711e-02
1.571321321321305364e-01
3.777595595595566014e+00
7.945885885885927147e-01
5.767802802802761697e+00
1.000000000000016284e-03
0.000000000000000000e+00
1.352886886886895068e+00
3.316716716716692354e-02
1.000000000000016067e-03
7.273863863863818668e-01
2.525185185185185421e+00
1.000000000000010863e-03
1.238861861861856761e+00
1.199022022022036005e+00
1.692200200200182802e+00
3.473873873873885992e-02
4.401801801801782932e-02
