1.288192492492497543e+01
7.918812812812827673e+00
6.546546546546634648e-02
4.106060060060040762e+00
1.728808608608603237e+01
2.519394394394391945e+00
3.488668668668625794e-01
8.007985985986035615e+00
2.734084084084036914e-01
7.551946946946936023e+00
3.537094274274280679e+02
3.870790790790750169e-01
1.393873873873862634e-01
4.772926926926931657e+00
7.417076076076061675e+00
2.494660160160159279e+01
1.254114114114137646e-01
2.088238238238224187e-01
1.533041501501500363e+02
3.998152152152149252e+00
8.244944944944790355e-02
3.034984984984967049e+00
1.056572372372366075e+01
2.883963963963964150e-01
2.742552552552489642e-01
2.521351351351308612e-01
9.539693693693683585e+00
2.247917917917894581e-01
3.250550550550609374e-01
5.155330330330325062e+00
2.944611611611642488e+01
3.055585585585616770e-01
6.549289289289292881e-01
5.154529529529520815e+00
6.936484484484490842e+00
6.657539539539483187e+00
3.730871591591585457e+02
1.879406916916918249e+02
4.545775775775744432e-01
1.088359559559559386e+01
4.691376076076072366e+01
3.632543543543571118e+00
1.031557357357357674e+01
3.290252252252237053e+00
8.935238238238246922e+00
2.074984984984974135e-01
9.013793793793642983e-01
1.487787787787815501e-02
1.233793593593593485e+01
6.896237337337322515e+01
8.190960960960973480e+00
1.109979979979977549e-01
2.761441441441421230e-01
3.464754754754762800e+00
1.044761161161159002e+01
2.590227227227219320e+00
7.587438438438438126e+00
1.836852852852868700e+00
1.934162062062058851e+01
4.650521521521534751e+00
2.152536206206208362e+02
5.803711711711742716e+00
1.622878628628626529e+02
1.367717717717714943e-01
7.167881881881916328e+00
3.514744744744786598e-01
2.532403503503505249e+01
7.305491491491465261e+00
2.647507507507553814e-01
2.203863863863874395e-01
1.226163263263263836e+01
1.750060060060041889e-01
8.693991991991977031e+00
1.189319419419421209e+01
4.123873873873921125e-01
2.646675105105106240e+02
7.335501501501520139e+00
6.391054054054107425e+00
1.494258548548548049e+02
8.499939939939894495e-01
4.677216216216182332e+00
5.509123123123134569e+00
3.613833833833819398e-01
2.523876176176184316e+01
2.132510810810826030e+01
1.208175975975976080e+01
3.313366366366365501e+00
1.063617417417419730e+01
3.674197197197158982e+00
4.556866866866830512e-01
3.819459459459405570e-01
6.803214214214199806e+00
1.385765765765804014e-01
9.377382382382318582e+00
7.827561561561561909e+00
5.783013013012997527e-01
9.805828828828833110e+00
7.534441441441420473e+00
6.387232232232319618e+00
2.702983813813812048e+02
1.591739939939939674e+01
1.254484484484470475e-01
4.369829829829773860e-01
6.603098298298300506e+01
4.041391391391292442e-01
5.715818818818806157e+00
3.102193193193161669e+00
3.348008008007971270e+00
3.105855855855915726e-01
1.126771471471469077e+01
9.345005005005049270e-01
2.908138138138102180e-01
2.397077077077039153e-01
1.342495995996000069e+01
9.032372372372382330e+00
9.430280280280219918e-01
4.409509509509385722e-02
1.157086986986987931e+01
6.764292292292278574e+00
3.666981381381383187e+01
2.588379979979977819e+01
4.192183183183172623e+00
9.939199199198923695e-01
6.076097097097067135e+00
9.165098098098068746e+00
6.325225225225219461e-01
5.396312312312320891e+00
2.452792792792851950e-01
6.215705205205174622e+01
1.394834834834856596e-01
8.963963963964094450e-03
1.824324324324353985e-01
6.005115115114980640e-01
7.993876876876831794e+00
6.216613613613592548e+00
7.596247047047053513e+01
3.349739739739721056e-01
1.994009609609605960e+01
4.687511511511496032e+00
1.643063063063072982e-01
6.188234234234247566e+00
7.144735735735731730e+00
2.858208208208278256e-01
9.424739739739701250e+00
2.610090090090040893e-01
7.961232232232307027e+00
5.913572572572576291e+00
1.240932932932919952e+00
7.360222222222201793e+00
1.657767767767784339e-01
1.287799999999998590e+01
4.321187187187193857e+00
1.144134134134140862e-01
1.199686286286285153e+01
2.532751551551549341e+01
3.867904904904919672e+00
9.604468468468345677e+00
3.163867767767765926e+01
5.494340340340361450e+00
5.003383383383464000e-01
2.323903903903913326e-01
3.080980980980943876e-02
3.512662662662635049e-01
6.943550950950958622e+01
9.286953953953986485e+00
2.963620660660666317e+02
2.634544544544551448e-01
7.020726726726761235e+00
4.681923223223223829e+01
5.265224224224232863e+00
3.705255255255305857e-01
7.440995995995998591e+00
5.527283283283272119e+00
9.592592592592397160e-02
4.067406406406380626e+00
4.678272372372382648e+01
8.358752752752732107e+00
4.600570570570640117e-01
3.702532532532481491e-01
4.205421421421413619e+00
3.799359359359406607e-01
8.612639639639668943e+00
4.503093093093017973e-01
8.906661661661646079e+00
3.101690690690738439e+00
3.598861861861863076e+00
8.948483483483435919e+00
6.238651651651704100e+00
6.318673673673644409e+00
3.651141141141188706e-01
9.839262262262264969e+00
1.058169669669668345e+01
5.057230230230200796e+00
8.004706706706706143e+00
1.680830830830806755e-01
1.268965165165172060e+01
1.653153153153129051e-01
8.987911911911927731e+00
3.849479479479401278e-01
9.157563463463471010e+01
4.523416016016012264e+01
4.486412412412404294e+00
6.470180180180140628e-01
3.972572572572591332e-02
7.537022022022015655e+00
1.978778778778795058e-02
1.799413213213205509e+01
2.580970970971023792e-01
2.924074074074063945e-01
1.517588588588600018e+00
2.754683313313314557e+02
2.696036036036030814e-01
2.916067067067050544e+00
5.095405405405506460e-01
9.826785785785785876e+00
2.361565075075079108e+02
1.223072432432434056e+02
1.266760070070073709e+02
3.545539539539514617e+00
8.494305305305285714e+00
1.631149149149148769e+00
5.745445445445380717e-01
2.209169069069080749e+01
6.531131131131232004e-02
9.533291891891889236e+01
4.585585585585559620e+00
1.145671571571573644e+01
3.209563563563550659e+00
2.783955455455470940e+01
4.643266266266259379e+00
1.082622622622616548e-01
4.427166166166174754e+00
9.466088088088074670e+00
1.083834734734736038e+01
3.702922022022004001e+01
1.807015515515514181e+01
4.487122622622622004e+01
7.445931931931952796e+00
7.461472472472464368e+00
5.544006006006001464e+00
4.867831831831836098e+00
4.994753753753734316e+00
1.362142142142120926e-01
4.318538538538587712e-01
8.301884884884870530e+00
1.016498698698701553e+01
9.159245945945937706e+01
9.219258258258241412e+00
4.298439439439432519e+00
3.047437437437451990e+00
5.984246246246241796e+00
9.989775775775759925e+00
7.643853853854019054e-01
4.615875875875954937e-01
6.348898898898865939e-01
4.463162262262267888e+01
4.790620620620617665e+00
1.954582382382375627e+01
1.604858458458459225e+01
8.840045045045050287e+00
1.214594594594609195e-01
2.937937937937940350e-02
6.276172172172207908e+00
3.694780380380373686e+01
2.216954094094094216e+02
6.644641641641642948e+00
2.736172472472459916e+01
5.100948948948933470e+00
2.689478478478485091e+00
6.240392392392367427e+00
9.019506506506481003e+00
3.172260760760756781e+01
2.658848848848884838e-01
2.844192792792795998e+01
5.291421421421420579e-01
1.517967967967978338e-01
1.196695395395386186e+01
3.521671671671700032e-01
2.365715715715738521e-01
1.222900900900899224e+01
8.141685685685635221e+00
8.425650950950937101e+01
4.388778778778755552e+00
7.772329329329334513e+00
2.694925925925925014e+01
8.092966966966921305e+00
1.165277857857858095e+02
8.494533533533516589e+00
8.708209209209240242e+00
3.102052052052053366e-01
8.900840840840823276e+00
6.947705205205208756e+01
9.797407407407442648e+00
4.013913913913871173e-02
1.172313313313315497e+01
4.231250250250272238e+00
3.755935735735738490e+01
3.935895895895876739e-01
9.444410410410348788e+00
2.434704704704743761e-01
4.934827827827828806e+00
5.290452452452425902e+00
2.900931931931934216e+00
7.536028028028036729e+00
2.456596596596626880e-01
5.036664664664676216e+00
6.322542542542534116e-01
3.191181181181170778e-01
3.695861861861859499e+00
6.346877877877893148e+00
1.789779779779777091e-01
2.518258258258262994e-01
5.269743743743761755e+00
5.289669669669717633e-01
5.870870870870957547e-02
4.963963963963866077e-02
5.030129129129134569e+00
1.316119519519516778e+01
1.031433733733732794e+01
2.619859859859906548e-01
1.758789789789789637e+01
4.006691691691690593e+00
3.925006006006033488e+01
2.254226826826822361e+01
2.900628528528524441e+01
7.476259259259266265e+00
7.779524624624589535e+01
3.468759759759778571e+00
7.526364364364350301e+00
4.185285285285291618e-02
7.171817817817832008e+00
6.495165165165162513e+00
9.504935935935925784e+00
3.882232232232298297e-01
8.690030030030049701e+00
4.662270270270266082e+00
3.321551551551493175e-01
3.589581581581616110e+00
4.782985985985977351e+00
2.686356356356317532e-01
1.011334834834837437e+01
1.728928928928936126e-01
3.328558558558512570e-01
2.400750750750800522e-01
3.246346346346418860e-02
3.685217287287281351e+02
5.387253253253246221e+00
1.078374634634634788e+02
6.308008008008000322e-01
1.203939739739741555e+01
1.521318318318316720e+01
1.308276176176174843e+01
3.318438438438404137e-01
3.285579579579554821e+00
1.375525525525502502e-01
3.950334134134131148e+01
2.104734734734756141e-01
1.419280280280283790e+01
1.038232932932931085e+01
1.573483483483468226e-01
3.622652652652621486e-01
4.180070070070029398e-01
2.145445445445428589e-01
4.298508508508465109e-01
1.058648648648665563e-01
5.297967967967874836e-01
4.782483483483483511e+00
1.201865765765765737e+01
1.738854934934932999e+02
3.587897897897979194e-01
2.474774774774717301e-01
8.413113113113113162e-02
4.341721721721750749e-01
2.845345345345278165e-01
7.985931931931921746e+00
2.717957957957976567e-01
5.110302302302305755e+00
6.319659659659742079e-01
6.959305305305250045e+00
4.127070070070097074e+00
5.215212812812819720e+01
1.191808908908907583e+01
1.006646646646646298e-01
2.415645645645685680e-01
5.366016016016004642e+00
7.138977977977953415e+00
5.746917917917903296e+00
1.375387587587577443e+01
2.688278278278327105e-01
5.571578978978983088e+01
1.852888158158158092e+02
5.002912912912897525e+00
4.329839839839839666e-01
5.533232232232213832e+00
7.551329329329373508e+00
9.266908908908872533e+00
5.660146146146170842e+00
2.528598598598570391e-01
6.860134134134146855e+00
2.209855755755750906e+01
6.778057057057040424e+00
1.197778478478477204e+01
1.653285575575575024e+02
5.857436436436458393e+00
2.024406956956954957e+02
5.199910910910897854e+00
6.194174174174183811e+00
3.111502402402401657e+01
6.809204204204256428e+00
6.462056056056012743e+00
6.459959959960052955e-02
2.548928328328333848e+01
9.122542542542532162e-01
3.462642642642652646e+00
1.525872292292289671e+02
1.081875875875888404e+01
1.746042162162161162e+02
1.108087787787788336e+01
4.047917917917946418e-01
1.096015115115114291e+01
8.272698698698713216e+00
1.082155655655656545e+01
4.093313313313335922e-01
3.764364364364380933e-01
2.178084584584586310e+02
1.697775675675680773e+01
4.002670570570572295e+01
1.926676676676686017e-01
3.021508508508570667e+00
3.930197197197208947e+00
2.817121721721720107e+01
2.151651651651688146e-01
3.126596596596597499e-01
7.548348348348429826e-02
1.619870170170173651e+01
7.311367367367368253e+00
4.405995995996025427e-01
6.437492192192183893e+01
2.731958958958927486e+00
5.446266266266124312e-01
3.023603603603547962e-01
8.761286286286306790e+00
1.187718418418418764e+01
2.454830770770772403e+02
3.298157057057042607e+01
2.251661661661629177e-01
9.058558558558428564e-02
4.608638638638603569e-01
2.983430130130127722e+01
9.364985985986018946e+00
1.783783783783806851e-02
1.021776776776785134e+00
7.253035035034999467e+00
6.354973973973997659e+00
5.364103103103111891e+00
9.095302302302279429e+00
1.487752252252253449e+01
9.683773773773799221e+00
8.483933933933938576e+00
2.452152152152127507e-01
4.266966966967038200e-02
1.038956256256258825e+01
8.891501501501373195e-01
5.351951951952001879e-02
6.158818818818904139e-01
3.745095095095067883e-01
1.248886886886915182e+00
1.174545145145139990e+01
7.302305305305293537e+00
4.201196196196184118e+00
4.231671671671606849e-01
8.849449449449535432e-02
4.727387387387489426e-01
1.953551951951952148e+01
8.602413413413378507e+00
1.824949549549553751e+01
4.987949949949955553e+00
2.558112112112091996e+00
4.195129129129109735e+00
6.167338338338323567e+00
1.092009509509506771e+01
2.470906406406406859e+02
7.380787787787689069e+00
6.110613613613625539e+00
9.213583583583708769e-01
1.018945145145148246e+01
2.583469269269266633e+01
4.948598598598554332e+00
7.534594594594566930e-01
7.130130130130069022e-02
6.238378378378397038e+00
3.775634634634663644e+00
1.203204204204202554e+01
4.117747747747717013e-01
1.956156156156179937e-01
3.823443443443517720e-01
8.441160160160229964e+00
1.936846846846865533e-01
8.498498498498444076e-02
4.022548548548579461e+00
6.747385985985980028e+01
1.105997497497498649e+01
9.035998998999015441e+01
2.010490490490504656e-01
7.073623623623629397e-01
8.185256256256311147e+00
3.427797797797708657e-01
9.904698698698618742e+00
9.149608608608607696e+00
4.440740740740731912e-02
1.281660360360359086e+01
1.828295405405407905e+02
3.102384384384368143e+00
6.390579579579563685e+00
3.209324224224224054e+01
8.875402402402418289e+00
7.011561561561579836e+00
9.840243243243266491e+00
1.691161161161185422e-01
2.021196196196176409e+00
1.873917917917921017e+01
4.959319319319359098e-01
1.484532032032030457e+01
7.930276276276251757e+00
2.583207407407408240e+01
2.179019019019056147e-01
9.022683683683691669e+00
5.478838838838836489e-01
7.852792792792789855e-01
3.004941941941941508e+01
1.491811891891890696e+02
3.826989989990000396e+01
2.156774774774775860e+00
3.568438438438497062e-01
5.467953353353349399e+01
5.949663663663648627e+00
6.740940940940971515e-01
9.368619019019017458e+01
4.868827827827852950e+00
3.657947947947869927e-01
7.652233233233273424e+00
8.138393393393339892e+00
2.354534534534493684e-01
8.393788788788761224e+00
2.272592592592628524e-01
1.359220820820817899e+01
8.979779779779933913e-02
8.315893893893909095e+00
3.659558558558582142e+00
2.567997997998022197e-01
5.391421321321320193e+01
2.525505505505529213e-01
3.015892292292291543e+01
5.424540540540517597e+00
3.247717717717747976e-01
9.375054054054009711e+00
3.756956956956986754e-02
1.205006106106107922e+01
3.371702702702657373e+00
4.819206696696685412e+02
7.005409409409386612e+00
6.965135435435452393e+01
4.583013613613615433e+01
7.669762762762802666e+00
2.861901901901921508e-01
7.898612612612581962e+00
1.408022122122124209e+01
7.034560560560491282e+00
1.045649249249249024e+01
3.309059059059086261e-01
9.636248848848835280e+01
4.273127127127129832e+00
2.533523523523575904e-01
1.201798798798796142e+01
6.789215215215244292e+00
4.293373373373463031e-01
3.092632972972972425e+02
1.207587387387390798e+01
5.642452452452491052e+00
1.858866266266260325e+01
8.669115115115117121e+00
9.188501901901894087e+01
2.895115115115051152e-01
2.156636636636667936e-01
7.936092092092115635e+00
4.782612612612632041e+00
2.727543973973974403e+02
9.596795795795804551e+00
4.300010010010072437e-01
5.968843843843945507e+00
1.128219719719718839e+01
9.725725725725534176e-02
3.334055055055056727e+01
2.560705005005003727e+02
4.323986986987052639e+00
4.679279279279242032e-01
4.811971971972074935e-01
3.496318218218216600e+01
2.599699699699678512e-01
3.289586006006006755e+02
2.513893893893842102e-01
1.255684684684678309e+00
2.424074074074096530e-01
9.133824824824829491e+00
3.402912912912899879e-01
2.586166166166131153e-01
5.654620620620626426e+00
4.932102102102073893e-01
1.797023633633632471e+02
3.386536536536541853e-01
7.294453453453463965e+00
4.130750750750761258e-01
3.503413413413449806e-01
4.900391391391339724e+00
1.075275175175173459e+01
5.744454454454415160e-01
1.844673073073069602e+01
3.869849849849905654e-01
9.116530530530518206e+00
6.015406406406362372e+00
2.341809809809814880e+01
8.170428428428360590e+00
1.754263763763761830e+01
3.026943943943929405e+00
1.758508508508487278e-01
4.102896896896877976e+00
3.732082082082114338e-01
6.791621621621579674e-01
3.051759809809803983e+02
3.086660530530527922e+02
4.158102102102064990e+00
8.505165165165196051e-01
5.350852852852848507e+00
3.383380130130135512e+02
1.030009009008995591e+01
1.047364064064059797e+01
1.060514514514503848e+00
7.155369369369403820e+00
5.432182182182219154e-01
8.440530530530512721e+00
3.937012992992985119e+02
4.631491491491565027e-01
3.698958958958913357e-01
1.244139639639638872e+01
2.182674584584586341e+02
6.072909909909924409e+00
1.070327527527529199e+01
2.473953953953925422e-01
2.134925025025026812e+01
3.533283283283348841e-01
1.006476476476460130e-01
3.030780780780759076e-01
1.192832422422428635e+02
2.183989389389386560e+01
5.308787427427429293e+02
1.657297297297333494e-01
7.882512512512492853e-01
8.813904904904985571e+00
5.269895895895885474e+00
2.216366366366351037e-01
6.615724724724716843e+00
7.745608608608626433e+00
4.349359359359401545e-01
5.791613013013013500e+01
1.738638638638619893e-01
6.680890890890976985e-01
1.067081681681685090e+01
2.235085085085112833e-01
4.758058058057992312e-01
5.454328328328325703e+00
8.326510510510582108e+00
5.244282182182175234e+01
3.080485485485466413e+00
4.495955955956036365e-01
8.755942942942947838e+00
7.905265265265291053e-01
5.893783783783792529e+00
2.252026026026048733e+00
2.758558558558573889e-02
4.896584384384382815e+01
3.141301301301345217e-01
2.755735735735804215e-01
9.057757757757899097e-02
4.688558558558489908e-01
1.344444444444431452e-01
6.315704704704728556e+00
3.594184184184197606e-01
1.223697697697685438e+00
3.089249249249285678e-01
7.744652652652623814e+00
5.957035035035040949e+00
1.201392792792793074e+01
8.631995995995996651e+00
1.213788088088083938e+01
1.231675575575578030e+01
1.158798868868868084e+02
3.716210800800805032e+02
9.656035035035033687e+00
6.250628628628605021e+00
5.313352952952952535e+01
3.228238238238282376e-01
2.033766066066066003e+01
1.645675675675686844e-01
2.356805405405396314e+01
5.358604604604549237e+00
8.436836836836862641e-02
7.521404404404407273e+00
4.017967967967884801e-01
1.445405405405416899e-01
2.464650550550551600e+01
2.117397307307284109e+02
4.268808808808782218e-01
5.261767767767779880e+00
8.661122122122137057e+00
1.738922822822819469e+01
5.369960960960947105e+00
6.475631631631612706e+00
7.667007007006989561e-01
6.592899899899872906e+00
3.143573573573548163e-01
6.365065065065058647e+00
1.448310610610611171e+01
4.470420420420408547e+00
8.470472472472506453e+00
9.086356356356235509e-01
3.588508508508534978e-01
9.627846846846836115e+00
4.207917917917866624e-01
2.735402302302338740e+01
2.270607207207207523e+01
4.263814814814780974e+00
2.055507807807823895e+01
2.703323323323351679e-01
5.944174174174251535e-01
3.865295295295211875e-01
5.326597597597655387e+00
1.300038338338339372e+01
2.490730730730687514e-01
8.173032032032010008e+00
8.078888888888856812e+00
3.528243713713710008e+02
3.195785785785776878e-01
3.972534734734731643e+01
3.634634634634668626e-01
9.502092092092104814e-01
3.882042242242245322e+01
1.335108908908899572e+01
7.348240240240249577e+00
4.226176176176127397e-01
2.196337287287289257e+02
1.539209509509511520e+01
8.863177177177195887e+00
4.637097097097158116e-01
5.064204204204115767e-01
2.912134134134149122e+00
1.209267567567571255e+01
3.089671071071072461e+01
1.171681681681668724e-01
3.124864864864885794e-01
3.725851851851888608e+00
4.220480480480501839e+00
9.245175175175138094e+00
2.509431331331328252e+01
1.180871471471471601e+01
7.651305305305325710e+00
9.286876876876770659e-01
5.700700700700772616e-02
2.184344344344317512e-01
1.153000400400400416e+01
9.093617617617651305e+00
1.206523223223222274e+01
4.369209209209143907e-01
1.254556356356356339e+01
3.871548548548547330e+01
4.666416416416301893e-01
1.155743963963968497e+02
1.112681881881874801e+01
1.544203103103095565e+01
5.693922922922904029e+00
2.916088688688697061e+01
9.510963963963970258e+00
7.298798798798673826e-02
5.511450450450448457e+00
1.478224324324327377e+01
4.754304304304438067e-01
9.143565565565580755e+00
4.067598598598583415e+00
1.410813723723723001e+02
2.562395795795780273e+01
5.980494494494515756e+00
5.433152152152129766e+00
3.157147147147167376e-01
2.983133133133134551e-01
2.126756756756704170e-01
8.627327327327329876e-01
6.645474474474466930e+00
1.479676676676668023e+00
1.306172172172161527e+00
7.949572572572600748e+00
5.721269069069062851e+01
9.479351651651619193e+01
4.415524524524547800e+00
8.349849849849774741e-02
2.695455455455413318e-01
7.074567867867867221e+01
4.117745745745732044e+00
7.974153153153098472e+00
1.081836436436435989e+01
2.156026026026067466e-01
3.488055055055069520e+00
3.233413413413386284e-01
2.538918918918940393e-01
7.526205105105120197e+01
8.023565565565546009e+00
8.798084084084154100e+00
4.571601601601557596e-01
1.007551851851849278e+01
4.503133133133065402e-01
1.087951751751747764e+01
2.427362462462458126e+01
6.470347347347342293e+00
6.230155155155146396e+00
2.523083083083037526e-01
8.637559559559591094e+00
5.122829029029029613e+01
8.223211211211182814e+00
4.137728728728766292e+00
8.272272272272292171e-02
5.429869869869952126e-01
4.892211211211200172e+00
1.393380880880882167e+01
4.227693693693687749e+00
2.709069069069077185e-01
2.524354754754756058e+01
2.099544484484484030e+02
1.333256756756761341e+01
1.644876576576579907e+01
1.833514614614614402e+01
3.088418418418458433e+00
2.883153153153171222e-01
2.205500990990993841e+02
1.983275165165170506e+02
5.158977977977944995e+00
5.290217217217248802e+00
1.286660860860858868e+01
7.519594594594601666e+00
7.886883883883903934e+00
3.287742742742758129e+00
2.257757757757734504e-02
2.593343343343382235e-01
6.575041041041042256e+00
5.749058858858851551e+01
1.045746846846848932e+01
1.494885155155157292e+02
7.174295695695703046e+01
3.807009709709701895e+01
3.886733733733673368e+00
3.630000000000027649e-01
9.212394394394385344e+00
5.998106106106089186e+00
1.688358358358377775e-01
2.743780440440439179e+02
2.349960960961024359e+00
3.648822822822826772e+00
3.378687687687705665e+00
9.286165165165177982e+00
4.518428428428424404e+00
9.874271271271284789e+00
1.783650350350349356e+01
3.143843843843792674e-01
8.431431431431528345e-02
1.754055605605609003e+02
6.258021021021029640e+00
1.558706836836836658e+02
4.646666666666778300e-01
6.486509509509456706e+00
7.403203203203180538e-02
1.087422852852854618e+02
1.286786786786770116e-02
3.497729929929933235e+01
7.198798798798874965e-02
6.932402402402392250e-01
9.556937537537535832e+01
7.158824824824828070e+00
7.481207207207233090e+00
2.551076816816816972e+02
1.156736536536539361e+01
1.170886686686686673e+01
3.650510510510550644e-01
7.228346346346324225e+00
2.253113113113083266e-01
1.006854254254253256e+01
7.503734934934944079e+01
4.126476476476412802e-01
8.629469969969977683e+01
4.026550930930937966e+02
6.607485485485453225e+00
4.001901901901991354e-02
1.004123223223223782e+01
1.679961181181179768e+02
1.496045545545557509e+01
4.385837837837817332e+00
2.262376376376377323e+02
1.612322322322320145e-01
4.467575575575560620e+00
2.949819819819837763e-01
4.919929929929880430e-01
2.169061031031027937e+02
2.596186186186224543e-01
2.884504804804818789e+01
1.982293793793794379e+01
8.164048048048027084e+00
3.550971971972004315e+00
5.037227227227151216e-01
1.210157157157159880e+00
3.475474474474506525e+00
2.333975375375358041e+01
8.521032032031996550e+00
9.196367367367374257e+00
2.249239239239282095e-01
3.022840840840864018e+00
4.583185985985977595e+01
1.375972452452452330e+02
5.458647647647639545e+00
2.881687687687679578e+00
1.113830930930928176e+01
2.280630630630608169e-01
2.897079469469466630e+02
7.188994994994916787e+00
4.164881881881881576e+00
1.679914114114112422e+01
4.520909909909906155e+00
6.711910910910908079e+00
1.569642742742739472e+01
2.910890890890936999e-01
4.875625625625670256e-01
1.585485485485496615e-01
7.473863863863980939e-01
1.243757557557556837e+01
3.129318428428427978e+02
2.895417807807804138e+02
8.249397397397357778e+00
3.913423423423336156e-01
7.618621621621595175e+00
6.413052052052028884e+00
9.091474474474491529e+00
3.854474474474400836e-01
1.078155955955956635e+01
2.763713713713757403e-01
1.575735535535539178e+01
7.819269269269264022e+00
6.815693693693683386e+00
5.446521521521506592e+00
1.371406006006004041e+01
5.230740740740803529e-01
3.358988608608613617e+02
7.719425425425432863e+00
3.466241341341343940e+01
6.370876876876912398e+00
1.034391891891891113e+01
5.325652652652652641e+00
7.868842842842814989e+00
5.138621621621592084e+00
3.531862462462449770e+01
5.663966966966978767e+00
7.726724724724736149e+00
9.173248248248278003e+00
3.128948948948983566e-01
8.144334334334381031e-01
2.844575575575608362e+00
1.124013813813814799e+01
8.054245245245178708e+00
1.364026426426429950e+01
2.853333333333338828e-01
1.996696696696731999e-01
4.512142142142258061e-01
9.973673673673813522e-02
2.810089089089095715e+00
2.019689689689679879e-01
6.069129129129202660e-01
8.516052052052044630e+00
8.582665665665683008e+00
2.891291291291296917e-01
2.863573573573588438e-01
3.287085285285285607e+01
5.175706706706690419e+00
5.127554254254248889e+01
2.336856856856830977e-01
8.724724724724571001e-02
9.610229229229226178e+00
3.858168168168238377e-01
1.638068068068073146e-01
4.442461461461464367e+00
1.945060960960963925e+01
2.399579579579533550e-01
8.619633633633634773e+00
8.400392392392420859e+00
1.179295195195197898e+01
3.418028028028056164e-01
7.301321321321441182e-01
