1.688095095095106135e+00
1.079305305305307661e+00
0.000000000000000000e+00
7.472112112112234694e-01
2.047622622622619293e+00
6.345915915916011674e-01
2.385745745745713464e-01
1.074695695695700115e+00
2.423213213213258055e-01
9.730440440440490946e-01
3.782551651651672842e+01
1.613433433433437147e-01
0.000000000000000000e+00
6.687277277277329235e-01
1.050433433433426877e+00
3.236466466466476621e+00
1.000000000000011513e-03
1.478978978979013023e-02
1.954388388388390752e+01
6.833683683683654531e-01
0.000000000000000000e+00
5.158858858858871299e-01
1.332234234234230374e+00
2.280270270270238486e-01
0.000000000000000000e+00
7.943943943943867700e-03
1.171185185185189104e+00
4.991991991992051313e-03
3.987987987988023120e-03
8.123273273273171613e-01
2.980842842842826190e+00
7.818518518518520477e-02
2.728188188188203078e-01
5.853643643643534622e-01
9.548338338338420161e-01
9.380800800800730421e-01
3.970523623623621745e+01
1.883725325325316291e+01
2.400030030029998984e-01
1.375249249249260064e+00
5.044187187187188393e+00
6.534804804804819067e-01
1.214672672672646225e+00
7.066236236236241863e-01
1.098252252252248207e+00
2.997997997998055365e-03
4.136586586586555314e-01
0.000000000000000000e+00
1.374992992993000263e+00
8.181787787787804689e+00
1.077834834834838329e+00
3.987987987988031793e-03
7.702102102102122150e-02
4.878308308308264007e-01
1.393779779779791284e+00
3.594754754754798109e-01
1.050540540540537693e+00
4.268828828828764022e-01
2.353955955955959300e+00
8.215405405405333816e-01
2.240465865865867556e+01
7.618328328328435317e-01
1.562472672672677199e+01
0.000000000000000000e+00
9.472952952953104244e-01
2.267367367367362566e-02
2.764281281281291136e+00
9.805355355355125369e-01
2.499939939939961608e-01
5.380480480480454020e-02
1.542836836836830150e+00
6.957957957957752043e-03
1.147651651651656168e+00
1.449631631631617790e+00
6.481581581581473406e-02
2.283653953953954030e+01
1.115609609609603758e+00
9.914424424424367333e-01
1.487151751751754958e+01
4.496696696696694251e-01
6.815215215215149058e-01
8.275115115115154740e-01
9.598298298298200970e-02
2.899824824824839720e+00
2.284155155155137340e+00
1.445407407407410361e+00
6.269059059059091110e-01
1.302544544544544713e+00
5.856016016016006853e-01
2.255765765765779807e-01
5.160660660660555676e-02
8.525525525525480264e-01
2.750750750750688423e-02
1.201447447447445249e+00
1.059441441441453469e+00
4.642682682682726103e-01
1.227321321321307224e+00
1.032866866866873901e+00
7.978318318318170510e-01
2.807769569569590828e+01
1.823474474474489959e+00
0.000000000000000000e+00
5.557457457457526395e-02
7.003686686686668494e+00
2.462772772772834351e-01
9.564024024024060378e-01
5.282632632632702219e-01
5.124144144144099355e-01
2.475435435435400233e-01
1.398192192192184269e+00
2.543463463463419560e-01
2.153753753753777714e-02
1.865765765765765513e-02
1.620734734734739169e+00
1.117795795795803127e+00
7.179779779779826843e-02
0.000000000000000000e+00
1.521324324324347277e+00
9.399819819819773548e-01
4.307462462462440911e+00
3.110309309309322590e+00
6.043993993993982405e-01
2.376246246246254135e-01
8.703083083083034133e-01
1.163954954954957932e+00
3.247907907907934821e-01
8.697557557557606955e-01
3.935835835835822805e-02
6.521668668668670676e+00
0.000000000000000000e+00
0.000000000000000000e+00
3.987987987988030926e-03
8.943943943943929303e-03
1.039309309309314200e+00
8.235935935935915220e-01
8.344301301301285889e+00
2.479439439439473369e-01
2.092150150150148491e+00
7.645555555555539895e-01
0.000000000000000000e+00
8.741291291291155563e-01
9.466646646646734720e-01
1.000000000000018235e-03
1.209196196196200557e+00
2.249439439439468169e-01
1.041276276276283719e+00
8.257797797797853390e-01
2.989259259259268720e-01
8.740650650650797493e-01
4.979979979979967664e-03
1.557156156156153104e+00
7.627657657657748169e-01
1.000000000000009128e-03
1.407710710710698976e+00
3.011881881881874001e+00
6.654484484484491924e-01
1.252958958958955593e+00
3.426973973973958643e+00
7.971771771771783976e-01
5.630330330330261812e-02
5.557457457457524314e-02
0.000000000000000000e+00
1.283273273273263515e-01
7.062908908908864802e+00
1.232056056056040072e+00
3.259983083083076849e+01
4.027627627627692469e-02
9.499649649649569705e-01
5.183260260260259322e+00
8.064994994994920674e-01
7.383183183183116005e-02
1.036439439439436727e+00
7.630850850850940947e-01
0.000000000000000000e+00
5.875695695695772880e-01
4.564619619619608493e+00
1.048128128128112069e+00
1.219579579579562756e-01
5.412912912912819230e-02
6.372002002002051801e-01
2.344744744744745729e-02
1.208499499499509522e+00
8.411211211211259975e-02
1.118717717717713445e+00
3.163153153153119290e-01
6.849119119119162491e-01
1.075941941941951141e+00
8.132792792792806758e-01
8.728458458458420166e-01
1.723313313313316331e-01
1.129620620620627180e+00
1.309993993994009287e+00
8.477597597597581469e-01
1.079438438438440118e+00
1.000000000000000238e-03
1.541092092092080978e+00
0.000000000000000000e+00
1.116631631631637811e+00
2.997997997998122152e-03
1.019126526526527421e+01
5.509719719719736730e+00
7.232472472472561975e-01
1.039969969969955221e-01
0.000000000000000000e+00
1.038813813813814768e+00
0.000000000000000000e+00
2.114561561561559166e+00
2.993993993993999438e-03
1.769369369369395983e-02
2.864964964964928362e-01
2.942904804804814134e+01
2.483123123123119613e-01
3.132322322322309560e-01
3.503853853853893807e-01
1.262925925925933113e+00
2.549218618618618493e+01
1.318570970970970180e+01
1.363159659659659084e+01
5.311811811811812944e-01
9.989929929930086994e-01
5.591821821821818528e-01
2.694604604604591835e-01
2.636729729729733407e+00
0.000000000000000000e+00
1.006621021021020290e+01
7.579399399399260329e-01
1.448434434434430207e+00
5.411301301301355560e-01
3.147403403403402411e+00
7.111971971972013140e-01
0.000000000000000000e+00
5.465915915915920964e-01
1.174699699699699673e+00
1.272467467467490509e+00
4.020479479479461382e+00
2.136926926926930648e+00
4.875529529529538664e+00
9.799589589589723371e-01
1.003349349349347719e+00
7.192862862862913209e-01
7.555665665665592945e-01
7.696836836836995488e-01
0.000000000000000000e+00
1.861771771771803530e-01
1.113895895895905541e+00
1.320754754754761118e+00
1.000559659659659673e+01
1.049783783783781788e+00
6.264974974974951705e-01
6.211291291291233252e-01
8.553413413413307742e-01
1.229908908908888376e+00
1.901341341341310498e-01
4.401801801801765585e-02
2.317827827827882159e-01
5.073912912912912354e+00
7.367067067067085695e-01
2.381626626626632603e+00
2.069032032032039226e+00
1.202129129129117624e+00
0.000000000000000000e+00
0.000000000000000000e+00
8.902762762762846949e-01
4.107719719719729490e+00
2.335297197197195729e+01
9.212272272272222784e-01
3.334656656656638241e+00
7.989389389389343066e-01
4.744094094094082892e-01
8.192262262262224315e-01
1.078609609609612940e+00
3.712270270270274786e+00
1.997997997998017614e-03
3.582901901901875963e+00
1.000000000000008911e-03
3.987987987988053477e-03
1.362266266266275228e+00
1.445195195195184412e-01
4.979979979979971133e-03
1.506144144144128116e+00
1.111219219219206966e+00
8.403749749749779951e+00
7.479429429429476084e-01
9.961461461461422751e-01
2.971777777777752316e+00
1.292370370370366173e+00
1.262549149149148242e+01
1.147706706706691726e+00
1.063269269269280448e+00
2.468828828828868172e-01
1.159309309309299429e+00
8.068007007006977815e+00
1.345671671671668124e+00
0.000000000000000000e+00
1.462713713713725383e+00
7.485075075075058315e-01
4.151582582582595826e+00
7.236736736736726350e-02
1.111370370370370564e+00
1.379129129129133269e-01
7.808558558558417184e-01
7.692602602602689466e-01
5.129419419419439796e-01
9.215915915916069734e-01
0.000000000000000000e+00
8.141181181181030846e-01
1.064084084084059995e-01
2.367807807807756904e-01
7.375645645645588777e-01
8.746896896896787510e-01
6.957957957957716481e-03
9.909909909909858997e-03
8.589859859859856339e-01
4.795895895895954109e-01
0.000000000000000000e+00
0.000000000000000000e+00
7.901961961961976311e-01
1.478180180180202807e+00
1.248574574574577323e+00
3.987987987988066488e-03
2.146837837837860530e+00
4.961491491491420436e-01
4.169447447447476307e+00
2.561366366366368830e+00
3.466373373373381028e+00
9.774914914914916153e-01
8.472711711711744087e+00
7.366906906906852681e-01
9.423333333333249184e-01
0.000000000000000000e+00
9.203193193193185406e-01
9.883383383383348431e-01
1.250506506506500415e+00
4.730230230230211136e-02
1.182516516516503025e+00
5.872162162162128940e-01
1.559069069069054236e-01
6.551461461461397517e-01
7.081581581581605223e-01
1.534324324324309319e-01
1.210310310310306336e+00
6.957957957957713012e-03
7.314014014013957288e-02
5.557457457457515987e-02
0.000000000000000000e+00
3.447312712712707139e+01
8.087887887887940108e-01
1.117987787787789422e+01
3.629499499499506121e-01
1.520811811811821901e+00
1.834500500500474196e+00
1.619089089089085887e+00
1.478978978979017186e-02
5.740210210210144881e-01
2.375375375375371120e-02
3.967179179179177506e+00
9.909909909909872874e-03
1.710696696696706098e+00
1.265164164164161775e+00
0.000000000000000000e+00
1.766466466466484475e-01
8.848448448448226200e-02
1.997997997998055778e-03
2.131481481481502793e-01
0.000000000000000000e+00
4.356496496496385928e-01
5.923993993994028928e-01
1.554360360360355742e+00
2.130414014014014867e+01
2.266226226226182860e-01
1.304144144144120665e-01
0.000000000000000000e+00
2.354504504504536522e-01
8.927927927927944984e-03
1.076958958958956547e+00
1.997997997998040166e-03
9.127967967967939300e-01
2.539489489489468732e-01
9.084334334334290828e-01
7.010470470470434590e-01
5.145255255255260174e+00
1.315870870870880172e+00
0.000000000000000000e+00
1.575975975975991289e-02
7.459339339339456920e-01
8.612472472472558760e-01
7.558668668668568902e-01
1.602133133133136766e+00
1.041801801801810617e-01
6.168443443443453411e+00
1.808505005005005728e+01
7.620980980981021391e-01
2.210810810810823757e-01
7.740460460460415471e-01
1.050140140140149336e+00
1.319143143143128638e+00
8.159389389389362091e-01
1.871861861861887355e-01
9.793473473473549573e-01
2.319730730730713564e+00
9.670990990990968594e-01
1.356610610610603729e+00
1.797520220220218690e+01
7.472212212212078208e-01
2.342223823823825768e+01
8.300800800800787194e-01
7.974174174174235574e-01
3.243454454454466784e+00
9.882872872872952019e-01
9.570440440440386443e-01
0.000000000000000000e+00
2.542536536536544656e+00
2.625105105105145498e-01
7.003313313313259680e-01
1.590869169169165254e+01
1.515040040040035230e+00
1.803057657657658552e+01
1.357668668668663203e+00
1.965165165165116967e-01
1.366057057057070923e+00
1.118485485485497311e+00
1.348623623623626644e+00
3.473873873873875584e-02
2.426736736736709033e-01
2.591763163163163597e+01
1.868159159159153981e+00
4.578177177177176205e+00
6.957957957957798013e-03
6.978938938938806791e-01
5.794214214214191694e-01
3.049566566566572323e+00
1.088988988988998097e-02
9.664664664664458782e-02
0.000000000000000000e+00
2.043792792792785029e+00
9.869199199199084616e-01
1.659129129129121305e-01
7.129376376376301394e+00
5.582832832832903547e-01
6.478778778778734870e-02
2.438438438438483014e-01
1.156287287287276477e+00
1.624890890890880568e+00
2.570160060060062079e+01
4.005144144144166418e+00
1.997997997997998099e-03
0.000000000000000000e+00
1.816286286286305229e-01
3.166266266266271945e+00
1.223449449449447446e+00
0.000000000000000000e+00
4.595345345345400179e-01
9.666526526526453278e-01
8.827227227227238959e-01
7.619479479479558393e-01
1.200886886886900928e+00
1.838214214214216824e+00
1.194377377377384475e+00
1.055419419419427518e+00
1.000000000000005659e-03
0.000000000000000000e+00
1.276607607607610939e+00
1.699639639639640709e-01
0.000000000000000000e+00
2.484714714714744976e-01
1.906546546546556975e-01
1.964554554554588661e-01
1.302332332332331921e+00
1.095068068068074663e+00
7.908838838838873064e-01
2.205325325325356023e-01
0.000000000000000000e+00
3.049799799799776112e-01
2.173644644644627366e+00
1.180791791791798051e+00
2.201444444444424331e+00
6.763373373373342545e-01
4.640030030029965169e-01
5.397257257257124241e-01
8.607477477477510908e-01
1.322285285285277334e+00
2.558494394394392302e+01
1.074912912912919571e+00
8.933623623623779819e-01
5.884424424424417044e-01
1.304547547547562081e+00
2.948183183183203049e+00
6.806396396396408033e-01
4.336516516516455977e-01
0.000000000000000000e+00
1.006026026026006104e+00
5.277747747747774110e-01
1.505912912912910961e+00
2.077717717717771084e-01
8.927927927927948454e-03
1.961961961961957226e-02
1.071670670670665571e+00
1.769369369369409514e-02
0.000000000000000000e+00
6.233953953953886851e-01
7.121891891891838355e+00
1.402288288288298101e+00
9.056972972973024838e+00
1.000000000000019320e-03
2.191771771771740263e-01
1.168058058058050852e+00
2.363763763763765055e-02
1.256554554554555780e+00
1.312563563563565072e+00
0.000000000000000000e+00
1.656403403403415187e+00
2.012781281281281309e+01
5.763173173173176123e-01
1.006664664664662867e+00
3.581690690690689571e+00
1.118669669669676958e+00
9.749349349349438754e-01
1.337715715715722675e+00
3.987987987988028324e-03
5.367477477477531345e-01
2.010934934934931029e+00
4.139769769769734431e-01
1.887273273273268215e+00
1.011202202202203360e+00
3.086456456456470487e+00
0.000000000000000000e+00
1.107417417417403627e+00
8.928828828828735964e-02
6.293433433433499591e-01
3.347182182182176113e+00
1.490371771771772025e+01
4.075102102102112767e+00
4.156106106106160492e-01
0.000000000000000000e+00
6.062832832832835805e+00
8.847527527527547786e-01
3.496196196196247330e-01
1.038688788788792294e+01
7.635785785785725865e-01
5.933433433433458332e-02
1.046464464464473387e+00
1.110801801801788224e+00
4.979979979979968531e-03
1.088274274274273035e+00
6.343943943943897157e-02
1.531525525525517129e+00
0.000000000000000000e+00
9.944534534534537062e-01
7.092182182182159567e-01
1.575975975975987473e-02
5.988919919919963419e+00
6.773873873873927087e-02
3.276840840840827607e+00
8.550650650650682971e-01
1.276276276276303023e-01
1.191022022022022897e+00
0.000000000000000000e+00
1.611344344344343815e+00
5.277397397397417533e-01
4.616633233233239508e+01
9.424354354354456120e-01
7.882405405405448207e+00
4.779417417417401559e+00
9.756946946946937205e-01
8.927927927927951923e-03
1.009664664664668532e+00
1.606612612612632551e+00
9.956276276276163628e-01
1.286161161161159194e+00
2.348588588588618464e-01
1.249368068068072546e+01
7.540610610610526399e-01
1.262222222222193491e-01
1.493072072072063605e+00
8.675535535535544573e-01
1.226426426426432542e-01
3.079351651651658628e+01
1.382840840840820817e+00
7.690990990991100063e-01
2.172310310310297421e+00
1.126028028028021932e+00
8.721128128128158963e+00
1.000000000000009562e-03
3.993993993994047163e-03
9.934244244244234689e-01
6.155145145145114460e-01
2.454024324324325335e+01
1.228327327327321639e+00
4.799799799799792793e-02
8.438858858858833134e-01
1.362412412412415064e+00
0.000000000000000000e+00
3.524518518518517940e+00
2.614358058058062539e+01
7.530830830830728129e-01
2.634594594594626416e-01
1.783013013013036163e-01
4.251338338338335632e+00
9.721621621621669151e-02
3.392797397397402648e+01
2.993993993994003341e-03
6.132832832832798564e-01
0.000000000000000000e+00
1.163125125125135995e+00
2.499939939939961608e-01
1.997997997997974246e-03
8.821691691691644355e-01
2.245475475475534055e-01
1.984837137137137830e+01
2.444684684684669540e-01
9.482172172172111946e-01
2.502252252252207820e-01
1.982142142142147290e-01
6.607837837837965411e-01
1.267585585585591978e+00
2.303883883883893202e-01
2.240295295295299027e+00
1.088988988988995842e-02
1.135074074074072126e+00
8.730190190190091348e-01
2.816466466466452268e+00
1.011376376376376562e+00
1.976382382382360969e+00
7.439059059059144330e-01
5.969969969969882509e-03
6.955375375375373315e-01
9.406906906907004651e-02
3.713253253253210873e-01
2.804307207207208918e+01
3.249348848848850224e+01
7.223003003003024558e-01
1.388138138138106104e-01
8.625445445445469872e-01
3.367720220220219574e+01
1.307327327327340249e+00
1.264366366366358907e+00
2.939169169169130735e-01
9.862762762762631308e-01
2.384894894894883655e-01
1.111957957957959486e+00
4.356134434434432023e+01
2.246886886886912682e-01
1.192192192192210835e-02
1.546872872872862015e+00
2.331915415415422643e+01
8.129529529529547771e-01
1.370036036036040406e+00
1.778168168168152152e-01
2.536282282282292577e+00
1.778168168168151597e-01
0.000000000000000000e+00
1.756466466466433396e-01
1.263472572572579722e+01
2.599430430430423211e+00
4.783752452452441872e+01
1.000000000000004358e-03
5.262732732732863239e-01
1.126586586586572514e+00
7.822732732732636807e-01
8.848448448448313630e-02
8.736336336336427699e-01
1.039914914914900290e+00
2.226346346346311234e-01
6.226036036036040500e+00
1.997997997998012844e-03
1.268658658658667338e-01
1.245496496496511174e+00
7.943943943943876373e-03
1.985475475475504126e-01
7.690600600600634440e-01
1.025044044044058245e+00
6.192883883883872898e+00
6.954794794794834090e-01
2.454214214214266443e-01
1.087209209209200944e+00
2.528828828828776909e-01
7.693643643643738317e-01
5.008948948948901414e-01
0.000000000000000000e+00
4.910221221221210186e+00
1.717717717717693604e-01
2.280270270270238764e-01
0.000000000000000000e+00
7.951051051051073737e-02
1.000000000000013682e-03
8.847907907907982539e-01
1.300250250250271633e-01
4.135935935936002616e-01
2.912912912912963767e-02
9.874244244244116953e-01
8.383653653653787563e-01
1.464463463463475001e+00
1.024879879879884603e+00
1.521443443443451171e+00
1.432821821821843145e+00
1.431940140140140016e+01
3.690318518518517266e+01
1.122553553553556904e+00
9.151901901901926539e-01
5.857096096096086058e+00
1.936486486486439229e-01
2.154033033033039946e+00
0.000000000000000000e+00
2.459493493493498217e+00
8.108718718718761487e-01
0.000000000000000000e+00
9.660770770770914506e-01
1.032742742742729924e-01
0.000000000000000000e+00
3.059790790790804405e+00
1.944717517517517180e+01
1.961351351351354189e-01
7.511691691691588790e-01
1.227072072072071807e+00
2.224006006006004288e+00
7.507077077077077831e-01
8.729259259259344317e-01
1.237987987988018040e-01
9.869739739739720186e-01
5.380480480480455407e-02
9.685065065065026069e-01
1.830459459459455651e+00
8.485045045045005452e-01
1.064942942942942228e+00
3.101961961961989811e-01
2.178178178178129532e-01
1.180609609609609034e+00
1.367757757757738779e-01
3.335965965965963065e+00
2.575986986986989358e+00
6.157967967967905576e-01
2.373594594594596430e+00
1.478978978979012676e-02
2.561101101101050381e-01
2.441871871871894306e-01
8.037557557557589716e-01
1.632627627627626143e+00
1.478978978978993941e-02
1.038424424424414738e+00
1.035834834834828966e+00
3.575647147147149241e+01
6.688288288288242456e-02
4.112125125125144720e+00
7.734934934934975526e-02
1.761731731731762118e-01
4.302389389389361440e+00
1.661402402402400780e+00
9.452602602602508952e-01
1.368358358358348070e-01
2.213105605605605675e+01
1.846557557557562346e+00
1.257438438438442940e+00
1.119949949949920476e-01
2.434734734734685935e-01
6.251871871871955699e-01
1.601070070070096163e+00
3.367798798798819160e+00
0.000000000000000000e+00
1.186786786786789109e-02
4.840190190190112318e-01
7.483273273273333137e-01
1.143534534534530467e+00
2.788959959959932622e+00
1.325796796796785415e+00
9.614354354354267551e-01
2.578318318318301716e-01
0.000000000000000000e+00
1.000000000000011947e-03
1.470496496496505934e+00
1.258092092092077285e+00
1.451658658658645962e+00
2.824324324324352722e-02
1.404275275275259416e+00
4.489632632632606146e+00
2.384264264264257527e-01
1.201262762762759273e+01
1.248599599599603094e+00
1.629760760760753380e+00
8.609749749749778802e-01
3.180163163163168161e+00
1.173922922922933765e+00
0.000000000000000000e+00
8.214394394394185506e-01
1.614821821821814218e+00
7.283183183183293552e-02
1.027938938938945501e+00
7.191251251251158383e-01
1.414228828828833251e+01
3.114215215215219157e+00
7.459649649649616743e-01
7.287437437437455090e-01
3.551751751751715258e-02
2.195945945945977917e-01
4.979979979979972868e-03
2.527237237237196510e-01
9.858758758758797702e-01
2.282242242242187857e-01
3.905385385385434227e-01
1.005075075075068547e+00
6.009340340340336262e+00
1.007563063063063780e+01
6.513223223223277847e-01
0.000000000000000000e+00
5.645645645645543109e-02
7.173419419419367671e+00
6.791031031031127263e-01
1.143742742742740237e+00
1.292395395395380397e+00
0.000000000000000000e+00
6.172682682682761879e-01
1.212402402402407292e-01
5.969969969969821794e-03
7.794478478478481520e+00
1.147878878878869635e+00
1.098879879879885779e+00
3.018608608608607247e-01
1.356771771771750013e+00
2.377577577577577317e-01
1.276007007007013971e+00
3.044766766766759059e+00
9.467727727727704989e-01
7.791751751751749833e-01
1.575975975975981921e-02
1.290101101101080783e+00
5.484858858858866704e+00
1.025655655655672405e+00
6.212192192192149687e-01
0.000000000000000000e+00
4.859459459459476716e-02
8.047117117117075225e-01
1.528541541541550197e+00
5.707497497497471262e-01
1.734444444444445121e-01
2.723445445445455526e+00
2.149669169169169436e+01
1.633046046046064514e+00
2.016566566566570184e+00
2.138196196196180843e+00
4.594564564564497244e-01
2.372412412412348848e-01
2.451016516516517996e+01
1.902937637637642609e+01
7.811991991992023321e-01
8.949989989989982631e-01
1.691635635635623469e+00
1.013288288288288097e+00
1.036358358358349330e+00
3.939599599599640234e-01
0.000000000000000000e+00
4.574174174174149704e-02
9.055075075075047497e-01
6.737151151151151929e+00
1.239140140140140955e+00
1.582539039039037476e+01
8.245435435435460647e+00
4.231203203203188323e+00
7.054194194194102208e-01
7.813313313313208219e-02
1.241087087087088259e+00
8.690920920920811588e-01
0.000000000000000000e+00
2.681198398398396776e+01
4.995975975976036376e-01
5.218808808808798050e-01
7.516766766766734831e-01
1.277136136136136413e+00
8.203303303303228766e-01
1.170732732732736148e+00
1.907906906906874589e+00
6.957957957957858729e-03
0.000000000000000000e+00
1.632292892892892056e+01
8.769039039039072669e-01
1.757704604604604626e+01
2.023423423423376943e-01
8.810360360360300902e-01
0.000000000000000000e+00
1.063168668668672723e+01
0.000000000000000000e+00
3.979120120120122728e+00
0.000000000000000000e+00
4.328238238238311664e-01
1.062437437437433552e+01
9.725625625625682336e-01
1.024991991991994755e+00
2.785963863863859657e+01
1.452906906906918705e+00
1.473955955955972064e+00
3.036936936936983009e-02
9.840680680680624626e-01
0.000000000000000000e+00
1.201183183183187175e+00
7.775989989989954054e+00
4.660660660660687071e-02
9.979018018018020797e+00
3.888689789789790296e+01
9.165795795795760315e-01
0.000000000000000000e+00
1.189682682682661419e+00
1.945720820820815788e+01
1.861595595595586738e+00
7.118938938938830230e-01
2.080954454454456481e+01
0.000000000000000000e+00
6.355185185185207031e-01
0.000000000000000000e+00
1.555635635635621294e-01
2.169765465465467713e+01
1.546736736736727680e-01
3.242844844844861907e+00
2.216416416416406854e+00
1.081752752752765945e+00
5.993483483483548202e-01
2.266406406406349106e-01
2.343593593593619739e-01
6.016066066065977047e-01
2.532943943943929632e+00
1.108583583583586440e+00
1.139237237237224809e+00
5.996396396396309891e-02
4.382012012011995972e-01
5.153037037037051959e+00
1.457650250250248014e+01
7.848828828828803283e-01
6.418708708708721344e-01
1.455646646646647335e+00
1.284384384384373336e-02
2.999500900900903844e+01
9.944094094093915981e-01
6.288508508508522388e-01
1.947024024024021749e+00
6.920990990990889546e-01
9.582292292292309277e-01
1.879845845845845798e+00
9.327727727727913587e-02
3.873873873873843188e-01
0.000000000000000000e+00
4.091891891891973887e-01
1.535804804804808965e+00
3.326042642642639180e+01
2.661268668668676796e+01
1.089695695695693134e+00
2.436826826826875014e-01
9.724674674674719244e-01
8.390010010009968378e-01
1.173684684684680013e+00
2.329079079079123538e-01
1.307342342342336705e+00
0.000000000000000000e+00
1.874878878878867727e+00
1.014385385385391913e+00
9.531821821822045182e-01
8.469189189189177958e-01
1.626082082082098923e+00
2.498958958959001941e-01
3.592579179179178794e+01
9.898408408408443382e-01
4.108638638638626439e+00
9.434424424424274758e-01
1.370440440440443775e+00
7.837577577577510279e-01
1.037564564564560365e+00
7.643903903903966901e-01
3.840786786786780205e+00
9.000660660660695367e-01
1.025718718718722888e+00
1.132775775775776150e+00
0.000000000000000000e+00
5.556956956957023186e-01
6.353853853853782541e-01
1.428674674674687450e+00
1.043753753753737357e+00
1.695322322322310171e+00
1.891801801801836214e-01
2.344744744744723525e-02
1.871291291291266312e-01
1.186786786786780956e-02
6.024774774774739328e-01
1.000000000000007393e-03
2.156196196196204229e-01
1.040786786786801699e+00
1.115987987988000807e+00
5.113513513513440190e-02
1.552912912912942645e-01
3.513071071071083296e+00
7.732552552552487413e-01
5.462416416416446374e+00
1.000000000000016284e-03
0.000000000000000000e+00
1.281804804804800302e+00
2.651751751751785235e-02
1.000000000000016067e-03
7.081791791791799406e-01
2.372318318318307639e+00
1.000000000000010863e-03
1.205311311311310751e+00
1.115021021021030512e+00
1.572642642642648303e+00
2.629729729729757617e-02
3.843843843843813834e-02
