1.899795795795802045e+00
1.111165165165175939e+00
0.000000000000000000e+00
7.630420420420329641e-01
2.339722722722717307e+00
6.481821821821792673e-01
2.346096096096096095e-01
1.199714714714712471e+00
2.423213213213258055e-01
1.138501501501509416e+00
4.219073173173181601e+01
1.725075075075053477e-01
3.987987987988024854e-03
7.142412412412304512e-01
1.070409409409413426e+00
3.691790790790816512e+00
1.997997997998040166e-03
1.961961961961977696e-02
2.201415615615612609e+01
7.424464464464398672e-01
0.000000000000000000e+00
5.633713713713648374e-01
1.470172172172168112e+00
2.314624624624603000e-01
1.997997997998014579e-03
9.909909909909878079e-03
1.287499499499494382e+00
3.142142142142098638e-02
1.997997997997992027e-03
8.630990990990965450e-01
3.518120120120134864e+00
8.479979979979912486e-02
2.980240240240228933e-01
7.060800800800852706e-01
1.096101101101111031e+00
1.029183183183189021e+00
4.683239139139138274e+01
2.172566066066061907e+01
2.429609609609658938e-01
1.587069069069065419e+00
5.741504504504467477e+00
6.922912912912770889e-01
1.418269269269247124e+00
7.458008008008085721e-01
1.233222222222216891e+00
3.993993993994008999e-03
4.138858858858908696e-01
0.000000000000000000e+00
1.568053053053076518e+00
9.257717717717705241e+00
1.258551551551534420e+00
5.979979979980040543e-03
8.928828828828713760e-02
5.412732732732773444e-01
1.556022022022020224e+00
4.137057057057009768e-01
1.220108108108103551e+00
4.344794794794739068e-01
2.661327327327333681e+00
8.521341341341317488e-01
2.670810310310295677e+01
8.987627627627622351e-01
1.812289589589594740e+01
0.000000000000000000e+00
1.076337337337339495e+00
2.852352352352416701e-02
3.172129129129127367e+00
1.085339339339333353e+00
2.499609609609645955e-01
6.859259259259241348e-02
1.768634634634622893e+00
8.927927927927953658e-03
1.305772772772766377e+00
1.628473473473485589e+00
8.694194194194022896e-02
2.761404804804811519e+01
1.185544544544549828e+00
1.143838838838822758e+00
1.761424524524530710e+01
4.244594594594661152e-01
7.559379379379270736e-01
8.982802802802672959e-01
1.101211211211225172e-01
3.233492492492475279e+00
2.611345345345333691e+00
1.643294294294305180e+00
6.757777777777810302e-01
1.428522522522511107e+00
6.350650650650661033e-01
2.341051051051076526e-01
5.160660660660541105e-02
9.810160160160157350e-01
8.020420420420468210e-02
1.302988988988972086e+00
1.164070070070076568e+00
4.708028028028114487e-01
1.386480480480481337e+00
1.173132132132140626e+00
8.986626626626760261e-01
3.403934834834831946e+01
2.084889889889885772e+00
0.000000000000000000e+00
6.888088088088284433e-02
7.992055055055077517e+00
2.436826826826875292e-01
1.049465465465474034e+00
5.916756756756639257e-01
5.968508508508408861e-01
2.478468468468436325e-01
1.647563563563539502e+00
2.615165165165229677e-01
2.912912912912951277e-02
2.724324324324316898e-02
1.807259259259244022e+00
1.246396396396392880e+00
9.698298298298446696e-02
0.000000000000000000e+00
1.725033033033029017e+00
1.052105105105108240e+00
4.795553553553625115e+00
3.469980980980980068e+00
7.094034034034037983e-01
2.528818818818838188e-01
9.116706706706584340e-01
1.266105105105099993e+00
3.508018018018039808e-01
9.469659659659759310e-01
5.469069069068974859e-02
7.353176176176183354e+00
0.000000000000000000e+00
8.927927927927953658e-03
9.909909909909865935e-03
1.584584584584606756e-02
1.165752752752768462e+00
8.918618618618660010e-01
9.671189189189158597e+00
2.480390390390345978e-01
2.424983983983980629e+00
8.560420420420525867e-01
0.000000000000000000e+00
9.753943943944095585e-01
1.041571571571570098e+00
1.997997997998000701e-03
1.340690690690686360e+00
2.297807807807861202e-01
1.177571571571558007e+00
9.276636636636766964e-01
2.964154154154178267e-01
1.008294294294296511e+00
5.969969969969922408e-03
1.714268268268294815e+00
8.078348348348302066e-01
4.979979979979972868e-03
1.572271271271259652e+00
3.367081081081078509e+00
6.990430430430432107e-01
1.504995995995994429e+00
3.874327327327312442e+00
8.855085085085043772e-01
7.666666666666523133e-02
6.257357357357244687e-02
0.000000000000000000e+00
1.409159159159162067e-01
8.349690690690643180e+00
1.393231231231227163e+00
3.798173673673660744e+01
5.733633633633574561e-02
1.057316316316322169e+00
6.138461461461454327e+00
8.947977977977992214e-01
9.706306306306139442e-02
1.164295295295309396e+00
8.792902902903056983e-01
0.000000000000000000e+00
6.708548548548525225e-01
5.316851851851836841e+00
1.181595595595596349e+00
1.354774774774774315e-01
7.837237237237250354e-02
7.111611611611573514e-01
3.387687687687666871e-02
1.438709709709714124e+00
7.484984984985110223e-02
1.253747747747756325e+00
3.824814814814735398e-01
7.575835835835882381e-01
1.220659659659653062e+00
9.583483483483332677e-01
1.011142142142154920e+00
1.830610610610593769e-01
1.275817817817824551e+00
1.448699699699700361e+00
9.138208208208195016e-01
1.242976976976986503e+00
1.997997997997982920e-03
1.724754754754747710e+00
1.997997997998051008e-03
1.247550550550555970e+00
3.993993993994094001e-03
1.159424024024024291e+01
6.084122122122150422e+00
7.900990990991003660e-01
1.226716716716691469e-01
0.000000000000000000e+00
1.158773773773772220e+00
0.000000000000000000e+00
2.320415415415412408e+00
3.987987987988030926e-03
2.818718718718764282e-02
2.897907907907908975e-01
3.504284884884885543e+01
2.488798798798845524e-01
4.009349349349260461e-01
3.692442442442455119e-01
1.436759759759774768e+00
2.894514214214222747e+01
1.540615315315316636e+01
1.491105405405405371e+01
5.727037037036999401e-01
1.138000000000002787e+00
5.760670670670647864e-01
2.745895895895848482e-01
3.048903903903902535e+00
0.000000000000000000e+00
1.207042842842840713e+01
8.015555555555584633e-01
1.610309309309313264e+00
5.981971971971933311e-01
3.391770770770834442e+00
7.541911911911935995e-01
0.000000000000000000e+00
6.758358358358400597e-01
1.326292292292295061e+00
1.467153153153163192e+00
4.602527527527531248e+00
2.399470470470466132e+00
5.677061061061104752e+00
1.130924924924912922e+00
1.131921921921920982e+00
8.115055055055127031e-01
8.372722722722683031e-01
8.716906906906913832e-01
0.000000000000000000e+00
1.964394394394376187e-01
1.211075075075073837e+00
1.512703703703684566e+00
1.137494994994995956e+01
1.191054054054030864e+00
6.620930930931011593e-01
6.493723723723662244e-01
9.366006006006059037e-01
1.417892892892874901e+00
2.124514514514467545e-01
5.679879879879748406e-02
2.393393393393349056e-01
5.926720720720719093e+00
8.327067067066998840e-01
2.610889889889870474e+00
2.296859859859857522e+00
1.370661661661650266e+00
0.000000000000000000e+00
0.000000000000000000e+00
9.860090090090061210e-01
4.768818818818844285e+00
2.655865665665665887e+01
1.003397397397405966e+00
3.862772772772769425e+00
8.591391391391434151e-01
5.230630630630598299e-01
9.446056056056023609e-01
1.204543543543537876e+00
4.261775775775787700e+00
5.969969969969897254e-03
4.193414414414410984e+00
2.002002002002001985e-03
1.769369369369394943e-02
1.513455455455458232e+00
1.546736736736725182e-01
9.909909909909864201e-03
1.673280280280259324e+00
1.248219219219220966e+00
1.010680880880883059e+01
8.342462462462436612e-01
1.170858858858848439e+00
3.495572572572533510e+00
1.445163163163168951e+00
1.480167867867869447e+01
1.252762762762763105e+00
1.233128128128118117e+00
2.466466466466504803e-01
1.305340340340347627e+00
9.181793793793733727e+00
1.506119119119123440e+00
0.000000000000000000e+00
1.610975975975963870e+00
8.151341341341271640e-01
4.672170170170129921e+00
8.483183183183215514e-02
1.315206206206178896e+00
1.515555555555558043e-01
8.384404404404415256e-01
8.428538538538555835e-01
5.658498498498569784e-01
1.032283283283281117e+00
0.000000000000000000e+00
8.786026026026092506e-01
1.139489489489476370e-01
2.383573573573512516e-01
7.789019019018894596e-01
9.888178178178219646e-01
1.088988988988999311e-02
8.927927927927953658e-03
9.307417417417439554e-01
4.830660660660751615e-01
0.000000000000000000e+00
0.000000000000000000e+00
8.700690690690593421e-01
1.660234234234244211e+00
1.407447447447438993e+00
1.088988988989001219e-02
2.465262262262247983e+00
5.605995995996074788e-01
4.671877877877896879e+00
3.014200200200182866e+00
3.876446446446451422e+00
1.103425425425435202e+00
9.605268268268270404e+00
7.408338338338451567e-01
1.091481481481474836e+00
0.000000000000000000e+00
1.044250250250244205e+00
1.061416416416419484e+00
1.441832832832830924e+00
6.389489489489415253e-02
1.286172172172182160e+00
6.735765765765724389e-01
1.619529529529522838e-01
6.976526526526503069e-01
7.971321321321281905e-01
1.745495495495487659e-01
1.385873873873861628e+00
1.186786786786782344e-02
7.802102102102261016e-02
6.859259259259238573e-02
0.000000000000000000e+00
3.951201501501509483e+01
8.799089089088981686e-01
1.251694694694694832e+01
3.696246246246193135e-01
1.718761761761773199e+00
2.168766766766768939e+00
1.879484484484481577e+00
2.444744744744726389e-02
6.305895895895798908e-01
4.115915915915839551e-02
4.470537537537538242e+00
1.284384384384371948e-02
1.958189189189204260e+00
1.448023023023011113e+00
0.000000000000000000e+00
1.886876876876856790e-01
9.664664664664410210e-02
2.993993993994002907e-03
2.186946946946950188e-01
0.000000000000000000e+00
4.494394394394341519e-01
7.117787787787814846e-01
1.741834834834829815e+00
2.413672772772776298e+01
2.288158158158174749e-01
1.528088088088102592e-01
0.000000000000000000e+00
2.543723723723720909e-01
1.769369369369396677e-02
1.221135135135126504e+00
4.987987987987966762e-03
9.787097097097092746e-01
2.547887887887842484e-01
1.015306306306322126e+00
7.696606606606536394e-01
6.046577577577614271e+00
1.508839839839840602e+00
0.000000000000000000e+00
2.629729729729744434e-02
8.433103103103208875e-01
9.368558558558507388e-01
8.837697697697770582e-01
1.859438438438471675e+00
1.205205205205212293e-01
6.939693693693715026e+00
2.140961961961959403e+01
8.237087087087048287e-01
2.315825825825783557e-01
8.486186186186253089e-01
1.072040040040020958e+00
1.471622622622608345e+00
9.122302302302311983e-01
1.930720720720672245e-01
1.098400400400407761e+00
2.620926926926919975e+00
1.105276276276278891e+00
1.578518518518535974e+00
2.004384184184185358e+01
8.536716716716713504e-01
2.793897897897901572e+01
8.593103103103103546e-01
9.040300300300143643e-01
3.822541541541558896e+00
1.101763763763777382e+00
1.036491491491489336e+00
0.000000000000000000e+00
2.941676676676683311e+00
2.893453453453430080e-01
7.213033033032959507e-01
1.820534034034031379e+01
1.677372372372373466e+00
2.104961261261257732e+01
1.537477477477478205e+00
2.064104104104086124e-01
1.583948948948938451e+00
1.284863863863866085e+00
1.483089089089104862e+00
4.754754754754679513e-02
2.421421421421473263e-01
2.965898998999002600e+01
2.178933933933943301e+00
5.095410410410420532e+00
1.672772772772802147e-02
7.365635635635670031e-01
6.282862862862917952e-01
3.572758758758755704e+00
2.057957957957913878e-02
9.843043043042981610e-02
0.000000000000000000e+00
2.340311311311311648e+00
1.103150150150159492e+00
1.802402402402419890e-01
8.349943943943893387e+00
5.710480480480413235e-01
6.850350350350481454e-02
2.473313313313302564e-01
1.314325325325333305e+00
1.846841841841839749e+00
3.016118018018024927e+01
4.493581581581574724e+00
1.997997997997998099e-03
0.000000000000000000e+00
1.904654654654631685e-01
3.593199199199203164e+00
1.413757757757750033e+00
0.000000000000000000e+00
4.758068068068009304e-01
1.069323323323311481e+00
9.689229229229200380e-01
8.543233233233155088e-01
1.305887887887890564e+00
2.032066066066074317e+00
1.339685685685697125e+00
1.132370370370374912e+00
1.000000000000016501e-03
0.000000000000000000e+00
1.450273273273252173e+00
1.931201201201174777e-01
0.000000000000000000e+00
2.711301301301270450e-01
1.886846846846825521e-01
2.093593593593627566e-01
1.468452452452444712e+00
1.187086086086081238e+00
8.207947947947952239e-01
2.266066066066033668e-01
0.000000000000000000e+00
3.257617617617640793e-01
2.521656656656654949e+00
1.269165165165147435e+00
2.623505505505474567e+00
7.490910910910804077e-01
5.002672672672761056e-01
6.584694694694660511e-01
9.409349349349321878e-01
1.401551551551551533e+00
2.901320220220216939e+01
1.192848848848840460e+00
9.902812812812727961e-01
6.095565565565455035e-01
1.447303303303311139e+00
3.485408408408396053e+00
7.709499499499550268e-01
4.684104104104165334e-01
0.000000000000000000e+00
1.093835835835842651e+00
6.148738738738700471e-01
1.658097097097093409e+00
2.129639639639624993e-01
1.672772772772801106e-02
2.629729729729755189e-02
1.204124124124107853e+00
2.057957957957906592e-02
0.000000000000000000e+00
6.881491491491499302e-01
8.175330330330284667e+00
1.613529529529519335e+00
1.061602202202199585e+01
1.000000000000019320e-03
2.259859859859887077e-01
1.284522522522522081e+00
3.427727727727711282e-02
1.469696696696680016e+00
1.458672672672644888e+00
0.000000000000000000e+00
1.920759759759740781e+00
2.331586686686682341e+01
6.269219219219308581e-01
1.112578578578570454e+00
3.954839839839785931e+00
1.288167167167155958e+00
1.052951951951948351e+00
1.506900900900920215e+00
7.943943943943874639e-03
5.504004004003981709e-01
2.350076076076076603e+00
4.261531531531598249e-01
2.151362362362382097e+00
1.183292292292288383e+00
3.386943943943974578e+00
0.000000000000000000e+00
1.264682682682695791e+00
1.028768768768775904e-01
6.119229229229080635e-01
3.829560560560565374e+00
1.793095295295291791e+01
4.658937937937919216e+00
4.451541541541437774e-01
5.985985985986047239e-03
7.031962962962962749e+00
9.743363363363282126e-01
3.371441441441462850e-01
1.220169169169169798e+01
8.313253253253322095e-01
6.888088088088197003e-02
1.127215215215222610e+00
1.317176176176177549e+00
1.575975975975995799e-02
1.191302302302311267e+00
7.029429429429293053e-02
1.733458458458456919e+00
0.000000000000000000e+00
1.109475475475482975e+00
7.756896896896776639e-01
2.534934934934985826e-02
6.856519519519510553e+00
8.361961961962049994e-02
3.828462462462534965e+00
9.527757757757696622e-01
1.419009009009007116e-01
1.348188188188171655e+00
0.000000000000000000e+00
1.818957957957954674e+00
5.736536536536525066e-01
5.450414614614611963e+01
1.029600600600614646e+00
9.090044044044052640e+00
5.274852852852841778e+00
1.040831831831854570e+00
1.478978978979004003e-02
1.179363363363358230e+00
1.837232232232239637e+00
1.079029029029041631e+00
1.444842842842837705e+00
2.372412412412349125e-01
1.432309809809801493e+01
7.758598598598500651e-01
1.445195195195187188e-01
1.702256256256273748e+00
9.646686686686539725e-01
1.473373373373352835e-01
3.601019419419416323e+01
1.638376376376392551e+00
8.375815815815838006e-01
2.637119119119128108e+00
1.242773773773777846e+00
1.041659959959960524e+01
5.987987987987936425e-03
5.979979979980017991e-03
1.127854854854863698e+00
6.794434434434498682e-01
2.870310610610600222e+01
1.348566566566564484e+00
5.779279279279318782e-02
9.334564564564492573e-01
1.572318318318318031e+00
0.000000000000000000e+00
4.165898898898906744e+00
2.976582382382376935e+01
8.350140140140234202e-01
2.909859859859862397e-01
1.985505505505481272e-01
4.877413413413426824e+00
1.064654654654642735e-01
3.861550950950949357e+01
1.997997997998042334e-03
6.891181181181292859e-01
0.000000000000000000e+00
1.307834834834838755e+00
2.499609609609645955e-01
1.000000000000018886e-03
9.573733733733583717e-01
2.339369369369363183e-01
2.363375175175171350e+01
2.446196196196235018e-01
1.057307307307308486e+00
2.512342342342410162e-01
2.073583583583572809e-01
7.031251251251268153e-01
1.452692692692695298e+00
2.358868868868890245e-01
2.494148148148149335e+00
1.284384384384388948e-02
1.293411411411418799e+00
9.315705705705643602e-01
3.298144144144128820e+00
1.147138138138139363e+00
2.325476476476469490e+00
7.470380380380464702e-01
8.927927927927953658e-03
7.330830830830826761e-01
1.054124124124142664e-01
3.920630630630666524e-01
3.235966166166173963e+01
3.845280780780781527e+01
7.915585585585587225e-01
1.441381381381416082e-01
9.510420420420367948e-01
3.912585885885877701e+01
1.466217217217235635e+00
1.440477477477466239e+00
3.045955955955991223e-01
1.083150150150153257e+00
2.626936936936984379e-01
1.206553553553544988e+00
4.878813413413396205e+01
2.508858858858815100e-01
1.982582582582602393e-02
1.717603603603587326e+00
2.589292892892882847e+01
9.290950950950948029e-01
1.511625625625621305e+00
1.856696696696714111e-01
2.940391391391391274e+00
1.846486486486499379e-01
0.000000000000000000e+00
1.901651651651614650e-01
1.440419419419423797e+01
3.030907907907909760e+00
5.568786986986980736e+01
1.000000000000004358e-03
5.359779779779828557e-01
1.242588588588586784e+00
9.038458458458431544e-01
1.109819819819829328e-01
9.798488488488419357e-01
1.156182182182178053e+00
2.398058058058020747e-01
7.215437437437429935e+00
3.987987987988037865e-03
1.556436436436410553e-01
1.417307307307308584e+00
1.088988988988996015e-02
2.030460460460474792e-01
8.667857857857863557e-01
1.164705705705694427e+00
6.778685685685685414e+00
6.993143143143103480e-01
2.524264264264292068e-01
1.203622622622625205e+00
2.715075075075024658e-01
8.978338338338376357e-01
4.687547547547598614e-01
0.000000000000000000e+00
5.675861861861856816e+00
1.820610610610565727e-01
2.306306306306313558e-01
0.000000000000000000e+00
9.228628628628589292e-02
2.993993993994001172e-03
9.749459459459479671e-01
1.355345345345327635e-01
4.612762762762722679e-01
4.119219219219181355e-02
1.056355355355358849e+00
9.241221221221247450e-01
1.603057057057046819e+00
1.113335335335339016e+00
1.667569569569565147e+00
1.667096096096091662e+00
1.621998398398399743e+01
4.225984984984984294e+01
1.237204204204189972e+00
1.045936936936933348e+00
6.836300300300376165e+00
2.017447447447430764e-01
2.520517517517528283e+00
1.000000000000010212e-03
2.727982982982981586e+00
8.201661661661591163e-01
0.000000000000000000e+00
1.070661661661667763e+00
1.189309309309315443e-01
0.000000000000000000e+00
3.450724724724699488e+00
2.335932432432444728e+01
2.171751751751718473e-01
8.483493493493587945e-01
1.398997997998005838e+00
2.596344344344342137e+00
8.418878878879020311e-01
9.627937937938096935e-01
1.386886886886866954e-01
1.129478478478471493e+00
7.198798798798873577e-02
1.042430430430431265e+00
1.967404404404409446e+00
8.917747747747774012e-01
1.194182182182196739e+00
3.362312312312253915e-01
2.265105105105131023e-01
1.336837837837844267e+00
1.557267267267295474e-01
3.883534534534522020e+00
2.929728728728735909e+00
7.340320320320171676e-01
2.689363363363358239e+00
2.534934934934975764e-02
2.734864864864819389e-01
2.481671671671662194e-01
8.769629629629646095e-01
1.806069069069078603e+00
1.575975975975996493e-02
1.153224224224217220e+00
1.155223223223226681e+00
3.980730530530542666e+01
7.785285285285267753e-02
4.699393393393389573e+00
8.967667667667471310e-02
2.287847847847872262e-01
5.043898898898887317e+00
1.858056056056053063e+00
1.050129129129122152e+00
1.557187187187203115e-01
2.510173673673672212e+01
2.074401401401412048e+00
1.398737737737736131e+00
1.280030030030009092e-01
2.568968968968991518e-01
6.520460460460399954e-01
1.752544544544543781e+00
3.893168168168152476e+00
0.000000000000000000e+00
1.575975975975987126e-02
5.462702702702669777e-01
7.870060060060138918e-01
1.313544544544531067e+00
3.119405405405403897e+00
1.521871871871886883e+00
1.069059059059067174e+00
2.799559559559549049e-01
0.000000000000000000e+00
1.997997997998026288e-03
1.637348348348367288e+00
1.405748748748739896e+00
1.710593593593586981e+00
4.944744744744661302e-02
1.610924924924909574e+00
5.093132132132128120e+00
2.632932932932875447e-01
1.402926026026020700e+01
1.450677677677693955e+00
1.915384384384390737e+00
9.040870870870801879e-01
3.706977977977966354e+00
1.307277277277269834e+00
0.000000000000000000e+00
8.890230230230171671e-01
1.896218218218222118e+00
8.687087087086982351e-02
1.156831831831841573e+00
7.672132132132178928e-01
1.618456356356356807e+01
3.606672672672673663e+00
8.518258258258329940e-01
8.377567567567485440e-01
4.717517517517575559e-02
2.258898898898927532e-01
8.927927927927948454e-03
2.530570570570545019e-01
1.062443443443435775e+00
2.658618618618657226e-01
3.780220220220222860e-01
1.136071071071065974e+00
6.804208208208208930e+00
1.145248848848849832e+01
7.536816816816762632e-01
0.000000000000000000e+00
6.944444444444271280e-02
8.222411411411442828e+00
7.294964964964959497e-01
1.291966966966958674e+00
1.348550550550551064e+00
1.000000000000004358e-03
6.728068068068018270e-01
1.392502502502501460e-01
6.957957957957839647e-03
8.921653653653621063e+00
1.353135135135133504e+00
1.215046046046049710e+00
3.159109109109121127e-01
1.505543543543551355e+00
2.530190190190187427e-01
1.473744744744740043e+00
3.323072072072071670e+00
9.921421421421319220e-01
8.775125125125184944e-01
2.153753753753784306e-02
1.431796796796800608e+00
6.321171171171148906e+00
1.147162162162167709e+00
6.626376376376394983e-01
0.000000000000000000e+00
6.882382382382493113e-02
8.653263263263127891e-01
1.707533533533528880e+00
6.643313313313349289e-01
1.841351351351327159e-01
3.119874874874862147e+00
2.461076276276281760e+01
1.811102102102086775e+00
2.258300300300296382e+00
2.472791791791790317e+00
5.173753753753708162e-01
2.355945945945977227e-01
2.848434234234224860e+01
2.315065465465469430e+01
8.767627627627648801e-01
9.607967967968029654e-01
1.858271271271255243e+00
1.134949949949948023e+00
1.150461461461455004e+00
4.594174174174087688e-01
0.000000000000000000e+00
5.024124124124086654e-02
1.001420420420429114e+00
7.552078078078096723e+00
1.407974974974961269e+00
1.782189689689695555e+01
9.446489489489509950e+00
4.921108108108088963e+00
7.155865865865868036e-01
9.617917917917943871e-02
1.385614614614616880e+00
9.478618618618589453e-01
0.000000000000000000e+00
3.038437837837840760e+01
5.078498498498513758e-01
5.919159159159150807e-01
7.492762762762701367e-01
1.439845845845851180e+00
8.502232232232194153e-01
1.324534534534544061e+00
2.240639639639637526e+00
2.544544544544494885e-02
0.000000000000000000e+00
1.878142742742739912e+01
9.691881881882085104e-01
2.043164564564565566e+01
2.124874874874896902e-01
1.001199199199183987e+00
0.000000000000000000e+00
1.201953353353354181e+01
0.000000000000000000e+00
4.480199199199207172e+00
0.000000000000000000e+00
4.415765765765865547e-01
1.189046046046039251e+01
1.101539539539534207e+00
1.164767767767778128e+00
3.268040640640642636e+01
1.584703703703705280e+00
1.597387387387396940e+00
4.546046046046001154e-02
1.107329329329330259e+00
0.000000000000000000e+00
1.346543543543558430e+00
8.809671671671692295e+00
7.431031031030994882e-02
1.126473173173171816e+01
4.543394794794804170e+01
1.016221221221226934e+00
0.000000000000000000e+00
1.407305305305304621e+00
2.105882682682667095e+01
2.049207207207194070e+00
7.812882882882978830e-01
2.479893893893891743e+01
0.000000000000000000e+00
7.294144144144140141e-01
1.997997997998002002e-03
1.734374374374390293e-01
2.504002202202199712e+01
1.660660660660668309e-01
3.822637637637622099e+00
2.600054054054047992e+00
1.182985985985989696e+00
6.717787787787762310e-01
2.361511511511472095e-01
2.458418418418455154e-01
6.668578578578590044e-01
2.869258258258243544e+00
1.282606606606612853e+00
1.330102102102108663e+00
7.283183183183314369e-02
4.941651651651698396e-01
5.976352352352361841e+00
1.722056756756753515e+01
8.211081081081085253e-01
6.815045045045063921e-01
1.621976976976983620e+00
2.249349349349379426e-02
3.351637637637634271e+01
1.096267267267266199e+00
7.512252252252277218e-01
2.224540540540524525e+00
7.745635635635621519e-01
1.106312312312315305e+00
2.152142142142145165e+00
1.102342342342351317e-01
4.074424424424382130e-01
0.000000000000000000e+00
4.229009009009074282e-01
1.701312312312311725e+00
3.775303203203188929e+01
3.159521621621625798e+01
1.231982982982991581e+00
2.453153153153103949e-01
1.105416416416432179e+00
9.668918918918943950e-01
1.347193193193194860e+00
2.345415415415455784e-01
1.496086086086097611e+00
0.000000000000000000e+00
2.171701701701691967e+00
1.109282282282298970e+00
1.062393393393385566e+00
9.135675675675707375e-01
1.880679679679671867e+00
2.556586586586567234e-01
4.072967167167159630e+01
1.133087087087089273e+00
4.693309309309310784e+00
1.044258258258252914e+00
1.565535535535554246e+00
8.961231231231323591e-01
1.183297297297295270e+00
8.387977977977953969e-01
4.467197197197199543e+00
9.388178178178241406e-01
1.153035035035034683e+00
1.315035035035013289e+00
0.000000000000000000e+00
5.713613613613696129e-01
6.418808808808802446e-01
1.517797797797796111e+00
1.163381381381388247e+00
1.934858858858869990e+00
1.991231231231201382e-01
3.659259259259166341e-02
2.025685685685717219e-01
1.186786786786780436e-02
6.211161161161182775e-01
1.997997997998009808e-03
2.584044044044008781e-01
1.149584584584580682e+00
1.321876876876871165e+00
7.535135135135212492e-02
1.666456456456439361e-01
4.072922922922900923e+00
8.533603603603659993e-01
6.393571571571587953e+00
3.987987987988058682e-03
0.000000000000000000e+00
1.388686686686680494e+00
3.801301301301310276e-02
0.000000000000000000e+00
7.880940940940862616e-01
2.727169169169143093e+00
1.997997997997988991e-03
1.247561561561553400e+00
1.263250250250242512e+00
1.804505505505500373e+00
4.754754754754626778e-02
5.424124124124264645e-02
