1.936730730730741978e+00
1.171670670670667214e+00
0.000000000000000000e+00
7.803543543543564054e-01
2.347270270270271464e+00
6.494404404404378051e-01
2.360750750750764126e-01
1.257027027027016963e+00
2.400390390390357842e-01
1.159565565565580325e+00
4.318744144144145025e+01
1.771801801801818899e-01
2.993993993994004208e-03
7.401701701701801639e-01
1.118088088088099008e+00
3.755242242242243567e+00
4.979979979979971133e-03
2.057957957957897571e-02
2.274890790790799855e+01
7.568238238238309545e-01
0.000000000000000000e+00
5.825815815815846843e-01
1.524491491491480000e+00
2.343583583583551677e-01
1.000000000000000238e-03
1.088988988988994801e-02
1.347680680680673815e+00
3.139139139139174306e-02
3.993993993993999458e-03
8.579249249249203402e-01
3.544230230230248857e+00
8.479979979979912486e-02
2.998988988989025883e-01
7.187807807807852223e-01
1.105795795795809333e+00
1.045890890890905256e+00
4.802685385385382233e+01
2.262221621621613821e+01
2.461301301301306865e-01
1.647167167167169932e+00
5.928247247247229623e+00
6.834224224224064725e-01
1.438981981981990232e+00
7.457757757757748074e-01
1.255525525525536867e+00
3.993993993994008999e-03
4.095925925925860689e-01
0.000000000000000000e+00
1.643225225225219743e+00
9.496823823823827837e+00
1.330693693693686397e+00
5.979979979980040543e-03
9.088988988988955242e-02
5.545575575575487637e-01
1.593094094094094082e+00
4.075015015015027720e-01
1.231051051051061940e+00
4.461221221221274291e-01
2.804555555555526158e+00
8.605155155155059798e-01
2.687334434434430719e+01
9.066146146146124574e-01
1.854216516516519775e+01
0.000000000000000000e+00
1.094753753753744174e+00
3.623923923923973167e-02
3.251982982982985604e+00
1.110163163163169431e+00
2.501691691691654285e-01
7.283183183183290776e-02
1.852631631631630915e+00
9.909909909909860731e-03
1.327647647647647089e+00
1.678090090090085251e+00
8.876376376376345079e-02
2.839227427427423933e+01
1.263370370370360041e+00
1.177862862862872895e+00
1.810686486486486046e+01
4.229379379379319404e-01
7.597347347347372937e-01
9.100570570570636342e-01
1.091811811811813776e-01
3.271106106106124400e+00
2.684343343343332577e+00
1.690415415415440048e+00
6.906456456456353532e-01
1.422624624624645007e+00
6.502472472472490272e-01
2.333333333333290627e-01
5.725625625625671566e-02
1.026632632632636710e+00
8.203203203203285332e-02
1.349143143143133772e+00
1.196470470470475611e+00
4.768918918918871874e-01
1.440815815815798651e+00
1.173391391391393812e+00
9.568578578578446070e-01
3.522291791791792548e+01
2.170069069069098244e+00
0.000000000000000000e+00
7.314014014013939247e-02
8.340622622622532845e+00
2.419609609609641721e-01
1.082344344344337017e+00
6.001391391391491803e-01
6.187277277277202225e-01
2.483123123123119613e-01
1.701695695695700117e+00
2.590220220220176284e-01
3.566666666666711699e-02
2.818718718718765323e-02
1.788587587587574967e+00
1.306319319319301231e+00
1.031811811811827323e-01
0.000000000000000000e+00
1.759618618618635111e+00
1.081902902902889263e+00
5.001573573573553588e+00
3.630800800800789041e+00
7.377197197197281620e-01
2.541571571571629162e-01
9.333703703703547516e-01
1.313165165165156134e+00
3.509189189189120262e-01
9.502332332332267262e-01
5.645645645645548660e-02
7.552563563563559512e+00
0.000000000000000000e+00
7.943943943943859026e-03
1.186786786786790844e-02
1.488988988989002095e-02
1.195717717717716289e+00
9.498318318318230702e-01
9.790122122122131287e+00
2.480390390390345978e-01
2.540807807807801133e+00
8.677417417417307988e-01
0.000000000000000000e+00
1.031986986986970889e+00
1.036638638638632814e+00
2.993993993994003774e-03
1.382104104104100006e+00
2.292042042042080063e-01
1.214259259259257151e+00
9.346286286286332734e-01
3.153343343343328331e-01
1.016566566566563967e+00
5.969969969969879907e-03
1.772074074074046601e+00
8.272172172172062021e-01
3.987987987988033528e-03
1.609728728728723635e+00
3.411208208208212245e+00
6.984854854854790629e-01
1.515224224224253513e+00
4.035201201201215504e+00
9.306336336336261672e-01
8.511511511511507533e-02
5.996396396396339035e-02
0.000000000000000000e+00
1.382412412412390712e-01
8.498191191191192928e+00
1.416532532532527311e+00
3.925587187187194615e+01
5.645645645645546579e-02
1.061860860860883937e+00
6.361307307307338732e+00
9.176836836836980149e-01
9.726526526526624306e-02
1.207031031031042145e+00
8.860260260260263143e-01
0.000000000000000000e+00
6.738868868869016815e-01
5.432047047047062094e+00
1.224598598598603649e+00
1.347897897897881725e-01
8.063163163163260261e-02
7.142262262262271122e-01
3.851651651651639280e-02
1.448342342342352040e+00
7.774774774774649566e-02
1.323664664664680357e+00
3.882992992993035686e-01
7.701671671671554975e-01
1.260160160160169518e+00
9.827887887887739593e-01
1.026409409409396067e+00
1.788168168168143279e-01
1.330404404404392560e+00
1.497198198198206764e+00
9.208798798798687457e-01
1.302837837837838464e+00
1.997997997997982920e-03
1.778341341341363124e+00
1.997997997998051008e-03
1.281382382382381335e+00
1.095795795795785274e-02
1.192380180180183835e+01
6.216605605605598051e+00
7.851791791791781217e-01
1.323833833833805707e-01
0.000000000000000000e+00
1.210598598598583431e+00
0.000000000000000000e+00
2.390916916916913770e+00
4.979979979979970266e-03
3.100700700700730755e-02
3.025155155155182518e-01
3.636779379379371591e+01
2.489529529529506402e-01
4.509579579579506836e-01
3.760720720720676646e-01
1.466496496496500823e+00
3.019810910910886648e+01
1.578495695695685264e+01
1.570514314314314497e+01
5.786216216216217845e-01
1.166219219219225112e+00
5.845635635635516580e-01
2.744644644644616549e-01
3.074300300300282007e+00
0.000000000000000000e+00
1.241991891891891164e+01
8.218168168168240584e-01
1.649791791791786810e+00
6.163263263263227820e-01
3.548363363363380429e+00
7.752702702702728432e-01
0.000000000000000000e+00
6.957547547547509037e-01
1.315402402402407356e+00
1.563177177177193622e+00
4.706176176176167125e+00
2.473632632632624784e+00
5.870538538538549567e+00
1.144485485485482013e+00
1.151633633633630582e+00
8.218278278278250415e-01
8.419529529529539147e-01
8.806236236236225645e-01
0.000000000000000000e+00
2.005745745745718678e-01
1.267313313313320755e+00
1.533911911911902237e+00
1.164519519519518909e+01
1.234693693693687422e+00
6.780200200200249272e-01
6.496456456456436435e-01
9.490950950950998166e-01
1.474736736736728782e+00
2.173963963963921886e-01
5.779279279279316700e-02
2.425925925925867810e-01
6.013411411411481389e+00
8.638058058058127875e-01
2.673598598598599274e+00
2.384434434434414829e+00
1.400094094094091357e+00
0.000000000000000000e+00
0.000000000000000000e+00
9.853773773773790712e-01
4.866177177177157809e+00
2.745280280280278262e+01
1.003873873873879274e+00
3.999438438438447374e+00
8.631051051051008560e-01
5.340980980981063775e-01
9.497727727727741653e-01
1.194697697697716832e+00
4.436545545545537372e+00
5.969969969969899856e-03
4.145755755755683225e+00
3.987987987988023987e-03
2.057957957957907633e-02
1.541687687687693709e+00
1.589549549549549579e-01
1.088988988988997576e-02
1.726777777777798617e+00
1.307958958958958862e+00
1.057248648648649159e+01
8.468108108108131082e-01
1.174856856856844267e+00
3.584642642642645871e+00
1.438867867867846373e+00
1.528665665665665863e+01
1.309093093093106841e+00
1.293274274274275992e+00
2.449159159159109145e-01
1.316174174174175260e+00
9.606256256256269666e+00
1.552302302302315695e+00
0.000000000000000000e+00
1.648686686686705594e+00
8.350190190190107664e-01
4.832919919919928198e+00
9.700700700700461143e-02
1.323726726726730529e+00
1.496606606606634970e-01
8.686496496496396436e-01
8.537157157157061471e-01
5.771321321321194464e-01
1.074733733733727714e+00
0.000000000000000000e+00
8.868198198198250504e-01
1.241321321321309373e-01
2.358358358358315365e-01
7.951941941941841341e-01
1.005336336336333680e+00
1.284384384384380622e-02
1.088988988988998270e-02
9.571831831831860704e-01
4.835345345345429813e-01
0.000000000000000000e+00
0.000000000000000000e+00
8.917267267267376951e-01
1.716466466466475493e+00
1.437260260260258216e+00
9.909909909909858997e-03
2.541507507507474894e+00
6.085245245245172185e-01
4.829023023022983807e+00
3.044122122122085106e+00
3.935121121121081256e+00
1.123128128128132897e+00
9.738838838838798750e+00
7.661051051050969951e-01
1.138260260260259393e+00
0.000000000000000000e+00
1.081431431431436385e+00
1.086740740740730349e+00
1.470441441441435515e+00
7.115415415415426992e-02
1.307974974974974502e+00
6.918578578578632454e-01
1.619529529529523393e-01
7.065435435435508671e-01
8.178738738738724479e-01
1.723313313313318274e-01
1.404287287287276031e+00
1.478978978978989084e-02
8.198198198198065889e-02
6.773873873873977047e-02
0.000000000000000000e+00
4.123065665665667012e+01
8.883743743743759413e-01
1.286430930930935013e+01
3.839479479479466217e-01
1.766429429429410947e+00
2.251426426426445193e+00
1.911861861861860579e+00
2.829529529529565060e-02
6.433103103103094966e-01
4.403103103103111343e-02
4.647794794794771533e+00
1.672772772772787228e-02
2.026950950950952457e+00
1.511510510510493566e+00
0.000000000000000000e+00
1.896846846846816370e-01
1.036466466466459818e-01
4.979979979979968531e-03
2.224264264264240176e-01
0.000000000000000000e+00
4.536036036036161789e-01
7.424644644644529112e-01
1.783178178178143281e+00
2.515853753753755484e+01
2.281991991992040891e-01
1.496606606606635526e-01
0.000000000000000000e+00
2.493123123123150431e-01
1.865765765765763431e-02
1.235910910910914984e+00
4.991991991992075599e-03
9.992872872872893275e-01
2.589529529529501217e-01
1.040810810810806952e+00
7.911251251251139038e-01
6.352643643643628657e+00
1.564790790790770769e+00
0.000000000000000000e+00
2.344744744744731157e-02
8.739049049049039120e-01
9.785295295295156626e-01
8.863893893893823872e-01
1.848587587587577241e+00
1.233873873873858606e-01
7.181100100100120009e+00
2.215994994994995082e+01
8.408748748748854362e-01
2.359709709709734704e-01
8.601211211211098329e-01
1.097227227227225654e+00
1.509247247247257118e+00
9.267497497497512171e-01
2.018018018017979642e-01
1.108958958958959462e+00
2.718445445445443198e+00
1.140673673673676003e+00
1.635765765765752500e+00
2.068746946946946963e+01
8.700320320320374945e-01
2.861190490490485416e+01
8.762332332332358753e-01
9.237067067066916382e-01
3.943390390390370204e+00
1.125569569569561557e+00
1.029447447447433550e+00
0.000000000000000000e+00
3.106272272272259105e+00
2.801231231231253171e-01
7.263823823823818415e-01
1.874794594594597186e+01
1.733716716716703354e+00
2.167957357357343540e+01
1.561108108108093973e+00
2.064174174174144560e-01
1.619389389389397582e+00
1.327581581581585679e+00
1.508025025025008681e+00
5.202702702702719645e-02
2.433543543543555399e-01
3.057378078078076555e+01
2.238601601601604152e+00
5.187989989990047235e+00
1.575975975975999963e-02
7.675515515515600740e-01
6.402872872872779064e-01
3.707488488488477341e+00
2.724324324324316898e-02
9.685685685685781199e-02
0.000000000000000000e+00
2.316463463463458439e+00
1.098857857857856724e+00
1.851751751751757880e-01
8.783519519519508378e+00
5.878918918918978331e-01
6.941541541541552951e-02
2.464024024024086268e-01
1.366948948948953690e+00
1.873124124124130985e+00
3.060908408408421266e+01
4.645736736736759909e+00
1.997997997997998099e-03
0.000000000000000000e+00
1.983973973973999216e-01
3.793359359359359306e+00
1.427530530530534802e+00
0.000000000000000000e+00
4.794734734734823478e-01
1.076783783783795467e+00
1.003264264264272176e+00
8.904864864864971974e-01
1.377855855855866896e+00
2.053164164164170025e+00
1.409484484484482936e+00
1.172491491491489901e+00
2.993993993994002907e-03
0.000000000000000000e+00
1.481008008008007470e+00
1.977707707707724027e-01
0.000000000000000000e+00
2.811351351351372152e-01
1.935925925925934543e-01
2.200230230230207640e-01
1.519825825825840582e+00
1.230977977977978588e+00
8.338848848848863238e-01
2.332052052052024649e-01
0.000000000000000000e+00
3.315025025025002403e-01
2.563082082082081659e+00
1.332578578578582862e+00
2.626814814814831589e+00
7.818408408408402677e-01
5.062652652652523955e-01
6.645985985986068156e-01
9.359819819819940045e-01
1.484346346346338219e+00
3.020775175175171867e+01
1.216748748748760711e+00
1.028642642642641603e+00
6.067627627627609765e-01
1.478669669669659292e+00
3.587345345345365200e+00
7.982852852852829750e-01
4.661371371371468841e-01
0.000000000000000000e+00
1.106481481481478735e+00
6.353813813813763423e-01
1.727031031031017738e+00
2.167277277277313563e-01
2.534934934934997622e-02
3.100700700700732490e-02
1.249198198198191445e+00
1.961961961961963472e-02
0.000000000000000000e+00
7.070250250250307289e-01
8.303653653653729094e+00
1.662844844844833414e+00
1.101855155155154975e+01
1.997997997998044069e-03
2.242852852852898204e-01
1.314489489489497176e+00
3.988688688688731693e-02
1.489480480480486202e+00
1.485189189189188852e+00
0.000000000000000000e+00
1.956065065065072606e+00
2.393507707707707866e+01
6.592792792792759871e-01
1.130344344344333507e+00
3.978044044044040550e+00
1.320246246246252975e+00
1.095586586586574596e+00
1.530424424424416951e+00
6.957957957957909903e-03
5.563823823823857984e-01
2.370133133133131231e+00
4.280180180180096494e-01
2.263017017017007415e+00
1.242151151151168920e+00
3.441488488488516850e+00
1.997997997998041467e-03
1.307225225225230991e+00
1.104844844844828644e-01
6.120910910910932756e-01
3.975869869869870676e+00
1.792698498498497273e+01
4.816891891891869726e+00
4.689379379379318702e-01
8.963963963964037204e-03
7.175961961961952795e+00
1.003482482482473515e+00
3.359639639639644959e-01
1.250251451451451778e+01
8.255715715715808978e-01
7.413613613613682929e-02
1.145720720720717622e+00
1.310865865865865842e+00
1.769369369369417494e-02
1.209979979979975084e+00
7.283183183183319920e-02
1.769265265265268505e+00
0.000000000000000000e+00
1.142524524524518359e+00
7.914474474474462173e-01
2.344744744744731504e-02
7.119545545545581611e+00
8.361961961962051382e-02
3.973897897897874731e+00
9.959899899899967712e-01
1.451691691691711084e-01
1.395081081081080088e+00
0.000000000000000000e+00
1.885672672672691563e+00
5.928908908908918640e-01
5.614955655655655420e+01
1.046824824824828415e+00
9.167006006006044316e+00
5.469928928928950107e+00
1.060593593593592621e+00
1.575975975975985044e-02
1.206324324324317354e+00
1.863441441441441748e+00
1.102764764764762262e+00
1.490456456456451750e+00
2.372412412412348848e-01
1.465076176176175871e+01
7.856716716716584115e-01
1.464624624624643323e-01
1.787750750750736195e+00
1.019089089089066258e+00
1.508388388388402501e-01
3.663459359359353584e+01
1.645461461461472430e+00
8.652632632632777376e-01
2.675742742742752256e+00
1.311482482482482004e+00
1.030083183183180928e+01
5.987987987987936425e-03
5.979979979980017991e-03
1.128189189189201302e+00
6.941611611611632204e-01
2.979231131131135157e+01
1.394024024024029806e+00
6.494394394394306658e-02
9.408798798798847507e-01
1.588457457457455035e+00
0.000000000000000000e+00
4.352508508508506679e+00
3.099828528528528082e+01
8.464884884884755767e-01
3.024774774774792729e-01
1.966156156156122214e-01
4.960810810810808213e+00
1.072232232232246257e-01
4.061272372372374662e+01
3.987987987988054345e-03
6.999499499499459709e-01
1.000000000000010212e-03
1.336455455455475061e+00
2.500250250250257711e-01
1.000000000000018886e-03
9.447517517517678431e-01
2.329669669669650889e-01
2.421689089089118596e+01
2.444684684684669540e-01
1.090424424424412120e+00
2.501501501501531832e-01
2.081831831831804924e-01
7.314934934934815836e-01
1.492881881881884976e+00
2.364064064064039239e-01
2.570180180180203777e+00
1.381781781781782174e-02
1.321064064064081167e+00
9.660750750750630722e-01
3.399318318318319765e+00
1.175780780780765200e+00
2.366777777777789638e+00
7.486996996997006271e-01
6.957957957957864800e-03
7.525025025025033898e-01
1.104844844844827673e-01
3.883313313313345172e-01
3.355037237237237946e+01
3.917284184184180162e+01
7.992232232232223677e-01
1.495225225225258470e-01
9.734114114114154059e-01
4.012009509509537963e+01
1.488326326326308235e+00
1.459418418418418462e+00
3.053153153153204125e-01
1.090389389389384345e+00
2.665895895895927792e-01
1.243614614614616531e+00
5.049637037037032172e+01
2.567997997998022197e-01
1.783583583583601972e-02
1.776798798798820522e+00
2.660045245245240508e+01
9.319959959960050222e-01
1.593932932932937252e+00
1.856696696696714388e-01
3.111770770770753369e+00
1.911421421421395095e-01
0.000000000000000000e+00
1.846486486486499379e-01
1.485026826826821278e+01
3.099754754754765251e+00
5.718264664664671670e+01
1.997997997998010242e-03
5.382082082082142449e-01
1.270749749749755519e+00
9.216676676676678337e-01
1.146906906906917101e-01
1.000679679679685519e+00
1.206725725725719345e+00
2.439519519519516011e-01
7.281791791791790480e+00
4.979979979979972000e-03
1.678918918918900771e-01
1.475390390390405093e+00
1.381781781781794144e-02
2.020710710710691416e-01
8.933953953953930327e-01
1.176397397397402678e+00
7.212779779779760148e+00
6.979269269269248177e-01
2.584304304304260169e-01
1.232719719719729934e+00
2.770840840840834707e-01
9.356786786786974730e-01
4.927187187187282991e-01
0.000000000000000000e+00
5.949866866866853066e+00
1.815375375375410660e-01
2.370120120120150220e-01
0.000000000000000000e+00
9.627127127126983153e-02
2.993993993994001172e-03
9.842052052052004951e-01
1.442142142142177896e-01
4.649829829829756900e-01
4.483583583583649473e-02
1.064726726726719530e+00
9.291631631631707133e-01
1.697379379379390318e+00
1.172391391391394588e+00
1.688015015015035702e+00
1.677812812812816690e+00
1.680867167167170351e+01
4.463388488488489259e+01
1.272836836836845453e+00
1.000587587587605132e+00
7.146837837837827223e+00
2.036496496496513764e-01
2.677936936936920809e+00
0.000000000000000000e+00
2.849387387387381843e+00
8.296966966966993207e-01
0.000000000000000000e+00
1.091445445445456963e+00
1.176766766766778882e-01
0.000000000000000000e+00
3.529156156156148860e+00
2.409915315315307183e+01
2.111421421421395272e-01
8.682192192192099700e-01
1.392508508508521592e+00
2.609360360360361231e+00
8.471861861861906817e-01
1.002209209209193208e+00
1.471471471471497983e-01
1.117083083083081352e+00
7.114214214214252541e-02
1.068319319319329219e+00
1.987382382382362200e+00
9.141581581581664784e-01
1.200285285285268122e+00
3.389499499499523116e-01
2.268178178178144877e-01
1.406756756756765814e+00
1.592222222222227646e-01
3.960613613613598538e+00
3.022648648648670555e+00
7.468818818818817595e-01
2.743225225225225383e+00
2.818718718718775038e-02
2.798258258258324860e-01
2.506016016016006653e-01
8.907497497497475214e-01
1.841272272272280297e+00
1.769369369369386269e-02
1.189557557557558098e+00
1.180503503503503637e+00
4.154337237237236025e+01
7.702102102102180436e-02
4.885692692692727768e+00
9.407807807807651301e-02
2.409819819819853659e-01
5.161264264264279866e+00
1.922937937937943875e+00
1.081198198198198845e+00
1.609289289289251301e-01
2.662946346346347326e+01
2.163528528528535944e+00
1.437551551551536688e+00
1.355495495495506741e-01
2.584534534534491668e-01
6.591651651651579957e-01
1.792197197197188396e+00
4.187342342342365242e+00
0.000000000000000000e+00
1.865765765765767942e-02
5.725755755755732590e-01
8.063153153153128638e-01
1.356170170170164946e+00
3.231077077077108228e+00
1.492926926926930076e+00
1.087213213213222618e+00
2.875735735735662768e-01
0.000000000000000000e+00
2.993993993994000739e-03
1.674081081081084221e+00
1.437668668668687477e+00
1.768698698698717431e+00
4.401801801801807912e-02
1.661788788788781668e+00
5.112432432432441942e+00
2.629729729729743393e-01
1.453583083083076843e+01
1.494766766766777222e+00
1.943262262262268392e+00
9.267417417417365133e-01
3.737587587587585691e+00
1.339937937937941470e+00
0.000000000000000000e+00
9.138038038038044375e-01
1.905771771771788581e+00
8.787087087087216974e-02
1.181471471471472023e+00
7.723313313313375783e-01
1.690616616616621570e+01
3.748374374374379592e+00
9.001191191191131313e-01
8.481861861861927920e-01
4.620120120120120577e-02
2.283243243243260057e-01
9.909909909909869405e-03
2.533523523523575349e-01
1.075736736736731203e+00
2.813913913913920761e-01
3.685425425425395973e-01
1.139931931931918774e+00
7.064958958958939661e+00
1.166934434434446466e+01
7.808998998998910590e-01
0.000000000000000000e+00
7.283183183183296328e-02
8.662674674674684994e+00
7.400150150150082151e-01
1.331839839839836781e+00
1.404992992992983192e+00
1.000000000000004358e-03
6.680410410410269062e-01
1.425585585585593118e-01
8.927927927927953658e-03
9.282196196196160543e+00
1.412771771771780704e+00
1.263682682682686798e+00
3.211811811811823292e-01
1.561167167167174297e+00
2.540250250250317143e-01
1.513164164164163106e+00
3.410733733733737783e+00
9.921471471471480230e-01
8.941091091091006859e-01
2.249349349349384977e-02
1.457016016016011051e+00
6.570370370370350876e+00
1.182742742742748598e+00
6.632492492492448877e-01
0.000000000000000000e+00
7.445345345345297239e-02
8.794454454454402326e-01
1.780123123123117601e+00
6.904364364364334872e-01
1.815375375375409828e-01
3.176943943943934201e+00
2.575933233233229203e+01
1.877613613613613897e+00
2.385315315315299500e+00
2.540694694694691336e+00
5.464774774774726618e-01
2.367807807807758291e-01
2.924181381381388078e+01
2.414934834834836863e+01
8.934314314314382166e-01
9.350010010010035844e-01
1.893634634634673741e+00
1.163841841841844360e+00
1.173650650650653215e+00
4.781121121121131856e-01
0.000000000000000000e+00
5.291691691691605137e-02
1.015362362362362436e+00
7.695133133133130521e+00
1.466049049049058306e+00
1.872244844844846767e+01
9.545357357357367789e+00
5.108399399399398355e+00
7.513823823823831960e-01
9.897697697697800667e-02
1.383203203203211107e+00
9.502012012011997744e-01
0.000000000000000000e+00
3.175072572572573648e+01
5.243663663663729047e-01
6.244074074074110747e-01
7.617647647647664000e-01
1.448074074074085615e+00
8.634134134134167082e-01
1.370188188188188105e+00
2.284975975975968243e+00
2.639739739739711821e-02
0.000000000000000000e+00
1.940618118118119995e+01
9.850230230230320183e-01
2.109166666666666146e+01
2.216726726726705177e-01
1.016654654654637335e+00
0.000000000000000000e+00
1.211438538538538268e+01
0.000000000000000000e+00
4.605619619619617744e+00
0.000000000000000000e+00
4.390340340340402325e-01
1.217995195195192082e+01
1.114521521521522063e+00
1.206456456456445503e+00
3.416486786786789054e+01
1.602500500500472880e+00
1.681652652652644964e+00
5.572572572572644795e-02
1.081956956956962035e+00
1.000000000000000454e-03
1.367034034034019685e+00
9.256258258258295513e+00
6.979279279279156090e-02
1.156544944944945996e+01
4.766136036036038348e+01
1.045731731731716962e+00
0.000000000000000000e+00
1.430953953953972846e+00
2.198047147147145353e+01
2.113320320320342116e+00
7.913813813813903586e-01
2.556586786786798271e+01
0.000000000000000000e+00
7.226316316316360178e-01
2.997997997998022839e-03
1.842232232232216271e-01
2.581929029029027589e+01
1.700810810810775564e-01
3.911507507507533177e+00
2.628319319319314840e+00
1.204410410410389654e+00
7.021001001000896080e-01
2.355145145145182140e-01
2.446036036036056127e-01
6.719029029028986688e-01
2.926473473473473863e+00
1.306961961961961460e+00
1.333643643643650734e+00
7.114214214214251153e-02
5.087717717717771260e-01
6.225846846846822658e+00
1.746672872872870030e+01
8.654164164164145356e-01
7.028448448448526564e-01
1.671173173173171378e+00
2.153753753753784653e-02
3.513991491491501762e+01
1.113167167167180338e+00
7.525425425425475989e-01
2.304758758758763459e+00
7.770700700700753361e-01
1.100782782782788738e+00
2.200426426426409066e+00
1.132132132132113306e-01
4.015645645645745110e-01
0.000000000000000000e+00
4.189379379379368218e-01
1.686681681681689193e+00
3.899756056056052955e+01
3.302670470470478392e+01
1.263225225225240722e+00
2.446716716716753892e-01
1.145500500500497232e+00
9.985185185185208034e-01
1.337486486486499038e+00
2.355905905905965603e-01
1.532196196196217386e+00
1.000000000000005876e-03
2.248366366366394420e+00
1.154622622622618611e+00
1.066532532532530553e+00
9.420930930931062930e-01
1.895002002001985986e+00
2.611491491491433892e-01
4.191408908908908160e+01
1.176550550550540031e+00
4.887685685685692505e+00
1.056831831831811730e+00
1.570301301301313179e+00
9.031741741741744489e-01
1.200158158158165733e+00
8.530640640640597683e-01
4.591585585585591822e+00
9.536656656656682385e-01
1.178528528528505426e+00
1.351630630630634489e+00
1.997997997997997231e-03
5.749209209209116267e-01
6.478388388388355290e-01
1.527818818818827529e+00
1.165003003003002302e+00
2.002303303303289983e+00
1.991231231231200827e-01
3.751651651651692621e-02
2.029149149149099274e-01
1.384384384384377588e-02
6.292002002002047290e-01
1.997997997998009808e-03
2.644784784784803278e-01
1.180094094094080504e+00
1.326185185185203119e+00
7.868268268268170662e-02
1.660660660660669974e-01
4.229939939939935556e+00
8.706206206206207332e-01
6.694385385385380971e+00
6.957957957957990568e-03
0.000000000000000000e+00
1.456158158158161076e+00
4.567667667667595771e-02
1.000000000000016067e-03
8.080290290290365052e-01
2.826225225225254878e+00
1.997997997997988991e-03
1.310653653653637285e+00
1.275754754754767628e+00
1.837111111111107142e+00
5.113513513513441577e-02
5.424124124124259788e-02
