1.422421421421408372e+00
9.705385385385540964e-01
0.000000000000000000e+00
6.873813813813847151e-01
1.724210210210211924e+00
6.090150150150098751e-01
2.358358358358315365e-01
9.215725725725771866e-01
2.381381381381388607e-01
8.879009009009103393e-01
3.155554454454455637e+01
1.471671671671686832e-01
0.000000000000000000e+00
5.488628628628687833e-01
8.614014014014091947e-01
2.689880880880875402e+00
1.997997997998011543e-03
4.979979979979971133e-03
1.629415715715717283e+01
6.272262262262257027e-01
0.000000000000000000e+00
4.831491491491483603e-01
1.214260260260265900e+00
2.236546546546524794e-01
0.000000000000000000e+00
1.997997997998070090e-03
1.058400400400415053e+00
2.997997997998028043e-03
0.000000000000000000e+00
7.384624624624619438e-01
2.487364364364354596e+00
6.543743743743810071e-02
2.558498498498527063e-01
4.945775775775867467e-01
8.955665665665591968e-01
8.240110110110107078e-01
3.319757557557556993e+01
1.568816616616616422e+01
2.340720720720774195e-01
1.242847847847847964e+00
4.556918918918950290e+00
5.856236236236265214e-01
1.051987987987993867e+00
6.847397397397345653e-01
9.806836836836825277e-01
0.000000000000000000e+00
4.051471471471542740e-01
0.000000000000000000e+00
1.251241241241241031e+00
6.923622622622625400e+00
9.743903903903978758e-01
1.997997997998027589e-03
6.343943943943845809e-02
3.985055055055154449e-01
1.245247247247249112e+00
3.115305305305240968e-01
9.353453453453381972e-01
3.593103103103075791e-01
2.077039039039048962e+00
7.620200200200187846e-01
1.989546946946945383e+01
6.560420420420502996e-01
1.344943543543550390e+01
0.000000000000000000e+00
8.342342342342257133e-01
1.681181181181169021e-02
2.334772772772764959e+00
8.657457457457344852e-01
2.501861861861894298e-01
3.473873873873913748e-02
1.338501501501514257e+00
3.987987987988064753e-03
1.032039039039026607e+00
1.268767767767781773e+00
5.164664664664557481e-02
2.004805305305305296e+01
9.388058058058059707e-01
8.812562562562532564e-01
1.307426426426431654e+01
4.281871871871802959e-01
6.549569569569596572e-01
7.589339339339253865e-01
6.177177177177251011e-02
2.404673673673659362e+00
1.951638638638600431e+00
1.271046046046056865e+00
5.667717717717660753e-01
1.185171171171165216e+00
5.225695695695729004e-01
2.219979979979965490e-01
3.344744744744677922e-02
7.393493493493581425e-01
1.785585585585590385e-02
1.050484484484488057e+00
8.646646646646680701e-01
4.595745745745618005e-01
1.056968968968977629e+00
9.371111111111093406e-01
7.276626626626525596e-01
2.336369669669666749e+01
1.551130130130135454e+00
0.000000000000000000e+00
3.935835835835838764e-02
6.129038038038003400e+00
2.449159159159110255e-01
8.559009009008884394e-01
5.204784784784806106e-01
4.367307307307226605e-01
2.474384384384449020e-01
1.246029029029037005e+00
2.504384384384364948e-01
1.769369369369380024e-02
7.943943943943876373e-03
1.454241241241251315e+00
1.051633633633625386e+00
5.461761761761745049e-02
0.000000000000000000e+00
1.318541541541535578e+00
8.294804804804865039e-01
3.756894894894888814e+00
2.604262262262268202e+00
5.044434434434473813e-01
1.937597597597599808e-01
7.459599599599621156e-01
1.021736736736731155e+00
3.059799799799842734e-01
7.801991991991901187e-01
3.935835835835830437e-02
5.508095095095092653e+00
0.000000000000000000e+00
0.000000000000000000e+00
2.993993993994003774e-03
2.993993993994000739e-03
9.295715715715781036e-01
7.559899899900042186e-01
6.998925925925868263e+00
2.494654654654701043e-01
1.845075075075087501e+00
7.375485485485445691e-01
0.000000000000000000e+00
7.238378378378310662e-01
8.596546546546480760e-01
1.000000000000018235e-03
1.064814814814813770e+00
2.274264264264309332e-01
9.234424424424351185e-01
7.173643643643651258e-01
2.797737737737693298e-01
7.566686686686666663e-01
2.993993993994003341e-03
1.294212212212198621e+00
7.461461461461336153e-01
0.000000000000000000e+00
1.241870870870872334e+00
2.543764764764755881e+00
6.114504504504404414e-01
1.098176176176171470e+00
3.006102102102105267e+00
6.887987987988032357e-01
5.261561561561544503e-02
4.027627627627711204e-02
0.000000000000000000e+00
1.132132132132112751e-01
6.012996996997013177e+00
1.031706706706723153e+00
2.746390590590594627e+01
3.006906906906892801e-02
8.481731731731745327e-01
4.604459459459448567e+00
7.930250250250326927e-01
5.921421421421318304e-02
8.975715715715687493e-01
6.918218218218146198e-01
0.000000000000000000e+00
5.058128128128250856e-01
3.942947947947878173e+00
9.259559559559519260e-01
1.049439439439451421e-01
5.402502502502382759e-02
5.816796796796798175e-01
1.865765765765762391e-02
1.086664664664673818e+00
8.314514514514528831e-02
1.053143143143145277e+00
2.307967967967967104e-01
6.511291291291252392e-01
9.995185185185146981e-01
6.880420420420431116e-01
7.849029029029046534e-01
1.607597597597624772e-01
1.000571571571557516e+00
1.219853853853857029e+00
7.536836836836895426e-01
9.889709709709664232e-01
1.000000000000000238e-03
1.342441441441452499e+00
0.000000000000000000e+00
9.675375375375374620e-01
1.997997997998036696e-03
8.762813813813819408e+00
4.812299299299290567e+00
6.931551551551660140e-01
9.804804804804571894e-02
0.000000000000000000e+00
9.365505505505595796e-01
0.000000000000000000e+00
1.786692692692714912e+00
1.000000000000003707e-03
1.381781781781779746e-02
2.308808808808830437e-01
2.391243843843842143e+01
2.474384384384448465e-01
2.132722722722768804e-01
3.330510510510500399e-01
1.111875875875869335e+00
2.171152552552551285e+01
1.100788988988988848e+01
1.136950050050050542e+01
4.092142142142197736e-01
8.992942942943012996e-01
5.423733733733728801e-01
2.596036036035999084e-01
2.213807807807813166e+00
0.000000000000000000e+00
8.826230230230221352e+00
6.744494494494487347e-01
1.255541541541531192e+00
4.804624624624547202e-01
2.878852852852860966e+00
6.298608608608589066e-01
0.000000000000000000e+00
4.540460460460524761e-01
1.016814814814817503e+00
1.109595595595585404e+00
3.665683683683681249e+00
1.861883883883878710e+00
4.179128128128138719e+00
9.109889889889860592e-01
8.911921921921900358e-01
6.365835835835882417e-01
6.711821821821762901e-01
6.492152152152225186e-01
0.000000000000000000e+00
1.820610610610568225e-01
9.978158158158023650e-01
1.122981981981991284e+00
8.824087087087072234e+00
9.128778778778825487e-01
5.408718718718746876e-01
5.929019019019079462e-01
8.260120120120154619e-01
1.084175175175178696e+00
1.691241241241255855e-01
3.480880880880857925e-02
2.249799799799748756e-01
4.346537537537535911e+00
6.393493493493431767e-01
2.117068068068046038e+00
1.726579579579583967e+00
1.064927927927929785e+00
0.000000000000000000e+00
0.000000000000000000e+00
7.704884884884939389e-01
3.597441441441510790e+00
1.982587887887887845e+01
8.463883883883958070e-01
2.739786786786752693e+00
7.196986986987035095e-01
4.452002002002095060e-01
7.601181181181307922e-01
9.586576576576482100e-01
3.021687687687696133e+00
1.000000000000007393e-03
3.136565565565571312e+00
1.000000000000008911e-03
1.000000000000008911e-03
1.208674674674685257e+00
1.233873873873860966e-01
3.987987987988050875e-03
1.377295295295307254e+00
1.016503503503506378e+00
7.304784784784758678e+00
6.982412412412494218e-01
8.608948948949024516e-01
2.468662662662668428e+00
1.063331331331317964e+00
1.086879079079083787e+01
9.985585585585443624e-01
1.007373373373380954e+00
2.477477477477448009e-01
1.005101101101093963e+00
7.046432432432428783e+00
1.172796796796796270e+00
0.000000000000000000e+00
1.313355355355344756e+00
6.926666666666753125e-01
3.366030030030044529e+00
5.916916916916989400e-02
1.005588588588586241e+00
1.331691691691694046e-01
7.453353353353422417e-01
6.918778778778790217e-01
4.676266266266233540e-01
8.394054054053929903e-01
0.000000000000000000e+00
7.704474474474430901e-01
8.661361361361527567e-02
2.348588588588618742e-01
7.366776776776788882e-01
7.919079079079026640e-01
7.943943943943860761e-03
4.979979979979967664e-03
7.964824824824973115e-01
4.765915915915834300e-01
0.000000000000000000e+00
0.000000000000000000e+00
7.182242242242251606e-01
1.270675675675680294e+00
1.090538538538536439e+00
1.000000000000014549e-03
1.791141141141124882e+00
4.377837837837865731e-01
3.544174174174164360e+00
2.277716716716708500e+00
3.043153153153123736e+00
8.807127127127052368e-01
7.370568568568521606e+00
7.124614614614681596e-01
8.571591591591619652e-01
0.000000000000000000e+00
8.320220220220223561e-01
8.986846846846955339e-01
1.081176176176193549e+00
4.058058058058124778e-02
1.074028028028027437e+00
4.849619619619556232e-01
1.458168168168184620e-01
5.982612612612658864e-01
6.452242242242126613e-01
1.385825825825850732e-01
1.061788788788789795e+00
1.997997997998009808e-03
6.083583583583478116e-02
4.392792792792887119e-02
0.000000000000000000e+00
2.922367967967966251e+01
7.381491491491543044e-01
9.774853853853853636e+00
3.442982982982973339e-01
1.311420420420418509e+00
1.621455455455478534e+00
1.384766766766772461e+00
1.088988988988996362e-02
5.434934934934977369e-01
1.389789789789797406e-02
3.387002002001999301e+00
3.987987987988031793e-03
1.537077077077076304e+00
1.168274274274272662e+00
0.000000000000000000e+00
1.613573573573571229e-01
6.944444444444268505e-02
1.000000000000015200e-03
1.940450450450406372e-01
0.000000000000000000e+00
4.228778778778829461e-01
4.913513513513512176e-01
1.366677677677674119e+00
1.801880680680683966e+01
2.159909909909886183e-01
1.205205205205212432e-01
0.000000000000000000e+00
2.275555555555537901e-01
4.979979979979972000e-03
9.886596596596491926e-01
2.000000000000036471e-03
8.362462462462558754e-01
2.528028028028040386e-01
8.410700700700711741e-01
6.748488488488407766e-01
4.532938938938939621e+00
1.206916916916904059e+00
0.000000000000000000e+00
7.943943943943874639e-03
7.051761761761721203e-01
7.760070070070171910e-01
6.542932932932905565e-01
1.379658658658655446e+00
8.280180180180106431e-02
5.207996996996996586e+00
1.533933133133136018e+01
6.650940940940908153e-01
2.229379379379345938e-01
7.024964964964987013e-01
8.491311311311410259e-01
1.131162162162157925e+00
7.696646646646636558e-01
1.788898898898910739e-01
9.014724724724683114e-01
2.007468468468463829e+00
8.525665665665702608e-01
1.191966966966975239e+00
1.475030830830828066e+01
6.724584584584644142e-01
2.039889089089092167e+01
7.922672672672725902e-01
6.815365365365348982e-01
2.775262262262270241e+00
8.835045045045016865e-01
8.723593593593667039e-01
0.000000000000000000e+00
2.217686686686686670e+00
1.789019019019039702e-01
6.720560560560517871e-01
1.308932332332333814e+01
1.382933933933940374e+00
1.532681381381381058e+01
1.254648648648651443e+00
1.778688688688675190e-01
1.238197197197195010e+00
9.699959959959805200e-01
1.211921921921925493e+00
1.865765765765745043e-02
2.421421421421472431e-01
2.109180580580576247e+01
1.634769769769758518e+00
3.717023023023046324e+00
4.979979979979967664e-03
6.647327327327304802e-01
5.176106106106100890e-01
2.743454454454483216e+00
9.909909909909869405e-03
8.443543543543441388e-02
0.000000000000000000e+00
1.718208208208217735e+00
9.109769769769711090e-01
1.465495495495484357e-01
6.329948948948916687e+00
4.826766766766715788e-01
3.344744744744679310e-02
2.424984984985015246e-01
1.069079079079094940e+00
1.392322322322335104e+00
2.210096696696695062e+01
3.406656656656650739e+00
2.993993993994004208e-03
0.000000000000000000e+00
1.688648648648664041e-01
2.822469469469476078e+00
1.107161161161156260e+00
0.000000000000000000e+00
4.463613613613622855e-01
8.447317317317247776e-01
8.131151151151152501e-01
6.925125125125146663e-01
1.050929929929939721e+00
1.526093093093097819e+00
1.067248248248235054e+00
9.257647647647542222e-01
0.000000000000000000e+00
0.000000000000000000e+00
1.052386386386371830e+00
1.307017017017049754e-01
0.000000000000000000e+00
2.423163163163205847e-01
1.815375375375410660e-01
1.747747747747735725e-01
1.178921921921918914e+00
9.637707707707796612e-01
7.727907907907894947e-01
2.207157157157113025e-01
0.000000000000000000e+00
2.950700700700743528e-01
2.038001001001026768e+00
1.062363363363365565e+00
1.896075075075083882e+00
5.524004004004049451e-01
4.190400400400437486e-01
4.447707707707688751e-01
7.978208208208230623e-01
1.161105105105108892e+00
2.195961461461459407e+01
9.347457457457465368e-01
7.938128128128036920e-01
5.710010010009953785e-01
1.135174174174178541e+00
2.560440440440423959e+00
5.956866866866806776e-01
4.116016016016123547e-01
0.000000000000000000e+00
9.124474474474343344e-01
4.246986986987051904e-01
1.307545545545548027e+00
2.065255255255233624e-01
8.927927927927950189e-03
1.284384384384386693e-02
9.559899899899882980e-01
1.186786786786804201e-02
0.000000000000000000e+00
5.516506506506405616e-01
6.103333333333349486e+00
1.208494494494500415e+00
7.567890890890907052e+00
1.000000000000019320e-03
2.120070070070117219e-01
1.057782782782789921e+00
1.684784784784757253e-02
1.119961961961957408e+00
1.105984984984971664e+00
0.000000000000000000e+00
1.425037037037025112e+00
1.755860560560564920e+01
5.238018018018065769e-01
9.046056056056047678e-01
3.072143143143158284e+00
9.840030030030010311e-01
9.012042042042108791e-01
1.170538538538540507e+00
1.000000000000018235e-03
5.188978978978984191e-01
1.774505505505513225e+00
4.073463463463479206e-01
1.641459459459459813e+00
9.164674674674737620e-01
2.603183183183192195e+00
0.000000000000000000e+00
9.884424424424299582e-01
6.859259259259238573e-02
6.426556556556560773e-01
2.966112112112115895e+00
1.246090290290292479e+01
3.443074074074094604e+00
3.809529529529514513e-01
0.000000000000000000e+00
5.331333333333340363e+00
8.381081081081104278e-01
3.583643643643631416e-01
8.793387387387390675e+00
7.070800800800730590e-01
4.674174174174139385e-02
9.390770770770600073e-01
1.014088088088098472e+00
1.000000000000006526e-03
9.293533533533486768e-01
4.664564564564436383e-02
1.366972972972972711e+00
0.000000000000000000e+00
9.308568568568442725e-01
6.568878878878913197e-01
1.088988988988998964e-02
5.142337337337319347e+00
5.996396396396345280e-02
2.939554554554528298e+00
7.987207207207304149e-01
1.161601601601612715e-01
1.059264264264270894e+00
0.000000000000000000e+00
1.383531531531533076e+00
4.898048048048000425e-01
4.000079479479469313e+01
8.306386386386439558e-01
6.509860860860840148e+00
4.186545545545564018e+00
8.812792792792699670e-01
4.979979979979973735e-03
9.069259259259334627e-01
1.428371371371384591e+00
8.946966966967044854e-01
1.179317317317328584e+00
2.303493493493498634e-01
1.085264764764767165e+01
7.267567567567564391e-01
1.190750750750778769e-01
1.285010010010009029e+00
8.212482482482525992e-01
1.053723723723717226e-01
2.704123223223223960e+01
1.232631631631640134e+00
7.186656656656796871e-01
1.831178178178176630e+00
9.833753753753805560e-01
7.970544544544531540e+00
2.993993993993999004e-03
1.000000000000007610e-03
8.894634634634578374e-01
4.507247247247204158e-01
2.096402202202198595e+01
1.133280280280286156e+00
2.734734734734691267e-02
7.379279279279333803e-01
1.184619619619632802e+00
0.000000000000000000e+00
3.102537537537496171e+00
2.296395495495496419e+01
6.682922922922978071e-01
2.423453453453426054e-01
1.730750750750749689e-01
3.525991991991999530e+00
8.033633633633822935e-02
2.805280380380379057e+01
1.000000000000012814e-03
5.997187187187230650e-01
1.997997997998021084e-03
1.031676676676667626e+00
2.499259259259303811e-01
1.000000000000018886e-03
8.228968968969001541e-01
2.046396396396416850e-01
1.688681981981982716e+01
2.452042042042083259e-01
8.420760760760739316e-01
2.502462462462419768e-01
1.851601601601564617e-01
6.100470470470483741e-01
1.115901901901908078e+00
2.182522522522475916e-01
1.906952952952925662e+00
5.979979979979974623e-03
1.041129129129123809e+00
8.257047047047048061e-01
2.313735735735739318e+00
8.980870870870961697e-01
1.706661661661688756e+00
7.384924924924808343e-01
2.993993993994001172e-03
6.562152152152250784e-01
8.116016016016081025e-02
3.354574574574593626e-01
2.449872772772775065e+01
2.915562762762760940e+01
6.674404404404516988e-01
1.270220220220202034e-01
7.552532532532530984e-01
2.858149549549552759e+01
1.156902902902912089e+00
1.140046046046051309e+00
2.737767767767755323e-01
8.970350350350291269e-01
2.197537537537510577e-01
9.534314314314370487e-01
3.669694694694692316e+01
2.222822822822779765e-01
6.969969969969908551e-03
1.346311311311300329e+00
1.986484384384388946e+01
7.230270270270217070e-01
1.192733733733743362e+00
1.595585585585583555e-01
2.214001001001053126e+00
1.706466466466431964e-01
0.000000000000000000e+00
1.728888888888872322e-01
1.065901801801801163e+01
2.254125125125109541e+00
4.197947947947924519e+01
0.000000000000000000e+00
5.111781781781725709e-01
9.861891891891825246e-01
6.869069069069029254e-01
8.443543543543412244e-02
7.942942942942912143e-01
9.639289289289253437e-01
2.000030030030003625e-01
5.137816816816788368e+00
1.000000000000006309e-03
9.734334334334107663e-02
1.121695695695690276e+00
3.987987987988031793e-03
1.878958958958955594e-01
6.847437437437486896e-01
8.614914914914970634e-01
5.281692692692710800e+00
6.639859859859894575e-01
2.364204204204249649e-01
9.763123123123135239e-01
2.714794794794782029e-01
6.848068068068070557e-01
4.950370370370419382e-01
0.000000000000000000e+00
4.335838838838839138e+00
1.619529529529526723e-01
2.268178178178145710e-01
0.000000000000000000e+00
6.430330330330169541e-02
1.000000000000016284e-03
8.104474474474498980e-01
1.190750750750781128e-01
3.904724724724631391e-01
1.672772772772774044e-02
9.007267267267277111e-01
7.458688688688628332e-01
1.273971971971972206e+00
9.372512512512441996e-01
1.318542542542540774e+00
1.236587587587587800e+00
1.175323123123121505e+01
3.111532632632631845e+01
1.021232232232232917e+00
8.499879879879883582e-01
5.008838838838832075e+00
1.814844844844885341e-01
1.810110110110112469e+00
0.000000000000000000e+00
2.188707707707661321e+00
7.747977977977956732e-01
0.000000000000000000e+00
8.811521521521625822e-01
7.850250250250424833e-02
0.000000000000000000e+00
2.621967967967969493e+00
1.703308008008002261e+01
1.860640640640605914e-01
6.650280280280216338e-01
1.100874874874876230e+00
1.910488488488478298e+00
6.781841841841883545e-01
7.984704704704648215e-01
9.665265265265204908e-02
8.713333333333374009e-01
3.843843843843759711e-02
8.917837837837738757e-01
1.547753753753759343e+00
7.809029029029064262e-01
9.738238238238262623e-01
2.771641641641647835e-01
2.148708708708760851e-01
1.084295295295293116e+00
1.273753753753755213e-01
2.922909909909914727e+00
2.196908908908913549e+00
5.230800800800941008e-01
2.085123123123120426e+00
1.088988988988997403e-02
2.475885885885903415e-01
2.443193193193196888e-01
7.504094094094078127e-01
1.427635635635640554e+00
6.957957957957819697e-03
8.547157157157186935e-01
9.175885885886002624e-01
3.005315115115115887e+01
4.754754754754632329e-02
3.486691691691701234e+00
5.909009009008956564e-02
1.163073073073099539e-01
3.795478478478488515e+00
1.397920920920923793e+00
8.872132132132217741e-01
1.144644644644622899e-01
1.878097997997996771e+01
1.646794794794794070e+00
1.071606606606618550e+00
9.022922922922761713e-02
2.305455455455411307e-01
6.000450450450407480e-01
1.414355355355331190e+00
2.810637637637642960e+00
0.000000000000000000e+00
7.943943943943876373e-03
3.963223223223262259e-01
6.811471471471436390e-01
1.021487487487477530e+00
2.495538538538523365e+00
1.157784784784791077e+00
8.726946946946897432e-01
2.482222222222249253e-01
0.000000000000000000e+00
0.000000000000000000e+00
1.276590590590589880e+00
1.061936936936940912e+00
1.324303303303299595e+00
1.769369369369403616e-02
1.210482482482483357e+00
3.720859859859865004e+00
2.296086086086055467e-01
1.045054554554558024e+01
1.063107107107100324e+00
1.453809809809799125e+00
7.809379379379377539e-01
2.696067067067049017e+00
1.046812812812823790e+00
0.000000000000000000e+00
7.662832832832873198e-01
1.403421421421417348e+00
5.645645645645540334e-02
9.363083083083054703e-01
7.070970970970996694e-01
1.238538938938935274e+01
2.604499499499511206e+00
6.111751751751772765e-01
6.416676676676597024e-01
2.869969969970010901e-02
2.174564564564527291e-01
1.997997997997986823e-03
2.530520520520583849e-01
8.315875875875822221e-01
1.913973973973998877e-01
3.882502502502558350e-01
8.994034034033907554e-01
5.053216216216235068e+00
8.380491491491518730e+00
5.702932932933008070e-01
0.000000000000000000e+00
4.119219219219184824e-02
6.122136136136126616e+00
6.058848848848920055e-01
1.054129129129142362e+00
1.091898898898896242e+00
1.000000000000006960e-03
5.641021021021120907e-01
1.146906906906917517e-01
4.979979979979968531e-03
6.759603603603610011e+00
1.026616616616611521e+00
9.707457457457445704e-01
2.898798798798872256e-01
1.188958958958959311e+00
2.287997997998034716e-01
1.125528528528535244e+00
2.558008008008003209e+00
8.335795795795799545e-01
7.039029029029133522e-01
1.186786786786798303e-02
1.156337337337344673e+00
4.764914914914918143e+00
8.724234234234217178e-01
5.839589589589537777e-01
0.000000000000000000e+00
3.336736736736689579e-02
7.586726726726784609e-01
1.366131131131121501e+00
5.002632632632610932e-01
1.689439439439431867e-01
2.422753753753741801e+00
1.825414714714715103e+01
1.442124124124124052e+00
1.776718718718715895e+00
1.872078078078076802e+00
3.763063063063071811e-01
2.335925925925893543e-01
2.153875075075075429e+01
1.610643643643633638e+01
7.051721721721811997e-01
7.963213213213177211e-01
1.448525525525530488e+00
9.230740740740885908e-01
9.505825825825964248e-01
3.707527527527500477e-01
0.000000000000000000e+00
3.194294294294316994e-02
8.120320320320347784e-01
5.745382382382374864e+00
1.084126126126139011e+00
1.382119619619619755e+01
7.063908908908879347e+00
3.533435435435472449e+00
6.251471471471466979e-01
4.792692692692621104e-02
1.070010010010015611e+00
8.009429429429384406e-01
0.000000000000000000e+00
2.323807607607612624e+01
4.564034034034150644e-01
4.323893893893905882e-01
7.394814814814770765e-01
1.118328328328329402e+00
7.980880880880815154e-01
1.079205205205194362e+00
1.657589589589578249e+00
7.957957957957806708e-03
0.000000000000000000e+00
1.441225825825825169e+01
7.750950950950916685e-01
1.467270670670672139e+01
1.833343343343383225e-01
7.860550550550663429e-01
0.000000000000000000e+00
8.871476476476528816e+00
0.000000000000000000e+00
3.399810810810823813e+00
0.000000000000000000e+00
4.318058058058126258e-01
8.800734734734792397e+00
8.682422422422432229e-01
9.211741741741615863e-01
2.296293093093091997e+01
1.345239239239238271e+00
1.267421421421420336e+00
2.264564564564578233e-02
8.636856856856838238e-01
0.000000000000000000e+00
1.098660660660668142e+00
6.424292292292300921e+00
4.268268268268296528e-02
8.383212212212182379e+00
3.376690590590596486e+01
8.409289289289352265e-01
0.000000000000000000e+00
1.055226226226227748e+00
1.677378378378381640e+01
1.613383383383376612e+00
6.501591591591570074e-01
1.746984484484485733e+01
0.000000000000000000e+00
5.601911911911895414e-01
0.000000000000000000e+00
1.307937937937942441e-01
1.811400100100097532e+01
1.528088088088108143e-01
2.746341341341347775e+00
1.893856856856855009e+00
1.014990990990979558e+00
5.203593593593582867e-01
2.131871871871903468e-01
1.937377377377381416e-01
5.814424424424389226e-01
2.226494494494489551e+00
9.980780780780601491e-01
1.031826826826828913e+00
4.483583583583657106e-02
3.955375375375352331e-01
4.390809809809795183e+00
1.292111611611611366e+01
7.345135135135125726e-01
6.177807807807883522e-01
1.305566566566570774e+00
7.943943943943859026e-03
2.646952052052046156e+01
8.606196196196218562e-01
5.123963963963926727e-01
1.675721721721705970e+00
6.048028028028011871e-01
8.571791791791918413e-01
1.663533533533523956e+00
7.702102102102154069e-02
3.714014014014076492e-01
0.000000000000000000e+00
3.954104104104051998e-01
1.338824824824810689e+00
2.758023923923933651e+01
2.275653553553553365e+01
9.595935935935946404e-01
2.447687687687752356e-01
8.845235235235254789e-01
7.322222222222271037e-01
1.077648648648657170e+00
2.236546546546521463e-01
1.154836836836841796e+00
0.000000000000000000e+00
1.553828828828852204e+00
8.864134134134343812e-01
8.613523523523528569e-01
7.911571571571474060e-01
1.399533533533533269e+00
2.480550550550519040e-01
3.115402602602602755e+01
8.539759759759820712e-01
3.382736736736726257e+00
8.852652652652777121e-01
1.183198198198204265e+00
6.912802802802809898e-01
9.286536536536508235e-01
7.080020020019933691e-01
3.354181181181180360e+00
8.359619619619543807e-01
8.919029029029066358e-01
1.026007007007013305e+00
0.000000000000000000e+00
5.113253253253325914e-01
6.200940940940870005e-01
1.271455455455452688e+00
9.741771771771881028e-01
1.529115115115103007e+00
1.841351351351328824e-01
1.381781781781783909e-02
1.682232232232223901e-01
4.979979979979970266e-03
5.933473473473401816e-01
0.000000000000000000e+00
1.931681681681663709e-01
9.481581581581626228e-01
9.911531531531563299e-01
4.754754754754646207e-02
1.546736736736730455e-01
2.993689689689686961e+00
7.339889889889890107e-01
4.644610610610628854e+00
1.000000000000016284e-03
0.000000000000000000e+00
1.084582582582588550e+00
1.678778778778779526e-02
0.000000000000000000e+00
6.542292292292416489e-01
2.063719719719688150e+00
1.000000000000010863e-03
1.053115115115123901e+00
9.782602602602602504e-01
1.384855855855853912e+00
2.057957957957898959e-02
2.629729729729757964e-02
