1.562732732732725394e+00
1.009603603603600241e+00
0.000000000000000000e+00
7.129629629629562482e-01
1.876384384384383042e+00
6.208828828828842905e-01
2.385745745745713464e-01
9.947407407407375945e-01
2.415925925925876960e-01
9.357897897897826667e-01
3.427992192192184717e+01
1.597397397397419538e-01
0.000000000000000000e+00
5.837777777777837240e-01
8.804144144144312456e-01
3.015180180180168978e+00
1.000000000000011513e-03
5.969969969969894652e-03
1.754475775775770074e+01
6.446846846846890910e-01
0.000000000000000000e+00
4.886106106106045122e-01
1.244854854854849702e+00
2.223333333333287753e-01
0.000000000000000000e+00
2.993993993994003774e-03
1.081636636636627236e+00
2.997997997998028043e-03
2.993993993994003341e-03
7.655055055055092206e-01
2.722229229229237824e+00
6.283383383383502052e-02
2.682042042042027119e-01
5.260890890890910221e-01
9.414334334334266696e-01
8.685435435435473472e-01
3.550409609609610584e+01
1.677053653653656085e+01
2.377807807807864049e-01
1.300051051051052564e+00
4.848709709709694948e+00
6.155145145145207719e-01
1.134603603603609345e+00
6.902242242242265791e-01
1.033555555555565331e+00
1.997997997997987257e-03
4.129679679679696402e-01
0.000000000000000000e+00
1.285128128128123937e+00
7.581562562562545793e+00
9.968818818818890870e-01
1.997997997998027589e-03
6.944444444444224096e-02
4.319419419419338046e-01
1.298965965965962921e+00
3.288148148148136163e-01
9.720310310310433799e-01
3.747887887887940694e-01
2.148706706706713820e+00
7.933323323323381304e-01
2.126206406406400617e+01
6.978198198198247715e-01
1.420743643643641718e+01
0.000000000000000000e+00
8.819969969969994050e-01
1.972172172172161064e-02
2.482919919919903684e+00
9.310700700700825783e-01
2.501061061061102819e-01
4.392792792792877404e-02
1.446981981981978027e+00
7.943943943943857292e-03
1.083512512512514903e+00
1.335963963963963774e+00
5.919419419419560957e-02
2.149474074074075958e+01
9.894714714714765158e-01
9.401541541541621472e-01
1.341714214214210443e+01
4.508698698698817009e-01
6.542532532532605583e-01
7.900370370370360940e-01
7.496096096095992978e-02
2.587817817817832822e+00
2.107410410410439638e+00
1.351342342342340741e+00
5.908008008008032164e-01
1.231793793793804603e+00
5.483383383383362286e-01
2.236546546546523406e-01
4.115715715715655837e-02
7.794094094094028424e-01
1.490190190190204649e-02
1.115909909909896580e+00
9.585535535535565366e-01
4.571321321321386577e-01
1.131394394394382275e+00
9.949779779779718281e-01
7.637257257257170640e-01
2.576096296296297794e+01
1.646225225225213640e+00
0.000000000000000000e+00
4.310610610610528942e-02
6.674607607607592641e+00
2.449159159159110533e-01
8.922392392392404226e-01
5.287967967967960314e-01
4.752742742742733228e-01
2.471111111111149450e-01
1.270789789789795954e+00
2.511741741741744249e-01
1.769369369369374126e-02
1.381781781781792409e-02
1.508775775775784478e+00
1.105191191191172484e+00
6.367467467467362308e-02
0.000000000000000000e+00
1.464015015015011523e+00
8.691201201201137483e-01
4.018752752752738466e+00
2.866320320320309811e+00
5.326666666666705074e-01
2.082712712712736502e-01
7.810730730730676141e-01
1.085232232232232530e+00
3.180990990990935074e-01
8.181051051051043688e-01
3.935835835835837376e-02
5.944954954954957849e+00
0.000000000000000000e+00
0.000000000000000000e+00
2.993993993993999004e-03
4.979979979979967664e-03
1.004057057057062607e+00
7.851611611611629682e-01
7.644110110110112544e+00
2.492252252252255273e-01
1.923479479479472287e+00
7.503043043043011728e-01
0.000000000000000000e+00
7.717927927927827891e-01
9.032292292292328773e-01
1.000000000000018235e-03
1.106932932932949365e+00
2.265105105105128525e-01
9.763513513513695230e-01
7.622842842842750821e-01
2.944884884884891307e-01
8.191521521521475391e-01
2.993993993994003341e-03
1.413203203203223346e+00
7.704964964964923224e-01
1.000000000000009128e-03
1.338498498498495115e+00
2.769144144144132458e+00
6.333523523523589827e-01
1.156767767767777455e+00
3.146255255255229422e+00
7.422122122122167820e-01
5.171171171171072556e-02
4.392792792792903078e-02
0.000000000000000000e+00
1.161601601601610495e-01
6.526585585585586102e+00
1.124918918918918154e+00
3.001367967967986772e+01
3.473873873873910972e-02
8.820230230230278190e-01
4.881235235235224401e+00
7.999299299299332811e-01
6.873873873873839746e-02
9.758828828828997048e-01
7.224734734734773456e-01
0.000000000000000000e+00
5.342512512512435086e-01
4.330329329329328125e+00
9.920930930930956793e-01
1.146906906906916823e-01
5.412912912912797025e-02
6.251391391391331043e-01
1.961961961961969370e-02
1.178980980980987248e+00
8.580580580580747518e-02
1.102625625625631267e+00
2.607507507507555999e-01
6.752592592592524534e-01
1.035424424424427947e+00
7.394644644644715603e-01
8.285805805805896984e-01
1.649009009008978455e-01
1.074975975975972275e+00
1.255098098098101689e+00
7.847437437437433383e-01
1.036390390390387051e+00
1.000000000000000238e-03
1.447322322322333710e+00
0.000000000000000000e+00
1.040952952952941546e+00
2.997997997998122152e-03
9.519079079079084238e+00
5.049699699699687017e+00
7.091001001001048243e-01
9.804804804804573282e-02
0.000000000000000000e+00
9.600830830830736629e-01
0.000000000000000000e+00
1.869512512512519153e+00
1.000000000000003707e-03
1.284384384384384438e-02
2.406466466466510856e-01
2.581493393393399316e+01
2.478468468468437158e-01
2.608268268268265633e-01
3.394384384384378506e-01
1.170241241241225083e+00
2.330416516516531900e+01
1.184240740740738751e+01
1.223656056056053210e+01
4.588908908908963524e-01
9.343283283283206897e-01
5.508218218218272622e-01
2.655405405405359409e-01
2.348342342342321309e+00
0.000000000000000000e+00
9.367777777777794412e+00
7.145535535535662008e-01
1.326620620620614810e+00
5.150370370370470630e-01
3.034217217217224150e+00
6.588398398398460643e-01
0.000000000000000000e+00
5.088838838838873890e-01
1.098400400400406207e+00
1.219653653653657521e+00
3.889548548548541707e+00
2.009288288288291202e+00
4.468016016016023606e+00
9.416366366366470952e-01
9.239989989989981778e-01
6.603863863863869144e-01
6.896086086086223865e-01
7.031501501501465912e-01
0.000000000000000000e+00
1.851601601601566005e-01
1.070056056056051919e+00
1.175564564564557601e+00
9.181000000000032912e+00
9.461591591591660411e-01
6.067067067067110075e-01
6.002662662662582305e-01
8.311171171171234384e-01
1.142683683683674678e+00
1.747577577577594521e-01
3.851651651651633729e-02
2.313493493493477549e-01
4.759905905905903900e+00
6.999459459459405064e-01
2.282000000000003581e+00
1.869141141141121398e+00
1.110981981981987499e+00
0.000000000000000000e+00
0.000000000000000000e+00
8.280750750750658362e-01
3.772128128128149349e+00
2.147798098098100184e+01
8.623083083083036282e-01
2.953404404404386341e+00
7.510920920920868271e-01
4.601231231231124319e-01
7.651801801801809688e-01
1.009190190190187852e+00
3.348182182182138256e+00
1.000000000000007393e-03
3.378388388388419372e+00
0.000000000000000000e+00
1.000000000000008911e-03
1.288136136136135645e+00
1.233873873873859994e-01
3.987987987988050875e-03
1.421796796796792606e+00
1.007635635635640403e+00
7.715522522522537230e+00
7.244574574574608183e-01
9.150650650650636875e-01
2.633659659659667529e+00
1.161134134134135687e+00
1.186876776776770726e+01
1.070928928928916113e+00
1.035089089089083592e+00
2.462772772772836016e-01
1.089608608608597651e+00
7.471191191191188352e+00
1.259617617617613927e+00
0.000000000000000000e+00
1.373323323323335066e+00
7.342092092092046274e-01
3.746844844844865463e+00
6.900000000000144906e-02
1.086896896896903053e+00
1.358918918918936569e-01
7.610600600600750942e-01
7.312412412412370166e-01
4.846036036036051042e-01
8.686426426426430147e-01
0.000000000000000000e+00
7.919749749749666057e-01
9.407807807807717915e-02
2.360750750750764404e-01
7.299589589589665639e-01
8.451071071070946905e-01
6.957957957957716481e-03
4.979979979979967664e-03
8.375035035034853470e-01
4.793543543543620777e-01
0.000000000000000000e+00
0.000000000000000000e+00
7.453923923923934103e-01
1.386413413413424056e+00
1.161585585585579228e+00
1.997997997998021084e-03
2.006993993993968051e+00
4.509549549549606295e-01
3.763593593593648645e+00
2.380310310310311817e+00
3.226758758758786705e+00
9.247187187187073665e-01
7.724687687687582738e+00
7.081831831831816304e-01
8.680540540540563343e-01
0.000000000000000000e+00
8.941631631631504762e-01
9.163873873873832343e-01
1.166467467467475094e+00
4.807607607607691097e-02
1.134210210210212288e+00
4.970720720720834263e-01
1.528088088088103980e-01
6.073323323323411849e-01
6.820150150150229296e-01
1.458168168168183787e-01
1.118493493493494251e+00
1.997997997997981185e-03
6.602502502502455295e-02
4.844744744744728521e-02
0.000000000000000000e+00
3.121140540540539376e+01
7.666356356356294199e-01
1.051723523523526005e+01
3.486436436436408659e-01
1.421525525525532796e+00
1.677704704704707117e+00
1.475314314314295938e+00
1.381781781781789460e-02
5.699849849849877303e-01
1.783783783783806851e-02
3.586301301301294320e+00
5.969969969969983990e-03
1.629179179179164549e+00
1.199165165165161806e+00
0.000000000000000000e+00
1.643153153153162627e-01
7.535135135135208329e-02
1.997997997997981185e-03
1.998948948948928994e-01
0.000000000000000000e+00
4.331481481481381790e-01
5.357947947948010770e-01
1.426239239239246004e+00
1.931604904904904529e+01
2.219419419419439710e-01
1.240990990991016341e-01
0.000000000000000000e+00
2.293043043043085094e-01
7.943943943943881578e-03
1.014189189189182994e+00
1.000000000000018235e-03
8.591731731731830912e-01
2.540130130130086039e-01
8.620290290290183455e-01
6.868368368368453769e-01
4.771302302302291132e+00
1.256788788788772315e+00
0.000000000000000000e+00
1.381781781781786858e-02
7.442582582582641937e-01
8.062362362362425205e-01
6.626736736736771327e-01
1.503319319319328606e+00
9.564664664664591920e-02
5.570239239239211493e+00
1.614402702702702186e+01
7.211471471471460060e-01
2.199789789789805550e-01
7.400440440440477774e-01
9.373593593593572137e-01
1.208222222222220310e+00
7.732392392392338776e-01
1.778168168168151597e-01
9.348768768768649373e-01
2.181404404404410968e+00
9.154894894894908264e-01
1.253887887887885189e+00
1.644857957957957240e+01
7.148778778778753784e-01
2.162751851851854212e+01
8.037497497497512189e-01
7.442382382382363160e-01
2.920759759759803842e+00
9.551651651651661412e-01
9.214164164164270199e-01
0.000000000000000000e+00
2.352110110110110952e+00
2.221401401401422726e-01
6.851931931931829478e-01
1.460149549549542591e+01
1.400638638638634692e+00
1.618115915915921477e+01
1.261532532532517958e+00
1.892442442442435480e-01
1.280314314314308977e+00
1.019191191191187729e+00
1.256430430430430345e+00
2.344744744744727341e-02
2.423213213213257222e-01
2.290719219219220193e+01
1.697773773773751493e+00
4.119529529529524225e+00
6.957957957957798013e-03
6.601701701701629954e-01
5.131641641641719875e-01
2.886081081081058652e+00
1.186786786786799865e-02
8.443543543543464980e-02
0.000000000000000000e+00
1.819894894894897419e+00
9.429379379379435600e-01
1.546406406406400924e-01
6.573480480480530019e+00
5.219279279279238626e-01
4.784484484484326922e-02
2.424984984985015246e-01
1.106552552552556135e+00
1.522421421421433774e+00
2.357035635635644155e+01
3.721559559559543207e+00
4.979979979979966796e-03
0.000000000000000000e+00
1.670420420420418994e-01
3.043498498498494964e+00
1.168811811811816259e+00
0.000000000000000000e+00
4.486426426426360914e-01
8.982562562562618202e-01
8.417197197197234804e-01
7.113863863863850723e-01
1.111628628628630544e+00
1.631617617617608262e+00
1.124643643643630897e+00
1.012883883883886060e+00
0.000000000000000000e+00
0.000000000000000000e+00
1.131976976976979854e+00
1.469419419419428496e-01
0.000000000000000000e+00
2.434014014014043437e-01
1.896736736736755191e-01
1.836946946946979020e-01
1.225168168168174088e+00
1.051632632632644171e+00
7.724824824824907399e-01
2.228778778778749692e-01
0.000000000000000000e+00
2.972052052052049920e-01
2.130288288288273435e+00
1.134187187187187362e+00
2.013524524524547221e+00
6.074654654654605412e-01
4.371121121121162023e-01
4.900650650650729689e-01
8.231971971971894231e-01
1.221170170170167379e+00
2.372564064064057021e+01
9.919619619619571838e-01
8.325035035035029951e-01
5.862552552552640073e-01
1.208506506506498379e+00
2.719709709709670964e+00
6.336726726726741310e-01
4.245315315315262850e-01
0.000000000000000000e+00
9.391041041041029436e-01
4.586696696696691000e-01
1.392333333333324097e+00
2.065255255255234734e-01
8.927927927927951923e-03
1.478978978979009554e-02
9.955735735735699032e-01
1.381781781781798481e-02
0.000000000000000000e+00
5.887067067067109916e-01
6.552898898898825486e+00
1.271476476476484541e+00
8.179462462462446126e+00
0.000000000000000000e+00
2.124024024024054880e-01
1.102037037037032041e+00
1.976976976976988279e-02
1.197129129129124614e+00
1.197784784784798662e+00
0.000000000000000000e+00
1.505803803803809293e+00
1.849723623623620838e+01
5.439409409409398100e-01
9.262802802802828639e-01
3.314292292292281505e+00
1.042216216216228286e+00
9.312272272272325013e-01
1.261847847847843873e+00
1.000000000000002189e-03
5.176116116116219468e-01
1.859967967967959712e+00
4.079669669669621634e-01
1.701908908908901896e+00
9.687327327327178716e-01
2.799714714714735653e+00
0.000000000000000000e+00
1.034028028028040502e+00
8.524924924925121605e-02
6.368248248248251642e-01
3.194752752752759939e+00
1.344925325325324650e+01
3.658321321321348130e+00
3.843493493493435054e-01
0.000000000000000000e+00
5.560819819819837306e+00
8.548178178178260644e-01
3.547097097097041130e-01
9.656507507507601673e+00
7.086526526526449876e-01
5.124124124124043722e-02
9.904054054053981204e-01
1.046381381381382258e+00
1.000000000000006526e-03
9.992512512512444767e-01
5.645645645645518823e-02
1.460172172172180760e+00
0.000000000000000000e+00
9.145325325325284194e-01
6.682242242242303343e-01
1.478978978979007819e-02
5.546205205205214206e+00
6.859259259259239960e-02
3.135689689689678428e+00
8.326236236236408406e-01
1.226736736736729200e-01
1.140937937937958946e+00
0.000000000000000000e+00
1.464759759759775237e+00
4.983183183183247378e-01
4.192231631631629085e+01
8.663603603603480252e-01
7.075757757757757282e+00
4.358189189189168644e+00
9.354764764764843532e-01
5.969969969969840876e-03
9.373793793793691043e-01
1.540659659659652903e+00
9.572632632632468441e-01
1.227398398398391821e+00
2.306306306306313558e-01
1.176909909909916330e+01
7.360390390390273430e-01
1.255165165165169905e-01
1.378072072072070942e+00
8.672892892892967165e-01
1.197627627627613628e-01
2.841724024024023265e+01
1.333680680680666919e+00
7.261231231231258798e-01
2.023998998998969068e+00
1.037241241241233514e+00
8.426700700700695990e+00
1.997997997998035829e-03
3.993993993994050633e-03
9.310500500500563659e-01
5.352252252252207576e-01
2.218372772772777779e+01
1.154975975975968128e+00
3.779679679679722598e-02
7.683333333333312032e-01
1.280894894894905933e+00
0.000000000000000000e+00
3.331773773773776259e+00
2.398195595595595364e+01
6.990460460460411474e-01
2.563843843843798265e-01
1.779859859859821425e-01
3.852126126126103056e+00
8.928828828828730413e-02
3.045610310310312130e+01
0.000000000000000000e+00
5.908088088088110368e-01
1.997997997998021084e-03
1.088823823823833914e+00
2.498498498498555875e-01
1.000000000000018886e-03
8.384094094094167726e-01
2.143163163163192275e-01
1.835696696696696151e+01
2.441601601601542382e-01
8.868168168168064636e-01
2.502462462462419768e-01
1.940250250250294684e-01
5.853603603603569905e-01
1.171454454454460503e+00
2.210270270270232595e-01
2.054579579579582926e+00
6.969969969969934571e-03
1.082736736736732874e+00
8.470690690690780844e-01
2.535446446446452562e+00
9.555745745745574116e-01
1.814883883883875448e+00
7.451641641641625347e-01
6.957957957957928985e-03
6.639029029028910012e-01
8.928828828828716535e-02
3.402872872872895749e-01
2.595974574574569260e+01
3.072055455455450357e+01
6.968548548548534338e-01
1.304814814814834467e-01
8.189859859859816016e-01
2.974910810810813544e+01
1.238876876876894961e+00
1.173544544544549595e+00
2.834594594594578854e-01
9.300780780780888435e-01
2.268778778778745009e-01
1.044219219219215677e+00
3.963090590590588391e+01
2.219339339339373163e-01
8.955955955956067596e-03
1.431122122122123752e+00
2.157362962962960040e+01
7.617527527527481190e-01
1.271845845845850365e+00
1.677987987987974161e-01
2.271393393393413174e+00
1.695135135135146243e-01
0.000000000000000000e+00
1.772772772772761019e-01
1.156702202202198926e+01
2.335276276276288865e+00
4.412218818818821120e+01
0.000000000000000000e+00
5.292952952952912904e-01
1.034630630630650083e+00
7.231601601601699292e-01
9.485885885885764202e-02
8.271171171171176617e-01
9.676066066066052462e-01
2.070670670670639590e-01
5.587793793793792929e+00
1.997997997998012844e-03
9.645545545545726462e-02
1.157223223223225350e+00
4.979979979979972868e-03
1.889319319319281709e-01
7.329989989989943444e-01
9.274464464464470259e-01
5.748727727727731995e+00
6.744574574574587755e-01
2.386176176176234565e-01
1.030305305305302399e+00
2.608118118118124551e-01
7.225565565565452708e-01
5.025495495495434506e-01
0.000000000000000000e+00
4.466524524524523976e+00
1.660660660660668586e-01
2.226666666666701766e-01
0.000000000000000000e+00
7.283183183183311593e-02
1.000000000000013682e-03
8.405995995995930725e-01
1.290250250250216391e-01
3.988198198198198985e-01
2.344744744744724912e-02
9.167627627627702447e-01
7.838128128128132310e-01
1.358896896896922168e+00
9.877547547547508300e-01
1.384685685685691725e+00
1.371506506506495304e+00
1.258203503503501075e+01
3.324506106106112213e+01
1.056888888888895650e+00
7.912682682682704582e-01
5.337691691691715867e+00
1.830610610610592659e-01
1.915463463463472404e+00
0.000000000000000000e+00
2.366124124124107997e+00
7.769919919920021956e-01
0.000000000000000000e+00
9.118428428428411170e-01
9.318018018018203730e-02
0.000000000000000000e+00
2.704535535535549595e+00
1.750090590590592399e+01
1.826536536536512434e-01
7.071521521521473286e-01
1.167868868868876087e+00
2.036071071071067884e+00
7.077767767767823015e-01
8.356696696696823690e-01
1.028498498498496977e-01
9.355325325325365426e-01
4.574174174174206603e-02
9.330750750750695932e-01
1.632830830830843016e+00
8.001511511511500974e-01
1.029562562562542860e+00
2.894544544544574993e-01
2.137327327327345483e-01
1.139178178178174239e+00
1.347007007006996993e-01
3.018557557557556059e+00
2.390785785785784601e+00
5.845955955956024797e-01
2.162214214214221109e+00
1.186786786786806457e-02
2.545815815815875571e-01
2.448438438438471088e-01
7.745795795795992200e-01
1.530060060060080440e+00
1.088988988988997056e-02
9.213113113113186037e-01
9.726896896897038181e-01
3.277415815815826505e+01
5.821421421421368869e-02
3.864730730730726815e+00
6.516516516516500379e-02
1.224544544544517721e-01
3.970440440440442753e+00
1.471641641641636911e+00
9.193503503503644980e-01
1.221301301301293968e-01
2.049975475475480025e+01
1.709839839839821796e+00
1.122718718718727748e+00
1.094654654654647064e-01
2.416176176176212942e-01
6.178868868868906405e-01
1.508603603603594578e+00
3.129868868868867171e+00
0.000000000000000000e+00
6.957957957957928985e-03
4.255725725725692521e-01
7.145895895895897354e-01
1.060887887887894232e+00
2.534670670670672976e+00
1.208434434434441984e+00
9.343493493493356672e-01
2.532832832832900838e-01
0.000000000000000000e+00
0.000000000000000000e+00
1.381660660660662954e+00
1.123045045045047541e+00
1.340138138138147195e+00
2.724324324324317592e-02
1.250125125125130410e+00
4.021604604604598343e+00
2.299969969969994643e-01
1.099760360360357225e+01
1.113287287287288319e+00
1.507257257257259342e+00
7.867887887887889953e-01
2.924047047047051429e+00
1.074448448448444893e+00
0.000000000000000000e+00
7.951941941941875758e-01
1.469897897897890937e+00
6.602502502502458070e-02
9.796916916916772466e-01
7.159919919920055831e-01
1.334442942942943411e+01
2.798422422422418787e+00
6.824964964964980174e-01
6.606036036036183612e-01
2.871371371371401679e-02
2.202912912912939891e-01
1.997997997997998966e-03
2.560550550550583226e-01
9.045905905905797795e-01
2.123233233233227657e-01
3.976266266266354488e-01
9.377477477477441647e-01
5.526616616616586874e+00
9.087163163163161528e+00
6.052752752752751375e-01
0.000000000000000000e+00
5.024124124124082491e-02
6.595285285285290122e+00
6.371391391391464376e-01
1.092419419419423887e+00
1.187462462462461898e+00
0.000000000000000000e+00
5.885625625625612312e-01
1.161601601601611050e-01
2.993993993994003341e-03
7.182193193193151082e+00
1.085165165165164369e+00
9.791251251251325005e-01
2.945775775775778538e-01
1.279575575575584878e+00
2.342012012011962241e-01
1.213847847847844053e+00
2.655914914914915492e+00
8.865875875875944834e-01
7.458548548548500357e-01
1.478978978978999666e-02
1.197436436436430496e+00
5.167801801801808814e+00
9.488328328328272665e-01
5.966946946946889430e-01
0.000000000000000000e+00
3.323123123123177675e-02
7.785185185185079515e-01
1.373301301301308674e+00
5.222762762762839239e-01
1.683723723723707932e-01
2.529646646646642960e+00
1.919281681681686180e+01
1.513982982982966075e+00
1.818415415415416847e+00
1.991035035035044976e+00
3.956226226226178255e-01
2.360750750750764126e-01
2.300393093093092745e+01
1.716307107107112273e+01
7.478278278278304159e-01
8.155945945946000419e-01
1.539270270270278962e+00
9.665935935935818790e-01
9.860040040040094489e-01
3.736126126126148028e-01
0.000000000000000000e+00
3.380880880880839795e-02
8.522582582582658439e-01
6.228599599599612624e+00
1.166624624624624573e+00
1.454069669669666887e+01
7.404658658658648918e+00
3.793687687687680832e+00
6.669009009009120303e-01
6.416616616616509228e-02
1.152130130130127883e+00
8.262162162162187684e-01
0.000000000000000000e+00
2.488548448448459638e+01
4.585925925925848912e-01
4.924064064064109791e-01
7.376576576576582278e-01
1.200891891891904484e+00
7.945095095095210391e-01
1.117738738738734083e+00
1.758249249249226986e+00
6.969969969969893805e-03
0.000000000000000000e+00
1.530965565565567843e+01
8.097037037037001506e-01
1.600500400400401091e+01
1.941571571571609756e-01
8.282172172172208580e-01
0.000000000000000000e+00
9.602181181181189018e+00
0.000000000000000000e+00
3.659913913913914296e+00
0.000000000000000000e+00
4.281631631631583335e-01
9.431903903903950948e+00
9.149289289289433968e-01
9.838298298298260303e-01
2.471592692692693660e+01
1.396846846846857781e+00
1.372923923923912826e+00
2.842742742742712311e-02
9.286906906906912118e-01
0.000000000000000000e+00
1.161115115115116891e+00
6.802489489489484065e+00
4.644444444444405240e-02
9.174528528528544058e+00
3.555716716716703729e+01
8.656996996996941807e-01
0.000000000000000000e+00
1.144189189189201317e+00
1.770629229229227874e+01
1.705939939939939531e+00
6.835455455455465845e-01
1.923540040040051480e+01
0.000000000000000000e+00
5.876306306306433580e-01
0.000000000000000000e+00
1.436136136136135222e-01
1.975520120120120282e+01
1.589549549549550134e-01
2.914250250250248975e+00
2.081307307307295851e+00
1.056141141141159867e+00
5.710780780780705390e-01
2.198158158158196041e-01
1.988738738738761169e-01
6.031571571571571200e-01
2.352714714714731592e+00
1.096294294294307470e+00
1.073340340340334098e+00
4.844744744744726439e-02
4.077657657657658419e-01
4.633997997997989948e+00
1.366869569569570508e+01
7.529349349349374609e-01
6.309239239239275987e-01
1.355685685685672048e+00
9.909909909909862466e-03
2.764113613613617915e+01
9.127117117117159451e-01
5.598988988988996551e-01
1.766625625625617202e+00
6.404874874874977309e-01
9.163463463463417114e-01
1.728035035035027978e+00
8.033633633633874283e-02
3.842382382382306671e-01
0.000000000000000000e+00
4.054774774774783652e-01
1.419649649649636691e+00
2.948639439439440935e+01
2.443289389389384780e+01
1.032182182182198593e+00
2.443543543543532370e-01
9.192182182182083716e-01
8.135675675675609897e-01
1.107289289289298706e+00
2.271231231231183867e-01
1.178069069069070718e+00
0.000000000000000000e+00
1.697355355355351536e+00
9.439909909909931507e-01
9.171761761761840770e-01
8.055365365365502184e-01
1.436228228228225934e+00
2.502652652652668230e-01
3.245014914914913362e+01
8.893553553553613655e-01
3.706452452452441371e+00
9.267797797797717729e-01
1.263401401401390345e+00
7.284514514514531802e-01
9.564424424424411431e-01
7.231231231231162182e-01
3.579360360360305027e+00
8.503163163163127702e-01
9.663763763763653092e-01
1.063478478478474543e+00
0.000000000000000000e+00
5.320380380380300700e-01
6.172472472472365634e-01
1.314017017017026445e+00
1.017716716716698500e+00
1.587921921921931823e+00
1.846486486486500489e-01
1.575975975975996493e-02
1.818838838838805205e-01
5.969969969969940622e-03
5.972182182182125265e-01
0.000000000000000000e+00
2.014044044044090709e-01
9.936996996996930731e-01
1.031636636636630744e+00
4.574174174174200358e-02
1.571321321321307585e-01
3.236025025025023538e+00
7.382442442442412878e-01
4.979053053053058342e+00
1.000000000000016284e-03
0.000000000000000000e+00
1.180015015015020374e+00
2.165165165165172656e-02
1.000000000000016067e-03
6.818068068067983933e-01
2.188441441441425273e+00
1.000000000000010863e-03
1.058601601601611764e+00
1.044607607607608513e+00
1.472662662662675093e+00
2.057957957957912837e-02
2.629729729729757617e-02
