1.492739739739742388e+00
9.921991991992112903e-01
0.000000000000000000e+00
6.978608608608570796e-01
1.795806806806819811e+00
6.106046046045988662e-01
2.372412412412348848e-01
9.489389389389486507e-01
2.387897897897889588e-01
8.836136136136182317e-01
3.222696496496494234e+01
1.564264264264282056e-01
0.000000000000000000e+00
5.609109109109081670e-01
8.637327327327498638e-01
2.823980980980971278e+00
1.997997997998011543e-03
3.987987987988043069e-03
1.667620120120119509e+01
6.271921921922058996e-01
0.000000000000000000e+00
4.780110110110055710e-01
1.228842842842852834e+00
2.239799799799770952e-01
0.000000000000000000e+00
1.997997997998020650e-03
1.067197197197210956e+00
2.997997997998028043e-03
0.000000000000000000e+00
7.499079079079142840e-01
2.538188188188185368e+00
6.543743743743811458e-02
2.565255255255231015e-01
5.172262262262331545e-01
9.063173173172998087e-01
8.479399399399329962e-01
3.338929229229231055e+01
1.584883483483482536e+01
2.335435435435490037e-01
1.262003003003016932e+00
4.617599599599575555e+00
5.799789789789830952e-01
1.076160160160151813e+00
6.838708708708788331e-01
9.993413413413495539e-01
0.000000000000000000e+00
4.084354354354393091e-01
0.000000000000000000e+00
1.250148148148161553e+00
6.970745745745782429e+00
9.711591591591516304e-01
1.997997997998027589e-03
6.516516516516510094e-02
4.060210210210140058e-01
1.248453453453444828e+00
3.159469469469511349e-01
9.380720720720601147e-01
3.579499499499446680e-01
2.097918918918912912e+00
7.666206206206140905e-01
2.024116016016009567e+01
6.363113113113020303e-01
1.349797497497495513e+01
0.000000000000000000e+00
8.397757757757653430e-01
1.780580580580574945e-02
2.399268268268259341e+00
8.618188188188230514e-01
2.502142142142103065e-01
4.027627627627698714e-02
1.340915915915903200e+00
4.979979979979966796e-03
1.049068068068066184e+00
1.292921921921901696e+00
5.447847847847797631e-02
2.046959459459457875e+01
9.497637637637770247e-01
8.991731731731650301e-01
1.294091191191191115e+01
4.361511511511467765e-01
6.499959959959852318e-01
7.718658658658632543e-01
6.467567567567586440e-02
2.455673673673679058e+00
1.967861861861856410e+00
1.299734734734740549e+00
5.767107107107057873e-01
1.189196196196192767e+00
5.346536536536579121e-01
2.206366366366374343e-01
3.730730730730758699e-02
7.556806806806916077e-01
1.785585585585590385e-02
1.063090090090101691e+00
8.940650650650729947e-01
4.584984984985047141e-01
1.053903903903883554e+00
9.436236236236219543e-01
7.270930930930906699e-01
2.380191691691690536e+01
1.567450450450468491e+00
0.000000000000000000e+00
3.935835835835840152e-02
6.047508508508502523e+00
2.454844844844867036e-01
8.527797797797758150e-01
5.211511511511405237e-01
4.386736736736827069e-01
2.473313313313302564e-01
1.247383383383387612e+00
2.507387387387416400e-01
1.575975975975988860e-02
6.957957957957872606e-03
1.423860860860870936e+00
1.059813813813816674e+00
5.126226226226288790e-02
0.000000000000000000e+00
1.357671671671677016e+00
8.652122122122198888e-01
3.741296296296348967e+00
2.694648648648635181e+00
5.045465465465516219e-01
1.990260260260225122e-01
7.455715715715683922e-01
1.030228228228229570e+00
3.059619619619635134e-01
8.066096096096196932e-01
3.566666666666693658e-02
5.596732732732730753e+00
0.000000000000000000e+00
0.000000000000000000e+00
2.993993993994003774e-03
2.993993993994003774e-03
9.378038038038019053e-01
7.533753753753716920e-01
7.132639639639757334e+00
2.494084084084113306e-01
1.874862862862870072e+00
7.372732732732705241e-01
0.000000000000000000e+00
7.306206206206287135e-01
8.548458458458427778e-01
1.000000000000018235e-03
1.059197197197196738e+00
2.265105105105128525e-01
9.410990990991011662e-01
7.348058058058150044e-01
2.786606606606625847e-01
7.867047047047031061e-01
3.987987987988058682e-03
1.312011011011013695e+00
7.558508508508551271e-01
0.000000000000000000e+00
1.252043043043049808e+00
2.558064064064048626e+00
6.254114114114146528e-01
1.108478478478476248e+00
3.066864864864874640e+00
6.901641641641581559e-01
4.989789789789863400e-02
3.659259259259191321e-02
0.000000000000000000e+00
1.139529529529541702e-01
6.107577577577599115e+00
1.063164164164157821e+00
2.769328028028018807e+01
3.287687687687627924e-02
8.547607607607672353e-01
4.730036036036056935e+00
8.009829829829735459e-01
6.009009009008898367e-02
9.011801801801903045e-01
7.142082082082101824e-01
0.000000000000000000e+00
5.160510510510433191e-01
3.988282282282272551e+00
9.365115115115205668e-01
1.057057057057037841e-01
5.313313313313434982e-02
5.856566566566608900e-01
2.057957957957912143e-02
1.092226226226226116e+00
8.230930930930742406e-02
1.053016016016024015e+00
2.413853853853862030e-01
6.495205205205203391e-01
1.018640640640640305e+00
7.043863863864010533e-01
7.991461461461328852e-01
1.577417417417432965e-01
1.017283283283278550e+00
1.234809809809817471e+00
7.621081081080970376e-01
1.003609609609605657e+00
1.000000000000000238e-03
1.341920920920937732e+00
0.000000000000000000e+00
9.622002002002140175e-01
1.997997997998036696e-03
8.997439439439441244e+00
4.849559559559573962e+00
6.982642642642640229e-01
9.903403403403260308e-02
0.000000000000000000e+00
9.491511511511572241e-01
0.000000000000000000e+00
1.788143143143136271e+00
1.000000000000003707e-03
1.088988988988995668e-02
2.289219219219201240e-01
2.461913813813815466e+01
2.484844844844873168e-01
2.352552552552548137e-01
3.377327327327351303e-01
1.151682682682682257e+00
2.215721521521513893e+01
1.114660460460459390e+01
1.142344944944943919e+01
4.204914914914822943e-01
8.979169169169032294e-01
5.437937937937983301e-01
2.605715715715698488e-01
2.269612612612588176e+00
0.000000000000000000e+00
9.090337337337430768e+00
6.844234234234182201e-01
1.256914914914915693e+00
4.842982982983001228e-01
2.899962962962977731e+00
6.353223223223217753e-01
0.000000000000000000e+00
4.702882882882942206e-01
1.023574574574577900e+00
1.143524524524526909e+00
3.735945945945932323e+00
1.905228228228211140e+00
4.218808808808826250e+00
9.230820820820765382e-01
9.231461461461457629e-01
6.455525525525389607e-01
6.776446446446517946e-01
6.639569569569503393e-01
0.000000000000000000e+00
1.831021021021033979e-01
9.974724724724720604e-01
1.143699699699709305e+00
9.070224224224247678e+00
9.282672672672707126e-01
5.442982982982952356e-01
5.899419419419373867e-01
8.210590590590690629e-01
1.089561561561547709e+00
1.658568568568551671e-01
3.580680680680652789e-02
2.295125125125166421e-01
4.454150150150126386e+00
6.498558558558552578e-01
2.191748748748751030e+00
1.776739739739771062e+00
1.095373373373379033e+00
0.000000000000000000e+00
0.000000000000000000e+00
7.757547547547537503e-01
3.676554554554534615e+00
2.007621721721723418e+01
8.572122122122114440e-01
2.806905905905908494e+00
7.209159159159124197e-01
4.461321321321267130e-01
7.691711711711762822e-01
9.630170170170179178e-01
3.112411411411410089e+00
1.000000000000007393e-03
3.220930930930919533e+00
1.000000000000008911e-03
1.000000000000008911e-03
1.197135135135133144e+00
1.226736736736729061e-01
4.979979979979968531e-03
1.369797797797793759e+00
1.026497497497495193e+00
7.394223223223219676e+00
6.981801801801678087e-01
8.717827827827756559e-01
2.582453453453457115e+00
1.074669669669669370e+00
1.103981081081082394e+01
9.949809809809656569e-01
1.001804804804803384e+00
2.458898898898908281e-01
1.030116116116115865e+00
7.049332332332336470e+00
1.219666666666665122e+00
0.000000000000000000e+00
1.356514514514496117e+00
6.912002002002048950e-01
3.431521521521525564e+00
5.540540540540413172e-02
1.032506506506521538e+00
1.276276276276304134e-01
7.434784784784823630e-01
7.004894894894934110e-01
4.697807807807741765e-01
8.591681681681568872e-01
0.000000000000000000e+00
7.876726726726820393e-01
8.986486486486494618e-02
2.343583583583548624e-01
7.354254254254292134e-01
8.072582582582616961e-01
6.957957957957716481e-03
5.969969969969882509e-03
8.082912912913063908e-01
4.773153153153222861e-01
0.000000000000000000e+00
0.000000000000000000e+00
7.229699699699593252e-01
1.297507507507518421e+00
1.121783783783797395e+00
1.000000000000014549e-03
1.830539539539524085e+00
4.348078078078107533e-01
3.610450450450441995e+00
2.266985985985979557e+00
3.025728728728722672e+00
8.872632632632662109e-01
7.531633633633653346e+00
7.080170170170234645e-01
8.646326326326343459e-01
0.000000000000000000e+00
8.288598598598725387e-01
9.168908908908931510e-01
1.079509509509510856e+00
3.872672672672598099e-02
1.086269269269267701e+00
4.849399399399321187e-01
1.458168168168184065e-01
5.944074074074049419e-01
6.598088088088164271e-01
1.412412412412393237e-01
1.057508508508510525e+00
2.993993993994003774e-03
6.430330330330197297e-02
4.574174174174239910e-02
0.000000000000000000e+00
2.950648248248248606e+01
7.414414414414525201e-01
9.944299299299308004e+00
3.481001001001048367e-01
1.320650650650649460e+00
1.636610610610597538e+00
1.380698698698712201e+00
1.284384384384377673e-02
5.500300300300245970e-01
1.389789789789797406e-02
3.451030030030025841e+00
3.987987987988031793e-03
1.550835835835846055e+00
1.169123123123123831e+00
0.000000000000000000e+00
1.677987987987971663e-01
6.688288288288242456e-02
1.000000000000015200e-03
1.980760760760739148e-01
0.000000000000000000e+00
4.225375375375446385e-01
4.841661661661564309e-01
1.369647647647626920e+00
1.839661861861859293e+01
2.167277277277314396e-01
1.205205205205212432e-01
0.000000000000000000e+00
2.287237237237276510e-01
4.979979979979972000e-03
9.983093093093212689e-01
1.000000000000018235e-03
8.509249249249234426e-01
2.529879879879942117e-01
8.529519519519507265e-01
6.832512512512576297e-01
4.526770770770756513e+00
1.226310310310306129e+00
0.000000000000000000e+00
8.927927927927948454e-03
7.199219219219346044e-01
7.865605605605650030e-01
6.645505505505523436e-01
1.388819819819812285e+00
8.687087087086982351e-02
5.213129129129135286e+00
1.562149249249248939e+01
6.655645645645645869e-01
2.161121121121092614e-01
7.026126126126165383e-01
8.583583583583512810e-01
1.121591591591589276e+00
7.665695695695629031e-01
1.815375375375412326e-01
9.212302302302209922e-01
2.016160160160168857e+00
8.681061061061112749e-01
1.168132132132132961e+00
1.527857057057054213e+01
6.911101101101063682e-01
2.048017817817814290e+01
7.919989989989979495e-01
6.921381381381439546e-01
2.788962962962970860e+00
9.051431431431302688e-01
8.794684684684641596e-01
0.000000000000000000e+00
2.258615615615619632e+00
1.871921921921922138e-01
6.731361361361338780e-01
1.337381181181174838e+01
1.399092092092092621e+00
1.561864964964965807e+01
1.254829829829831489e+00
1.784244244244256039e-01
1.228083083083091553e+00
9.648958958958945287e-01
1.225659659659649625e+00
2.253753753753775027e-02
2.417777777777788684e-01
2.147207607607607471e+01
1.647029029029035030e+00
3.780631631631638179e+00
5.969969969969967510e-03
6.682302302302322028e-01
5.232642642642607589e-01
2.769155155155139436e+00
1.186786786786796742e-02
8.443543543543376162e-02
0.000000000000000000e+00
1.755699699699698080e+00
9.164194194194207332e-01
1.501721721721713532e-01
6.350292292292358809e+00
4.846416416416504669e-01
3.538138138138183231e-02
2.430180180180206151e-01
1.080038038038039883e+00
1.430273273273280576e+00
2.241333533533530797e+01
3.410887887887887882e+00
1.997997997997988124e-03
0.000000000000000000e+00
1.698448448448433012e-01
2.862115115115143382e+00
1.124618618618618227e+00
0.000000000000000000e+00
4.455695695695738867e-01
8.651231231231288898e-01
8.075415415415344578e-01
6.898848848848794235e-01
1.052347347347349027e+00
1.552907907907907559e+00
1.110194194194211725e+00
9.441021021021068771e-01
0.000000000000000000e+00
0.000000000000000000e+00
1.084425425425423750e+00
1.289479479479454238e-01
0.000000000000000000e+00
2.411361361361384903e-01
1.825825825825855286e-01
1.759589589589633241e-01
1.196462462462475340e+00
9.755815815815876979e-01
7.721291291291352277e-01
2.225225225225241632e-01
0.000000000000000000e+00
2.926826826826868788e-01
2.068262262262258844e+00
1.086741741741747314e+00
1.905896896896868586e+00
5.706156156156098058e-01
4.280070070070100541e-01
4.562992992993024077e-01
8.083173173173041626e-01
1.155602602602604279e+00
2.250885985985982174e+01
9.578638638638612424e-01
7.887857857857778487e-01
5.789509509509597196e-01
1.124460460460458888e+00
2.632766766766782673e+00
6.029449449449442167e-01
4.098948948948895055e-01
0.000000000000000000e+00
9.179439439439577297e-01
4.455355355355284375e-01
1.336948948948947002e+00
2.077717717717771639e-01
7.943943943943869435e-03
1.284384384384386346e-02
9.627177177177219658e-01
1.088988988989000005e-02
0.000000000000000000e+00
5.584764764764880152e-01
6.206025025024991315e+00
1.233223223223222309e+00
7.723954954954939112e+00
1.000000000000019320e-03
2.127957957957993529e-01
1.052227227227223505e+00
1.585585585585576329e-02
1.142028028028043041e+00
1.133252252252258563e+00
0.000000000000000000e+00
1.426228228228235251e+00
1.754106306306308127e+01
5.260520520520572951e-01
9.035805805805851021e-01
3.086772772772781614e+00
9.928918918918911984e-01
8.989129129129239670e-01
1.207977977977988004e+00
1.000000000000018235e-03
5.157117117117167027e-01
1.783297297297288697e+00
4.054414414414471146e-01
1.646145145145158528e+00
9.216756756756788738e-01
2.706737737737736627e+00
0.000000000000000000e+00
9.902812812812656906e-01
7.114214214214223397e-02
6.409159159159155683e-01
3.034865865865840284e+00
1.271316016016013073e+01
3.431497497497478122e+00
3.751571571571579167e-01
0.000000000000000000e+00
5.382128128128115918e+00
8.430980980980986583e-01
3.588338338338274980e-01
9.103850850850832899e+00
7.001531531531564045e-01
4.583583583583497600e-02
9.472542542542480293e-01
1.023166166166145530e+00
1.997997997998015880e-03
9.495275275275202320e-01
5.024124124124075552e-02
1.400582582582583946e+00
0.000000000000000000e+00
9.213753753753679554e-01
6.469499499499553608e-01
9.909909909909862466e-03
5.208178178178172857e+00
6.257357357357246075e-02
2.998461461461448874e+00
8.044594594594760562e-01
1.154264264264278361e-01
1.086505505505499070e+00
0.000000000000000000e+00
1.395033033033022063e+00
4.886836836836826459e-01
3.971821221221220810e+01
8.525145145144943370e-01
6.707698698698691508e+00
4.293649649649679212e+00
9.109329329329286518e-01
4.979979979979973735e-03
9.089699699699546054e-01
1.438382382382379143e+00
8.936246246246154490e-01
1.193214214214221469e+00
2.294934934934917403e-01
1.099487487487485460e+01
7.284214214214254079e-01
1.233873873873860688e-01
1.316399399399386327e+00
8.346686686686694001e-01
1.058498498498495616e-01
2.693582982982988128e+01
1.222045045045053069e+00
7.265175175175230260e-01
1.864443443443454695e+00
1.007577577577583705e+00
7.929275275275267099e+00
2.993993993993999004e-03
3.993993993994050633e-03
8.968788788788824018e-01
4.755975975975944015e-01
2.129396096096081337e+01
1.109303303303301735e+00
3.023723723723669224e-02
7.615475475475418365e-01
1.230792792792779977e+00
0.000000000000000000e+00
3.161067067067055980e+00
2.311326726726722569e+01
6.649189189189063098e-01
2.396666666666725232e-01
1.684784784784757738e-01
3.588679679679671164e+00
8.361961961962044443e-02
2.862913213213212416e+01
0.000000000000000000e+00
5.978568568568669583e-01
1.000000000000006960e-03
1.034135135135128225e+00
2.500250250250257711e-01
1.000000000000018886e-03
8.231021021020967776e-01
2.032672672672624081e-01
1.737273973973971053e+01
2.450610610610673146e-01
8.509819819819743891e-01
2.501861861861894298e-01
1.886846846846821080e-01
6.033933933933989247e-01
1.123942942942943946e+00
2.202022022022001313e-01
1.915181181181167869e+00
6.969969969969934571e-03
1.048783783783804324e+00
8.259999999999840803e-01
2.320175175175172022e+00
9.148168168168135939e-01
1.726789789789790586e+00
7.431071071071071454e-01
2.993993993994001172e-03
6.633943943943887422e-01
8.361961961962061096e-02
3.373073073073054040e-01
2.462201001001004386e+01
2.898240140140149279e+01
6.731791791791746915e-01
1.304534534534556034e-01
7.819649649649679235e-01
2.917646446446459763e+01
1.199849849849865979e+00
1.138297297297295119e+00
2.747327327327300228e-01
8.955815815815908465e-01
2.199379379379392541e-01
9.861371371371459027e-01
3.717284884884891483e+01
2.256966966967004773e-01
6.969969969969908551e-03
1.386385385385401348e+00
1.981113713713709856e+01
7.376476476476460098e-01
1.202337337337332945e+00
1.583493493493513815e-01
2.239537537537549028e+00
1.695135135135146520e-01
0.000000000000000000e+00
1.728888888888873432e-01
1.072351451451453030e+01
2.228587587587590679e+00
4.234368368368367896e+01
0.000000000000000000e+00
5.080140140140141369e-01
9.781591591591662915e-01
7.106116116116130144e-01
8.361961961962056933e-02
8.044554554554580461e-01
9.563273273273158459e-01
2.018018018017977977e-01
5.277752752752760124e+00
1.000000000000006309e-03
1.019249249249273015e-01
1.135303303303294209e+00
3.987987987988031793e-03
1.914154154154165677e-01
7.020860860860796970e-01
8.954534534534465129e-01
5.391034034034043465e+00
6.742532532532596878e-01
2.325765765765790416e-01
9.915055055055064237e-01
2.661241241241249500e-01
6.922632632632640393e-01
4.958498498498397633e-01
0.000000000000000000e+00
4.399237237237246134e+00
1.613573573573575948e-01
2.268178178178145710e-01
0.000000000000000000e+00
6.257357357357258565e-02
1.000000000000016284e-03
8.224404404404324076e-01
1.168918918918944450e-01
3.955985985986057440e-01
1.865765765765755105e-02
9.063763763763734715e-01
7.534674674674702866e-01
1.286076076076079211e+00
9.487187187187237081e-01
1.311594594594587715e+00
1.254528528528502607e+00
1.191154154154154376e+01
3.184881981981975940e+01
1.042750750750749633e+00
8.390660660660619330e-01
5.067653653653655610e+00
1.804234234234219636e-01
1.824493493493511975e+00
0.000000000000000000e+00
2.226025025025013093e+00
7.920260260260196805e-01
0.000000000000000000e+00
8.911021021021150457e-01
8.203203203203314475e-02
0.000000000000000000e+00
2.661668668668661031e+00
1.722789189189186487e+01
1.837177177177203857e-01
6.708618618618560347e-01
1.103756756756770097e+00
1.916798798798788894e+00
6.795295295295280535e-01
7.946406406406321121e-01
1.020280280280265461e-01
8.866126126126242513e-01
4.210610610610576038e-02
9.002862862862851534e-01
1.559353353353372107e+00
7.791591591591593424e-01
9.575735735735833032e-01
2.780240240240285932e-01
2.152462462462516046e-01
1.101427427427424277e+00
1.313213213213224873e-01
2.964454454454460652e+00
2.236270270270288574e+00
5.163633633633570863e-01
2.129252252252269884e+00
1.088988988988997403e-02
2.466006006006052909e-01
2.446826826826854484e-01
7.618008008008038123e-01
1.501927927927918738e+00
6.957957957957948067e-03
8.607757757757845685e-01
9.156966966966983978e-01
3.065732032032033416e+01
5.113513513513438108e-02
3.579754754754764345e+00
5.996396396396303646e-02
1.135615615615588325e-01
3.859546546546540391e+00
1.415422422422433213e+00
9.029339339339438331e-01
1.154544544544527096e-01
1.907554654654649440e+01
1.666449449449464382e+00
1.090848848848855912e+00
9.185085085085215040e-02
2.294924924924877929e-01
6.065555555555607326e-01
1.411050050050066451e+00
2.860507507507513036e+00
0.000000000000000000e+00
4.979979979979968531e-03
3.932222222222170882e-01
6.910260260260382426e-01
1.025212212212211149e+00
2.484739739739730169e+00
1.153603603603616357e+00
8.703923923924025141e-01
2.460360360360405729e-01
0.000000000000000000e+00
0.000000000000000000e+00
1.307536536536538785e+00
1.074818818818829236e+00
1.326352352352345054e+00
2.057957957957919082e-02
1.234733733733729188e+00
3.757001001001028406e+00
2.259729729729761383e-01
1.058770570570573710e+01
1.071274274274278016e+00
1.470260260260263685e+00
7.877817817817919233e-01
2.735354354354336159e+00
1.056574574574589809e+00
0.000000000000000000e+00
7.744484484484552844e-01
1.383582582582596032e+00
5.996396396396306422e-02
9.509109109108951907e-01
7.140640640640550929e-01
1.249139339339338051e+01
2.661743743743751445e+00
6.278978978978988490e-01
6.400230230230226081e-01
2.871371371371402373e-02
2.170930930930907166e-01
1.000000000000001539e-03
2.542112112112049904e-01
8.459119119119149488e-01
1.967997997997986137e-01
3.921181181181151443e-01
9.114114114114045817e-01
5.219985985985993615e+00
8.484592592592617777e+00
5.742492492492522471e-01
0.000000000000000000e+00
4.301801801801787006e-02
6.197668668668677938e+00
6.127107107106987138e-01
1.060620620620619015e+00
1.112238238238249188e+00
0.000000000000000000e+00
5.689339339339368751e-01
1.124714714714698249e-01
3.987987987988064753e-03
6.764650650650744446e+00
1.025008008007990856e+00
9.716246246246252882e-01
2.902852852852783050e-01
1.228111111111104048e+00
2.314624624624578852e-01
1.147478478478485053e+00
2.577355355355345434e+00
8.393583583583572594e-01
7.146226226226242151e-01
1.088988988988998097e-02
1.128430430430443776e+00
4.793240240240236538e+00
8.960470470470400794e-01
5.853513513513572963e-01
0.000000000000000000e+00
3.521921921921961074e-02
7.550420420420453915e-01
1.359931931931931848e+00
5.049469469469415328e-01
1.717717717717693882e-01
2.419005005004993603e+00
1.833392492492491499e+01
1.435712712712711392e+00
1.816506506506526675e+00
1.875026026026011428e+00
3.878568568568609987e-01
2.365475475475490863e-01
2.190728928928924546e+01
1.608640940940944120e+01
7.104294294294406509e-01
7.930550550550414801e-01
1.479265265265285789e+00
9.334404404404647027e-01
9.724734734734945540e-01
3.723663663663721590e-01
0.000000000000000000e+00
3.194294294294314218e-02
8.113103103103062042e-01
5.854213213213219191e+00
1.115697697697698665e+00
1.386810210210210137e+01
7.104723723723693318e+00
3.643520520520529882e+00
6.501301301301279922e-01
4.890290290290241759e-02
1.081120120120135031e+00
8.143443443443386665e-01
0.000000000000000000e+00
2.379198298298315351e+01
4.602352352352432896e-01
4.265415415415350631e-01
7.450110110110146344e-01
1.137007007007001302e+00
8.009409409409332659e-01
1.068039039039027971e+00
1.654990990990972577e+00
7.957957957957806708e-03
0.000000000000000000e+00
1.466475975975981605e+01
7.713283283283213221e-01
1.491061261261261706e+01
1.865175175175172173e-01
7.983373373373306991e-01
0.000000000000000000e+00
8.907344344344357623e+00
0.000000000000000000e+00
3.494732732732756642e+00
0.000000000000000000e+00
4.318868868868835365e-01
8.948448448448459658e+00
8.790020020019974067e-01
9.400070070070049022e-01
2.311132732732725614e+01
1.366281281281298554e+00
1.298134134134132145e+00
2.651751751751780031e-02
8.679689689689683574e-01
0.000000000000000000e+00
1.114050050050054086e+00
6.518283283283325069e+00
4.278678678678608793e-02
8.547893893893945716e+00
3.427264664664662774e+01
8.432062062062142260e-01
0.000000000000000000e+00
1.070180180180193785e+00
1.701168568568571615e+01
1.669060060060064465e+00
6.594304304304229314e-01
1.776242842842852099e+01
0.000000000000000000e+00
5.634714714714634809e-01
0.000000000000000000e+00
1.369649649649631040e-01
1.836700600600601163e+01
1.577417417417435463e-01
2.772454454454445383e+00
1.937900900900905832e+00
1.011511511511511419e+00
5.279099099099084924e-01
2.168688688688717725e-01
1.946166166166192202e-01
5.842592592592650291e-01
2.266660660660658966e+00
1.014581581581591507e+00
1.056308308308307131e+00
4.574174174174214930e-02
4.036256256256242070e-01
4.430293293293299683e+00
1.298373773773768569e+01
7.421491491491537529e-01
6.238128128128138661e-01
1.316739739739732018e+00
9.909909909909862466e-03
2.653714814814815881e+01
8.699339339339298149e-01
5.253473473473362354e-01
1.701322322322337044e+00
6.095795795795855287e-01
8.602662662662643456e-01
1.678109109109110486e+00
7.114214214214201193e-02
3.744694694694669090e-01
0.000000000000000000e+00
3.992752752752698475e-01
1.328974974974967527e+00
2.767668168168190590e+01
2.299109309309307392e+01
9.703443443443516836e-01
2.444684684684669262e-01
8.991201201201085569e-01
7.426456456456417277e-01
1.067018018018030867e+00
2.239799799799765956e-01
1.149020020020008692e+00
0.000000000000000000e+00
1.596243243243243848e+00
9.030920920920953998e-01
8.652482482482581894e-01
7.971471471471479608e-01
1.403334334334332745e+00
2.469139139139182870e-01
3.125165765765767034e+01
8.724784784784846980e-01
3.498936936936947628e+00
8.852672672672683429e-01
1.211346346346343417e+00
6.857327327327393807e-01
9.455365365365241415e-01
7.045805805805728239e-01
3.388579579579572343e+00
8.474684684684737901e-01
9.089619619619649926e-01
1.021727727727719470e+00
0.000000000000000000e+00
5.216916916916861657e-01
6.208388388388436097e-01
1.247611611611589844e+00
1.002277277277281442e+00
1.547267267267271151e+00
1.831021021021033979e-01
1.381781781781788246e-02
1.727717717717744406e-01
4.979979979979970266e-03
5.949069069069029547e-01
0.000000000000000000e+00
1.964634634634613297e-01
9.718158158158249904e-01
9.973313313313304507e-01
4.844744744744725051e-02
1.509259259259264907e-01
3.018404404404383179e+00
7.397577577577580943e-01
4.645690690690673641e+00
1.000000000000016284e-03
0.000000000000000000e+00
1.137084084084065028e+00
1.872572572572534996e-02
0.000000000000000000e+00
6.647837837837803354e-01
2.057471471471477464e+00
1.000000000000010863e-03
1.056965965965971588e+00
9.854684684684816842e-01
1.405739739739746863e+00
1.865765765765778350e-02
2.818718718718759078e-02
