8.343197197197120829e+00
5.114178178178200085e+00
2.271771771771787657e-02
2.629679679679690629e+00
1.163568568568569717e+01
1.784978978978979391e+00
3.067357357357325398e-01
5.355061061061056726e+00
2.589289289289298246e-01
5.389848848848845186e+00
2.261563103103100616e+02
3.495435435435442217e-01
8.987287287287426540e-02
3.260399399399392273e+00
4.859984984984988543e+00
1.733359659659659613e+01
6.596096096096173977e-02
1.638508508508550454e-01
1.148606916916915992e+02
2.583068068068080425e+00
3.312912912912813895e-02
2.038577577577569411e+00
7.109652652652641791e+00
2.645475475475465577e-01
1.849849849849844741e-01
1.692072072072103861e-01
6.027893893893875088e+00
1.560200200200193010e-01
1.807647647647652178e-01
3.535467467467410696e+00
1.885572672672674699e+01
2.514814814814815835e-01
5.756666666666612198e-01
3.538852852852837572e+00
5.013844844844817850e+00
4.485576576576584706e+00
2.642532752752755414e+02
1.245219979979980138e+02
3.682912912912953418e-01
7.585315315315324547e+00
2.988560760760744017e+01
2.566144144144089534e+00
6.522085085085066680e+00
2.289480480480484470e+00
6.227862862862835414e+00
1.317067067067083097e-01
6.223793793793934714e-01
1.000000000000016501e-03
8.566088088088072539e+00
4.555800500500500050e+01
5.769567567567568389e+00
6.882382382382273844e-02
2.174914914914885811e-01
2.370421421421431862e+00
7.207306306306389132e+00
1.830344344344362773e+00
5.351646646646633698e+00
1.183829829829841751e+00
1.263334034034034481e+01
3.236003003002993150e+00
1.398133243243241282e+02
3.815505505505479622e+00
1.060603693693692264e+02
8.233633633633599680e-02
4.438792792792771280e+00
2.909109109109109248e-01
1.718961161161163176e+01
5.104987987987984255e+00
2.548688688688658943e-01
1.963723723723714010e-01
8.077911911911900944e+00
1.364714714714696797e-01
5.691202202202110705e+00
8.129848848848833853e+00
3.635145145145209367e-01
1.655182522522522675e+02
5.006326326326349552e+00
4.571978978978970432e+00
9.387866766766757110e+01
6.965035035034969901e-01
3.141667667667627839e+00
3.601176176176183130e+00
2.813013013013012098e-01
1.619112612612622826e+01
1.491327627627623897e+01
7.671781781781779053e+00
2.268570570570549449e+00
7.138177177177153609e+00
2.528594594594590905e+00
3.623123123123049849e-01
3.440840840840807546e-01
4.959613613613626626e+00
8.900700700700552026e-02
6.042018018018035619e+00
5.063693693693703146e+00
5.412102102102217538e-01
6.823890890890891292e+00
5.138476476476515842e+00
4.296074074074067717e+00
1.816934644644646824e+02
1.103390490490482989e+01
6.542042042041973371e-02
3.042432432432433664e-01
4.240127227227213069e+01
2.925185185185121828e-01
3.937945945945970028e+00
2.204495495495497170e+00
2.306823823823853647e+00
2.747577577577608454e-01
7.889963963963939619e+00
7.034854854854836193e-01
1.964584584584608828e-01
1.747097097097063678e-01
8.663914914914927934e+00
6.039010010010041007e+00
6.071301301301266218e-01
1.486186186186159476e-02
7.400139139139162658e+00
4.454236236236247315e+00
2.373731631631618555e+01
1.761508608608609805e+01
2.765524524524492378e+00
5.219159159159146855e-01
4.283642642642648823e+00
6.147344344344350731e+00
5.697317317317323049e-01
3.682156156156180415e+00
1.974364364364386282e-01
4.054441041041036442e+01
6.889989989989996066e-02
7.002002002001825147e-03
1.328328328328363117e-01
4.086296296296261787e-01
5.199909909909905537e+00
3.867689689689714605e+00
4.908824424424408761e+01
2.886786786786778025e-01
1.327485085085086425e+01
3.212457457457477350e+00
8.530030030030182064e-02
3.988418418418411271e+00
4.643174174174172997e+00
1.903373373373355160e-01
5.968924924924928099e+00
2.470180180180137075e-01
5.691000000000056680e+00
3.840191191191194786e+00
7.225535535535397846e-01
4.710961961961972477e+00
1.166206206206208407e-01
8.662208208208179272e+00
2.952891891891851195e+00
6.899899899899884781e-02
8.133602602602598708e+00
1.561866866866860803e+01
2.600394394394432318e+00
6.325235235235228792e+00
2.104246346346350904e+01
3.720819819819826346e+00
3.925235235235244313e-01
1.976126126126112326e-01
7.989989989990009533e-03
3.045115115115114568e-01
4.773851351351341066e+01
6.468515515515578684e+00
2.185817257257257893e+02
2.128428428428394970e-01
4.737148148148170534e+00
3.280146246246241759e+01
3.633896896896898987e+00
3.226646646646616490e-01
5.201879879879874657e+00
3.593564564564546426e+00
4.644444444444407322e-02
2.885712712712726002e+00
2.982067567567542810e+01
5.582781781781798180e+00
3.514774774774758193e-01
3.236986986987029358e-01
2.929032032032031552e+00
2.729919919919901461e-01
5.436267267267285597e+00
2.877337337337331769e-01
5.994045045045020004e+00
2.204174174174153400e+00
2.513559559559560785e+00
5.809327327327325818e+00
4.332198198198195627e+00
4.393163163163121610e+00
3.124594594594617414e-01
6.454604604604642581e+00
6.784618618618571517e+00
3.278108108108115371e+00
5.290221221221230508e+00
9.783683683683626342e-02
8.040141141141180725e+00
1.011171171171185157e-01
6.095334334334356896e+00
2.402162162162183590e-01
5.651932132132133546e+01
3.092761461461462957e+01
2.874797797797821186e+00
3.077977977977999213e-01
6.993993993994080186e-03
5.056893893893907865e+00
5.969969969969849549e-03
1.298426226226217750e+01
1.816526526526493768e-01
2.305445445445415686e-01
9.586626626626514325e-01
1.866903853853855253e+02
2.515185185185163097e-01
2.105688688688706733e+00
4.782252252252342517e-01
6.430621621621614992e+00
1.538588098098100829e+02
8.298047147147150326e+01
8.363756356356360300e+01
2.470449449449446888e+00
5.275354354354332642e+00
1.193955955955950055e+00
4.381841841841810914e-01
1.473436136136137797e+01
1.199399399399370993e-02
6.485683083083074507e+01
2.998368368368373726e+00
7.566517517517547198e+00
2.195878878878883000e+00
1.783342842842843012e+01
3.154369369369413700e+00
5.660360360360389143e-02
2.949403403403366042e+00
6.168226226226261488e+00
6.953544544544517869e+00
2.391377277277279134e+01
1.219315915915918147e+01
3.073584284284267909e+01
5.113233233233225761e+00
5.060591591591568239e+00
3.614825825825858985e+00
3.389944944944943028e+00
3.628027027027051155e+00
9.643243243243160290e-02
3.378528528528554342e-01
5.627737737737734669e+00
6.666625625625541396e+00
6.137881481481478119e+01
5.750169169169218719e+00
3.025899899899870515e+00
2.100553553553528019e+00
3.903754754754745093e+00
6.427178178178129642e+00
5.759989989990003112e-01
3.067377377377349945e-01
4.862422422422538193e-01
3.145812512512510395e+01
3.585726726726747859e+00
1.324514914914914954e+01
1.095613013012998671e+01
5.997397397397424612e+00
6.682182182182341834e-02
4.987987987988114214e-03
4.279837837837835224e+00
2.362193893893893915e+01
1.506527677677676706e+02
4.344186186186203891e+00
1.820916816816819050e+01
3.321807807807809709e+00
1.794240240240231099e+00
3.909746746746757928e+00
5.859153153153197735e+00
2.155191491491492783e+01
1.740440440440407244e-01
2.028962462462463989e+01
3.172352352352326710e-01
7.480580580580746541e-02
7.502876876876822365e+00
3.023253253253287975e-01
2.031451451451453949e-01
7.822845845845817436e+00
5.367266266266264019e+00
5.560401601601604682e+01
3.027813813813824417e+00
5.378649649649597464e+00
1.699943943943945612e+01
6.008903903903907384e+00
7.864254854854844723e+01
5.618312312312329304e+00
5.971914914914956185e+00
2.670470470470432400e-01
5.836937937937965337e+00
5.031404004004004804e+01
6.453692692692635902e+00
4.979979979979967664e-03
7.986505505505518521e+00
2.756218218218218219e+00
2.613793593593598530e+01
3.487717717717726540e-01
6.370529529529576962e+00
2.330070070070078825e-01
3.273192192192234895e+00
3.609635635635635165e+00
2.082552552552559444e+00
4.805002002002030537e+00
1.436736736736745068e-01
3.311725725725739089e+00
4.764684684684761251e-01
2.854364364364407325e-01
2.583253253253233517e+00
4.597826826826825197e+00
1.474624624624618352e-01
1.753853853853834799e-01
3.576226226226234317e+00
5.048518518518479992e-01
1.986586586586591360e-02
1.578978978978980152e-02
3.561590590590606009e+00
8.820811811811832825e+00
6.930240240240177485e+00
1.635385385385416113e-01
1.241061461461462301e+01
2.411401401401391364e+00
2.452744244244242466e+01
1.462149649649642846e+01
1.879262662662670280e+01
4.951525525525505067e+00
5.030061461461465910e+01
2.315984984984967188e+00
5.098637637637644993e+00
8.963963963964096185e-03
4.831437437437402949e+00
4.517148148148153908e+00
6.448774774774715723e+00
3.439949949949909214e-01
5.745591591591610481e+00
3.042783783783771678e+00
2.696446446446397749e-01
2.466292292292297628e+00
3.440431431431414833e+00
2.440340340340329262e-01
6.251082082082060509e+00
1.488108108108102678e-01
2.666816816816793279e-01
2.054844844844868623e-01
9.951951951951977862e-03
2.271128698698700816e+02
3.726017017017018151e+00
7.074318318318317722e+01
5.791581581581546345e-01
8.252571571571591491e+00
1.085023223223221756e+01
8.445986986986955714e+00
2.566866866866899244e-01
2.280560560560559669e+00
8.163663663663897618e-02
2.340470670670672959e+01
1.545935935935948968e-01
8.978522522522593974e+00
7.413549549549521167e+00
7.780380380380411132e-02
3.114914914914882482e-01
3.558258258258291118e-01
1.545175175175204363e-01
4.053203203203285532e-01
7.383183183183120168e-02
4.895645645645604338e-01
3.056800800800805185e+00
8.704592592592595324e+00
1.206940130130147253e+02
3.016596596596553548e-01
2.219609609609668743e-01
4.954554554554603529e-02
3.988978978978884871e-01
2.063363363363386882e-01
5.593755755755763559e+00
1.792382382382348149e-01
3.344747747747753408e+00
4.684504504504566347e-01
4.323771771771786732e+00
2.735498498498500020e+00
3.203900200200202164e+01
8.156931931931952207e+00
4.811011011011118860e-02
1.885075075075100526e-01
3.489830830830836561e+00
4.924543543543554946e+00
4.127387387387367212e+00
8.128904904904890927e+00
2.264484484484513005e-01
3.642060760760757887e+01
1.185404464464464667e+02
3.413762762762784675e+00
3.662372372372293960e-01
3.583409409409412216e+00
5.111622622622628676e+00
6.134677677677666807e+00
3.639306306306269168e+00
2.425925925925892790e-01
4.670504504504543242e+00
1.440835535535536138e+01
4.732958958958956686e+00
8.169263263263276897e+00
1.108582922922923473e+02
3.901551551551566632e+00
1.445207577577576501e+02
3.444899899899914963e+00
3.946452452452471338e+00
1.898158558558557729e+01
4.709507507507539437e+00
4.393751751751742596e+00
2.177177177177192988e-02
1.631724324324326503e+01
4.915615615615541167e-01
2.198325325325325430e+00
9.998095995995979024e+01
7.262048048048100668e+00
1.103540760760757848e+02
7.262448448448410865e+00
3.701361361361424351e-01
7.198404404404385559e+00
5.821595595595634443e+00
7.547041041041036458e+00
3.151941941941944214e-01
3.369769769769751511e-01
1.518964954954954010e+02
1.078420420420419923e+01
2.717506106106107922e+01
1.601601601601573832e-01
2.053277277277302915e+00
2.400395395395388487e+00
1.881416416416417192e+01
1.651201201201210611e-01
2.271341341341367448e-01
2.273373373373355905e-02
1.091836836836835722e+01
4.776431431431447550e+00
4.022222222222315291e-01
4.196298998998987884e+01
1.700640640640650680e+00
3.778958958958937298e-01
2.785725725725757829e-01
5.739058058058044587e+00
8.263749749749651485e+00
1.590229859859858834e+02
2.123941841841840983e+01
1.562062062062080647e-01
4.001901901901976782e-02
4.040340340340296543e-01
1.838502202202204217e+01
5.957471471471389890e+00
3.993993993994054102e-03
8.091081081081173965e-01
5.030486486486482001e+00
4.578938938938938996e+00
3.524727727727754889e+00
6.066716716716703317e+00
9.489304304304322812e+00
6.656859859859859618e+00
5.775086086086060000e+00
1.729069069069076314e-01
1.689589589589600774e-02
6.486579579579576205e+00
6.518908908908978006e-01
1.396396396396379358e-02
5.380650650650777855e-01
3.298898898898870446e-01
8.412832832832816132e-01
7.750116116116113396e+00
4.921302302302256848e+00
2.820538538538527096e+00
3.709439439439476405e-01
3.350950950950862955e-02
4.579319319319261616e-01
1.167352652652647116e+01
5.594887887887876943e+00
1.120335335335336779e+01
3.255562562562556828e+00
1.834372372372388149e+00
3.118500500500533512e+00
3.969144144144197028e+00
7.295230230230242086e+00
1.675929349349353572e+02
4.871265265265280142e+00
4.058407407407405465e+00
7.746596596596592166e-01
7.151717717717721357e+00
1.651432932932937092e+01
3.413284284284289427e+00
6.823053053053059758e-01
3.330330330330377731e-02
4.621999999999975017e+00
2.455447447447420828e+00
8.106192192192219537e+00
3.328548548548582731e-01
1.451691691691707753e-01
2.721551551551552595e-01
5.337823823823823588e+00
1.100110110110114475e-01
3.951651651651633818e-02
2.845583583583583653e+00
4.113631531531533625e+01
7.367887887887912157e+00
5.980544844844838792e+01
1.392882882882902629e-01
5.206986986986911203e-01
5.951522522522515679e+00
2.640590590590629616e-01
6.730181181181190020e+00
6.028406406406410234e+00
1.090990990990982172e-02
8.273118118118169662e+00
1.221013313313313660e+02
2.199667667667669857e+00
4.443970970970990031e+00
2.108135235235242533e+01
5.823884884884859225e+00
4.583740740740764430e+00
6.881017017016920256e+00
1.188898898898871487e-01
1.382915915915913674e+00
1.193501901901900375e+01
4.902532532532458132e-01
1.016266466466464458e+01
5.189827827827843798e+00
1.708107607607604095e+01
1.215995995995994561e-01
6.198584584584525103e+00
3.902922922922998916e-01
7.264174174174137244e-01
1.906868068068066790e+01
9.886737537537528908e+01
2.509014614614602579e+01
1.484579579579571762e+00
2.261941941941973955e-01
3.838933033033034548e+01
3.931680680680695872e+00
5.076736736736819910e-01
6.452987587587583107e+01
3.262435435435453002e+00
2.933173173173166948e-01
5.466060060060082826e+00
5.576790790790795427e+00
1.626646646646620620e-01
5.923121121121119437e+00
1.972972972972960870e-01
8.468698698698657878e+00
4.001901901901980946e-02
5.130854854854865366e+00
2.508218218218218443e+00
2.031271271271265777e-01
3.427524524524533689e+01
2.154154154154108436e-01
1.985404904904900647e+01
3.727291291291284558e+00
2.760820820820858446e-01
6.597019019019039199e+00
7.973973973974040827e-03
8.432838838838863538e+00
2.315397397397397139e+00
2.967492392392388183e+02
4.945280280280247354e+00
4.551860560560558611e+01
3.035845245245243618e+01
5.174029029028986315e+00
2.042192192192170686e-01
5.230341341341321559e+00
9.011719719719696542e+00
4.946327327327339596e+00
6.756868868868882494e+00
2.869229229229277034e-01
6.801233133133156628e+01
2.662656656656658072e+00
2.344324324324358055e-01
8.027989989989874786e+00
4.274264264264254543e+00
3.901691691691722141e-01
1.922532832832833378e+02
8.098817817817796083e+00
3.668522522522514429e+00
1.150735935935937349e+01
5.970416416416336247e+00
5.721983583583579502e+01
1.117067067067074593e-01
1.787337337337334964e-01
4.842353353353328949e+00
3.135690690690693394e+00
1.782919269269267772e+02
6.477651651651717302e+00
3.250990990990948459e-01
3.913100100100066037e+00
7.246232232232224568e+00
5.044944944944925597e-02
2.301802402402402237e+01
1.672757697697700223e+02
3.198540540540538490e+00
4.450840840840872836e-01
3.845865865865818467e-01
2.380026726726722330e+01
2.202952952952910159e-01
2.205980920920919175e+02
1.481671671671699608e-01
9.893513513513559898e-01
1.535955955955922436e-01
6.220007007007085420e+00
3.145285285285310817e-01
1.599829829829844674e-01
3.561932932932944329e+00
3.962912912912983643e-01
1.238283693693690850e+02
3.083153153153183612e-01
4.645840840840841146e+00
3.567627627627670273e-01
2.851141141141180224e-01
3.180071071071089772e+00
6.841453453453444133e+00
4.846156156156245509e-01
1.292970470470473821e+01
2.529839839839861382e-01
5.861434434434476870e+00
4.086044044044054857e+00
1.460053253253250460e+01
5.615740740740693404e+00
1.191489589589594011e+01
2.122023023023009269e+00
1.139809809809786967e-01
2.778039039039030822e+00
3.145045045045006815e-01
6.428778778778762026e-01
2.099582582582582120e+02
1.998340650650650048e+02
2.819750750750754875e+00
4.273373373373330342e-01
3.692244244244224927e+00
2.098065945945948840e+02
6.676970970970969255e+00
6.615020020019990454e+00
7.555035035035101432e-01
4.926675675675685540e+00
4.782752752752709724e-01
5.608647647647645229e+00
2.474519289289289361e+02
4.179729729729656507e-01
2.906206206206221609e-01
8.488839839839815937e+00
1.394744774774775635e+02
3.972064064064105171e+00
7.265636636636599199e+00
2.293243243243277552e-01
1.415654254254268096e+01
3.177797797797814461e-01
5.909009009008952401e-02
2.682552552552610603e-01
7.838962362362377689e+01
1.497552752752759808e+01
3.292755375375365929e+02
1.018568568568569838e-01
7.196216216216198003e-01
5.876511511511488983e+00
3.601782782782797732e+00
2.058358358358319817e-01
4.195408408408401790e+00
5.219208208208232946e+00
4.047937937937878261e-01
3.669747747747749145e+01
1.165955955955964019e-01
5.483933933933905491e-01
7.078613613613655708e+00
1.505265265265276486e-01
4.029019019018920122e-01
3.473188188188201408e+00
5.307261261261284169e+00
3.715864464464468853e+01
2.253809809809780518e+00
4.020560560560459962e-01
5.683045045045080457e+00
5.758378378378409268e-01
3.966328328328332375e+00
1.596240240240250019e+00
3.993993993994111348e-03
3.192727827827824783e+01
2.726676676676659250e-01
2.583343343343387222e-01
5.302702702702648263e-02
3.919429429429452383e-01
9.606706706706659438e-02
4.310561561561557120e+00
2.982772772772813163e-01
9.037357357357350685e-01
2.218088088088090437e-01
4.814257257257246181e+00
3.705711711711738410e+00
8.018405405405379938e+00
5.650893893893886855e+00
8.518096096096094527e+00
8.365316316316269152e+00
7.556329329329341249e+01
2.224632222222218445e+02
6.362840840840831902e+00
4.358796796796846174e+00
3.678070670670688713e+01
2.845535535535539950e-01
1.313507907907906258e+01
9.750350350350242556e-02
1.627531431431433262e+01
3.609118118118083363e+00
3.058758758758797769e-02
5.011627627627608383e+00
3.681391391391410361e-01
8.118318318318494542e-02
1.709571371371379911e+01
1.297535995995996245e+02
3.970720720720778973e-01
3.567230230230253873e+00
5.520939939939972341e+00
1.187370370370369521e+01
3.626551551551566721e+00
4.247049049049071101e+00
5.827317317317461942e-01
4.667608608608602161e+00
2.251741741741732916e-01
4.346381381381386078e+00
9.403410410410376841e+00
3.120349349349333945e+00
5.595978978978915386e+00
7.228418418418368629e-01
2.992782782782731354e-01
6.187249249249242133e+00
3.768828828828787447e-01
1.802274174174172217e+01
1.499662762762762114e+01
3.068631631631596690e+00
1.345125625625624011e+01
2.002952952952940791e-01
5.304284284284352946e-01
3.517267267267270014e-01
3.467798798798743309e+00
7.958273273273313464e+00
1.800300300300272383e-01
5.329520520520582672e+00
5.635422422422425193e+00
2.262913573573573558e+02
2.514424424424418492e-01
2.630833733733730995e+01
3.187937937937936339e-01
6.409749749749737990e-01
2.545300400400398999e+01
9.241248248248190578e+00
4.772448448448425751e+00
3.826536536536498390e-01
1.402605515515516288e+02
1.061213813813813012e+01
6.139053053053067366e+00
3.996126126126162692e-01
4.288598598598633016e-01
1.951387387387389483e+00
8.169303303303308894e+00
1.972716516516515028e+01
6.257357357357253014e-02
2.178138138138178137e-01
2.440951951951971566e+00
2.984964964964957890e+00
6.423749749749766202e+00
1.661863163163162227e+01
7.334809809809815562e+00
5.211365365365364433e+00
7.038388388388405748e-01
2.349349349349356617e-02
1.351871871871893893e-01
7.432724724724729448e+00
6.348234234234221063e+00
8.038740740740742297e+00
3.075625625625598158e-01
8.454300300300278792e+00
2.655368068068068510e+01
4.507187187187233768e-01
7.980200400400397598e+01
7.807350350350390933e+00
9.989495495495500421e+00
3.861899899899924549e+00
2.014312412412413522e+01
6.087005005005020841e+00
4.401801801801769748e-02
3.709913913913926553e+00
9.474352352352365614e+00
3.349859859859832256e-01
5.742653653653706947e+00
2.507261261261282570e+00
8.907668668668677014e+01
1.644645345345344722e+01
3.856243243243258956e+00
3.546519519519521602e+00
2.612042042042098666e-01
2.736456456456446973e-01
1.438038038037998123e-01
5.470860860860875530e-01
4.441455455455451506e+00
9.978908908908730169e-01
9.964794794794974431e-01
5.273029029029034476e+00
3.540009409409410068e+01
6.186321421421416034e+01
2.991978978978975690e+00
3.480880880880877354e-02
2.015875875875907941e-01
4.703049149149151731e+01
2.823890890890928151e+00
5.980226226226200481e+00
6.852594594594621391e+00
1.102682682682695203e-01
2.271206206206199507e+00
2.725355355355335019e-01
1.679039039039033621e-01
4.998438338338349496e+01
5.702770770770763775e+00
6.016803803803829176e+00
4.491401401401408644e-01
6.560818818818818343e+00
4.087887887887879379e-01
7.032714714714709103e+00
1.516305305305305851e+01
4.228062062062056370e+00
3.939278278278235845e+00
1.844794794794763215e-01
6.129399399399441783e+00
3.321130530530531644e+01
5.668582582582575746e+00
2.678627627627613972e+00
3.465765765765828343e-02
4.226126126126094618e-01
3.423983983983991397e+00
9.131694694694722614e+00
2.837503503503519653e+00
2.472852852852887584e-01
1.583608308308307855e+01
1.368287827827827812e+02
8.868118118118172077e+00
1.073613513513516793e+01
1.207643043043039377e+01
2.223677677677677877e+00
2.699729729729736238e-01
1.471007357357358671e+02
1.275122302302302160e+02
3.471985985985968970e+00
3.640499499499514346e+00
8.711597597597613429e+00
5.332991991992002134e+00
5.177807807807802476e+00
2.169486486486504440e+00
5.979979979980041410e-03
2.064604604604645677e-01
4.168775775775745096e+00
4.029119519519509396e+01
6.624157157157175568e+00
9.919081081081088769e+01
4.532734234234244752e+01
2.535466266266268320e+01
2.752300300300279723e+00
3.178678678678623637e-01
6.201671671671662445e+00
4.048872872872838258e+00
1.042442442442435696e-01
1.704830770770768709e+02
1.749233233233249862e+00
2.318277277277274617e+00
2.117287287287288322e+00
6.370014014014002690e+00
2.982281281281309759e+00
6.131206206206213594e+00
1.191398798798799774e+01
2.380580580580542449e-01
3.922122122122130572e-02
1.103581401401401649e+02
4.082013013012997682e+00
1.072167837837837681e+02
4.030340340340292649e-01
4.560876876876861274e+00
2.935135135135140752e-02
6.937198498498497656e+01
1.997997997998011543e-03
2.392921521521514450e+01
2.629729729729749291e-02
6.105645645645627617e-01
6.491919019019036341e+01
4.918898898898905081e+00
5.346010010010012081e+00
1.777497647647646488e+02
7.515765765765760165e+00
7.809176176176134909e+00
3.065385385385365757e-01
4.825928928928928663e+00
1.582212212212217028e-01
6.438960960960985247e+00
4.909881381381381971e+01
3.725065065065076286e-01
5.610909109109106652e+01
2.475151341341343993e+02
4.365244244244236960e+00
1.780580580580569394e-02
6.838376376376356092e+00
1.070989899899900024e+02
1.014781181181181680e+01
2.907958958958941853e+00
1.386669379379379450e+02
1.103183183183189808e-01
2.942501501501524785e+00
1.927127127127176986e-01
4.508448448448348356e-01
1.376004884884885087e+02
2.490030030029999619e-01
1.806782682682684182e+01
1.326071371371381957e+01
5.536136136136152963e+00
2.716639639639633508e+00
4.025695695695730159e-01
6.026826826826879868e-01
2.269634634634638548e+00
1.497414514514499118e+01
5.775689689689699868e+00
5.949250250250236682e+00
2.023603603603642553e-01
2.136702702702705903e+00
3.138140040040039125e+01
8.909866566566579138e+01
3.507582582582581043e+00
1.930580580580552486e+00
7.556675675675688097e+00
1.730520520520530126e-01
1.806714254254253831e+02
4.762769769769779948e+00
2.776406406406401572e+00
1.095172172172171265e+01
2.989120120120131840e+00
4.390771771771766474e+00
1.052183283283281234e+01
2.444184184184166331e-01
4.750940940940900359e-01
5.928128128128007379e-02
5.954544544544493334e-01
7.975017017017028920e+00
2.045236756756759178e+02
1.857850310310307407e+02
5.272667667667676028e+00
3.600790790790863727e-01
5.143058058058053383e+00
4.088874874874885101e+00
6.246037037037035944e+00
3.394354354354294223e-01
7.018204204204189445e+00
1.345005005004992760e-01
1.072157457457455187e+01
4.844395395395379111e+00
4.571760760760819942e+00
3.611478478478461263e+00
8.784797797797841312e+00
4.428418418418465508e-01
2.285476136136137200e+02
5.146189189189203539e+00
2.114094794794796428e+01
4.542001001000986804e+00
6.802268268268225171e+00
3.735721721721709354e+00
5.223331331331344529e+00
3.411496496496476016e+00
2.507414214214204407e+01
4.032483483483459530e+00
5.087431431431448381e+00
6.441244244244276551e+00
2.081891891891930468e-01
7.263363363363448677e-01
1.628118118118113911e+00
7.242546546546543951e+00
5.112293293293305396e+00
9.307952952952962988e+00
2.648388388388364101e-01
1.739979979979964786e-01
3.714944944944866267e-01
6.607807807808004086e-02
1.845264264264257381e+00
1.350300300300265599e-01
5.398718718718769072e-01
5.362725725725734804e+00
6.265299299299305069e+00
2.315455455455504297e-01
2.477507507507547835e-01
2.075308108108109906e+01
3.477132132132137787e+00
3.280578678678673299e+01
1.688348348348333861e-01
5.480480480480563049e-02
6.423836836836843922e+00
3.143583583583602903e-01
1.214304304304279353e-01
3.172922922922903677e+00
1.365546146146146178e+01
1.504494494494499346e-01
5.279078078078047298e+00
5.765735735735727729e+00
8.376924924924949778e+00
2.345775775775748861e-01
4.642752752752674072e-01
