8.291525525525521800e+00
4.992568568568587217e+00
2.172972972972943978e-02
2.633919919919892827e+00
1.141462662662663519e+01
1.782702702702693820e+00
3.044364364364379183e-01
5.182805805805810628e+00
2.557907907907908118e-01
5.350419419419439215e+00
2.204867457457455941e+02
3.482272272272236568e-01
8.706106106106244191e-02
3.214243243243244841e+00
4.691977977978006642e+00
1.708230130130129965e+01
6.596096096096168426e-02
1.591411411411439158e-01
1.120744244244244072e+02
2.510116116116112295e+00
3.124324324324365479e-02
2.051902902902891679e+00
6.946103103103088650e+00
2.616436436436414548e-01
1.871501501501496301e-01
1.655845845845859698e-01
5.931437437437415916e+00
1.492002002001988903e-01
1.865005005005015148e-01
3.431293293293272040e+00
1.850804204204207082e+01
2.458748748748802448e-01
5.803483483483400374e-01
3.432631631631625435e+00
4.881238238238257310e+00
4.376687687687678796e+00
2.623160810810806538e+02
1.224699359359358226e+02
3.600900900900900758e-01
7.320323323323275844e+00
2.884682882882906796e+01
2.501892892892915832e+00
6.407517517517530514e+00
2.209363363363365806e+00
6.130127127127119380e+00
1.296766766766770385e-01
6.132092092092041868e-01
0.000000000000000000e+00
8.254017017017023505e+00
4.444503603603605768e+01
5.673743743743744794e+00
6.532432432432322411e-02
2.173163163163190359e-01
2.345715715715705141e+00
7.059898898898810060e+00
1.819481481481466156e+00
5.134316316316311912e+00
1.167177177177175285e+00
1.241894394394392798e+01
3.136814814814846031e+00
1.389416876876877041e+02
3.675514514514516495e+00
1.038066656656656477e+02
7.965065065065102257e-02
4.427858858858829016e+00
2.850880880880858337e-01
1.659238738738742924e+01
5.005131131131121514e+00
2.537967967968021710e-01
1.949699699699706801e-01
7.907549549549576895e+00
1.275145145145162862e-01
5.619938938938947359e+00
8.015525525525530881e+00
3.607267267267223465e-01
1.619507647647646138e+02
5.012059059059061461e+00
4.505276276276278580e+00
9.146234734734728988e+01
6.851781781781828284e-01
3.060657657657674502e+00
3.517016016015969804e+00
2.818618618618611293e-01
1.605460460460459515e+01
1.449498098098092846e+01
7.507899899899900475e+00
2.215555555555583034e+00
7.071598598598622054e+00
2.467503503503518214e+00
3.581131131131060630e-01
3.408428428428433854e-01
4.855002002001978845e+00
8.900700700700552026e-02
5.976698698698720946e+00
4.856170170170185152e+00
5.429969969969956622e-01
6.791937937937961856e+00
4.991868868868861497e+00
4.211128128128099668e+00
1.783619969969967372e+02
1.075364764764769454e+01
6.088488488488583150e-02
2.958138138138080575e-01
4.171805205205203038e+01
2.899689689689658456e-01
3.877340340340353020e+00
2.114745745745779448e+00
2.294773773773763015e+00
2.775365365365410342e-01
7.739805805805804795e+00
7.057247247247194766e-01
1.917857857857898085e-01
1.767117117117083802e-01
8.532087087087038668e+00
5.873536536536533958e+00
6.168778778778617466e-01
1.486186186186153058e-02
7.276761761761749270e+00
4.409195195195191097e+00
2.309398498498503471e+01
1.734481981981977938e+01
2.703894894894883993e+00
5.245985985986100220e-01
4.148528528528477644e+00
6.079842842842796635e+00
5.681971971972039626e-01
3.660727727727699943e+00
1.986126126126114000e-01
3.945989789789790336e+01
6.689589589589538254e-02
7.002002002001825147e-03
1.299729729729720284e-01
4.053003003002945137e-01
5.110705705705682611e+00
3.811929929929925631e+00
4.805188188188180476e+01
2.876316316316313570e-01
1.308353053053054360e+01
3.147904904904899936e+00
7.505905905906022635e-02
3.962633633633652952e+00
4.662963963963978387e+00
1.806716716716735283e-01
6.000687687687733529e+00
2.463563563563552217e-01
5.587218218218239052e+00
3.825405405405406967e+00
7.200990990990919771e-01
4.630144144144126450e+00
1.127517517517523798e-01
8.595936936936919182e+00
2.936080080080060384e+00
6.778478478478405789e-02
8.054108108108110287e+00
1.531344844844842790e+01
2.597183183183191080e+00
6.297894894894892737e+00
2.063440640640635948e+01
3.685349349349334780e+00
3.838048048048137151e-01
1.941211211211163745e-01
9.975975975975888421e-03
3.007147147147156141e-01
4.777000200200230040e+01
6.317748748748751808e+00
2.153308258258262242e+02
2.088758758758797740e-01
4.661964964964964153e+00
3.183574974974970928e+01
3.615177177177173462e+00
3.174974974975019459e-01
5.122118118118109464e+00
3.399009009009009041e+00
4.926826826826916084e-02
2.846636636636636464e+00
2.920013113113109071e+01
5.566256256256258084e+00
3.502442442442482151e-01
3.274534534534574992e-01
2.853387387387395169e+00
2.627057057057090028e-01
5.419515515515555215e+00
2.791511511511539645e-01
5.929979979980079641e+00
2.186528528528544513e+00
2.541160160160161663e+00
5.660439439439473475e+00
4.301644644644664339e+00
4.292696696696688186e+00
3.129479479479443937e-01
6.360410410410389126e+00
6.656747747747707500e+00
3.253122122122134474e+00
5.185080080080070708e+00
9.430730730730887967e-02
7.849155155155161268e+00
1.039309309309290885e-01
5.983530530530552838e+00
2.346466466466440581e-01
5.508746246246246869e+01
3.029899199199202542e+01
2.794994994995017024e+00
2.947567567567611069e-01
3.995995995995988391e-03
4.936187187187167424e+00
6.957957957957820565e-03
1.266647647647651453e+01
1.861451451451491823e-01
2.264494494494450338e-01
9.606706706706821253e-01
1.841521231231229763e+02
2.515185185185163097e-01
2.038322322322323021e+00
4.790940940940883741e-01
6.290572572572565413e+00
1.527431971971972189e+02
8.270843943943944510e+01
8.169980280280292106e+01
2.420347347347342470e+00
5.100847847847865602e+00
1.152376376376381906e+00
4.467397397397434022e-01
1.441983983983987727e+01
1.397997997997995658e-02
6.394997297297301486e+01
2.892227227227222919e+00
7.363018018018046007e+00
2.153896896896903446e+00
1.750769769769771855e+01
3.136575575575569097e+00
5.622722722722631183e-02
2.879610610610586541e+00
5.949554554554530306e+00
6.901055055055047127e+00
2.361248648648647119e+01
1.201421021021023883e+01
3.036799899899899913e+01
5.029811811811811140e+00
5.025392392392375562e+00
3.603429429429461095e+00
3.274098098098136678e+00
3.549911911911924456e+00
9.643243243243138085e-02
3.415215215215234856e-01
5.636810810810777284e+00
6.590921921921935933e+00
6.036476676676674913e+01
5.733492492492557879e+00
2.939312312312350794e+00
2.050033033033026975e+00
3.778860860860863369e+00
6.372751751751792426e+00
5.668858858858909500e-01
3.138368368368369410e-01
4.754254254254308143e-01
3.125672572572573316e+01
3.510960960960990640e+00
1.310350550550555759e+01
1.074082682682682588e+01
5.909148148148116064e+00
5.919819819819739648e-02
5.979979979980041410e-03
4.331126126126128462e+00
2.318918318318338478e+01
1.474925685685688563e+02
4.324166166166176772e+00
1.801422722722721659e+01
3.303446446446448803e+00
1.732046046046058940e+00
3.919470470470516332e+00
5.784947947947972402e+00
2.118312412412421253e+01
1.719279279279277706e-01
1.986799299299295996e+01
3.093553553553560764e-01
6.780780780780587547e-02
7.401868868868776374e+00
2.946106106106067823e-01
2.019519519519502038e-01
7.627069069069042584e+00
5.259109109109086688e+00
5.459289589589590008e+01
2.933136136136170080e+00
5.355701701701670814e+00
1.695687987987987455e+01
5.944499499499539930e+00
7.667850550550605249e+01
5.492448448448435272e+00
5.775050050050070105e+00
2.643563563563499641e-01
5.748825825825835345e+00
4.905493393393390988e+01
6.331475475475492054e+00
6.957957957957796279e-03
7.921767767767773805e+00
2.724224224224256474e+00
2.573422422422423139e+01
3.461051051051080574e-01
6.196239239239209162e+00
2.335435435435490037e-01
3.160159159159164677e+00
3.476635635635631605e+00
2.046437437437427231e+00
4.821215215215205241e+00
1.328668668668667452e-01
3.207809809809798018e+00
4.710260260260291099e-01
2.820690690690685898e-01
2.549106106106099112e+00
4.567077077077026814e+00
1.474624624624616687e-01
1.762432432432447238e-01
3.548138138138120290e+00
5.038938938938999357e-01
2.183183183183210960e-02
1.869369369369377684e-02
3.568743743743747032e+00
8.776515515515514565e+00
6.882220220220193418e+00
1.582372372372386482e-01
1.215339939939940983e+01
2.335769769769764359e+00
2.383685085085096489e+01
1.435293593593594608e+01
1.813347247247259020e+01
4.881735735735731829e+00
4.898465165165163882e+01
2.267006006006007990e+00
5.140019019019018032e+00
8.967967967967796494e-03
4.666644644644641460e+00
4.427341341341372249e+00
6.341031031031016063e+00
3.445835835835787675e-01
5.670568568568600476e+00
3.002850850850859121e+00
2.711311311311280225e-01
2.415629629629640895e+00
3.342261261261257221e+00
2.420490490490546098e-01
6.144605605605632626e+00
1.481631631631632473e-01
2.673263263263296330e-01
2.025665665665702109e-01
1.193193193193222042e-02
2.216246956956954364e+02
3.720387387387397826e+00
6.932464364364351184e+01
5.771631631631625181e-01
8.112581581581572721e+00
1.069548248248248790e+01
8.444641641641666752e+00
2.593763763763731189e-01
2.241604604604610529e+00
7.480080080080103722e-02
2.280667267267270049e+01
1.468648648648684663e-01
8.770473473473433756e+00
7.331162162162141449e+00
7.790390390390268538e-02
3.054094094094111367e-01
3.482902902902993425e-01
1.473463463463450807e-01
4.003603603603561045e-01
6.873873873873839746e-02
4.935395395395285045e-01
2.961884884884914637e+00
8.566205205205262629e+00
1.193140600600600578e+02
2.968758758758796579e-01
2.212162162162180923e-01
4.954554554554603529e-02
3.940070070070049724e-01
2.029599599599560544e-01
5.404638638638628478e+00
1.719459459459453943e-01
3.299098098098097509e+00
4.775445445445520853e-01
4.281783783783756903e+00
2.710929929929930982e+00
3.168157957957965465e+01
8.145151151151164726e+00
4.902202202202151499e-02
1.869579579579591644e-01
3.424818818818822663e+00
4.817272272272264289e+00
3.997637637637668995e+00
7.975085085085093617e+00
2.241731731731697597e-01
3.569681181181182694e+01
1.164264004004003681e+02
3.411033033033051609e+00
3.704904904904868790e-01
3.530172172172162171e+00
5.139061061061085844e+00
6.083733733733700966e+00
3.662801801801838675e+00
2.410390390390374227e-01
4.576682682682674752e+00
1.397397997997999219e+01
4.644129129129107802e+00
7.951002002001991364e+00
1.100667667667667473e+02
3.824247247247237080e+00
1.417160230230227853e+02
3.446785785785805523e+00
3.887197197197214571e+00
1.878838238238236613e+01
4.654992992993008727e+00
4.310912912912955086e+00
2.174774774774790656e-02
1.592244444444440710e+01
4.945925925925898081e-01
2.163854854854835086e+00
9.918047147147142084e+01
7.150521521521564061e+00
1.086979259259257162e+02
7.214297297297303402e+00
3.611961961961897005e-01
7.103858858858800751e+00
5.761984984984973579e+00
7.524844844844830405e+00
3.067817817817766191e-01
3.312412412412467644e-01
1.497235305305306099e+02
1.053771271271274834e+01
2.685217017017014385e+01
1.528088088088106200e-01
1.999340340340378219e+00
2.488799799799801260e+00
1.819001101101103046e+01
1.621621621621635034e-01
2.219399399399407946e-01
2.368568568568534677e-02
1.078135235235235001e+01
4.738041041041023860e+00
4.043943943944004471e-01
4.058376276276262473e+01
1.650154154154167108e+00
3.746256256256293438e-01
2.793433433433404889e-01
5.643713713713712998e+00
8.207301301301315632e+00
1.544560550550547475e+02
2.066860260260262194e+01
1.466976976976979430e-01
3.715315315315305400e-02
4.123803803803898771e-01
1.803732132132130772e+01
5.859782782782777311e+00
3.993993993994054102e-03
8.097647647647618907e-01
5.057436436436448801e+00
4.417259259259275872e+00
3.504675675675634317e+00
5.973450450450448201e+00
9.441436436436445589e+00
6.459869869869838688e+00
5.588827827827814509e+00
1.674124124124097279e-01
1.491391391391354293e-02
6.270828828828820534e+00
6.394514514514573200e-01
1.098198198198175983e-02
5.395205205205093613e-01
3.293693693693758862e-01
8.454764764764884921e-01
7.646413413413398530e+00
4.836426426426405634e+00
2.801836836836852029e+00
3.816406406406345209e-01
3.052952952952925347e-02
4.598088088088097547e-01
1.140064064064062066e+01
5.657070070070030710e+00
1.101772072072074771e+01
3.161861861861909873e+00
1.777876876876888890e+00
2.977792792792759435e+00
3.952542542542525794e+00
7.200214214214171626e+00
1.658605055055054436e+02
4.757625625625621524e+00
4.016396396396434199e+00
7.747787787787714375e-01
7.083606606606596579e+00
1.676918018018023560e+01
3.328712712712701638e+00
6.780130130130164190e-01
2.749749749749798647e-02
4.461967967967980009e+00
2.404827827827806352e+00
7.876505505505515536e+00
3.272512512512473770e-01
1.451691691691708030e-01
2.677467467467424256e-01
5.241208208208250063e+00
1.076296296296308797e-01
3.666666666666713176e-02
2.796119119119135021e+00
4.140974874874871858e+01
7.275433433433439845e+00
5.841558558558558900e+01
1.332392392392400537e-01
5.119709709709755474e-01
5.927221221221238068e+00
2.661921921921905354e-01
6.644314314314322623e+00
5.983753753753767057e+00
8.943943943943950120e-03
8.247626626626617607e+00
1.219996556556557437e+02
2.126757757757750777e+00
4.386349349349359272e+00
2.054747347347342767e+01
5.734987987988046321e+00
4.488514514514512221e+00
6.774808808808795213e+00
1.203473473473461036e-01
1.388104104104110226e+00
1.179594294294294343e+01
4.902942942942863369e-01
1.005256856856857439e+01
5.010001001001004539e+00
1.678988088088087594e+01
1.189099099099125978e-01
6.056834834834844195e+00
3.817227227227219521e-01
7.249299299299196697e-01
1.883211011011012204e+01
9.655131631631635969e+01
2.502215315315327260e+01
1.455905905905901188e+00
2.153473473473436761e-01
3.758170070070068647e+01
3.949972972972974006e+00
5.111141141141194444e-01
6.312477877877862653e+01
3.149386386386400893e+00
2.916256256256319901e-01
5.363297297297257238e+00
5.471738738738753938e+00
1.553413413413434474e-01
5.836655655655667907e+00
1.982142142142147290e-01
8.337689689689684158e+00
3.997897897897879915e-02
5.045052052052060532e+00
2.430141141141170635e+00
2.038958958958930756e-01
3.399256456456455311e+01
2.101891891891929931e-01
1.957499599599604423e+01
3.671094094094102367e+00
2.749419419419377730e-01
6.557138138138199679e+00
7.975975975976056648e-03
8.249955955955966758e+00
2.320099099099090179e+00
2.949746176176175254e+02
4.763105105105115200e+00
4.496371771771775627e+01
2.999460460460440814e+01
5.098685685685654612e+00
2.079259259259216841e-01
5.224347347347341852e+00
8.833555555555530958e+00
4.852635635635669686e+00
6.645799799799836372e+00
2.887747747747767546e-01
6.684216116116114392e+01
2.599564564564549762e+00
2.321271271271243553e-01
7.850801801801814861e+00
4.273748748748747772e+00
3.866376376376424173e-01
1.858682102102100941e+02
8.009347347347320678e+00
3.565716716716720303e+00
1.143486186186182429e+01
5.823084084084080736e+00
5.620550450450446078e+01
1.172962962962972866e-01
1.702652652652637544e-01
4.729160160160172488e+00
3.095849849849841906e+00
1.748229529529529884e+02
6.324406406406404280e+00
3.168988988989016042e-01
3.797425425425429601e+00
7.241192192192149157e+00
4.774374374374412006e-02
2.214934634634635913e+01
1.655407617617618996e+02
3.145745745745769373e+00
4.432942942942898479e-01
3.857557557557488859e-01
2.340200100100097913e+01
2.224864864864865011e-01
2.171005785785785065e+02
1.478818818818812553e-01
9.875745745745749815e-01
1.559229229229240066e-01
6.219850850850813018e+00
3.136406406406418435e-01
1.562142142142151913e-01
3.514612612612606490e+00
4.017047047046994890e-01
1.220648478478478012e+02
3.097157157157173768e-01
4.610111111111071303e+00
3.526436436436401478e-01
2.839579579579554758e-01
3.109770770770741599e+00
6.747366366366378543e+00
4.830900900900861328e-01
1.293297697697698112e+01
2.409559559559575070e-01
5.714744744744728600e+00
4.021759759759742536e+00
1.414777977977971091e+01
5.390411411411389686e+00
1.185256656656655672e+01
2.095908908908930446e+00
1.124674674674668168e-01
2.713707707707721184e+00
3.159189189189174352e-01
6.431691691691550083e-01
2.062070730730733032e+02
1.972168858858857448e+02
2.801656656656652977e+00
4.193983983984054253e-01
3.673084084084062617e+00
2.057244954954953471e+02
6.561855855855846187e+00
6.555354354354319568e+00
7.481781781781798868e-01
4.819973973973987746e+00
4.759679679679760245e-01
5.551717717717711942e+00
2.444556946946947562e+02
4.167497497497563708e-01
2.871251251251268899e-01
8.192379379379376658e+00
1.388033283283282913e+02
3.939743743743782112e+00
7.083866866866859624e+00
2.302042042042069248e-01
1.358249649649648916e+01
3.119739739739810780e-01
5.821421421421368869e-02
2.705895895895855108e-01
7.660501101101101540e+01
1.467634334334335477e+01
3.226482872872872463e+02
9.669169169169257450e-02
7.141911911911790201e-01
5.819555555555553816e+00
3.604995995996042701e+00
2.071061061061079123e-01
4.165663663663655925e+00
5.240430430430449427e+00
4.022682682682666711e-01
3.634734634634630623e+01
1.081061061061039247e-01
5.478938938938968661e-01
6.932369369369363099e+00
1.448828828828827853e-01
4.033943943943957833e-01
3.410892892892874340e+00
5.094320320320359308e+00
3.606617517517518934e+01
2.186052052052058770e+00
4.052262262262301684e-01
5.558548548548563950e+00
5.446876876876955986e-01
3.889228228228249318e+00
1.562496496496499354e+00
4.987987987987973701e-03
3.212208008008013849e+01
2.685885885885830326e-01
2.545715715715762273e-01
5.302702702702636467e-02
3.871741741741790421e-01
9.288788788788726603e-02
4.242288288288281528e+00
2.913663663663640380e-01
8.926766766766592864e-01
2.149299299299270716e-01
4.814805805805844940e+00
3.697134134134093308e+00
7.785619619619601472e+00
5.443389389389369448e+00
8.132564564564576770e+00
8.126510510510501106e+00
7.409261461461449016e+01
2.186178488488485527e+02
6.314897897897915335e+00
4.307469469469457302e+00
3.570808308308317436e+01
2.778158158158142155e-01
1.287130530530527928e+01
9.879279279279513937e-02
1.609356356356361673e+01
3.545457457457461992e+00
2.665565565565616510e-02
4.917885885885897146e+00
3.652282282282256487e-01
8.118318318318500093e-02
1.712857457457451460e+01
1.281159709709709773e+02
3.936796796796748210e-01
3.487707707707702109e+00
5.394636636636616522e+00
1.176021021021017177e+01
3.548010010010016479e+00
4.130724724724720964e+00
5.730980980980997508e-01
4.494528528528515032e+00
2.206486486486511911e-01
4.250381381381361123e+00
9.465480480480499281e+00
3.080832832832772539e+00
5.416468468468456976e+00
7.220690690690693136e-01
3.015075075075079325e-01
6.109764764764797462e+00
3.742802802802819295e-01
1.786616116116118747e+01
1.463097697697697797e+01
3.029760760760780158e+00
1.331581181181183737e+01
1.934144144144175625e-01
5.285795795795814600e-01
3.471421421421457265e-01
3.432287287287300703e+00
7.875368368368368621e+00
1.786296296296321640e-01
5.259470470470459347e+00
5.495555555555561078e+00
2.210595985985986260e+02
2.514494494494448618e-01
2.542722622622629558e+01
3.176456456456440702e-01
6.299639639639587063e-01
2.492157257257247238e+01
9.100452452452445939e+00
4.590360360360363323e+00
3.768528528528515276e-01
1.371624734734731703e+02
1.054014814814813583e+01
6.028274274274239453e+00
3.957827827827850031e-01
4.266976976977032154e-01
1.897991991991959004e+00
8.178032032032039211e+00
1.949952552552553442e+01
6.343943943943865238e-02
2.246376376376411632e-01
2.432706706706707411e+00
2.933908908908959390e+00
6.370917917917900297e+00
1.615808908908910979e+01
7.080941941941926387e+00
5.140975975975973000e+00
6.913013013013015184e-01
2.249349349349381855e-02
1.316016016016000045e-01
7.410729729729656157e+00
6.294068068068065180e+00
7.879231231231193178e+00
2.986536536536502640e-01
8.356083083083120755e+00
2.561783683683683677e+01
4.470820820820889940e-01
7.898384584584576373e+01
7.674452452452459994e+00
9.738020020020009326e+00
3.805677677677688830e+00
1.991814914914918333e+01
6.087310310310314776e+00
4.035835835835862445e-02
3.616803803803820827e+00
9.316194194194187261e+00
3.351861861861921144e-01
5.595090090090088175e+00
2.506601601601592844e+00
8.957001401401403484e+01
1.616182082082081095e+01
3.858272272272288639e+00
3.503378378378333657e+00
2.638578578578615330e-01
2.692592592592566447e-01
1.396356356356340533e-01
5.136926926926993486e-01
4.439244244244242132e+00
9.409749749749741765e-01
9.968468468468589805e-01
5.198819819819822996e+00
3.503150950950952591e+01
6.018583183183191210e+01
2.933335335335322647e+00
3.287687687687636251e-02
1.991331331331354093e-01
4.629022522522530636e+01
2.763822822822816327e+00
5.758336336336360439e+00
6.696998998999006858e+00
1.067367367367377529e-01
2.259965965965954560e+00
2.733913913913935123e-01
1.589739739739735036e-01
4.910261661661662913e+01
5.663781781781769276e+00
5.777835835835801959e+00
4.470670670670707225e-01
6.461082082082058697e+00
4.086436436436453046e-01
6.890652652652635268e+00
1.482461461461462626e+01
4.038684684684682225e+00
3.939306306306316952e+00
1.845825825825814226e-01
6.210172172172202743e+00
3.267004904904909068e+01
5.502248248248219120e+00
2.657099099099078821e+00
3.271571571571536136e-02
4.180570570570615874e-01
3.327306306306287542e+00
8.937103103103110513e+00
2.793221221221197759e+00
2.435055055055029283e-01
1.522479879879876208e+01
1.352047057057057202e+02
8.786444444444438062e+00
1.068708508508510313e+01
1.188023923923925551e+01
2.236710710710692940e+00
2.676906906906940664e-01
1.482477727727727483e+02
1.247557297297294525e+02
3.377735735735715839e+00
3.589151151151114938e+00
8.468225225225229025e+00
5.104487487487448405e+00
5.204398398398364378e+00
2.170425425425443589e+00
6.969969969969863448e-03
2.045205205205223309e-01
4.090336336336361178e+00
3.935668668668670023e+01
6.474232232232242978e+00
9.682075975975979532e+01
4.476743043043041581e+01
2.502796096096077960e+01
2.682670670670665558e+00
3.143403403403401408e-01
6.069427427427402932e+00
4.070388388388392009e+00
1.014844844844861177e-01
1.664164554554554627e+02
1.725504504504513648e+00
2.291182182182160076e+00
2.160410410410424031e+00
6.142872872872846557e+00
2.903073073073043187e+00
5.992443443443438156e+00
1.177289589589591934e+01
2.318268268268271759e-01
3.826526526526528166e-02
1.078417987987989051e+02
3.968203203203209295e+00
1.051204704704704369e+02
4.030340340340292093e-01
4.486787787787816839e+00
3.124524524524477723e-02
6.817300400400398530e+01
1.997997997998054477e-03
2.375215815815811382e+01
2.724324324324316898e-02
6.083623623623671817e-01
6.391540040040037240e+01
4.757963963963979026e+00
5.323826826826851821e+00
1.747043273273274053e+02
7.382228228228219891e+00
7.736775775775807773e+00
3.087807807807890770e-01
4.765450450450441799e+00
1.577327327327336659e-01
6.220257257257311601e+00
4.834400200200186504e+01
3.637747747747774874e-01
5.601418018018016909e+01
2.432195145145146284e+02
4.331145145145122832e+00
1.780580580580569741e-02
6.840783783783773053e+00
1.041355975975977231e+02
9.917209209209296716e+00
2.842853853853834600e+00
1.353979449449448111e+02
1.056056056056035586e-01
2.861032032032047479e+00
1.868978978978984018e-01
4.503813813813739575e-01
1.357627287287285469e+02
2.459199199199233743e-01
1.817846346346346209e+01
1.307215015015016135e+01
5.478373373373385036e+00
2.662753753753767327e+00
4.065615615615603140e-01
5.993273273273259649e-01
2.301472472472509967e+00
1.473619119119119603e+01
5.746729729729695535e+00
5.835601601601588584e+00
2.004714714714721235e-01
2.121028028028037582e+00
3.050887587587589422e+01
8.891076976976987112e+01
3.428482482482492433e+00
1.922730730730748627e+00
7.526265265265271509e+00
1.644504504504542552e-01
1.796133123123121038e+02
4.658476476476467454e+00
2.723294294294321460e+00
1.070095095095092930e+01
2.931942942942907138e+00
4.320555555555528393e+00
1.024149249249251170e+01
2.410300300300354526e-01
4.739009009008943729e-01
6.061161161161292277e-02
5.985785785785818769e-01
7.897451451451426685e+00
2.010799619619621410e+02
1.833810320320322660e+02
5.292039039039022619e+00
3.578238238238240498e-01
5.135057057057082375e+00
4.057083083083056430e+00
6.031921921921914453e+00
3.416126126126042828e-01
6.995937937937921625e+00
1.218368368368343696e-01
1.057202302302305519e+01
4.804646646646683728e+00
4.525240240240242073e+00
3.567713713713689838e+00
8.731203203203200758e+00
4.364394394394283117e-01
2.253883773773772532e+02
5.081376376376335990e+00
2.119226826826822574e+01
4.503158158158143465e+00
6.762808808808808969e+00
3.656341341341351026e+00
5.091274274274263156e+00
3.338613613613613307e+00
2.494135335335320391e+01
3.987137137137142684e+00
5.049588588588607152e+00
6.357081081081116913e+00
2.051911911911890596e-01
7.236936936937000686e-01
1.498992992993007922e+00
7.205672672672678303e+00
5.070307307307286848e+00
9.341287287287308061e+00
2.630780780780827000e-01
1.706466466466430298e-01
3.685035035035085782e-01
6.125625625625480408e-02
1.801252252252242947e+00
1.355015015015026136e-01
5.349259259259193655e-01
5.276954954954971910e+00
6.070605605605598143e+00
2.269649649649694567e-01
2.490040040039992741e-01
2.065112812812808230e+01
3.491869869869862253e+00
3.202074374374378607e+01
1.671691691691658821e-01
5.745645645645760385e-02
6.335194194194258444e+00
3.069739739739802409e-01
1.210730730730704974e-01
3.070400400400408181e+00
1.338633233233238329e+01
1.492762762762757378e-01
5.195138138138093886e+00
5.666621621621626304e+00
8.231402402402384411e+00
2.402262262262199188e-01
4.558598598598659901e-01
