1.283242242242250253e+00
8.171121121121053266e-01
0.000000000000000000e+00
6.239299299299253532e-01
1.494077077077079263e+00
5.907697697697694705e-01
2.297807807807861480e-01
7.939579579579646440e-01
2.372412412412347460e-01
7.949339339339313026e-01
2.522144344344340894e+01
1.372412412412395699e-01
0.000000000000000000e+00
4.566186186186181328e-01
6.796356356356416661e-01
2.303429429429407538e+00
1.997997997998011543e-03
1.997997997998014579e-03
1.396805305305304223e+01
5.310870870870824101e-01
0.000000000000000000e+00
4.267287287287240272e-01
1.028902902902914862e+00
2.202912912912937948e-01
0.000000000000000000e+00
0.000000000000000000e+00
9.037297297297389731e-01
2.000000000000033869e-03
1.997997997997976848e-03
6.867567567567562925e-01
2.067950950950971922e+00
5.134334334334259703e-02
2.331711711711690060e-01
4.185685685685638369e-01
8.298738738738810072e-01
7.409559559559582009e-01
2.748464964964960444e+01
1.373200200200202659e+01
2.321871871871897253e-01
1.015061061061061309e+00
3.915529529529564012e+00
5.071441441441537634e-01
9.109779779779819675e-01
6.551131131131008312e-01
8.861801801801791889e-01
0.000000000000000000e+00
3.978608608608696362e-01
0.000000000000000000e+00
1.086416416416412956e+00
5.844634634634649828e+00
8.132962962963041775e-01
1.000000000000010863e-03
4.574174174174218399e-02
3.470830830830838321e-01
1.052970970970947828e+00
2.485595595595545548e-01
8.149089089089086579e-01
2.849879879879922973e-01
1.746544544544547994e+00
7.274384384384389168e-01
1.686661261261259881e+01
5.283493493493521820e-01
1.128964364364358808e+01
0.000000000000000000e+00
6.774194194194348428e-01
1.193193193193228634e-02
2.003370370370369802e+00
7.588758758758771261e-01
2.500250250250257711e-01
3.659259259259211444e-02
1.164340340340342950e+00
1.997997997998012410e-03
9.364854854854678390e-01
1.146296296296282824e+00
2.957157157157057001e-02
1.681757457457458216e+01
7.437387387387420778e-01
7.850830830830802798e-01
1.069686286286281707e+01
3.139609609609568808e-01
6.433443443443517262e-01
6.775155155155173636e-01
4.169669669669708728e-02
2.094353353353368252e+00
1.651661661661645075e+00
1.097326326326337087e+00
5.538088088088117811e-01
9.888018018018012167e-01
4.763613613613639219e-01
2.133493493493529014e-01
1.192192192192185682e-02
6.291711711711617250e-01
2.462762762762716467e-02
9.252672672672627163e-01
7.688428428428476513e-01
4.532052052051930846e-01
9.402352352352424392e-01
8.233103103103132092e-01
5.809149149149083202e-01
1.989624724724726690e+01
1.401711711711709940e+00
0.000000000000000000e+00
2.057957957957905551e-02
5.056183183183202701e+00
2.379169169169122466e-01
7.795935935935983663e-01
4.977677677677639356e-01
3.679979979980024796e-01
2.483993993993972027e-01
1.063221221221219093e+00
2.481481481481508933e-01
9.909909909909872874e-03
5.969969969970007409e-03
1.213265265265274229e+00
9.002152152152266273e-01
3.018518518518443008e-02
0.000000000000000000e+00
1.168130130130131006e+00
6.884464464464439271e-01
3.071861861861869158e+00
2.275433433433434516e+00
4.245335335335292948e-01
1.827477477477448264e-01
6.072972972973051942e-01
8.930790790790587019e-01
2.866856856856823121e-01
7.434064064064084265e-01
2.249349349349378385e-02
4.449156156156122144e+00
0.000000000000000000e+00
0.000000000000000000e+00
1.000000000000018452e-03
1.000000000000012814e-03
8.018758758758761651e-01
6.331991991992050872e-01
5.852042042041987635e+00
2.473313313313302564e-01
1.550560560560567680e+00
6.718858858858850480e-01
0.000000000000000000e+00
6.133233233233265080e-01
7.704694694694771417e-01
0.000000000000000000e+00
9.309139139139130936e-01
2.229979979979944960e-01
8.273143143143123490e-01
6.085975975975913554e-01
2.543533533533484658e-01
6.742162162162258499e-01
3.987987987988058682e-03
1.103893893893913791e+00
7.099809809809786154e-01
0.000000000000000000e+00
1.074373373373377127e+00
2.187685685685675452e+00
5.896756756756759144e-01
9.166126126126324936e-01
2.441476476476505120e+00
6.253393393393419375e-01
3.394094094094136232e-02
2.629729729729749985e-02
0.000000000000000000e+00
9.485885885885790569e-02
5.067677677677676407e+00
9.258968968968982471e-01
2.358187687687688339e+01
1.769369369369392514e-02
7.589619619619722979e-01
3.908467467467471756e+00
7.374314314314369678e-01
4.119219219219177885e-02
7.613393393393421693e-01
5.997807807807772340e-01
0.000000000000000000e+00
3.689789789789766905e-01
3.295357357357345141e+00
7.856306306306274356e-01
9.643243243243170004e-02
3.766466466466492774e-02
5.134524524524506361e-01
1.381781781781783736e-02
9.396226226226339628e-01
9.185085085085208101e-02
9.300840840840847168e-01
1.702322322322296078e-01
5.568908908908930533e-01
8.686356356356419450e-01
5.504994994994960589e-01
6.591681681681694771e-01
1.432142142142129315e-01
8.779159159159289905e-01
1.019453453453456060e+00
6.775175175175178754e-01
8.551881881881894243e-01
1.000000000000000238e-03
1.199806806806809290e+00
0.000000000000000000e+00
8.985895895895884555e-01
1.000000000000016934e-03
7.667558558558567938e+00
3.941156156156144341e+00
6.581171171171197321e-01
8.579579579579652004e-02
0.000000000000000000e+00
8.409649649649613146e-01
0.000000000000000000e+00
1.540410410410431252e+00
1.000000000000003707e-03
5.969969969969906795e-03
1.978328328328291252e-01
2.013384184184178594e+01
2.484844844844873168e-01
1.879299299299318493e-01
3.178678678678698577e-01
9.659609609609489667e-01
1.799512912912913976e+01
9.044372372372379232e+00
9.414593593593600929e+00
3.518698698698703997e-01
7.454564564564647444e-01
4.918178178178168602e-01
2.444274274274277348e-01
1.918832832832821689e+00
0.000000000000000000e+00
7.395006006006026311e+00
6.270910910910972857e-01
1.091294294294298695e+00
4.177217217217185641e-01
2.493012012012015166e+00
5.642102102102078964e-01
0.000000000000000000e+00
3.621671671671707338e-01
9.202162162162109693e-01
9.787277277277203202e-01
3.153294294294294531e+00
1.564531531531547115e+00
3.511260260260269828e+00
7.974714714714620234e-01
7.452042042042065217e-01
5.001121121121215873e-01
6.024974974975025876e-01
5.589129129129136730e-01
0.000000000000000000e+00
1.700810810810779727e-01
8.715705705705587558e-01
1.037583583583582270e+00
7.353879879879887227e+00
8.018328328328383492e-01
3.896426426426439216e-01
5.481591591591589152e-01
7.584244244244173760e-01
9.344744744744626352e-01
1.448128128128119974e-01
1.865765765765755105e-02
2.236546546546525072e-01
3.868558558558555571e+00
5.383843843843769683e-01
1.737744744744730507e+00
1.457012012012015356e+00
9.053553553553456146e-01
0.000000000000000000e+00
0.000000000000000000e+00
6.550790790790846918e-01
3.022953953953955164e+00
1.654890690690691812e+01
7.311341341341377476e-01
2.358833833833832827e+00
6.596346346346319001e-01
3.816006006006033013e-01
6.784774774774823269e-01
8.319949949949932977e-01
2.555286286286296171e+00
0.000000000000000000e+00
2.681221221221230078e+00
0.000000000000000000e+00
1.997997997998008941e-03
1.064738738738733925e+00
1.094844844844844872e-01
2.993993993994003341e-03
1.133692692692689796e+00
8.407507507507473443e-01
5.974581581581584366e+00
6.752782782782742466e-01
7.628258258258104885e-01
2.208663663663663623e+00
9.232132132132135904e-01
9.106608608608642186e+00
8.790040040040153491e-01
8.727077077076970113e-01
2.454844844844867036e-01
8.555835835835837733e-01
5.804970970971000455e+00
1.027890890890874376e+00
0.000000000000000000e+00
1.129830830830819366e+00
6.585515515515560914e-01
2.897901901901900779e+00
3.951451451451429980e-02
8.965415415415386446e-01
1.026466466466476740e-01
6.824654654654640495e-01
6.608038038037991058e-01
4.360910910910855143e-01
7.307007007007000343e-01
0.000000000000000000e+00
7.175295295295317510e-01
6.357357357357486249e-02
2.268178178178144044e-01
7.142762762762796536e-01
6.895755755755750283e-01
2.993993993994003341e-03
1.997997997998016313e-03
7.636266266266353853e-01
4.682432432432480640e-01
0.000000000000000000e+00
0.000000000000000000e+00
6.817527527527504905e-01
1.109213213213201321e+00
9.940390390390434483e-01
0.000000000000000000e+00
1.623726726726715697e+00
3.249669669669746352e-01
2.949487487487494786e+00
1.861724724724726165e+00
2.509442442442449295e+00
7.365865865865880435e-01
6.023298298298204401e+00
6.821351351351416792e-01
7.508768768768729895e-01
0.000000000000000000e+00
7.341011011010988296e-01
8.281151151151155965e-01
9.634714714714752715e-01
2.068768768768783003e-02
9.167437437437404579e-01
4.136566566566641789e-01
1.331691691691696267e-01
5.661521521521419853e-01
5.595025025025051058e-01
1.226736736736729061e-01
9.230910910910870015e-01
0.000000000000000000e+00
3.935835835835853336e-02
3.287687687687626537e-02
0.000000000000000000e+00
2.467362062062064965e+01
6.927137137137181488e-01
8.244039039039053662e+00
3.236496496496485964e-01
1.131918918918925598e+00
1.371169169169179192e+00
1.137336336336339127e+00
3.987987987988056947e-03
4.765535535535459499e-01
9.943943943944081112e-03
2.867653653653644330e+00
3.987987987988034395e-03
1.281996996996991323e+00
9.553903903903978589e-01
0.000000000000000000e+00
1.540540540540566439e-01
4.754754754754669105e-02
1.000000000000015200e-03
1.710460460460489773e-01
0.000000000000000000e+00
4.105055055055129576e-01
4.504694694694713619e-01
1.211178178178168974e+00
1.475029429429427985e+01
2.085925925925940505e-01
1.026466466466475630e-01
0.000000000000000000e+00
2.067457457457469727e-01
4.979979979979972000e-03
8.581691691691601953e-01
1.000000000000018235e-03
7.282612612612627823e-01
2.496246246246307254e-01
7.624124124124149748e-01
6.235745745745671087e-01
3.968019019019005000e+00
1.022305305305302836e+00
0.000000000000000000e+00
1.997997997997981619e-03
6.268158158158050330e-01
6.863643643643719816e-01
5.400190190190269357e-01
1.179625625625633889e+00
6.859259259259239960e-02
4.239782782782782533e+00
1.324941541541543089e+01
6.153863863863897610e-01
2.077717717717766643e-01
5.980840840840826456e-01
7.838978978978989876e-01
9.670620620620611341e-01
6.776596596596533573e-01
1.761921921921927037e-01
8.039989989989906327e-01
1.684590590590579362e+00
7.797787787787880953e-01
9.858688688688622692e-01
1.231217517517523241e+01
5.334644644644555012e-01
1.681799699699700668e+01
7.569519519519588568e-01
6.033313313313279913e-01
2.448439439439423548e+00
7.749579579579576327e-01
7.853743743743774042e-01
0.000000000000000000e+00
1.788007007007025750e+00
1.544954954954961823e-01
6.612122122122101597e-01
1.051363263263264791e+01
1.204652652652655309e+00
1.241593493493490818e+01
1.068982982982964902e+00
1.750610610610591200e-01
1.107993993993982018e+00
8.347857857857768904e-01
1.019226226226220833e+00
1.381781781781777144e-02
2.408318318318348195e-01
1.681697497497495419e+01
1.417808808808814325e+00
3.108842842842844956e+00
3.987987987988031793e-03
6.670660660660585606e-01
4.764684684684727944e-01
2.311573573573571849e+00
3.987987987988052610e-03
6.859259259259238573e-02
0.000000000000000000e+00
1.503044044044042016e+00
8.085905905905796942e-01
1.309139139139122443e-01
5.221303303303293397e+00
4.539869869869940233e-01
2.176176176176207455e-02
2.423213213213257222e-01
9.327587587587700124e-01
1.155841841841849238e+00
1.819112612612618918e+01
2.796758758758774110e+00
1.000000000000011947e-03
0.000000000000000000e+00
1.345855855855843664e-01
2.452231231231231323e+00
9.786346346346330716e-01
0.000000000000000000e+00
4.382322322322279029e-01
7.284694694694694439e-01
7.353853853853937750e-01
6.089679679679621538e-01
9.101601601601558844e-01
1.364007007006999395e+00
9.570510510510572555e-01
8.382722722722738551e-01
0.000000000000000000e+00
0.000000000000000000e+00
9.485775775775792118e-01
1.028568568568559022e-01
0.000000000000000000e+00
2.305375375375399438e-01
1.706466466466440568e-01
1.428778778778768133e-01
1.054313313313313349e+00
8.740090090090225639e-01
7.527637637637627499e-01
2.117957957958001014e-01
0.000000000000000000e+00
2.687877877877870025e-01
1.678982982982960337e+00
9.209909909909979042e-01
1.581232232232223645e+00
4.841901901901930483e-01
3.678278278278276914e-01
3.725995995996058130e-01
7.585415415415475149e-01
1.006741741741759233e+00
1.860654554554546891e+01
8.217477477477324044e-01
7.131801801801809226e-01
5.448238238238174436e-01
1.014091091091093411e+00
2.185663663663668377e+00
4.896656656656650508e-01
3.973643643643707812e-01
0.000000000000000000e+00
8.134924924924937795e-01
3.461531531531532591e-01
1.170872872872871895e+00
1.968358358358341387e-01
6.957957957957789340e-03
7.943943943943879843e-03
7.977287287287171402e-01
5.969969969969860825e-03
0.000000000000000000e+00
4.998718718718667686e-01
5.312930930930951590e+00
1.089921921921926939e+00
6.091082082082080795e+00
0.000000000000000000e+00
2.032412412412366309e-01
8.814274274274301879e-01
8.955955955956060657e-03
9.849739739739693523e-01
9.316176176176222956e-01
0.000000000000000000e+00
1.261050050050061877e+00
1.426691691691692654e+01
4.620280280280193996e-01
7.771001001001009989e-01
2.588079079079088629e+00
8.930350350350233501e-01
7.844774774774807558e-01
9.954324324324350659e-01
1.000000000000018235e-03
5.073693693693637208e-01
1.577257257257259182e+00
3.908298298298357176e-01
1.406812812812817226e+00
7.821761761761766296e-01
2.360404404404388146e+00
0.000000000000000000e+00
7.993383383383403373e-01
5.996396396396336259e-02
6.601431431431293850e-01
2.506837837837836425e+00
1.021492092092092818e+01
2.953108108108120078e+00
3.471621621621602816e-01
0.000000000000000000e+00
4.452880880880869086e+00
7.743053053052978418e-01
3.752462462462542447e-01
7.491807807807867370e+00
6.868328328328300314e-01
3.294294294294262959e-02
8.645685685685726707e-01
8.790970970970835019e-01
1.000000000000003490e-03
8.984924924924930778e-01
4.210610610610576732e-02
1.172271271271287718e+00
0.000000000000000000e+00
7.927157157157195266e-01
6.080580580580584593e-01
3.987987987988037865e-03
4.398260260260268950e+00
4.392792792792898915e-02
2.431873873873889647e+00
7.451591591591537611e-01
1.079789789789795257e-01
9.352032032032076003e-01
0.000000000000000000e+00
1.226905905905901761e+00
4.483673673673783666e-01
3.375526526526527249e+01
7.182082082082100749e-01
5.581179179179171612e+00
3.461066066066075031e+00
7.991571571571695065e-01
2.993993993993998570e-03
7.352122122122021208e-01
1.224588588588585658e+00
7.575645645645517900e-01
1.078388388388385355e+00
2.262012012011974382e-01
9.017924924924900054e+00
7.085085085085053302e-01
9.877777777777904666e-02
1.110354354354354811e+00
7.749609609609590111e-01
7.908608608608552748e-02
2.238809409409408957e+01
1.085104104104122724e+00
6.525055055054999054e-01
1.596990990990963866e+00
8.313393393393355701e-01
6.423630630630630556e+00
0.000000000000000000e+00
1.997997997998024987e-03
7.926426426426445015e-01
4.005005005004992902e-01
1.811289189189200854e+01
9.263123123122992686e-01
2.353553553553564687e-02
6.312542542542508572e-01
9.815555555555616207e-01
0.000000000000000000e+00
2.662253253253245688e+00
1.914098298298294409e+01
5.972902902902971212e-01
2.277547547547527085e-01
1.548068068068096659e-01
2.971641641641603382e+00
5.291691691691552402e-02
2.418140540540538552e+01
0.000000000000000000e+00
6.276736736736794331e-01
0.000000000000000000e+00
8.872982982982919875e-01
2.501501501501531832e-01
0.000000000000000000e+00
7.462812812812736896e-01
1.959069069069091784e-01
1.455133833833833812e+01
2.438438438438483569e-01
7.524144144144204738e-01
2.501061061061102819e-01
1.723313313313319939e-01
5.017317317317409042e-01
9.561551551551698003e-01
2.071421421421392184e-01
1.688965965965973259e+00
1.997997997997993762e-03
9.101601601601591041e-01
7.794404404404440267e-01
1.978193193193185540e+00
7.658478478478361051e-01
1.439495495495492383e+00
7.330240240240227800e-01
1.000000000000010429e-03
6.166066066066081541e-01
6.083583583583471177e-02
3.019279279279333816e-01
2.015621521521529758e+01
2.464830230230243302e+01
6.240630630630560338e-01
9.983383383383501175e-02
7.500810810810929485e-01
2.389384184184183368e+01
1.019905905905901911e+00
9.867567567567456788e-01
2.640910910910870268e-01
7.996536536536593687e-01
1.755905905905883746e-01
8.784254254254085792e-01
2.933754754754753336e+01
1.966046046046012741e-01
4.979979979979972000e-03
1.165037037037027323e+00
1.695862862862860609e+01
6.092002002002001593e-01
1.069268268268272148e+00
1.540540540540568104e-01
1.945160160160166907e+00
1.631381381381372120e-01
0.000000000000000000e+00
1.534324324324309041e-01
9.023844844844781221e+00
1.963834834834824461e+00
3.510488688688692349e+01
1.000000000000008911e-03
4.855115115115236080e-01
8.176436436436395061e-01
6.291001001001014226e-01
5.909009009008957952e-02
7.510100100100142173e-01
8.177047047047144579e-01
1.817877877877861204e-01
4.321161161161173325e+00
1.000000000000006309e-03
7.433333333333323745e-02
1.018125125125139085e+00
2.993993993993999004e-03
1.678718718718682223e-01
5.832022022021988716e-01
7.595585585585652444e-01
4.362705705705679726e+00
6.359459459459482211e-01
2.276306306306255800e-01
8.281791791791845991e-01
2.597077077077037388e-01
5.717977977977888315e-01
4.193583583583625485e-01
0.000000000000000000e+00
3.627526526526565043e+00
1.477477477477437406e-01
2.129639639639624715e-01
0.000000000000000000e+00
5.291691691691566279e-02
0.000000000000000000e+00
7.221421421421377884e-01
9.877777777777918544e-02
3.746376376376361339e-01
1.575975975975993718e-02
8.151861861861871006e-01
6.571581581581591447e-01
1.082120120120120932e+00
8.495315315315338234e-01
1.133842842842845311e+00
1.091909909909922094e+00
9.924295295295300079e+00
2.520672572572573955e+01
8.893763763763971042e-01
6.682432432432372504e-01
4.114359359359362145e+00
1.717717717717692771e-01
1.594874874874866899e+00
0.000000000000000000e+00
1.847337337337328966e+00
7.191051051051070564e-01
0.000000000000000000e+00
7.795205205205324450e-01
5.621121121121178815e-02
0.000000000000000000e+00
2.277943943943929295e+00
1.430900800800807282e+01
1.520940940940927744e-01
6.109099099099052355e-01
9.196196196196114725e-01
1.614867867867861850e+00
5.876086086086156346e-01
7.456916916916813687e-01
6.918918918918853800e-02
7.503393393393370525e-01
3.287687687687628618e-02
8.126596596596501465e-01
1.263757757757755451e+00
7.472352352352414906e-01
8.570430430430419078e-01
2.495505505505457577e-01
2.018018018017976034e-01
9.163833833833914255e-01
1.086996996996992815e-01
2.409656656656659290e+00
1.858433433433442916e+00
4.404164164164173223e-01
1.735078078078074126e+00
7.943943943943876373e-03
2.426286286286303273e-01
2.415925925925876960e-01
7.319759759759779660e-01
1.215190190190189146e+00
2.993993993994000739e-03
7.369509509509588607e-01
8.338088088088199124e-01
2.463176976976977528e+01
2.818718718718788221e-02
2.866273273273263200e+00
4.574174174174230195e-02
1.125565565565584125e-01
3.177787787787805573e+00
1.175081081081080780e+00
7.679599599599563620e-01
1.046446446446462758e-01
1.545160860860864638e+01
1.401172172172167052e+00
8.923923923923946511e-01
6.829129129129080100e-02
2.197397397397350405e-01
5.685865865865911140e-01
1.219800800800795226e+00
2.340530530530542386e+00
0.000000000000000000e+00
2.993993993994002473e-03
3.023853853853842866e-01
5.856566566566576704e-01
8.870570570570659452e-01
2.036030030030016924e+00
1.077648648648647844e+00
7.838988988989016304e-01
2.335505505505481583e-01
0.000000000000000000e+00
1.000000000000003273e-03
1.105455455455456759e+00
9.121661661661734088e-01
1.113697697697688893e+00
1.186786786786805589e-02
1.072328328328312042e+00
3.115894894894882139e+00
1.972972972972934225e-01
8.863221221221134982e+00
9.405715715715742276e-01
1.279101101101104199e+00
7.258908908908873192e-01
2.360240240240255361e+00
9.178198198198078694e-01
0.000000000000000000e+00
7.093593593593514601e-01
1.219429429429426115e+00
3.659259259259167729e-02
8.324934934934923314e-01
6.826496496496455846e-01
1.046637637637641127e+01
2.293911911911928669e+00
5.105215215215127555e-01
5.571221221221197561e-01
1.986586586586560829e-02
2.044084084084064890e-01
1.000000000000010863e-03
2.405355355355315583e-01
7.095545545545538513e-01
1.815555555555557754e-01
3.214354354354351240e-01
8.029839839839794102e-01
4.165504504504504268e+00
6.743409409409408362e+00
4.901171171171166407e-01
0.000000000000000000e+00
2.249349349349381508e-02
5.100162162162155788e+00
5.536046046046114721e-01
9.510410410410349291e-01
9.803323323323221983e-01
1.000000000000006960e-03
5.144454454454402414e-01
8.524924924925129932e-02
1.997997997998034094e-03
5.377893893893850752e+00
9.150640640640662626e-01
8.638698698698662470e-01
2.715025025025006311e-01
1.026202202202192160e+00
2.232312312312328406e-01
9.687147147147153747e-01
2.132315315315309157e+00
7.668868868868710109e-01
6.197817817817899977e-01
5.969969969969876437e-03
9.840790790790737708e-01
4.202940940940928627e+00
7.570950950950824376e-01
5.261711711711793971e-01
0.000000000000000000e+00
2.075175175175157996e-02
6.856126126126192988e-01
1.213426426426439164e+00
3.920140140140107587e-01
1.490250250250255426e-01
2.005384384384372609e+00
1.485383983983984990e+01
1.206190190190195022e+00
1.485172172172173344e+00
1.540442442442448323e+00
2.795185185185194432e-01
2.351061061061087143e-01
1.886470770770766947e+01
1.288490790790791074e+01
5.949909909909907313e-01
7.003233233233243649e-01
1.237471471471474072e+00
7.809239239239237351e-01
8.697007007007084844e-01
2.825215215215260423e-01
0.000000000000000000e+00
2.439939939939896052e-02
6.805385385385350761e-01
4.949379379379368338e+00
9.237737737737734545e-01
1.154522122122123129e+01
6.011326326326326353e+00
3.038792792792805564e+00
5.716746746746751429e-01
2.378978978978944434e-02
9.439349349349276386e-01
7.043503503503513175e-01
0.000000000000000000e+00
1.922017017017014950e+01
4.476626626626666328e-01
3.726626626626703409e-01
7.314174174174223886e-01
9.757137137137128491e-01
7.662772772772850072e-01
9.081911911911872970e-01
1.409980980980985121e+00
1.997997997998020216e-03
0.000000000000000000e+00
1.218235635635634573e+01
6.586526526526571557e-01
1.186381081081078825e+01
1.767517517517524506e-01
6.660150150150201398e-01
0.000000000000000000e+00
7.465609609609606956e+00
0.000000000000000000e+00
3.123189189189193637e+00
0.000000000000000000e+00
4.169759759759701367e-01
7.540567567567530105e+00
7.795535535535508265e-01
8.179689689689626508e-01
1.894566366366363042e+01
1.095822822822815512e+00
1.102614614614609190e+00
1.581581581581572443e-02
7.476346346346400829e-01
0.000000000000000000e+00
9.751211211211385788e-01
5.567546546546569886e+00
2.654954954955005691e-02
6.980449449449420918e+00
2.711578778778784837e+01
7.537357357357409304e-01
0.000000000000000000e+00
9.403473473473381583e-01
1.366873473473474121e+01
1.399690690690683637e+00
6.167397397397365033e-01
1.465521221221212578e+01
0.000000000000000000e+00
4.589499499499571922e-01
0.000000000000000000e+00
1.065095095095080074e-01
1.566441841841843008e+01
1.385825825825851565e-01
2.335451451451445948e+00
1.609150150150151504e+00
9.173273273273361283e-01
4.599899899899955735e-01
2.108088088088111989e-01
1.672292292292289484e-01
5.406556556556599835e-01
1.896846846846822032e+00
8.587047047047029480e-01
9.459299299299347430e-01
3.566666666666706842e-02
3.566756756756787050e-01
3.656818818818816652e+00
1.093175775775775804e+01
6.784444444444494016e-01
6.027907907908011120e-01
1.099429429429445548e+00
4.979979979979971133e-03
2.173067267267269997e+01
7.827327327327385786e-01
4.208898898898926766e-01
1.467720720720737004e+00
5.545435435435431826e-01
7.281071071071079093e-01
1.401575575575567667e+00
7.198798798798874965e-02
3.671541541541608611e-01
0.000000000000000000e+00
3.757657657657643702e-01
1.154112112112116728e+00
2.403740940940944881e+01
1.888872672672675179e+01
8.475575575575495790e-01
2.424984984985015246e-01
8.227207207207154482e-01
6.720830830830933911e-01
9.416966966966993091e-01
2.216606606606592589e-01
1.006337337337329219e+00
0.000000000000000000e+00
1.376230230230220064e+00
8.099049049049080740e-01
8.009949949949947134e-01
7.366756756756794866e-01
1.216347347347350727e+00
2.441601601601541549e-01
2.618708008008001187e+01
7.466696696696606406e-01
2.819251251251237100e+00
7.549649649649645688e-01
1.047214214214212680e+00
5.863593593593690034e-01
8.002752752752747556e-01
6.449759759759767785e-01
2.868171171171190803e+00
7.661361361361304079e-01
7.724784784784781699e-01
8.624964964964967340e-01
0.000000000000000000e+00
4.995015015015112358e-01
5.855635635635715319e-01
1.062086086086094783e+00
8.105885885885997233e-01
1.247333333333333405e+00
1.728888888888871211e-01
4.979979979979972000e-03
1.627577577577554724e-01
1.997997997997993762e-03
5.721961961961878895e-01
0.000000000000000000e+00
1.677887887887920537e-01
8.373303303303369916e-01
8.607317317317390026e-01
3.287687687687635557e-02
1.385825825825851287e-01
2.686705705705686675e+00
6.675895895895891385e-01
3.829215215215203472e+00
1.997997997998026288e-03
0.000000000000000000e+00
9.665235235235221101e-01
7.957957957957817116e-03
1.000000000000005225e-03
5.927027027026908756e-01
1.754578578578586123e+00
0.000000000000000000e+00
9.053213213213141541e-01
8.305935935936061831e-01
1.167165165165162222e+00
1.284384384384364142e-02
1.381781781781783042e-02
