1.140670670670672626e+00
7.863373373373372388e-01
0.000000000000000000e+00
5.879629629629569143e-01
1.393863863863870067e+00
5.773733733733831253e-01
2.328088088088113572e-01
7.742932932932884427e-01
2.346096096096096095e-01
7.191721721721848759e-01
2.325673073073064856e+01
1.304144144144123163e-01
0.000000000000000000e+00
4.082662662662707720e-01
6.029969969969930510e-01
2.056230230230214673e+00
1.000000000000005225e-03
2.993993993993999438e-03
1.281874574574568548e+01
5.032132132132038915e-01
0.000000000000000000e+00
3.950310310310261031e-01
9.334374374374413419e-01
2.137327327327342152e-01
0.000000000000000000e+00
0.000000000000000000e+00
8.237177177177129606e-01
2.000000000000013919e-03
0.000000000000000000e+00
6.835055055055087037e-01
1.937323323323334900e+00
3.300500500500559709e-02
2.220680680680676422e-01
3.558358358358320039e-01
7.979969969969906707e-01
6.978378378378367053e-01
2.413636336336336896e+01
1.244533033033034819e+01
2.292042042042080063e-01
9.162652652652634178e-01
3.470865865865861988e+00
4.767057057057016989e-01
8.838558558558555767e-01
6.447477477477433494e-01
8.562792792792858210e-01
0.000000000000000000e+00
3.893293293293202950e-01
0.000000000000000000e+00
9.990650650650777509e-01
5.298382382382364142e+00
7.513173173173204322e-01
1.000000000000010863e-03
3.935835835835881091e-02
3.095635635635659577e-01
9.919059059059232020e-01
2.143703703703724317e-01
7.502352352352348319e-01
2.672832832832857108e-01
1.622918918918903275e+00
6.951621621621749680e-01
1.473711711711712447e+01
4.907067067067079069e-01
1.019668968968967881e+01
0.000000000000000000e+00
6.308128128128122070e-01
8.955955955956091882e-03
1.848754754754733831e+00
6.890650650650737008e-01
2.502342342342292469e-01
2.818718718718752139e-02
1.103358358358362823e+00
1.997997997998047972e-03
8.616236236236335388e-01
1.057241241241247076e+00
1.489789789789771994e-02
1.546044144144144994e+01
7.185485485485498813e-01
7.450030030029982653e-01
9.576571571571518504e+00
3.151891891891937525e-01
6.205385385385366881e-01
6.470570570570550739e-01
3.222322322322369176e-02
1.833791791791789638e+00
1.532664664664673770e+00
9.951611611611741459e-01
5.287127127127071446e-01
9.126386386386369232e-01
4.244584584584553677e-01
2.185345345345398038e-01
6.977977977977964028e-03
5.814524524524528060e-01
2.456756756756808824e-02
8.767547547547714926e-01
6.849799799799827227e-01
4.371121121121227526e-01
8.851191191191277730e-01
7.809799799799833631e-01
4.945805805805865707e-01
1.773474074074072604e+01
1.271482482482480414e+00
0.000000000000000000e+00
1.381781781781786858e-02
4.472996996997021135e+00
2.408318318318348195e-01
7.511381381381474487e-01
4.794354354354425918e-01
3.311571571571562123e-01
2.465255255255307532e-01
9.814444444444496707e-01
2.434984984984993883e-01
5.969969969969880774e-03
1.997997997997999833e-03
1.136898898898899279e+00
8.263013013013054131e-01
2.739339339339395829e-02
0.000000000000000000e+00
1.066748748748733711e+00
6.674174174174075658e-01
2.794312312312318358e+00
2.079707707707703523e+00
3.835775775775802643e-01
1.664174174174193610e-01
5.547707707707636438e-01
8.232412412412505320e-01
2.846666666666669010e-01
7.012592592592552521e-01
1.769369369369365105e-02
4.048939939939922183e+00
0.000000000000000000e+00
0.000000000000000000e+00
0.000000000000000000e+00
1.000000000000012814e-03
7.486756756756783870e-01
5.670260260260326923e-01
5.672182182182195831e+00
2.474384384384447910e-01
1.487241241241233913e+00
6.392202202202100780e-01
0.000000000000000000e+00
5.603153153153120902e-01
6.894874874874882265e-01
0.000000000000000000e+00
8.423803803803806556e-01
2.223333333333285533e-01
7.732872872872835757e-01
5.754664664664628226e-01
2.305105105105127727e-01
6.642082082082142458e-01
2.993993993994003341e-03
1.080394394394389890e+00
6.968638638638749994e-01
0.000000000000000000e+00
9.864454454454509857e-01
2.001254254254262843e+00
5.898518518518589548e-01
8.939309309309172447e-01
2.239686686686682915e+00
5.773253253253283201e-01
2.257757757757736239e-02
2.153753753753785347e-02
0.000000000000000000e+00
8.687087087087051740e-02
4.636319319319307297e+00
8.653273273273252020e-01
2.064089689689693685e+01
1.186786786786797956e-02
7.453923923923858608e-01
3.397103103103125132e+00
7.153783783783834727e-01
3.751651651651654457e-02
6.999539539539524347e-01
5.350970970970939655e-01
0.000000000000000000e+00
2.953453453453430688e-01
3.114700700700705482e+00
7.274414414414315244e-01
8.033633633633849302e-02
2.912912912912964461e-02
4.750720720720729706e-01
7.943943943943876373e-03
8.808158158158113649e-01
9.843043043042981610e-02
8.608098098098049267e-01
1.518658658658646743e-01
5.159029029029040814e-01
8.362272272272204265e-01
4.982182182182073871e-01
5.773743743743816603e-01
1.352142142142139236e-01
8.282722722722731801e-01
9.868128128128048626e-01
6.513473473473562203e-01
8.147337337337354768e-01
1.000000000000000238e-03
1.104523523523516459e+00
0.000000000000000000e+00
8.632272272272123459e-01
0.000000000000000000e+00
6.979230230230201393e+00
3.620911911911894876e+00
6.311171171171138239e-01
6.729729729729781729e-02
0.000000000000000000e+00
7.868408408408512633e-01
0.000000000000000000e+00
1.429802802802791595e+00
1.000000000000002623e-03
6.957957957957860463e-03
1.924064064064049118e-01
1.891356556556553059e+01
2.473313313313302564e-01
1.644004004003994934e-01
3.213433433433485198e-01
8.972912912912884842e-01
1.609676676676679818e+01
8.331025025025013520e+00
8.574645645645663450e+00
2.772872872872875760e-01
6.636066066066137470e-01
4.749849849849821504e-01
2.446106106106135103e-01
1.718512512512524237e+00
0.000000000000000000e+00
6.603993993993991118e+00
5.945465465465504806e-01
9.910370370370265025e-01
3.856096096096095494e-01
2.245969969969967117e+00
5.387537537537536725e-01
0.000000000000000000e+00
3.270860860860810293e-01
8.571031031031000058e-01
8.833013013013130132e-01
2.866644644644678941e+00
1.450929929929938522e+00
3.112827827827804317e+00
7.396476476476462336e-01
6.775155155155183628e-01
4.599139139139064025e-01
5.615655655655605871e-01
4.942882882882873585e-01
0.000000000000000000e+00
1.565205205205178474e-01
8.103483483483358008e-01
9.066086086086080353e-01
6.370292292292289993e+00
7.296676676676796536e-01
3.441551551551513266e-01
5.273513513513563566e-01
7.460010010009988646e-01
8.610630630630706772e-01
1.327917917917927348e-01
1.769369369369391126e-02
2.206366366366374621e-01
3.485207207207190461e+00
4.897347347347301150e-01
1.626185185185209825e+00
1.374128128128135673e+00
8.678978978978907355e-01
0.000000000000000000e+00
0.000000000000000000e+00
6.259969969969929604e-01
2.801912912912905007e+00
1.448027627627628711e+01
6.721711711711729764e-01
2.139434434434420940e+00
6.160500500500488696e-01
3.773183183183140277e-01
6.328468468468493313e-01
7.889299299299382673e-01
2.352431431431438735e+00
0.000000000000000000e+00
2.420851851851859582e+00
0.000000000000000000e+00
1.997997997998008941e-03
1.021589589589592784e+00
9.564664664664594695e-02
1.997997997998038431e-03
1.087356356356363962e+00
7.664034034034035159e-01
5.536835835835836050e+00
6.374534534534538333e-01
6.298858858858902288e-01
2.021237237237243800e+00
8.819209209209326605e-01
8.255374374374364166e+00
8.169709709709732648e-01
8.541741741741677441e-01
2.423213213213258610e-01
7.896446446446433454e-01
5.378605605605621953e+00
9.084734734734686290e-01
0.000000000000000000e+00
1.037564564564565694e+00
6.326116116116091703e-01
2.607717717717720429e+00
2.924124124124158342e-02
8.442662662662614448e-01
1.003313313313328736e-01
6.759229229229242186e-01
6.332482482482519881e-01
4.230660660660639505e-01
6.295085085085058152e-01
0.000000000000000000e+00
7.094984984984975540e-01
5.557457457457511130e-02
2.255765765765781194e-01
7.109649649649550929e-01
6.627097097097067735e-01
1.000000000000012814e-03
2.993993993994003774e-03
7.521431431431340187e-01
4.665495495495483591e-01
0.000000000000000000e+00
0.000000000000000000e+00
6.376396396396253330e-01
1.043514514514506608e+00
9.434944944944887446e-01
0.000000000000000000e+00
1.461564564564559410e+00
2.886836836836840225e-01
2.647911911911926541e+00
1.682545545545534260e+00
2.302397397397411005e+00
7.088578578578615952e-01
5.409821821821839016e+00
6.738178178178086952e-01
6.989809809809847119e-01
0.000000000000000000e+00
7.027217217217125445e-01
7.922062062062048549e-01
8.927297297297419609e-01
1.381781781781788766e-02
8.466676676676611057e-01
3.691581581581633298e-01
1.132132132132108032e-01
5.530840840840890449e-01
5.187537537537481036e-01
1.132132132132110253e-01
8.724274274274355090e-01
0.000000000000000000e+00
3.100700700700724510e-02
2.439939939939884950e-02
0.000000000000000000e+00
2.234034834834833205e+01
6.634464464464484568e-01
7.188067067067033022e+00
3.065205205205239203e-01
1.003128128128140562e+00
1.273583583583581591e+00
1.072586586586592672e+00
4.979979979979968531e-03
4.366236236236261115e-01
9.951951951951937964e-03
2.663617617617601407e+00
1.997997997997979017e-03
1.169615615615623661e+00
9.181731731731535007e-01
0.000000000000000000e+00
1.464624624624635552e-01
4.119219219219174416e-02
0.000000000000000000e+00
1.723603603603626466e-01
0.000000000000000000e+00
4.020820820820851793e-01
3.723503503503507450e-01
1.114600600600596847e+00
1.333488588588588897e+01
2.056846846846828725e-01
9.327727727727888607e-02
0.000000000000000000e+00
1.970910910910932956e-01
1.997997997998013277e-03
8.010360360360464504e-01
0.000000000000000000e+00
6.918248248248244359e-01
2.489529529529506680e-01
7.489859859859820945e-01
5.818858858858882988e-01
3.612123123123105906e+00
9.285235235235308471e-01
0.000000000000000000e+00
1.997997997998041033e-03
5.945835835835818761e-01
5.755145145145267316e-01
4.649729729729658589e-01
1.084827827827840707e+00
5.996396396396340422e-02
3.697875875875867191e+00
1.155643543543543394e+01
5.875975975976064358e-01
2.039789789789769325e-01
5.547757757757757480e-01
6.947287287287214896e-01
9.026486486486443583e-01
6.569119119119007921e-01
1.654844844844848561e-01
7.645765765765815125e-01
1.542166166166146768e+00
7.370430430430491286e-01
9.008548548548614976e-01
1.126310910910910579e+01
4.611291291291323424e-01
1.485164064064069755e+01
7.313623623623636272e-01
5.229839839839925952e-01
2.177705705705712536e+00
7.202832832832798404e-01
7.555345345345275687e-01
0.000000000000000000e+00
1.656882882882878549e+00
1.720980980980985064e-01
6.457007007007043997e-01
9.764001001001055613e+00
1.123182182182182354e+00
1.121722422422418219e+01
9.606046046045919606e-01
1.554304304304293394e-01
1.018393393393388857e+00
7.657407407407419431e-01
9.376246246246269234e-01
1.088988988988998097e-02
2.406366366366319287e-01
1.533408508508508916e+01
1.314124124124111503e+00
2.890159159159158886e+00
3.987987987988031793e-03
6.423913913913869012e-01
4.488588588588638406e-01
2.089951951951944054e+00
1.997997997998032359e-03
6.859259259259238573e-02
0.000000000000000000e+00
1.400115115115122544e+00
7.625525525525591597e-01
1.280870870870841061e-01
4.448891891891900485e+00
4.622182182182157928e-01
1.093793793793823750e-02
2.417777777777788684e-01
8.113613613613751552e-01
1.077436436436436162e+00
1.643164564564555619e+01
2.560126126126117008e+00
0.000000000000000000e+00
0.000000000000000000e+00
1.287967967967988681e-01
2.267329329329319521e+00
9.341891891891936917e-01
0.000000000000000000e+00
4.219679679679746998e-01
6.679739739739812832e-01
7.145335335335313287e-01
5.530590590590639399e-01
8.829279279279221848e-01
1.197467467467476565e+00
9.151491491491478003e-01
7.915135135135110689e-01
0.000000000000000000e+00
0.000000000000000000e+00
9.103053053053168364e-01
8.641241241241265358e-02
0.000000000000000000e+00
2.173653653653632722e-01
1.595585585585583555e-01
1.262762762762769664e-01
9.568288288288406829e-01
7.996666666666775170e-01
7.461811811811788209e-01
2.152462462462512438e-01
0.000000000000000000e+00
2.612012012011968309e-01
1.552171171171184305e+00
9.087887887887834415e-01
1.397943943943948497e+00
4.221691691691704107e-01
3.350420420420429091e-01
3.290350350350328412e-01
7.132872872872891845e-01
9.161541541541512457e-01
1.717156856856852087e+01
7.584124124124180799e-01
6.550380380380339540e-01
5.133833833833784110e-01
9.331041041041197026e-01
2.041315315315304968e+00
4.342952952953030854e-01
3.898918918918962140e-01
0.000000000000000000e+00
8.043153153153240753e-01
2.936346346346341285e-01
1.064407407407407025e+00
1.982142142142147012e-01
1.997997997998022818e-03
2.993993993994002473e-03
7.525985985985899074e-01
4.979979979979967664e-03
0.000000000000000000e+00
4.406726726726720167e-01
4.863802802802824843e+00
1.008357357357361206e+00
5.662243243243260338e+00
0.000000000000000000e+00
1.940250250250293018e-01
8.714104104104117843e-01
3.993993993993961295e-03
9.322472472472579375e-01
8.864604604604623406e-01
0.000000000000000000e+00
1.122625625625620849e+00
1.262733433433433561e+01
4.299779779779823730e-01
7.264284284284208137e-01
2.403898898898895631e+00
8.193333333333431279e-01
7.699619619619626487e-01
9.059859859859853426e-01
0.000000000000000000e+00
5.016286286286407714e-01
1.461571571571547823e+00
3.834034034034065064e-01
1.351271271271271113e+00
7.351871871871940023e-01
2.142492492492494627e+00
0.000000000000000000e+00
7.815125125125266248e-01
5.291691691691569749e-02
6.617307307307397357e-01
2.190812812812811483e+00
9.115032032032029718e+00
2.652486486486456130e+00
3.271651651651588666e-01
0.000000000000000000e+00
4.218405405405416531e+00
7.522402402402339483e-01
3.832022022021994156e-01
6.903117117117116841e+00
6.677817817817842672e-01
2.439939939939891542e-02
8.414044044043954562e-01
7.971161161161227637e-01
1.997997997997989425e-03
8.483113113113170956e-01
2.818718718718773650e-02
1.048420420420402621e+00
0.000000000000000000e+00
7.513023023023012170e-01
5.676416416416397714e-01
1.997997997998005471e-03
3.840538538538537328e+00
3.659259259259189934e-02
2.299974974974973385e+00
7.223033033033020578e-01
9.248348348348393866e-02
8.847597597597676167e-01
0.000000000000000000e+00
1.151949949949935936e+00
3.990580580580578296e-01
3.019240740740725926e+01
7.147807807807766700e-01
4.989996996997019707e+00
3.126732732732738551e+00
7.591061061061100679e-01
1.000000000000007610e-03
7.021891891891934856e-01
1.086672672672675866e+00
6.998548548548632064e-01
9.697077077077183027e-01
2.223333333333284423e-01
8.055525525525544239e+00
7.042342342342278183e-01
8.606106106106031772e-02
1.002015015015020660e+00
7.485155155155159834e-01
6.482382382382446961e-02
2.075839639639636047e+01
1.000775775775756937e+00
6.214904904904933192e-01
1.479769769769772036e+00
7.746186186186176936e-01
5.863645645645653381e+00
0.000000000000000000e+00
1.000000000000007610e-03
7.742972972972933521e-01
3.144794794794766313e-01
1.564786186186187678e+01
8.603353353353397903e-01
1.872572572572532568e-02
6.034104104104108801e-01
8.936326326326244907e-01
0.000000000000000000e+00
2.448054054054057627e+00
1.703407107107107166e+01
5.866536536536451907e-01
2.148898898898873033e-01
1.458168168168184620e-01
2.787094094094085595e+00
5.113513513513444353e-02
2.179150350350351317e+01
0.000000000000000000e+00
6.337477477477495569e-01
0.000000000000000000e+00
8.319899899899911855e-01
2.492252252252255273e-01
0.000000000000000000e+00
7.262362362362371204e-01
1.896736736736756024e-01
1.305448148148152931e+01
2.415925925925876960e-01
6.900130130130166517e-01
2.502342342342292469e-01
1.767357357357375314e-01
4.562232232232298901e-01
9.136916916916946185e-01
1.936576576576542474e-01
1.519783783783789533e+00
1.997997997997993762e-03
8.033423423423368126e-01
7.579199199199363468e-01
1.822284284284288791e+00
7.248228228228372760e-01
1.294808808808809886e+00
7.274334334334233709e-01
1.000000000000010429e-03
5.941831831831877464e-01
5.291691691691566973e-02
2.953703703703719485e-01
1.795329929929928880e+01
2.209441241241238174e+01
5.929409409409300835e-01
8.284084084084039623e-02
6.957147147147162425e-01
2.062675775775777964e+01
9.574004004003950907e-01
9.007527527527451339e-01
2.562052052052116169e-01
7.705455455455432201e-01
1.555265265265271257e-01
8.135045045045043999e-01
2.659789589589590619e+01
1.708168168168147372e-01
2.993993993993999871e-03
1.097944944944954759e+00
1.456188788788782951e+01
5.593303303303236440e-01
9.385245245245229517e-01
1.445195195195184135e-01
1.724570570570541861e+00
1.509259259259266295e-01
0.000000000000000000e+00
1.502942942942930571e-01
7.914002002001980784e+00
1.774005005004990698e+00
3.090851451451454324e+01
0.000000000000000000e+00
4.786366366366294200e-01
7.137847847847743621e-01
5.633173173173130488e-01
5.024124124124081797e-02
7.187817817817810928e-01
7.492992992992986157e-01
1.706696696696698157e-01
4.066265265265229800e+00
0.000000000000000000e+00
5.923023023023091249e-02
9.451451451451443608e-01
1.000000000000002840e-03
1.468618618618618699e-01
5.349789789789767269e-01
6.996506506506545708e-01
4.014230230230227292e+00
6.254394394394319212e-01
2.201751751751783726e-01
7.743473473473472257e-01
2.591631631631667876e-01
5.232182182182235630e-01
4.233213213213117831e-01
0.000000000000000000e+00
3.337286286286284653e+00
1.419009009009009059e-01
2.106096096096094217e-01
0.000000000000000000e+00
4.483583583583646004e-02
0.000000000000000000e+00
6.631451451451394474e-01
9.406906906907033794e-02
3.576916916916947353e-01
6.957957957957826636e-03
7.907097097097059990e-01
6.171601601601611753e-01
1.025967967967979622e+00
7.925515515515498821e-01
1.051670670670656005e+00
9.840850850850816345e-01
8.901997997998000400e+00
2.280167567567566067e+01
8.472812812812781091e-01
6.170870870870944769e-01
3.698837837837841480e+00
1.689439439439431867e-01
1.441192192192179755e+00
0.000000000000000000e+00
1.772510510510490134e+00
6.960060060060035969e-01
0.000000000000000000e+00
7.428088088088159457e-01
4.518018018018137710e-02
0.000000000000000000e+00
2.012822822822844415e+00
1.288815415415418109e+01
1.413043043043040181e-01
5.974164164164162960e-01
8.699809809809803118e-01
1.513348348348336092e+00
5.694074074074161329e-01
6.779169169169246834e-01
5.133433433433434723e-02
6.813503503503488545e-01
2.153753753753781877e-02
7.911581581581689226e-01
1.171962962962967536e+00
7.484074074074119620e-01
7.614214214214214405e-01
2.343403403403382379e-01
1.982142142142147290e-01
8.301061061061146829e-01
9.427727727727742979e-02
2.210460460460459853e+00
1.666216216216213519e+00
3.697367367367348501e-01
1.615457457457453172e+00
3.987987987988032661e-03
2.400100100100068246e-01
2.400390390390357565e-01
7.006236236236244030e-01
1.088087087087073801e+00
3.987987987988045671e-03
6.566346346346275675e-01
7.571931931932075477e-01
2.264467367367380746e+01
2.057957957957907980e-02
2.624706706706687154e+00
4.027627627627717449e-02
1.246346346346364625e-01
2.975930930930945184e+00
1.080791791791808176e+00
7.337407407407283699e-01
9.308408408408276602e-02
1.395923823823823895e+01
1.313235235235233000e+00
8.229659659659798177e-01
6.231631631631553286e-02
2.082112112112149693e-01
5.519779779779721007e-01
1.142676676676667613e+00
2.113390390390386120e+00
0.000000000000000000e+00
1.997997997998000267e-03
2.609209209209175651e-01
5.476866866866869632e-01
8.264504504504481819e-01
1.799102102102105194e+00
9.774124124124297097e-01
7.563593593593698206e-01
2.217077077077071467e-01
0.000000000000000000e+00
0.000000000000000000e+00
1.019517517517508853e+00
8.074664664664740199e-01
1.051351351351360819e+00
7.943943943943874639e-03
9.993493493493417201e-01
2.702171171171160236e+00
1.757627627627625644e-01
7.831225225225198372e+00
8.900010010009954398e-01
1.126955955955962985e+00
6.893713713713690572e-01
2.068963963963950103e+00
8.534694694694791028e-01
0.000000000000000000e+00
6.734524524524448941e-01
1.162941941941928015e+00
2.912912912912983890e-02
7.726116116116057420e-01
6.815075075075169853e-01
9.230640640640645600e+00
2.103778778778778058e+00
4.347097097097040175e-01
4.763753753753708908e-01
7.975975975976061852e-03
1.972972972972960870e-01
0.000000000000000000e+00
2.340050050050002939e-01
6.655985985986005993e-01
1.508188188188213930e-01
3.198988988988962223e-01
7.490900900900815396e-01
3.679393393393399325e+00
6.109908908908972869e+00
4.514074074074109211e-01
0.000000000000000000e+00
2.344744744744726647e-02
4.609015015015017980e+00
5.120870870870853908e-01
8.884404404404303568e-01
9.055895895895911263e-01
0.000000000000000000e+00
4.841911911911970789e-01
8.606106106106051201e-02
1.997997997998034094e-03
5.001488488488540440e+00
8.654684684684751383e-01
7.769809809809784529e-01
2.613483483483416969e-01
9.301651651651593466e-01
2.187127127127141690e-01
9.025365365365446424e-01
1.903382382382384996e+00
7.466886886886974217e-01
5.671881881881754017e-01
2.993993993994004208e-03
9.541051051050996046e-01
3.850932932932953356e+00
6.713213213213294894e-01
4.965475475475427114e-01
0.000000000000000000e+00
1.488588588588589737e-02
6.614924924924880933e-01
1.112838838838842825e+00
3.370880880880841035e-01
1.477477477477441292e-01
1.816590590590577259e+00
1.387150950950950268e+01
1.160495495495490914e+00
1.354513513513494694e+00
1.411049049049040605e+00
2.409499499499442032e-01
2.322762762762777267e-01
1.709056956956954210e+01
1.174489889889888161e+01
5.725835835835876297e-01
6.961871871871875284e-01
1.155577577577578730e+00
7.347737737737835007e-01
8.202992992992960142e-01
2.552932932932888699e-01
0.000000000000000000e+00
2.153753753753770775e-02
6.478748748748689446e-01
4.509940940940908582e+00
8.557647647647678157e-01
1.023802702702705503e+01
5.512702702702685364e+00
2.804179179179195902e+00
5.692832832832832590e-01
2.963163163163203342e-02
8.882512512512480418e-01
6.510210210210238824e-01
0.000000000000000000e+00
1.695016416416415339e+01
4.305265265265179608e-01
3.146086086086120615e-01
7.261061061061160338e-01
9.135585585585672685e-01
7.595815815815888383e-01
8.392362362362494332e-01
1.263878878878883949e+00
1.000000000000008044e-03
0.000000000000000000e+00
1.078923223223219630e+01
6.287587587587635252e-01
1.057826326326329003e+01
1.664844844844832195e-01
5.882742742742691489e-01
0.000000000000000000e+00
7.121015015015045968e+00
0.000000000000000000e+00
2.812824824824805336e+00
0.000000000000000000e+00
4.058118118118181905e-01
6.674702702702711932e+00
7.337337337337284104e-01
7.703083083083025473e-01
1.705990290290294809e+01
1.026999999999991919e+00
1.007581581581586949e+00
7.957957957957832729e-03
6.770430430430444124e-01
0.000000000000000000e+00
8.781451451451451895e-01
4.962604604604603509e+00
1.782382382382414684e-02
6.485172172172194216e+00
2.468899299299288685e+01
7.074094094094118823e-01
0.000000000000000000e+00
8.592892892892846080e-01
1.203620420420418924e+01
1.285464464464463497e+00
5.961831831831797546e-01
1.315798898898901292e+01
0.000000000000000000e+00
4.190320320320369829e-01
0.000000000000000000e+00
8.113313313313169628e-02
1.376841941941936653e+01
1.358918918918937679e-01
2.118380380380379790e+00
1.474097097097090581e+00
8.932842842842924069e-01
4.268538538538543814e-01
2.083583583583554499e-01
1.685225225225206458e-01
5.258808808808772550e-01
1.698143143143152178e+00
7.763623623623606695e-01
8.741411411411459387e-01
2.724324324324317245e-02
3.247787787787744240e-01
3.348266266266270108e+00
9.627482482482500714e+00
6.579599599599619264e-01
5.885425425425429014e-01
1.031514514514517034e+00
2.993993993994001172e-03
1.999604704704702840e+01
7.179229229229280307e-01
3.580830830830777356e-01
1.337659659659664158e+00
5.209819819819860864e-01
6.796616616616603102e-01
1.259770770770763715e+00
5.996396396396348749e-02
3.471771771771748893e-01
0.000000000000000000e+00
3.662412412412343055e-01
1.061427427427414916e+00
2.040748748748746522e+01
1.686850550550551375e+01
7.720640640640680230e-01
2.408318318318348195e-01
7.957527527527632483e-01
6.340680680680631509e-01
9.011921921921882683e-01
2.117957957958004067e-01
9.295915915915948791e-01
0.000000000000000000e+00
1.286553553553562601e+00
7.609749749749830094e-01
7.635105105105067791e-01
6.878958958958933945e-01
1.082281281281278984e+00
2.450610610610674256e-01
2.318007907907912113e+01
6.959499499499561814e-01
2.520279279279272533e+00
6.969009009009058397e-01
9.722962962962879985e-01
5.412342342342404411e-01
7.036376376376342057e-01
6.190930930930891307e-01
2.524447447447427439e+00
7.478908908908981079e-01
6.915155155155207067e-01
7.874734734734798458e-01
0.000000000000000000e+00
4.896076076076164574e-01
5.697417417417401930e-01
9.592362362362425454e-01
7.986296296296417907e-01
1.168330330330332512e+00
1.619529529529525613e-01
3.987987987988054345e-03
1.595585585585583555e-01
1.000000000000003273e-03
5.466336336336345969e-01
0.000000000000000000e+00
1.419959959959972429e-01
7.708938938938912910e-01
7.922532532532532423e-01
2.818718718718769140e-02
1.269259259259241102e-01
2.373739739739734400e+00
6.662312312312311802e-01
3.473032032032051131e+00
0.000000000000000000e+00
0.000000000000000000e+00
8.887917917917885768e-01
4.979979979979968531e-03
0.000000000000000000e+00
5.635575575575528795e-01
1.641959959959963022e+00
0.000000000000000000e+00
8.509139139139223484e-01
7.390430430430403597e-01
1.048534534534525164e+00
1.088988988988996362e-02
9.909909909909860731e-03
