1.087500500500494516e+00
7.761811811811888395e-01
0.000000000000000000e+00
5.872542542542606991e-01
1.331811811811811408e+00
5.678668668668749309e-01
2.300660660660629742e-01
7.502772772772741128e-01
2.335925925925893543e-01
7.150540540540593071e-01
2.236292192192179940e+01
1.290250250250217223e-01
0.000000000000000000e+00
3.992532532532548362e-01
5.666616616616652058e-01
2.020379379379350304e+00
0.000000000000000000e+00
0.000000000000000000e+00
1.211349249249251692e+01
4.957007007006932753e-01
0.000000000000000000e+00
3.811111111111060157e-01
9.104974974974957558e-01
2.102102102102073600e-01
0.000000000000000000e+00
0.000000000000000000e+00
8.179529529529427911e-01
2.000000000000013919e-03
0.000000000000000000e+00
6.652062062062090719e-01
1.849123123123144197e+00
3.866066066066059514e-02
2.145295295295319427e-01
3.335995995996025587e-01
7.873453453453385098e-01
6.778688688688622177e-01
2.364645445445443883e+01
1.193492592592590285e+01
2.258898898898927532e-01
8.752342342342260828e-01
3.307690690690694879e+00
4.582232232232201774e-01
8.615275275275245948e-01
6.318298298298269389e-01
8.208198198198228823e-01
0.000000000000000000e+00
3.920700700700670560e-01
0.000000000000000000e+00
9.502112112112012232e-01
5.062256256256259412e+00
7.507457457457407113e-01
1.000000000000010863e-03
3.843843843843820773e-02
2.976686686686669803e-01
9.732722722722682018e-01
2.116616616616615876e-01
7.166976976976966451e-01
2.599739739739713174e-01
1.569657657657658634e+00
6.967427427427451692e-01
1.426508008007997574e+01
4.249589589589636840e-01
1.010626226226223956e+01
0.000000000000000000e+00
5.991161161161170368e-01
4.987987987988059570e-03
1.761836836836861764e+00
6.747057057056965457e-01
2.501291291291308783e-01
2.629729729729759005e-02
1.085327327327316516e+00
0.000000000000000000e+00
8.482142142142196084e-01
1.033518518518522944e+00
1.588588588588621398e-02
1.488657957957960498e+01
6.935085085085125334e-01
7.299959959959934075e-01
9.138253253253246555e+00
3.231061061061132333e-01
6.213083083083095204e-01
6.436396396396452113e-01
3.222322322322371951e-02
1.789191191191173314e+00
1.443397397397395476e+00
9.876986986987031925e-01
5.202872872872829069e-01
8.866006006005986428e-01
4.129139139139134107e-01
2.199439439439483668e-01
9.951951951951977862e-03
5.426176176176139565e-01
2.552552552552502310e-02
8.396506506506522527e-01
6.499009009009049098e-01
4.262412412412359686e-01
8.503563563563562022e-01
7.450070070070020645e-01
4.806826826826881560e-01
1.687090190190191663e+01
1.266567567567572716e+00
0.000000000000000000e+00
1.186786786786792405e-02
4.249308308308358484e+00
2.398358358358310682e-01
7.350830830830760165e-01
4.807307307307276956e-01
3.105645645645692676e-01
2.474384384384449020e-01
9.553863863863792938e-01
2.436736736736694608e-01
6.957957957957824034e-03
1.000000000000003490e-03
1.101760760760743363e+00
7.957657657657724037e-01
2.349349349349389923e-02
0.000000000000000000e+00
1.040766766766765272e+00
6.624084084084002066e-01
2.656659659659642791e+00
1.996970970970970871e+00
3.761661661661704348e-01
1.590670670670699394e-01
5.334474474474413253e-01
7.793013013013094792e-01
2.765715715715711398e-01
6.989409409409454987e-01
1.672772772772799371e-02
3.893631631631614631e+00
0.000000000000000000e+00
0.000000000000000000e+00
0.000000000000000000e+00
1.000000000000012814e-03
7.175945945945803039e-01
5.548188188188211134e-01
5.350065065065059855e+00
2.465255255255306144e-01
1.423435435435440821e+00
6.235185185185211365e-01
0.000000000000000000e+00
5.311361361361370825e-01
6.835305305305284795e-01
0.000000000000000000e+00
8.116146146146160367e-01
2.202912912912938781e-01
7.682602602602692787e-01
5.605305305305271490e-01
2.224124124124072510e-01
6.309259259259323294e-01
1.997997997997974246e-03
1.056725725725725429e+00
6.875465465465516735e-01
0.000000000000000000e+00
9.449439439439361044e-01
1.990830830830836673e+00
5.859409409409410685e-01
8.865235235235283673e-01
2.094945945945914101e+00
5.769149149149169764e-01
2.539939939939955468e-02
2.344744744744714851e-02
0.000000000000000000e+00
8.361961961962052770e-02
4.488382382382410718e+00
8.499769769769741634e-01
1.977451651651651687e+01
5.969969969969905060e-03
7.333963963963974209e-01
3.271290290290307823e+00
7.189349349349337670e-01
3.380880880880821754e-02
6.758888888889038604e-01
5.302402402402351944e-01
0.000000000000000000e+00
2.858978978978938823e-01
2.987117117117116472e+00
6.799109109109177096e-01
7.451351351351427621e-02
3.287687687687634169e-02
4.692752752752752388e-01
9.909909909909865935e-03
8.621961961961915888e-01
1.048708708708696591e-01
8.214754754754813870e-01
1.398898898898915943e-01
5.062762762762900159e-01
8.130200200200163874e-01
4.698448448448413473e-01
5.598578578578650156e-01
1.283273273273260184e-01
7.886306306306321012e-01
9.734794794794787709e-01
6.530910910910915357e-01
7.856806806806713173e-01
1.000000000000000238e-03
1.060425425425412627e+00
0.000000000000000000e+00
8.382242242242369246e-01
0.000000000000000000e+00
6.731234234234237945e+00
3.494605605605621168e+00
6.297157157157045049e-01
6.196196196196244316e-02
0.000000000000000000e+00
7.542632632632749745e-01
0.000000000000000000e+00
1.374728728728729976e+00
1.000000000000002623e-03
6.957957957957932454e-03
1.766676676676655067e-01
1.867609609609591459e+01
2.474384384384448465e-01
1.563633633633670361e-01
3.084604604604634925e-01
8.633693693693655913e-01
1.544638738738759542e+01
8.066560560560581905e+00
8.385980980980981769e+00
2.785725725725660684e-01
6.437497497497568499e-01
4.693403403403452190e-01
2.438868868868908912e-01
1.667913913913916080e+00
0.000000000000000000e+00
6.348648648648664405e+00
5.882982982982994935e-01
9.558568568568652779e-01
3.765505505505499784e-01
2.207482482482486130e+00
5.169409409409480016e-01
0.000000000000000000e+00
3.057537537537494687e-01
8.260580580580513255e-01
8.636466466466502512e-01
2.752658658658652335e+00
1.407148148148132716e+00
3.023084084084092016e+00
7.170560560560673702e-01
6.583573573573575644e-01
4.497597597597653429e-01
5.386366366366456271e-01
4.669219219219143957e-01
0.000000000000000000e+00
1.528088088088106478e-01
8.005755755755804559e-01
8.958038038038085293e-01
6.296562562562571408e+00
7.129929929929911259e-01
3.470180180180202911e-01
5.133233233233275294e-01
7.402392392392420639e-01
8.190090090090128561e-01
1.259399399399370179e-01
1.769369369369392514e-02
2.213213213213191255e-01
3.321112112112111880e+00
4.789939939940045521e-01
1.554776776776786384e+00
1.304847847847834030e+00
8.441581581581641958e-01
0.000000000000000000e+00
0.000000000000000000e+00
5.972022022022021037e-01
2.729048048048047015e+00
1.390632032032032050e+01
6.558198198198281759e-01
2.078845845845843421e+00
6.109969969969843984e-01
3.679459459459518689e-01
6.098788788788831461e-01
7.614084084084034032e-01
2.253616616616630708e+00
0.000000000000000000e+00
2.375453453453442165e+00
0.000000000000000000e+00
1.997997997998008941e-03
9.999149149149044735e-01
9.248348348348395254e-02
1.997997997998038431e-03
1.053107107107108531e+00
7.525925925925845972e-01
5.453497497497497903e+00
6.358728728728793023e-01
5.952062062062014602e-01
1.952894894894897648e+00
8.692402402402304995e-01
7.873486486486481972e+00
7.878188188188102181e-01
8.301841841841753888e-01
2.412162162162190537e-01
7.610710710710743010e-01
5.128967967967965613e+00
8.857197197197060889e-01
0.000000000000000000e+00
1.007483483483487152e+00
6.301241241241307689e-01
2.469963963963965892e+00
2.734734734734679470e-02
8.330550550550502864e-01
9.721621621621670539e-02
6.653973973973917877e-01
6.107297297297219485e-01
4.123223223223194678e-01
6.148208208208196801e-01
0.000000000000000000e+00
7.001141141141183910e-01
5.113513513513433251e-02
2.219979979979962992e-01
7.077867867867927432e-01
6.402782782782728832e-01
1.000000000000012814e-03
1.997997997998016313e-03
7.472982982983048528e-01
4.702052052052096420e-01
0.000000000000000000e+00
0.000000000000000000e+00
6.154554554554537704e-01
9.871171171171054803e-01
9.152632632632656806e-01
0.000000000000000000e+00
1.381471471471488854e+00
2.758568568568549595e-01
2.586495495495472863e+00
1.601275275275279242e+00
2.215837837837859148e+00
6.839059059059037216e-01
5.166461461461415716e+00
6.754774774774863211e-01
6.706626626626625010e-01
0.000000000000000000e+00
6.688578578578618927e-01
7.921031031031039449e-01
8.579969969970027144e-01
1.381781781781801430e-02
8.186336336336408337e-01
3.501121121121118507e-01
1.132132132132107893e-01
5.497007007006998736e-01
5.113383383383440783e-01
1.132132132132111085e-01
8.421431431431539716e-01
0.000000000000000000e+00
2.724324324324317245e-02
2.057957957957905551e-02
0.000000000000000000e+00
2.150260360360366363e+01
6.518698698698599525e-01
6.833238238238275919e+00
3.005865865865834374e-01
9.911851851851825046e-01
1.227629629629617414e+00
1.058345345345354849e+00
1.997997997998018482e-03
4.363043043043123292e-01
8.963963963964056286e-03
2.531281281281283047e+00
1.997997997997979017e-03
1.110384384384388357e+00
8.534884884884874623e-01
0.000000000000000000e+00
1.477477477477441292e-01
3.566666666666698515e-02
0.000000000000000000e+00
1.710460460460489773e-01
0.000000000000000000e+00
3.948648648648604986e-01
3.436106106106063818e-01
1.066412412412420796e+00
1.276693193193194631e+01
2.013603603603620340e-01
8.928828828828717923e-02
0.000000000000000000e+00
1.999949949949964001e-01
1.000000000000002189e-03
7.887457457457460741e-01
0.000000000000000000e+00
6.972042042041954879e-01
2.490240240240276792e-01
7.259249249249249969e-01
5.830460460460491490e-01
3.496911911911888104e+00
9.064524524524562032e-01
0.000000000000000000e+00
2.993993993994000739e-03
5.852952952952987786e-01
5.679419419419498016e-01
4.253993993994028555e-01
1.043570570570580669e+00
5.557457457457515293e-02
3.565738738738741809e+00
1.123851451451448824e+01
5.797457457457393382e-01
2.044084084084064057e-01
5.387577577577620236e-01
7.166826826826769858e-01
8.613403403403452341e-01
6.551251251251284380e-01
1.672232232232231663e-01
7.653123123123208860e-01
1.497880880880886112e+00
7.258208208208289935e-01
8.907737737737638772e-01
1.069233533533533098e+01
4.305695695695731517e-01
1.454418718718713954e+01
7.275625625625611326e-01
5.023973973973931972e-01
2.077412412412388498e+00
6.940800800800767112e-01
7.432772772772860970e-01
0.000000000000000000e+00
1.641091091091092080e+00
1.773403403403443213e-01
6.400300300300290068e-01
9.214005005005038385e+00
1.031553553553569591e+00
1.083517817817819129e+01
9.471251251251433523e-01
1.458658658658677221e-01
9.906296296296175363e-01
7.320820820820821417e-01
9.204854854854923607e-01
1.088988988988998097e-02
2.396306306306246470e-01
1.478960860860861359e+01
1.266912912912914857e+00
2.898661661661649624e+00
2.993993993993999871e-03
6.233143143143126119e-01
4.475295295295241838e-01
2.027121121121114200e+00
1.997997997998016313e-03
7.283183183183293552e-02
0.000000000000000000e+00
1.353633633633635425e+00
7.517577577577568837e-01
1.249519519519527444e-01
4.342177177177155123e+00
4.467587587587469877e-01
8.955955955956020759e-03
2.406366366366318732e-01
7.839139139139248424e-01
1.081807807807808830e+00
1.578142442442445592e+01
2.483613613613619986e+00
0.000000000000000000e+00
0.000000000000000000e+00
1.249519519519527722e-01
2.180294294294294666e+00
9.085195195195383544e-01
0.000000000000000000e+00
4.206716716716644155e-01
6.439219219219231016e-01
6.986606606606664549e-01
5.394504504504433751e-01
8.748928928928934035e-01
1.173216216216222296e+00
9.018348348348396160e-01
7.639629629629635099e-01
0.000000000000000000e+00
0.000000000000000000e+00
8.955495495495504610e-01
7.967867867867750586e-02
0.000000000000000000e+00
2.147347347347395852e-01
1.589549549549546248e-01
1.238738738738717621e-01
9.218128128128039167e-01
7.804664664664805462e-01
7.404704704704638818e-01
2.133493493493530679e-01
0.000000000000000000e+00
2.642862862862846440e-01
1.459261261261258991e+00
8.774964964965134007e-01
1.369168168168167110e+00
4.262122122122165568e-01
3.220320320320367302e-01
3.080750750750732014e-01
6.936086086085989644e-01
8.666656656656526181e-01
1.678016216216215994e+01
7.249619619619570576e-01
6.437747747747741833e-01
5.190580580580621550e-01
9.034334334334286343e-01
1.971829829829846226e+00
4.112542542542539370e-01
3.851241241241157298e-01
0.000000000000000000e+00
7.975485485485448445e-01
2.873533533533543793e-01
1.027533533533530941e+00
1.911421421421395095e-01
2.993993993994000739e-03
2.993993993994002473e-03
7.033653653653666460e-01
4.979979979979967664e-03
0.000000000000000000e+00
4.157617617617594408e-01
4.651897897897925738e+00
9.601041041041151747e-01
5.405500500500488137e+00
1.000000000000003490e-03
1.972972972972960870e-01
8.417087087087098407e-01
3.993993993993961295e-03
8.992052052051926481e-01
8.848048048048171577e-01
0.000000000000000000e+00
1.109455455455463424e+00
1.226423123123120718e+01
4.156626626626552801e-01
7.025575575575652154e-01
2.332815815815816762e+00
8.127587587587667972e-01
7.504254254254213441e-01
8.759579579579409581e-01
1.000000000000000454e-03
5.042752752752718282e-01
1.444200200200205231e+00
3.832232232232166136e-01
1.327718718718713165e+00
7.148008008007988856e-01
2.089584584584587290e+00
0.000000000000000000e+00
7.389339339339351387e-01
4.392792792792882955e-02
6.686426426426501646e-01
2.053370370370350528e+00
8.899096096096096531e+00
2.572150150150163128e+00
3.182852852852829373e-01
0.000000000000000000e+00
3.968594594594591740e+00
7.460820820820835975e-01
3.861411411411344585e-01
6.725660660660674139e+00
6.633103103103138443e-01
2.344744744744724219e-02
8.142832832832762602e-01
7.631391391391411094e-01
0.000000000000000000e+00
8.423213213213415207e-01
2.629729729729751719e-02
1.015994994995002898e+00
0.000000000000000000e+00
7.323473473473528506e-01
5.609599599599686126e-01
2.993993993994003341e-03
3.828855855855839430e+00
3.843843843843858937e-02
2.166464464464487261e+00
7.132602602602562403e-01
9.406906906907026855e-02
8.455145145145094299e-01
0.000000000000000000e+00
1.092631631631621358e+00
3.991321321321329441e-01
2.891270070070067177e+01
6.948138138138109099e-01
4.835671671671661009e+00
2.955782782782766738e+00
7.284354354354311001e-01
1.000000000000007610e-03
6.583683683683618781e-01
1.047749749749762760e+00
6.799619619619637900e-01
9.339839839839877422e-01
2.223333333333285533e-01
7.747243243243246091e+00
6.950620620620626688e-01
7.868268268268172050e-02
9.537497497497646748e-01
7.318828828828903843e-01
6.253253253253189536e-02
2.020088688688688805e+01
9.491801801801691418e-01
6.036096096096020824e-01
1.437480480480479494e+00
7.307007007006960375e-01
5.445923923923864152e+00
0.000000000000000000e+00
1.000000000000007610e-03
7.712782782782729996e-01
3.047177177177227136e-01
1.530427127127127207e+01
8.396256256256404704e-01
1.484184184184186850e-02
5.772352352352341232e-01
8.650710710710841633e-01
0.000000000000000000e+00
2.390491491491503862e+00
1.666423423423430350e+01
5.777317317317389733e-01
1.938648648648683970e-01
1.438678678678681211e-01
2.665545545545561890e+00
4.483583583583649473e-02
2.072846646646646462e+01
0.000000000000000000e+00
6.371481481481581222e-01
0.000000000000000000e+00
8.119779779779722206e-01
2.495205205205226207e-01
0.000000000000000000e+00
7.266096096096140711e-01
1.925925925925955629e-01
1.261956356356357034e+01
2.419609609609643663e-01
6.939789789789819752e-01
2.502412412412453047e-01
1.739979979979965896e-01
4.442512512512400980e-01
8.849949949949938999e-01
1.966246246246269591e-01
1.476740740740747793e+00
1.000000000000005008e-03
8.094954954954934889e-01
7.513823823823876369e-01
1.793928928928926858e+00
7.204554554554480905e-01
1.258637637637641360e+00
7.294204204204286501e-01
1.000000000000010429e-03
5.955415415415367120e-01
5.380480480480460265e-02
2.928358358358377211e-01
1.729627027027028774e+01
2.129630030030033438e+01
5.904334334334355727e-01
7.781981981982084851e-02
6.777607607607614160e-01
1.993252352352355317e+01
9.061881881881866940e-01
8.756706706706716137e-01
2.551891891891917008e-01
7.532722722722723363e-01
1.428338338338312474e-01
7.805935935935948145e-01
2.558770270270264646e+01
1.640960960960972936e-01
2.993993993993999871e-03
1.035896896896910446e+00
1.398050650650653104e+01
5.464564564564553528e-01
9.208108108107949663e-01
1.419009009009010447e-01
1.648675675675683294e+00
1.458168168168183787e-01
0.000000000000000000e+00
1.528088088088103702e-01
7.677443443443424442e+00
1.705867867867876253e+00
2.959958558558557584e+01
0.000000000000000000e+00
4.771961961961929122e-01
7.173483483483541479e-01
5.486026026025944136e-01
5.291691691691546851e-02
7.030810810810769196e-01
7.272102102101990484e-01
1.684864864864834000e-01
3.925675675675674103e+00
0.000000000000000000e+00
6.208608608608482543e-02
9.306846846846765775e-01
1.000000000000002840e-03
1.458888888888904556e-01
5.088998998999045842e-01
6.752212212212221898e-01
3.918045045045053687e+00
6.193283283283236296e-01
2.147327327327364088e-01
7.507297297297290672e-01
2.578208208208233043e-01
5.191851851851887467e-01
3.896696696696769213e-01
0.000000000000000000e+00
3.173695695695667673e+00
1.385825825825852953e-01
2.125765765765736115e-01
0.000000000000000000e+00
5.113513513513438108e-02
0.000000000000000000e+00
6.565115115115088829e-01
9.009009009009129321e-02
3.490910910910916543e-01
7.943943943943895455e-03
7.810750750750640181e-01
6.099319319319325139e-01
1.002701701701689485e+00
7.924234234234219798e-01
1.037913913913916630e+00
9.551541541541553881e-01
8.749503503503500923e+00
2.198699399399399823e+01
8.425735735735688792e-01
5.623123123123059397e-01
3.552526526526519568e+00
1.666456456456439084e-01
1.416438438438425429e+00
0.000000000000000000e+00
1.747903903903879952e+00
7.032692692692675829e-01
0.000000000000000000e+00
7.233783783783667154e-01
4.334634634634671607e-02
0.000000000000000000e+00
1.984199199199210506e+00
1.239123423423415105e+01
1.423933933933924367e-01
5.909029029029034819e-01
8.467767767767739873e-01
1.484023023023004928e+00
5.478828828828811170e-01
6.682902902902813080e-01
4.770270270270403346e-02
6.675025025025059788e-01
2.057957957957900000e-02
7.813063063063024893e-01
1.126997997997994938e+00
7.359579579579486053e-01
7.950460460460537782e-01
2.314214214214242171e-01
2.026786786786733130e-01
8.021531531531426173e-01
8.624924924924999570e-02
2.092386386386367203e+00
1.611542542542527823e+00
3.510620620620585330e-01
1.530996996997012083e+00
2.993993993993999438e-03
2.377807807807866269e-01
2.404394394394445966e-01
6.872132132132177107e-01
1.001467467467452188e+00
2.993993993994003341e-03
6.054914914914990565e-01
7.540290290290281305e-01
2.179752052052051425e+01
1.478978978979008513e-02
2.489988988988991014e+00
3.194294294294369035e-02
1.265055055055069322e-01
2.854613613613613765e+00
1.046384384384384747e+00
7.153223223223341698e-01
9.388388388388463346e-02
1.323822922922922807e+01
1.273684684684696089e+00
7.933433433433331183e-01
6.382982982982847442e-02
2.039109109109126516e-01
5.491081081081072846e-01
1.104643643643656636e+00
2.026617617617604505e+00
0.000000000000000000e+00
1.997997997998000267e-03
2.447987987988007874e-01
5.294034034034008629e-01
8.199259259259175092e-01
1.753174174174169098e+00
9.413623623623659231e-01
7.426616616616656952e-01
2.241471471471412624e-01
0.000000000000000000e+00
0.000000000000000000e+00
9.832772772772822023e-01
7.916226226226235063e-01
1.019005005005002573e+00
6.957957957957890821e-03
1.012923923923933156e+00
2.615292292292294096e+00
1.739849849849870456e-01
7.477032032031998732e+00
8.837977977977987676e-01
1.138618618618626677e+00
6.972432432432411620e-01
1.994482482482498487e+00
8.336646646646563852e-01
0.000000000000000000e+00
6.677777777777659240e-01
1.114735735735735478e+00
2.724324324324317245e-02
7.468778778778700778e-01
6.773463463463427203e-01
9.114103103103104786e+00
2.082996996996976158e+00
4.206516516516487503e-01
4.923753753753791762e-01
5.985985985986022953e-03
1.991231231231202770e-01
0.000000000000000000e+00
2.321981981982022269e-01
6.551811811811807384e-01
1.432582582582589414e-01
3.267327327327329001e-01
7.303003003002968008e-01
3.443834834834822889e+00
6.045364364364363752e+00
4.557617617617615857e-01
0.000000000000000000e+00
1.672772772772771616e-02
4.467091091091094590e+00
5.108848848848961399e-01
8.566886886886959651e-01
8.814474474474497390e-01
0.000000000000000000e+00
4.695955955955951611e-01
8.116016016016074086e-02
0.000000000000000000e+00
4.895445445445434807e+00
8.415205205205115169e-01
7.529819819819839610e-01
2.601471471471463737e-01
9.364294294294216447e-01
2.204504504504473661e-01
8.299039039039054488e-01
1.824523523523530200e+00
7.349799799799864308e-01
5.267317317317286030e-01
1.997997997997995063e-03
8.837017017017007037e-01
3.642663663663621154e+00
6.522142142142108856e-01
4.925485485485582848e-01
0.000000000000000000e+00
1.193993993993988992e-02
6.555945945946035636e-01
1.072322322322333710e+00
3.193253253253215962e-01
1.464624624624638050e-01
1.768558558558549265e+00
1.311004904904904933e+01
1.112591591591585161e+00
1.328751751751747312e+00
1.354150150150134069e+00
2.123833833833789209e-01
2.320070070070099910e-01
1.640441741741741311e+01
1.165147747747730200e+01
5.517697697697674375e-01
6.534994994994934858e-01
1.115351351351363984e+00
7.244074074074104974e-01
8.078828828828911179e-01
2.439259259259222712e-01
0.000000000000000000e+00
1.672772772772785146e-02
6.184384384384354894e-01
4.369112112112112811e+00
8.248768768768746096e-01
9.883730730730807323e+00
5.209278278278293151e+00
2.697333333333350236e+00
5.638378378378421374e-01
2.865565565565573666e-02
8.675025025025066006e-01
6.395135135135255888e-01
0.000000000000000000e+00
1.674474974974984320e+01
4.201351351351449992e-01
2.914934934934898525e-01
7.272052052052164761e-01
8.742282282282322070e-01
7.538318318318316669e-01
7.967377377377466985e-01
1.239894894894896016e+00
1.000000000000008044e-03
0.000000000000000000e+00
1.032610010010007429e+01
6.198058058058175668e-01
1.014114514514513488e+01
1.583493493493514648e-01
5.499879879879908673e-01
0.000000000000000000e+00
6.949936936936938814e+00
0.000000000000000000e+00
2.702444444444452198e+00
0.000000000000000000e+00
4.095805805805891042e-01
6.341163163163160199e+00
7.240100100100147484e-01
7.337497497497442733e-01
1.645071171171171542e+01
1.042973973973971846e+00
9.784634634634725714e-01
4.979979979979967664e-03
6.683193193193265325e-01
0.000000000000000000e+00
8.890550550550602171e-01
4.793744744744741659e+00
1.487787787787802664e-02
6.345539539539558405e+00
2.402843943943949512e+01
6.875105105104994951e-01
0.000000000000000000e+00
8.392112112112183331e-01
1.157766866866865385e+01
1.238444444444442682e+00
5.838788788788796813e-01
1.286379079079076782e+01
0.000000000000000000e+00
4.199959959960008482e-01
0.000000000000000000e+00
7.930130130130187693e-02
1.306235535535533465e+01
1.248088088088106645e-01
2.039190190190175223e+00
1.406421421421405027e+00
8.563953953954022147e-01
4.130350350350360800e-01
2.041141141141126769e-01
1.657677677677683870e-01
5.239309309309284624e-01
1.641086086086085638e+00
7.643553553553529278e-01
8.690530530530523601e-01
2.629729729729765597e-02
3.191891891891872057e-01
3.244694694694700399e+00
9.259123123123108812e+00
6.499279279279224220e-01
5.845605605605590505e-01
9.836196196196279606e-01
1.997997997998013711e-03
1.907780880880880048e+01
7.098288288288239212e-01
3.513663663663628145e-01
1.307582582582575093e+00
5.023653653653666895e-01
6.667177177177279201e-01
1.223585585585586166e+00
5.024124124124079716e-02
3.537447447447374937e-01
0.000000000000000000e+00
3.640590590590617182e-01
1.016235235235251055e+00
1.935939839839837617e+01
1.648881481481479483e+01
7.746326326326405942e-01
2.392142142142116845e-01
7.791661661661649640e-01
6.033493493493540250e-01
8.740390390390349040e-01
2.152462462462514936e-01
9.353613613613460664e-01
0.000000000000000000e+00
1.218152152152163437e+00
7.336926926927027637e-01
7.414254254254153409e-01
6.805875875875927461e-01
1.044560560560565676e+00
2.435195195195174189e-01
2.188058358358355804e+01
6.754004004003993922e-01
2.437832832832832253e+00
6.978168168168192853e-01
9.555505505505509367e-01
5.230300300300227967e-01
6.573663663663574797e-01
6.025245245245207659e-01
2.474518518518523447e+00
7.541051051051058662e-01
6.723573573573490281e-01
7.575215215215229669e-01
0.000000000000000000e+00
4.840950950950865250e-01
5.656156156156113557e-01
9.360140140140073006e-01
7.634334334334319516e-01
1.097816816816812757e+00
1.631381381381373230e-01
1.997997997998028456e-03
1.531831831831832746e-01
1.000000000000003273e-03
5.409669669669673331e-01
0.000000000000000000e+00
1.417717717717743298e-01
7.515985985985819129e-01
7.751091091091090179e-01
2.912912912912974522e-02
1.212402402402407292e-01
2.325015015015003073e+00
6.492432432432405642e-01
3.279644644644634788e+00
0.000000000000000000e+00
0.000000000000000000e+00
8.518578578578489546e-01
3.987987987988040467e-03
0.000000000000000000e+00
5.481931931931912638e-01
1.596795795795826756e+00
0.000000000000000000e+00
7.927587587587681117e-01
7.112122122122108703e-01
1.030428428428427301e+00
8.927927927927950189e-03
9.909909909909860731e-03
