1.111769769769772820e+00
7.800660660660579948e-01
0.000000000000000000e+00
5.857977977977932849e-01
1.339586586586584582e+00
5.715825825825839868e-01
2.303493493493498634e-01
7.504564564564552009e-01
2.338498498498473299e-01
7.079499499499335435e-01
2.244480880880880136e+01
1.219579579579560535e-01
0.000000000000000000e+00
4.027967967967985841e-01
5.894134134134143554e-01
2.025924924924921378e+00
1.000000000000005225e-03
0.000000000000000000e+00
1.234268868868865532e+01
5.091081081081131332e-01
0.000000000000000000e+00
3.891091091091164467e-01
9.186616616616597453e-01
2.098088088088121139e-01
0.000000000000000000e+00
0.000000000000000000e+00
8.227007007007082207e-01
2.000000000000013919e-03
0.000000000000000000e+00
6.703853853853826150e-01
1.903401401401409787e+00
3.680280280280286836e-02
2.173763763763726098e-01
3.246146146146112743e-01
7.954554554554393864e-01
6.818288288288268939e-01
2.413337237237232813e+01
1.220642142142145303e+01
2.286196196196142172e-01
8.949569569569498784e-01
3.327741741741769843e+00
4.628128128128163321e-01
8.773553553553631312e-01
6.366396396396392099e-01
8.353603603603607652e-01
0.000000000000000000e+00
3.936636636636678954e-01
0.000000000000000000e+00
9.844214214214208614e-01
5.147810810810783622e+00
7.463593593593631503e-01
1.000000000000010863e-03
4.027627627627713980e-02
2.924324324324319435e-01
9.874634634634673613e-01
2.110020020020053899e-01
7.249789789789830019e-01
2.675655655655673204e-01
1.589845845845846872e+00
6.938288288288317895e-01
1.431068568568567478e+01
4.581661661661659557e-01
1.011006706706702296e+01
0.000000000000000000e+00
6.021001001001011765e-01
4.987987987988059570e-03
1.755648648648646892e+00
6.779629629629647658e-01
2.501861861861894298e-01
2.818718718718739649e-02
1.091226226226220231e+00
1.000000000000006526e-03
8.455545545545639641e-01
1.042031031031047661e+00
1.391391391391358021e-02
1.513216316316314014e+01
6.892442442442402450e-01
7.388098098098145883e-01
9.404119119119110692e+00
3.211721721721720879e-01
6.128318318318336511e-01
6.398688688688691784e-01
3.127727727727792201e-02
1.851702702702678449e+00
1.467109109109096865e+00
9.919709709709823020e-01
5.206146146146126696e-01
9.153583583583672079e-01
4.206026026026103426e-01
2.185345345345398316e-01
9.951951951951977862e-03
5.502692692692712217e-01
2.456756756756808824e-02
8.540490490490476594e-01
6.463313313313345798e-01
4.333913913913963190e-01
8.522072072072187643e-01
7.556056056056065229e-01
4.839399399399396673e-01
1.730325725725731090e+01
1.284019019019020824e+00
0.000000000000000000e+00
1.381781781781781827e-02
4.291282282282330662e+00
2.398358358358310405e-01
7.469979979980001517e-01
4.845285285285225174e-01
3.117707707707679798e-01
2.467657657657614245e-01
9.599299299299394184e-01
2.436826826826875847e-01
6.957957957957824034e-03
0.000000000000000000e+00
1.122916916916914865e+00
8.130790790790791700e-01
2.444744744744728124e-02
0.000000000000000000e+00
1.044646646646644195e+00
6.593773773773714542e-01
2.677083083083089843e+00
2.049935935935961684e+00
3.780730730730731959e-01
1.616316316316350754e-01
5.443643643643631957e-01
7.930600600600471450e-01
2.781081081081063777e-01
6.935365365365430135e-01
1.865765765765790493e-02
3.933963963963975630e+00
0.000000000000000000e+00
0.000000000000000000e+00
0.000000000000000000e+00
1.000000000000012814e-03
7.268248248248216914e-01
5.606236236236254999e-01
5.460999999999970989e+00
2.466466466466504526e-01
1.451742742742748060e+00
6.319459459459454420e-01
0.000000000000000000e+00
5.294374374374366532e-01
7.022612612612639804e-01
0.000000000000000000e+00
8.136836836836841558e-01
2.178178178178130364e-01
7.563053053053008234e-01
5.622482482482535904e-01
2.261921921921956347e-01
6.481731731731678048e-01
1.997997997997974246e-03
1.083553553553576743e+00
6.944974974974981174e-01
0.000000000000000000e+00
9.450450450450517126e-01
1.980327327327315423e+00
5.916656656656620328e-01
8.723793793793657159e-01
2.106900900900903206e+00
5.682372372372386238e-01
2.634934934934922424e-02
2.057957957957916306e-02
0.000000000000000000e+00
8.361961961962048606e-02
4.532043043043062269e+00
8.552542542542471704e-01
2.026372972972982822e+01
7.943943943943878108e-03
7.377677677677730861e-01
3.322063063063064536e+00
7.172112112112098981e-01
3.380880880880825223e-02
6.862762762762639746e-01
5.327237237237144596e-01
0.000000000000000000e+00
2.867687687687721088e-01
2.991366366366368990e+00
6.965105105105071637e-01
7.618718718718821281e-02
2.912912912912962032e-02
4.828698698698676295e-01
9.909909909909865935e-03
8.612582582582608559e-01
1.007757757757774958e-01
8.352862862862866500e-01
1.459959959959960252e-01
5.184364364364422162e-01
8.110460460460482413e-01
4.843593593593687463e-01
5.581871871871776358e-01
1.304144144144123163e-01
7.902652652652640830e-01
9.920820820820679398e-01
6.484664664664619993e-01
7.836046046046066804e-01
1.000000000000000238e-03
1.100306306306314541e+00
0.000000000000000000e+00
8.345845845845841771e-01
0.000000000000000000e+00
6.812940940940954704e+00
3.516194194194210976e+00
6.223643643643713697e-01
5.933433433433479842e-02
0.000000000000000000e+00
7.696866866866896029e-01
0.000000000000000000e+00
1.341175175175181034e+00
1.000000000000002623e-03
7.943943943943876373e-03
1.799139139139107335e-01
1.862921221221218815e+01
2.477477477477448009e-01
1.496116116116091022e-01
3.144324324324325182e-01
8.939169169169123297e-01
1.560279779779783382e+01
8.208871871871869175e+00
8.492538538538546788e+00
2.792682682682686157e-01
6.607427427427327027e-01
4.715655655655632272e-01
2.455325325325388997e-01
1.693556556556570225e+00
0.000000000000000000e+00
6.424135135135133012e+00
5.974964964964957215e-01
9.811631631631650974e-01
3.802422422422435111e-01
2.236744744744746161e+00
5.242992992993011914e-01
0.000000000000000000e+00
3.058158158158157947e-01
8.340080080080113367e-01
8.706066066065992759e-01
2.817581581581598993e+00
1.410609609609632997e+00
3.001032032032001862e+00
7.257467467467579869e-01
6.620090090090134938e-01
4.261161161161234334e-01
5.479259259259228187e-01
4.704704704704680274e-01
0.000000000000000000e+00
1.552912912912939314e-01
8.076066066065954452e-01
9.001901901901920855e-01
6.354358358358356718e+00
7.166186186186234153e-01
3.542332332332293610e-01
5.210400400400454490e-01
7.497287287287193180e-01
8.286346346346314951e-01
1.239099099099118390e-01
1.769369369369391473e-02
2.170930930930909941e-01
3.361175175175181273e+00
4.796666666666746792e-01
1.609441441441422649e+00
1.331717717717731508e+00
8.588578578578546230e-01
0.000000000000000000e+00
0.000000000000000000e+00
6.154534534534639167e-01
2.759730730730769022e+00
1.395310110110110458e+01
6.616076076076141677e-01
2.086102102102066702e+00
6.177637637637708456e-01
3.766756756756800550e-01
6.084584584584574740e-01
7.739229229229358520e-01
2.264407407407419637e+00
0.000000000000000000e+00
2.415342342342333470e+00
0.000000000000000000e+00
1.997997997998008941e-03
1.016621621621631055e+00
9.564664664664594695e-02
1.997997997998038431e-03
1.062451451451454920e+00
7.474304304304235647e-01
5.542184184184180573e+00
6.357017017017017046e-01
6.178368368368423180e-01
2.001331331331307251e+00
8.746396396396429740e-01
8.109363363363305766e+00
7.998788788788864235e-01
8.389419419419436030e-01
2.435195195195173912e-01
7.763183183183177682e-01
5.170493493493506065e+00
9.172832832832787942e-01
0.000000000000000000e+00
1.008282282282292108e+00
6.341841841841816541e-01
2.516567567567567387e+00
2.734734734734678777e-02
8.440510510510637054e-01
9.877777777777912993e-02
6.726056056056197718e-01
6.123633633633657203e-01
4.197457457457423602e-01
6.060360360360426135e-01
0.000000000000000000e+00
7.057837837837803718e-01
5.202702702702720339e-02
2.246246246246230149e-01
7.079099099099126491e-01
6.500690690690623663e-01
1.000000000000012814e-03
1.997997997998016313e-03
7.482672672672782133e-01
4.683553553553513882e-01
0.000000000000000000e+00
0.000000000000000000e+00
6.202422422422351200e-01
1.006078078078098903e+00
9.169159159159311345e-01
0.000000000000000000e+00
1.377960960960950221e+00
2.890450450450497977e-01
2.614233233233214548e+00
1.642348348348338094e+00
2.256223223223209118e+00
6.951641641641602698e-01
5.351117117117115463e+00
6.712842842842842161e-01
6.873293293293394335e-01
0.000000000000000000e+00
6.809479479479425557e-01
7.802432432432538922e-01
8.660320320320190612e-01
1.478978978979018227e-02
8.156056056056049108e-01
3.551491491491470254e-01
1.146906906906918211e-01
5.433863863863789279e-01
5.029269269269227571e-01
1.094844844844844872e-01
8.579409409409425313e-01
0.000000000000000000e+00
3.100700700700729368e-02
2.153753753753780489e-02
0.000000000000000000e+00
2.164808308308307261e+01
6.577877877877847945e-01
6.844430430430413992e+00
3.020130130130131985e-01
1.003059059059049796e+00
1.234757757757757535e+00
1.054530530530523036e+00
2.993993993994002907e-03
4.371201201201228015e-01
8.963963963964056286e-03
2.605309309309311594e+00
2.993993993993999871e-03
1.109709709709713943e+00
8.885445445445501189e-01
0.000000000000000000e+00
1.490250250250256814e-01
3.566666666666676311e-02
0.000000000000000000e+00
1.698808808808792981e-01
0.000000000000000000e+00
3.994934934934885051e-01
3.575785785785851600e-01
1.074095095095082053e+00
1.298007807807807623e+01
2.004714714714722901e-01
9.009009009009109892e-02
0.000000000000000000e+00
1.999499499499464705e-01
1.000000000000013031e-03
7.986656656656686559e-01
0.000000000000000000e+00
7.046196196196197192e-01
2.492882882882842821e-01
7.226126126126135585e-01
5.861891891891849449e-01
3.492289289289295606e+00
8.983653653653691507e-01
0.000000000000000000e+00
2.993993993994000739e-03
5.987177177177135379e-01
5.741021021021047721e-01
4.224304304304364877e-01
1.086233233233225404e+00
5.909009009008962116e-02
3.608854854854866456e+00
1.113693393393395326e+01
5.870850850850816149e-01
2.039789789789769048e-01
5.386176176176213914e-01
7.168318318318410709e-01
8.827857857857834833e-01
6.447787787787783165e-01
1.672232232232230553e-01
7.595495495495453442e-01
1.501954954954962673e+00
7.318178178178186277e-01
8.990500500500507863e-01
1.087109009009008709e+01
4.475565565565614579e-01
1.469025025025026565e+01
7.317587587587663922e-01
5.084434434434539352e-01
2.147682682682687805e+00
6.999819819819843580e-01
7.372072072072204385e-01
0.000000000000000000e+00
1.661730730730715422e+00
1.784124124124142063e-01
6.448288288288279713e-01
9.418800800800738671e+00
1.063229229229231354e+00
1.098912712712709094e+01
9.660730730730838767e-01
1.465175175175181255e-01
9.863813813813826492e-01
7.468328328328279753e-01
9.521541541541480580e-01
1.088988988988998444e-02
2.381381381381388607e-01
1.510432732732742345e+01
1.272178178178182018e+00
2.870016016016019744e+00
2.993993993993999871e-03
6.306596596596631965e-01
4.507137137137077199e-01
2.058204204204201027e+00
1.997997997998016313e-03
7.114214214214259480e-02
0.000000000000000000e+00
1.339960960960961511e+00
7.561371371371414796e-01
1.285105105105134038e-01
4.371359359359289876e+00
4.526446446446378835e-01
9.951951951951963984e-03
2.414054054054083354e-01
7.831291291291229140e-01
1.092146146146145247e+00
1.599202302302300183e+01
2.518472472472465196e+00
0.000000000000000000e+00
0.000000000000000000e+00
1.270930930930913305e-01
2.183417417417419237e+00
9.224074074073992380e-01
0.000000000000000000e+00
4.214284284284264270e-01
6.530280280280349459e-01
7.087757757757704447e-01
5.443383383383316731e-01
8.844984984984884946e-01
1.185712712712709838e+00
9.116046046046077933e-01
7.660170170170250703e-01
0.000000000000000000e+00
0.000000000000000000e+00
8.946006006005942091e-01
8.273273273273065720e-02
0.000000000000000000e+00
2.150850850850813401e-01
1.577417417417429357e-01
1.193573573573591118e-01
9.256796796796683546e-01
7.817887887887888798e-01
7.402862862862862325e-01
2.167277277277314396e-01
0.000000000000000000e+00
2.630130130130174937e-01
1.492143143143156658e+00
8.826846846846923000e-01
1.363182182182183677e+00
4.337527527527569871e-01
3.274344344344344293e-01
3.174334334334354968e-01
7.033533533533481430e-01
8.929789789789778220e-01
1.704626026026023311e+01
7.425165165165106274e-01
6.540050050050003616e-01
5.133613613613680071e-01
9.108088088087984424e-01
1.989521521521528280e+00
4.252952952952889776e-01
3.871531531531574033e-01
0.000000000000000000e+00
7.941831831831958066e-01
2.855485485485464436e-01
1.042777777777785797e+00
1.921111111111127312e-01
2.993993993994000739e-03
3.987987987988026589e-03
7.134554554554574102e-01
4.979979979979967664e-03
0.000000000000000000e+00
4.139779779779802493e-01
4.694520520520492290e+00
9.748448448448545633e-01
5.507414414414420811e+00
0.000000000000000000e+00
1.963723723723713177e-01
8.396576576576720852e-01
3.993993993993961295e-03
9.001911911912010567e-01
8.893313313313383484e-01
0.000000000000000000e+00
1.100171171171174356e+00
1.232614814814814075e+01
4.239029029029084961e-01
7.113023023023039570e-01
2.332399399399416318e+00
8.100410410410395778e-01
7.535195195195262263e-01
8.882862862862757058e-01
0.000000000000000000e+00
5.018528528528498622e-01
1.414725725725739069e+00
3.880630630630677036e-01
1.298149149149149029e+00
7.174644644644616598e-01
2.126860860860862346e+00
0.000000000000000000e+00
7.594454454454457881e-01
4.574174174174207991e-02
6.656796796796777826e-01
2.106376376376364323e+00
8.871293293293293303e+00
2.620916916916914641e+00
3.171431431431417924e-01
0.000000000000000000e+00
4.058119119119122153e+00
7.468718718718690974e-01
3.861921921921868117e-01
6.712039039039032318e+00
6.690350350350295905e-01
2.629729729729753801e-02
8.250360360360318168e-01
7.857957957957796280e-01
1.000000000000003490e-03
8.491581581581681970e-01
2.439939939939887031e-02
1.034448448448442637e+00
0.000000000000000000e+00
7.438138138138059574e-01
5.667077077077008473e-01
2.993993993994003341e-03
3.862130130130128958e+00
3.473873873873872808e-02
2.199893893893896113e+00
7.165275275275186928e-01
9.009009009009139035e-02
8.483413413413291027e-01
0.000000000000000000e+00
1.103562562562553806e+00
4.028858858858920811e-01
2.914237737737740375e+01
7.026016016015907972e-01
4.829877877877887471e+00
2.992655655655663161e+00
7.450790790790761120e-01
1.997997997998026722e-03
6.683883883883857679e-01
1.055418418418414106e+00
7.061221221221182232e-01
9.522232232232189508e-01
2.213213213213190977e-01
7.906056056056063319e+00
6.994904904904886145e-01
8.033633633633838200e-02
9.747937937937851682e-01
7.462762762762897850e-01
6.231631631631551205e-02
2.027912912912914578e+01
9.719739739739564621e-01
6.091201201201247306e-01
1.428530530530513598e+00
7.573393393393350603e-01
5.596927927927970003e+00
0.000000000000000000e+00
1.000000000000007610e-03
7.589179179179114110e-01
3.058088088088100065e-01
1.556062162162158735e+01
8.410220220220215870e-01
1.581581581581557525e-02
5.851831831831844077e-01
8.952622622622693482e-01
0.000000000000000000e+00
2.440291291291292186e+00
1.689890990990993913e+01
5.780320320320382343e-01
2.053603603603628702e-01
1.432142142142132646e-01
2.701440440440422197e+00
4.392792792792873241e-02
2.097394094094096673e+01
0.000000000000000000e+00
6.374234234234340546e-01
0.000000000000000000e+00
8.298158158158078779e-01
2.494654654654701320e-01
0.000000000000000000e+00
7.269879879879951323e-01
1.886846846846819969e-01
1.280310210210209121e+01
2.436826826826875292e-01
6.895035035035053106e-01
2.502252252252207820e-01
1.712102102102091017e-01
4.527077077077114597e-01
8.970600600600587837e-01
1.911301301301273070e-01
1.482008008008014910e+00
1.000000000000005008e-03
8.161491491491500438e-01
7.438508508508440142e-01
1.801758758758755352e+00
7.095035035035018867e-01
1.276756756756757039e+00
7.259899899899910913e-01
1.000000000000010429e-03
5.980930930930983269e-01
4.844744744744725051e-02
2.934374374374356664e-01
1.730306906906907471e+01
2.134527127127122270e+01
5.908088088088135903e-01
7.950150150150227246e-02
6.847787787787756875e-01
2.002491691691693276e+01
9.218568568568481503e-01
8.981681681681735752e-01
2.542082082082062211e-01
7.607917917918035622e-01
1.476186186186191907e-01
7.985535535535561724e-01
2.586043543543548040e+01
1.663613613613642572e-01
1.997997997998034528e-03
1.060439439439460285e+00
1.419876476476470195e+01
5.511411411411354377e-01
9.289439439439387547e-01
1.458168168168183787e-01
1.649904904904898606e+00
1.451691691691706643e-01
0.000000000000000000e+00
1.509259259259264074e-01
7.595671671671628822e+00
1.732617617617610239e+00
2.972016816816815421e+01
0.000000000000000000e+00
4.806666666666692955e-01
7.340880880880868986e-01
5.500610610610671136e-01
5.380480480480440836e-02
7.048068068068065184e-01
7.368288288288387111e-01
1.706696696696698434e-01
4.014324324324328508e+00
0.000000000000000000e+00
6.108408408408540907e-02
9.371401401401481257e-01
1.997997997997998099e-03
1.432382382382393626e-01
5.244344344344366027e-01
6.775315315315418863e-01
3.913483483483481518e+00
6.203953953953924572e-01
2.151141141141166002e-01
7.573963963964076562e-01
2.591051051051092013e-01
5.106806806806830634e-01
4.044974974975024673e-01
0.000000000000000000e+00
3.240131131131112951e+00
1.399159159159180654e-01
2.133493493493529847e-01
0.000000000000000000e+00
4.844744744744727827e-02
0.000000000000000000e+00
6.603543543543575201e-01
9.088988988988917772e-02
3.547217217217210061e-01
7.943943943943895455e-03
7.908308308308366064e-01
6.223483483483590595e-01
1.014028028028041595e+00
7.876946946946897787e-01
1.051769769769762108e+00
9.642102102102140249e-01
8.710785785785809310e+00
2.191906506506501984e+01
8.338278278278262734e-01
5.741131131131211873e-01
3.651345345345366589e+00
1.666456456456439084e-01
1.410391391391384364e+00
0.000000000000000000e+00
1.778704704704711981e+00
6.954454454454525036e-01
0.000000000000000000e+00
7.338198198198200295e-01
4.708608608608651908e-02
0.000000000000000000e+00
1.982920920920891783e+00
1.232631731731729907e+01
1.425645645645652049e-01
5.886946946947011483e-01
8.566546546546588425e-01
1.507086086086090182e+00
5.537847847847852112e-01
6.749189189189276350e-01
4.572072072072205090e-02
6.651291291291321350e-01
1.961961961961949594e-02
7.892932932932995582e-01
1.153152152152147947e+00
7.400100100100078793e-01
7.695395395395343563e-01
2.346566566566591072e-01
1.963723723723710957e-01
8.151741741741621583e-01
9.028828828828792952e-02
2.131861861861855889e+00
1.600623623623610881e+00
3.605785785785820541e-01
1.542443443443443529e+00
3.987987987988032661e-03
2.373123123123137557e-01
2.404394394394445966e-01
6.876936936936860478e-01
1.031609609609603462e+00
3.987987987988044804e-03
6.124754754754802022e-01
7.538378378378415290e-01
2.207728928928927559e+01
2.153753753753787775e-02
2.569400400400396300e+00
3.473873873873879053e-02
1.247617617617643448e-01
2.910769769769776971e+00
1.038953953953961840e+00
7.260110110109962989e-01
9.128628628628747410e-02
1.336373073073070472e+01
1.303516516516524781e+00
7.990690690690713804e-01
6.307807807807927492e-02
2.050040040040024270e-01
5.492832832832802437e-01
1.127742742742733784e+00
2.054324324324339202e+00
0.000000000000000000e+00
1.997997997998000267e-03
2.465455455455498046e-01
5.307447447447466438e-01
8.059959959959913656e-01
1.784010010010018021e+00
9.561181181181168665e-01
7.423233233233207384e-01
2.214444444444485793e-01
0.000000000000000000e+00
0.000000000000000000e+00
9.890070070070022812e-01
7.803063063063210292e-01
1.035469469469468828e+00
5.969969969969963174e-03
1.010264264264279621e+00
2.646212212212198267e+00
1.716556556556552704e-01
7.618852852852832314e+00
8.859559559559500030e-01
1.139327327327311234e+00
6.956766766766743215e-01
2.016622622622629812e+00
8.458028028027987366e-01
0.000000000000000000e+00
6.797477477477480434e-01
1.136183183183190337e+00
2.818718718718762201e-02
7.538008008007941463e-01
6.778108108108138463e-01
9.136587587587550630e+00
2.107549549549537105e+00
4.151821821821915504e-01
4.965275275275242151e-01
8.967967967967827719e-03
1.982142142142147012e-01
0.000000000000000000e+00
2.336246246246292679e-01
6.575185185185093983e-01
1.483873873873883531e-01
3.228018018017984048e-01
7.315945945945840911e-01
3.530686686686680620e+00
6.080045045045063823e+00
4.619839839839848805e-01
0.000000000000000000e+00
1.961961961961962431e-02
4.529935935935954561e+00
5.179279279279265236e-01
8.723383383383348511e-01
8.781651651651702917e-01
0.000000000000000000e+00
4.853993993994010214e-01
8.361961961962047218e-02
1.000000000000011297e-03
4.949043043043106493e+00
8.681151151151181855e-01
7.607027027026914690e-01
2.608358358358394136e-01
9.457757757757802031e-01
2.189849849849826446e-01
8.533393393393419180e-01
1.852543543543543336e+00
7.326106106106176075e-01
5.359819819819849895e-01
1.997997997997995063e-03
8.924234234234190710e-01
3.694636636636647431e+00
6.672892892892898775e-01
5.007427427427412203e-01
0.000000000000000000e+00
1.292392392392395332e-02
6.552492492492503207e-01
1.087169169169165839e+00
3.309369369369332126e-01
1.451691691691708030e-01
1.784918918918901420e+00
1.335930230230227878e+01
1.088459459459457879e+00
1.337953953953952668e+00
1.357979979979985430e+00
2.159429429429447489e-01
2.306306306306313558e-01
1.671103803803802990e+01
1.169802902902909203e+01
5.608828828828880120e-01
6.716856856856885383e-01
1.115665665665677153e+00
7.280100100100154181e-01
8.141321321321309812e-01
2.496836836836815177e-01
0.000000000000000000e+00
1.575975975975989901e-02
6.345845845845834443e-01
4.359354354354357142e+00
8.480580580580563410e-01
1.001451251251253538e+01
5.368747747747748988e+00
2.696734734734744343e+00
5.656836836836938165e-01
2.767767767767819603e-02
8.749339339339295973e-01
6.428128128128228758e-01
0.000000000000000000e+00
1.683911611611613424e+01
4.258048048048019840e-01
3.040070070070137187e-01
7.273753753753698925e-01
9.065935935935973689e-01
7.553293293293429356e-01
8.042902902902780982e-01
1.252939939939941016e+00
1.000000000000008044e-03
0.000000000000000000e+00
1.037066966966968451e+01
6.271101101101085318e-01
1.033263363363361798e+01
1.589549549549548468e-01
5.813233233233321418e-01
0.000000000000000000e+00
7.040231231231179443e+00
0.000000000000000000e+00
2.691686686686686869e+00
0.000000000000000000e+00
4.135315315315312712e-01
6.561148148148199688e+00
7.186776776776804265e-01
7.475815815815779475e-01
1.669294394394396619e+01
1.036242242242251033e+00
9.908548548548585799e-01
5.969969969969964908e-03
6.651361361361312063e-01
0.000000000000000000e+00
8.725925925925950288e-01
4.837792792792797059e+00
1.487787787787802664e-02
6.412739739739762079e+00
2.411693993993989693e+01
6.851831831831837194e-01
0.000000000000000000e+00
8.493683683683738161e-01
1.175230030030024864e+01
1.234526526526523282e+00
5.888308308308372041e-01
1.298021121121122512e+01
0.000000000000000000e+00
4.185655655655717844e-01
0.000000000000000000e+00
7.995495495495426319e-02
1.339377577577579181e+01
1.276276276276303578e-01
2.104174174174171519e+00
1.421007007006997558e+00
8.519799799799863127e-01
4.196176176176215633e-01
2.049789789789762673e-01
1.668308308308330823e-01
5.318828828828771060e-01
1.658119119119113805e+00
7.744354354354362480e-01
8.661891891891930761e-01
2.818718718718761854e-02
3.142542542542539064e-01
3.211737737737744069e+00
9.413899899899918822e+00
6.509739739739818232e-01
5.852672672672776244e-01
1.029012012012016308e+00
1.997997997998013711e-03
1.950308408408408312e+01
7.117237237237260539e-01
3.552032032032034214e-01
1.299890890890875728e+00
5.084784784784787126e-01
6.682732732732760139e-01
1.238563563563565895e+00
5.380480480480463734e-02
3.548648648648590198e-01
0.000000000000000000e+00
3.638418418418423173e-01
1.047838838838845987e+00
1.992099999999996385e+01
1.650716616616617571e+01
7.766836836836861213e-01
2.394234234234256520e-01
7.767817817817900261e-01
6.198858858858928844e-01
8.856116116116181658e-01
2.178178178178128976e-01
9.318828828828823463e-01
0.000000000000000000e+00
1.222318318318324160e+00
7.480710710710730682e-01
7.562272272272261286e-01
6.767787787787709064e-01
1.074168168168159632e+00
2.447687687687754299e-01
2.220023023023020414e+01
6.724904904904980274e-01
2.418039039039032279e+00
6.957647647647640099e-01
9.561751751751784711e-01
5.389929929929945240e-01
6.768628628628649002e-01
6.112732732732760743e-01
2.471757757757761187e+00
7.471731731731818815e-01
6.905375375375334412e-01
7.677977977977888946e-01
0.000000000000000000e+00
4.875325325325325920e-01
5.691101101101010418e-01
9.382042042042006980e-01
7.709829829829694114e-01
1.115058058058049806e+00
1.654844844844842455e-01
2.993993993994003774e-03
1.559069069069054791e-01
1.000000000000003273e-03
5.455495495495403802e-01
0.000000000000000000e+00
1.410160160160133236e-01
7.487727727727798710e-01
7.845985985985886035e-01
2.912912912912976951e-02
1.197987987988004127e-01
2.378945945945944107e+00
6.548488488488415360e-01
3.367957957957950832e+00
0.000000000000000000e+00
0.000000000000000000e+00
8.689829829829884833e-01
3.987987987988040467e-03
0.000000000000000000e+00
5.538408408408455053e-01
1.639143143143138248e+00
0.000000000000000000e+00
8.216766766766785413e-01
7.336036036035977759e-01
1.026252252252260133e+00
7.943943943943876373e-03
1.088988988988998444e-02
