1.133587587587596479e+00
7.847997997998052977e-01
0.000000000000000000e+00
5.847797797797789077e-01
1.391957957957950853e+00
5.811031031030985394e-01
2.335925925925894375e-01
7.636626626626550340e-01
2.343583583583548346e-01
7.133643643643606813e-01
2.329441141141146687e+01
1.304144144144122608e-01
0.000000000000000000e+00
4.168148148148153043e-01
5.959029029029022650e-01
2.038616616616634403e+00
1.000000000000005225e-03
1.997997997998027155e-03
1.274926826826822790e+01
5.159109109109056845e-01
0.000000000000000000e+00
3.959299299299221531e-01
9.366156156156182355e-01
2.152462462462512438e-01
0.000000000000000000e+00
0.000000000000000000e+00
8.222002002001927989e-01
2.000000000000013919e-03
0.000000000000000000e+00
6.758548548548655166e-01
1.938110110110112361e+00
3.300500500500559709e-02
2.220090090090110213e-01
3.478418418418356972e-01
7.999759759759744737e-01
6.989669669669679175e-01
2.418198498498493620e+01
1.245286886886883160e+01
2.268178178178149040e-01
9.090990990990949205e-01
3.511438438438434062e+00
4.803473473473403033e-01
8.860320320320276277e-01
6.474364364364314506e-01
8.517857857857834558e-01
0.000000000000000000e+00
3.906226226226228726e-01
0.000000000000000000e+00
9.888118118118125466e-01
5.267578578578561377e+00
7.557947947947878387e-01
1.000000000000010863e-03
3.935835835835882479e-02
3.144294294294242009e-01
9.880780780780809014e-01
2.162512512512539675e-01
7.571271271271216019e-01
2.714094094094121057e-01
1.637562562562575597e+00
6.959939939939967513e-01
1.478552152152145105e+01
4.912352352352337692e-01
1.030220420420420524e+01
0.000000000000000000e+00
6.389379379379448443e-01
9.951951951951863370e-03
1.840706706706711326e+00
6.908428428428446955e-01
2.502462462462419768e-01
2.912912912912943991e-02
1.097695695695702467e+00
1.997997997998047972e-03
8.591331331331386600e-01
1.052665665665668326e+00
1.883783783783814919e-02
1.551714314314313548e+01
7.190020020019994851e-01
7.518628628628566402e-01
9.573944944944905444e+00
3.144574574574605097e-01
6.250010010009933170e-01
6.509059059059063568e-01
3.127727727727795670e-02
1.853103103103082683e+00
1.550745745745740312e+00
1.020779779779773300e+00
5.247777777777677954e-01
9.224524524524601032e-01
4.242532532532599099e-01
2.181771771771752744e-01
7.967967967968062754e-03
5.759539539539566544e-01
2.456756756756808824e-02
8.732642642642598485e-01
6.704334334334411949e-01
4.375955955955919685e-01
8.912812812812834773e-01
7.824884884884971692e-01
4.894254254254229441e-01
1.770049549549553447e+01
1.283818818818819540e+00
0.000000000000000000e+00
1.284384384384377152e-02
4.527821821821837567e+00
2.392142142142116568e-01
7.494004004004057862e-01
4.770350350350266999e-01
3.343103103103062801e-01
2.475435435435400511e-01
9.878968968969022990e-01
2.441441441441493942e-01
6.957957957957865668e-03
1.997997997997999833e-03
1.144750750750742618e+00
8.191941941941842664e-01
2.444744744744727083e-02
0.000000000000000000e+00
1.077965965965969719e+00
6.763213213213191688e-01
2.817686686686676989e+00
2.098554554554556084e+00
3.819709709709653289e-01
1.651561561561548097e-01
5.507297297297262251e-01
8.310410410410377091e-01
2.870870870870855796e-01
6.961981981982017231e-01
1.961961961961942308e-02
4.074617617617584564e+00
0.000000000000000000e+00
0.000000000000000000e+00
0.000000000000000000e+00
1.000000000000012814e-03
7.584004004003960242e-01
5.620440440440336305e-01
5.691730730730730770e+00
2.471111111111149172e-01
1.490629629629639297e+00
6.428238238238219715e-01
0.000000000000000000e+00
5.576666666666755257e-01
6.903583583583594585e-01
0.000000000000000000e+00
8.478048048048126839e-01
2.206366366366374343e-01
7.893253253253288415e-01
5.763993993994039888e-01
2.328268268268233188e-01
6.642602602602583062e-01
2.993993993994003341e-03
1.074773773773761709e+00
7.014394394394312116e-01
0.000000000000000000e+00
9.859199199199143449e-01
2.012370370370381245e+00
5.887877877877878419e-01
8.804034034034092793e-01
2.246169169169164537e+00
5.831461461461522333e-01
2.449149149149158419e-02
2.249349349349381161e-02
0.000000000000000000e+00
8.606106106106073406e-02
4.579618618618661152e+00
8.610490490490465554e-01
2.072011211211210124e+01
1.088988988988995321e-02
7.494804804804848786e-01
3.411190190190219074e+00
7.141371371371427745e-01
3.843843843843833957e-02
7.063183183183173730e-01
5.335755755755748897e-01
0.000000000000000000e+00
2.992502502502477069e-01
3.182181181181209517e+00
7.319859859859910722e-01
8.198198198198057562e-02
2.818718718718770180e-02
4.788218218218220912e-01
1.088988988988995842e-02
8.872902902902906064e-01
9.843043043042981610e-02
8.600120120120037237e-01
1.470400400400376228e-01
5.180930930930872647e-01
8.357467467467457611e-01
5.070750750750822045e-01
5.759649649649588588e-01
1.345345345345330401e-01
8.328888888888952291e-01
9.963453453453432473e-01
6.601661661661747393e-01
8.110530530530460913e-01
1.000000000000000238e-03
1.108174174174179294e+00
0.000000000000000000e+00
8.618368368368438670e-01
0.000000000000000000e+00
7.050791791791786167e+00
3.633780780780774489e+00
6.321101101101069819e-01
6.901901901901782987e-02
0.000000000000000000e+00
7.878788788788837483e-01
0.000000000000000000e+00
1.424050050050046812e+00
1.000000000000002623e-03
7.943943943943876373e-03
1.961471471471452066e-01
1.890463963963963323e+01
2.481321321321336149e-01
1.670260260260282570e-01
3.144534534534574877e-01
9.116816816816838420e-01
1.624811011011005846e+01
8.409856856856873009e+00
8.675582582582606506e+00
2.779689689689661125e-01
6.781011011010955603e-01
4.792442442442459982e-01
2.441081081081047377e-01
1.720615615615613381e+00
0.000000000000000000e+00
6.637259259259257860e+00
6.008358358358364404e-01
9.870320320320312701e-01
3.941131131131069831e-01
2.254102102102121918e+00
5.404384384384381956e-01
0.000000000000000000e+00
3.327397397397427459e-01
8.600310310310180784e-01
9.043063063062944940e-01
2.882596596596573413e+00
1.454963963963977536e+00
3.129583583583607886e+00
7.539429429429589380e-01
6.829629629629611065e-01
4.650170170170139783e-01
5.592132132132152655e-01
4.848468468468518644e-01
0.000000000000000000e+00
1.595585585585583555e-01
8.143853853853915137e-01
9.146936936936929108e-01
6.436406406406399938e+00
7.327747747747868079e-01
3.532352352352355895e-01
5.270780780780769392e-01
7.437567567567614502e-01
8.616156156156127288e-01
1.352952952952952426e-01
1.865765765765762391e-02
2.202912912912937393e-01
3.492889889889915445e+00
4.954444444444407458e-01
1.637427427427434301e+00
1.384811811811819782e+00
8.626906906906789407e-01
0.000000000000000000e+00
0.000000000000000000e+00
6.292642642642541917e-01
2.812792792792788266e+00
1.460825425425428215e+01
6.727497497497414436e-01
2.175334334334341424e+00
6.216836836836860947e-01
3.723023023023058764e-01
6.303053053053053745e-01
7.871601601601470044e-01
2.364330330330335794e+00
0.000000000000000000e+00
2.442724724724727015e+00
0.000000000000000000e+00
1.997997997998008941e-03
1.031108108108105048e+00
9.721621621621667764e-02
1.997997997998038431e-03
1.105179179179187621e+00
7.755865865865801956e-01
5.585699699699669729e+00
6.349649649649740102e-01
6.371961961961848386e-01
2.053807807807812580e+00
8.884854854854727924e-01
8.364823823823799742e+00
8.165635635635731804e-01
8.650060060060050793e-01
2.421421421421473263e-01
7.984734734734776351e-01
5.377758758758755420e+00
9.177047047047027784e-01
0.000000000000000000e+00
1.031970970970976120e+00
6.388598598598584921e-01
2.607490490490508961e+00
2.924124124124158342e-02
8.475655655655647269e-01
1.041801801801811173e-01
6.758508508508549451e-01
6.305095095095156754e-01
4.207697697697650452e-01
6.339009009008965689e-01
0.000000000000000000e+00
7.094794794794818671e-01
5.291691691691590566e-02
2.274264264264312385e-01
7.105175175175117985e-01
6.668898898898889538e-01
1.000000000000012814e-03
2.993993993994003774e-03
7.566146146146200957e-01
4.663813813813741938e-01
0.000000000000000000e+00
0.000000000000000000e+00
6.323983983984000634e-01
1.042676676676679293e+00
9.455355355355316016e-01
0.000000000000000000e+00
1.473588588588590653e+00
2.991651651651634491e-01
2.668316316316315717e+00
1.694053053053071078e+00
2.291515515515512913e+00
7.003613613613576261e-01
5.371830830830814030e+00
6.711241241241266975e-01
6.977337337337299328e-01
0.000000000000000000e+00
7.017437437437412662e-01
7.802092092092236530e-01
8.927697697697649648e-01
1.284384384384383918e-02
8.401461461461305902e-01
3.705055055055034852e-01
1.168918918918945560e-01
5.555905905905939024e-01
5.180330330330285005e-01
1.139529529529541702e-01
8.766706706706831609e-01
0.000000000000000000e+00
3.006906906906892454e-02
2.629729729729759005e-02
0.000000000000000000e+00
2.244906306306305410e+01
6.600700700700732337e-01
7.262658658658637023e+00
3.006766766766763022e-01
1.014481481481478875e+00
1.294801801801792385e+00
1.078654654654638945e+00
3.987987987988056947e-03
4.372242242242156962e-01
1.093793793793814903e-02
2.668814814814808756e+00
1.997997997997979017e-03
1.162241241241234402e+00
9.268228228228169163e-01
0.000000000000000000e+00
1.451691691691705255e-01
4.210610610610576732e-02
0.000000000000000000e+00
1.712112112112108009e-01
0.000000000000000000e+00
4.013003003002933444e-01
3.704234234234284329e-01
1.114017017017018052e+00
1.346333033033034354e+01
2.069429429429390788e-01
9.406906906907018528e-02
0.000000000000000000e+00
2.036496496496517927e-01
1.997997997998013277e-03
8.000110110110095762e-01
0.000000000000000000e+00
7.020590590590609636e-01
2.492882882882842821e-01
7.498448448448419290e-01
5.839309309309272944e-01
3.615642642642621585e+00
9.286666666666690828e-01
0.000000000000000000e+00
2.993993993994000739e-03
5.893523523523531704e-01
5.897877877877979458e-01
4.601561561561465785e-01
1.094793793793789272e+00
6.083583583583476034e-02
3.662688688688694683e+00
1.164429929929931617e+01
5.864554554554571864e-01
2.031141141141103446e-01
5.514464464464425841e-01
6.957177177177339411e-01
8.931081081081184703e-01
6.518148148148165122e-01
1.677987987987970553e-01
7.634824824824660849e-01
1.574364364364378543e+00
7.313443443443458092e-01
8.870990990990883507e-01
1.129397297297296454e+01
4.582562562562616515e-01
1.490764664664670214e+01
7.341971971971925637e-01
5.225125125125145154e-01
2.206419419419406669e+00
7.100130130130082318e-01
7.598658658658555831e-01
0.000000000000000000e+00
1.644794794794788073e+00
1.699049049049029536e-01
6.488758758758780276e-01
9.837906906906894733e+00
1.131808808808822508e+00
1.116332832832835642e+01
9.685915915915812580e-01
1.535535535535534069e-01
1.024922922922927082e+00
7.619259259259193451e-01
9.459719719719719144e-01
1.088988988988998444e-02
2.412162162162189427e-01
1.550060660660657241e+01
1.316970970970975596e+00
2.912770770770777506e+00
3.987987987988031793e-03
6.425055055054975650e-01
4.519979979980000562e-01
2.091818818818823811e+00
1.997997997998032359e-03
6.688288288288239680e-02
0.000000000000000000e+00
1.377684684684695515e+00
7.639139139139201617e-01
1.302102102102082049e-01
4.497603603603589129e+00
4.617367367367392617e-01
1.290390390390423921e-02
2.421421421421472153e-01
8.269919919919838103e-01
1.084003003002990351e+00
1.649477177177177722e+01
2.597381381381365983e+00
0.000000000000000000e+00
0.000000000000000000e+00
1.340050050050051733e-01
2.271825825825820822e+00
9.386536536536536079e-01
0.000000000000000000e+00
4.212772772772770957e-01
6.722382382382364741e-01
7.092892892893010170e-01
5.580730730730694145e-01
8.869469469469408729e-01
1.207337337337338834e+00
9.189129129129014473e-01
7.826166166166131921e-01
0.000000000000000000e+00
0.000000000000000000e+00
9.032182182182149077e-01
8.641241241241269522e-02
0.000000000000000000e+00
2.179039039039004921e-01
1.559069069069054236e-01
1.247707707707726432e-01
9.425635635635551957e-01
8.123113113113017425e-01
7.452512512512388110e-01
2.148708708708758630e-01
0.000000000000000000e+00
2.638748748748754314e-01
1.545892892892907211e+00
8.884614614614598782e-01
1.430389389389407073e+00
4.244994994994940596e-01
3.372332332332336757e-01
3.163863863863891623e-01
7.199229229229366922e-01
9.123183183183271039e-01
1.710006306306302548e+01
7.572612612612652505e-01
6.593133133133231016e-01
5.149529529529414118e-01
9.321151151151088055e-01
2.070356356356387373e+00
4.428288288288324548e-01
3.853563563563545125e-01
0.000000000000000000e+00
8.112532532532581442e-01
2.951611611611632546e-01
1.081947947947953237e+00
1.959069069069090951e-01
2.993993993994000305e-03
3.987987987988026589e-03
7.468208208208187981e-01
4.979979979979967664e-03
0.000000000000000000e+00
4.430140140140103600e-01
4.858786786786806644e+00
1.018577577577575832e+00
5.629788788788818721e+00
0.000000000000000000e+00
1.963723723723713732e-01
8.814754754754705601e-01
4.987987987987995385e-03
9.271661661661797504e-01
8.927787787787876406e-01
0.000000000000000000e+00
1.125479479479488676e+00
1.256391591591591173e+01
4.347817817817767883e-01
7.272862862862863320e-01
2.401145145145159088e+00
8.156306306306341236e-01
7.738378378378443223e-01
9.092512512512433975e-01
0.000000000000000000e+00
5.027377377377324486e-01
1.442712712712704848e+00
3.827297297297272416e-01
1.368627627627619914e+00
7.372632632632564187e-01
2.133325325325341471e+00
0.000000000000000000e+00
7.698678678678561038e-01
5.291691691691552402e-02
6.629219219219215642e-01
2.235872872872889161e+00
9.130501501501528949e+00
2.661332332332336126e+00
3.269979979980009999e-01
0.000000000000000000e+00
4.219406406406402077e+00
7.564314314314332099e-01
3.825805805805754245e-01
6.883382382382328579e+00
6.720020020020036622e-01
2.344744744744720749e-02
8.436506506506380454e-01
7.931681681681636009e-01
1.997997997997989425e-03
8.549339339339300237e-01
2.629729729729762128e-02
1.061036036036032915e+00
0.000000000000000000e+00
7.386496496496565145e-01
5.735475475475446672e-01
1.000000000000018019e-03
3.875490490490445250e+00
3.566666666666673535e-02
2.294283283283294672e+00
7.185845845845929558e-01
9.009009009009130708e-02
8.738438438438566047e-01
0.000000000000000000e+00
1.146535535535548878e+00
4.016016016015949708e-01
3.001043643643644998e+01
7.145975975975884520e-01
5.009163163163146137e+00
3.149058058058059384e+00
7.597417417417372532e-01
0.000000000000000000e+00
7.013163163163048663e-01
1.085924924924925428e+00
7.042432432432419454e-01
9.638858858858807555e-01
2.202912912912940169e-01
8.178829829829844300e+00
7.006356356356364667e-01
8.606106106106031772e-02
1.010040040040045328e+00
7.470380380380321483e-01
6.319419419419443351e-02
2.073193793793793915e+01
1.010439439439437148e+00
6.299129129129252824e-01
1.501035035035032106e+00
7.679469469469446530e-01
5.904254254254245993e+00
0.000000000000000000e+00
1.000000000000007610e-03
7.595035035035098137e-01
3.141891891891918087e-01
1.571949849849845471e+01
8.484424424424457101e-01
1.775775775775740445e-02
5.979709709709791765e-01
8.887967967968091187e-01
0.000000000000000000e+00
2.453883883883891670e+00
1.722342542542541466e+01
5.845905905905810496e-01
2.147567567567542635e-01
1.445195195195188020e-01
2.792709709709703336e+00
5.291691691691560034e-02
2.194363563563561215e+01
0.000000000000000000e+00
6.335325325325223966e-01
0.000000000000000000e+00
8.326196196196135046e-01
2.494654654654701320e-01
0.000000000000000000e+00
7.264134134134090370e-01
1.959069069069091229e-01
1.319625725725726717e+01
2.421421421421472986e-01
6.848748748748779702e-01
2.502412412412453047e-01
1.745495495495487659e-01
4.572052052052011373e-01
9.134864864864816747e-01
1.961311311311302874e-01
1.527377377377368672e+00
1.997997997997993762e-03
8.100640640640639489e-01
7.590890890890900078e-01
1.832282282282279295e+00
7.249509509509614036e-01
1.304845845845853614e+00
7.278708708708649944e-01
1.000000000000010429e-03
5.953703703703753236e-01
4.844744744744725051e-02
2.930190190190189448e-01
1.793307407407406728e+01
2.213630930930926866e+01
5.947007007006962498e-01
8.284084084084039623e-02
7.001311311311296803e-01
2.071712712712710669e+01
9.572162162162100030e-01
9.067767767767846987e-01
2.562292292292245310e-01
7.736506506506352077e-01
1.552262262262263104e-01
8.045945945945841560e-01
2.655425225225223684e+01
1.756436436436476234e-01
1.997997997998034528e-03
1.099655655655636055e+00
1.478438138138140090e+01
5.617117117117175207e-01
9.604624624624674700e-01
1.385825825825850732e-01
1.734470470470459658e+00
1.438678678678679823e-01
0.000000000000000000e+00
1.496606606606633860e-01
7.993070070070082522e+00
1.770053053053056491e+00
3.121861361361359144e+01
0.000000000000000000e+00
4.773093093093143668e-01
7.204614614614641699e-01
5.745365365365386889e-01
5.380480480480444999e-02
7.131231231231206502e-01
7.607117117116976024e-01
1.658168168168182299e-01
4.020471471471424252e+00
0.000000000000000000e+00
6.200800800800897877e-02
9.534794794794817507e-01
1.000000000000002840e-03
1.494564564564573039e-01
5.432492492492465574e-01
7.127587587587578266e-01
4.058119119119117713e+00
6.269689689689785794e-01
2.201751751751784003e-01
7.912572572572510454e-01
2.593023023022996143e-01
5.345415415415424309e-01
4.252002002001917247e-01
0.000000000000000000e+00
3.330905905905889863e+00
1.385825825825851842e-01
2.133493493493528737e-01
0.000000000000000000e+00
4.301801801801780761e-02
0.000000000000000000e+00
6.774484484484551983e-01
9.564664664664598859e-02
3.590900900900910186e-01
8.927927927927953658e-03
7.993483483483652119e-01
6.262372372372333462e-01
1.025724724724719650e+00
7.880940940940958095e-01
1.058261261261252972e+00
1.000493493493499697e+00
8.958859859859911623e+00
2.295079779779782925e+01
8.523063063063071043e-01
6.196376376376317996e-01
3.714620620620637137e+00
1.672232232232228333e-01
1.440486486486459272e+00
0.000000000000000000e+00
1.779134134134141565e+00
6.979729729729713394e-01
0.000000000000000000e+00
7.450240240240249001e-01
4.890790790790824211e-02
0.000000000000000000e+00
2.062427427427447224e+00
1.283570670670677139e+01
1.406106106106079223e-01
5.963053053053043451e-01
8.574774774774761577e-01
1.547793793793796446e+00
5.625215215215237929e-01
6.692202202202179873e-01
4.669469469469370027e-02
6.890600600600493841e-01
2.344744744744716586e-02
7.921331331331337156e-01
1.158512512512512416e+00
7.469219219219276340e-01
7.687837837837795396e-01
2.371361361361379871e-01
1.995745745745737543e-01
8.314424424424500248e-01
9.664664664664437965e-02
2.221592592592601889e+00
1.641736736736769675e+00
3.674254254254211149e-01
1.599502502502491597e+00
4.979979979979968531e-03
2.407877877877838968e-01
2.408318318318348195e-01
6.977617617617637436e-01
1.074797797797796495e+00
3.987987987988044804e-03
6.654304304304312634e-01
7.678518518518586689e-01
2.283813113113114568e+01
2.057957957957907980e-02
2.636566566566562297e+00
3.935835835835892194e-02
1.226766766766767131e-01
3.008822822822818210e+00
1.102308308308312723e+00
7.389889889889911245e-01
9.567567567567514253e-02
1.401583883883888859e+01
1.328702702702696525e+00
8.218758758758895056e-01
6.581581581581524842e-02
2.096366366366394507e-01
5.564974974974923327e-01
1.127123123123126236e+00
2.142194194194192658e+00
0.000000000000000000e+00
1.997997997998000267e-03
2.571131131131154102e-01
5.519269269269270195e-01
8.274734734734748853e-01
1.812143143143132518e+00
9.795535535535584426e-01
7.494714714714696413e-01
2.230630630630687505e-01
0.000000000000000000e+00
0.000000000000000000e+00
1.028041041041042547e+00
8.080350350350473665e-01
1.068706706706704868e+00
5.969969969969998735e-03
1.011406406406414993e+00
2.734117117117107920e+00
1.773643643643630086e-01
7.947952952952967998e+00
8.908298298298286122e-01
1.135271271271281801e+00
6.917987987988031273e-01
2.090693693693706834e+00
8.667927927927773224e-01
0.000000000000000000e+00
6.758168168168212642e-01
1.155810810810825151e+00
2.912912912912984584e-02
7.783453453453520465e-01
6.816806806806745556e-01
9.338900900900867441e+00
2.124776776776789777e+00
4.320580580580626329e-01
4.769539539539437434e-01
9.959959959959933593e-03
1.982142142142147290e-01
0.000000000000000000e+00
2.355375375375327596e-01
6.573823823823795598e-01
1.553053053053070065e-01
3.193433433433461865e-01
7.576176176176082633e-01
3.705664664664683805e+00
6.089008008008028661e+00
4.570160160160162688e-01
0.000000000000000000e+00
2.534934934934969519e-02
4.642677677677681913e+00
5.118508508508581301e-01
9.057927927928026701e-01
9.099369369369399996e-01
0.000000000000000000e+00
4.854754754754705970e-01
8.928828828828734576e-02
1.000000000000016501e-03
4.984379379379398678e+00
8.622112112112320093e-01
7.869569569569636602e-01
2.596306306306318534e-01
9.442482482482482675e-01
2.199789789789806382e-01
9.106136136136148140e-01
1.921916916916921902e+00
7.454114114114033240e-01
5.788098098098142241e-01
1.997997997997995063e-03
9.465745745745576256e-01
3.850182182182173563e+00
6.706056056056105552e-01
5.036156156156224029e-01
0.000000000000000000e+00
1.390590590590587948e-02
6.662012012012018536e-01
1.114183183183167669e+00
3.368458458458424287e-01
1.432142142142138475e-01
1.833792792792792614e+00
1.396841541541560971e+01
1.162537537537529753e+00
1.345195195195195037e+00
1.424822822822814583e+00
2.417637637637606030e-01
2.325435435435388165e-01
1.708053453453449677e+01
1.194086286286283638e+01
5.708938938938913354e-01
6.891751751751739041e-01
1.155775775775777614e+00
7.471811811811852611e-01
8.184844844844848533e-01
2.509939939939976328e-01
0.000000000000000000e+00
2.249349349349371793e-02
6.589089089089056328e-01
4.536187187187170622e+00
8.582972972972937598e-01
1.033897697697700124e+01
5.484004004004011890e+00
2.803954954954946732e+00
5.718348348348381016e-01
2.963363363363418282e-02
9.004744744744687113e-01
6.504004004004078077e-01
0.000000000000000000e+00
1.714141241241243918e+01
4.310980980981082289e-01
3.217957957957915949e-01
7.249039039039005816e-01
9.072862862862851596e-01
7.595995995995988848e-01
8.374894894894857611e-01
1.282233233233230241e+00
1.000000000000008044e-03
0.000000000000000000e+00
1.083264264264268384e+01
6.336466466466528225e-01
1.067371071071073985e+01
1.664844844844830529e-01
5.967507507507506803e-01
0.000000000000000000e+00
7.183295295295279104e+00
0.000000000000000000e+00
2.819653653653645620e+00
0.000000000000000000e+00
4.024744744744759295e-01
6.625296296296305343e+00
7.399759759759684252e-01
7.744684684684609577e-01
1.714952852852854903e+01
1.038779779779781753e+00
1.013793793793790421e+00
6.969969969969866050e-03
6.835285285285330747e-01
0.000000000000000000e+00
8.903693693693605082e-01
5.000224224224216307e+00
1.881381381381372342e-02
6.501147147147174898e+00
2.484588088088090174e+01
7.108298298298225681e-01
0.000000000000000000e+00
8.650360360360447309e-01
1.228694494494508227e+01
1.278214214214222322e+00
6.051711711711655894e-01
1.307731231231228186e+01
0.000000000000000000e+00
4.232252252252190483e-01
0.000000000000000000e+00
8.554054054053923661e-02
1.390724924924925432e+01
1.324834834834804909e-01
2.135897897897895970e+00
1.479862862862870942e+00
8.878828828828850828e-01
4.279719719719647930e-01
2.065255255255236955e-01
1.698358358358377229e-01
5.217277277277363456e-01
1.710282282282293842e+00
7.796656656656627549e-01
8.823643643643717116e-01
2.439939939939880093e-02
3.298518518518467335e-01
3.370032032032042046e+00
9.667981981981963457e+00
6.645755755755761163e-01
5.861371371371477679e-01
1.032711711711716829e+00
2.993993993994001172e-03
2.022246446446444779e+01
7.156556556556497029e-01
3.596906906906846557e-01
1.361604604604601088e+00
5.251541541541473457e-01
6.799829829829749928e-01
1.254697697697684911e+00
6.257357357357248850e-02
3.506816816816850091e-01
0.000000000000000000e+00
3.685355355355359741e-01
1.069315315315310100e+00
2.042497397397400505e+01
1.707745145145138821e+01
7.806026026026054998e-01
2.392142142142116568e-01
8.069969969970122170e-01
6.349179179179254007e-01
9.065745745745662498e-01
2.144934934934917825e-01
9.401521521521525315e-01
0.000000000000000000e+00
1.285860860860869925e+00
7.549819819819892919e-01
7.675395395395430143e-01
6.869009009009000577e-01
1.089643643643641413e+00
2.452042042042083814e-01
2.344897997997998473e+01
6.927027027026988470e-01
2.524670670670674966e+00
7.188278278278208422e-01
9.703373373373331834e-01
5.371711711711790738e-01
7.006496496496353865e-01
6.213563563563585523e-01
2.560602602602579214e+00
7.476896896896880751e-01
7.015565565565430317e-01
7.762282282282341184e-01
0.000000000000000000e+00
4.901111111111123853e-01
5.735365365365484580e-01
9.748328328328362824e-01
7.863963963963903625e-01
1.171461461461454467e+00
1.643153153153159018e-01
3.987987987988054345e-03
1.613573573573579556e-01
1.000000000000003273e-03
5.396506506506473233e-01
0.000000000000000000e+00
1.437337337337337151e-01
7.772692692692709793e-01
7.967597597597715353e-01
2.724324324324316898e-02
1.311061061061035704e-01
2.402903903903909733e+00
6.642902902902878548e-01
3.465981981981971050e+00
0.000000000000000000e+00
0.000000000000000000e+00
8.944384384384247433e-01
5.979979979979990236e-03
0.000000000000000000e+00
5.729279279279361203e-01
1.652835835835851253e+00
0.000000000000000000e+00
8.476786786786864036e-01
7.605155155155122193e-01
1.062896896896893484e+00
1.088988988988997056e-02
1.088988988988997750e-02
