1.182032032032038549e+00
7.894354354354333747e-01
0.000000000000000000e+00
5.979959959959858518e-01
1.411069069069050608e+00
5.822542542542521460e-01
2.314624624624602722e-01
7.600150150150103423e-01
2.353513513513486866e-01
7.563663663663622305e-01
2.375596296296293986e+01
1.311061061061036537e-01
0.000000000000000000e+00
4.179519519519495074e-01
6.142492492492428457e-01
2.147291291291260951e+00
2.993993993994000305e-03
3.987987987988032661e-03
1.303343543543541294e+01
5.240080080080000702e-01
0.000000000000000000e+00
3.936436436436415165e-01
9.388858858858978307e-01
2.152462462462511605e-01
0.000000000000000000e+00
0.000000000000000000e+00
8.735765765765771684e-01
2.000000000000013919e-03
0.000000000000000000e+00
6.857717717717753958e-01
1.962817817817832600e+00
4.410410410410343929e-02
2.258208208208244416e-01
3.744654654654611670e-01
8.119659659659672624e-01
7.198608608608683124e-01
2.500476676676649035e+01
1.286152752752747297e+01
2.280270270270238764e-01
9.624484484484506774e-01
3.612233233233239194e+00
5.130790790790904499e-01
9.113453453453537190e-01
6.506006006005985443e-01
8.481471471471561108e-01
0.000000000000000000e+00
3.942292292292362554e-01
0.000000000000000000e+00
1.015225225225222960e+00
5.461008008008005454e+00
7.835615615615734164e-01
1.000000000000010863e-03
3.935835835835884561e-02
3.299259259259322286e-01
1.029544544544554574e+00
2.252082082082073611e-01
7.709169169169152180e-01
2.767937937937923754e-01
1.643465465465455466e+00
7.139539539539589974e-01
1.548318418418420528e+01
5.024784784784857017e-01
1.051038438438436096e+01
0.000000000000000000e+00
6.538398398398356237e-01
8.955955955956074535e-03
1.897551551551531324e+00
7.135555555555702645e-01
2.500540540540490131e-01
3.100700700700723469e-02
1.121987987987983271e+00
1.000000000000012814e-03
8.882182182182131180e-01
1.100236236236238119e+00
2.371771771771759296e-02
1.575968168168162542e+01
7.243113113113055501e-01
7.566556556556559565e-01
9.890649649649674302e+00
3.064374374374320698e-01
6.214354354354376664e-01
6.478418418418433466e-01
3.410910910910851246e-02
1.994964964964934140e+00
1.618029029029025345e+00
1.014669669669663099e+00
5.389249249249241647e-01
9.625095095094997610e-01
4.395065065065077436e-01
2.216606606606593977e-01
1.193193193193219440e-02
5.972792792792833705e-01
2.363763763763722034e-02
9.202442442442576587e-01
7.117657657657571191e-01
4.464264264264216631e-01
8.979689689689774879e-01
7.835215215215215467e-01
5.346836836836786899e-01
1.819335235235238812e+01
1.346956956956957718e+00
0.000000000000000000e+00
2.153753753753783959e-02
4.618489489489478572e+00
2.408318318318348195e-01
7.622762762762734789e-01
4.668458458458553118e-01
3.391311311311305254e-01
2.465255255255307254e-01
9.974054054054034557e-01
2.454684684684657059e-01
8.927927927927944984e-03
3.987987987988023120e-03
1.144454454454450376e+00
8.571231231231212222e-01
2.829529529529546672e-02
0.000000000000000000e+00
1.104862862862861395e+00
6.737197197197076770e-01
2.967806806806805309e+00
2.134686686686684265e+00
4.053963963963965744e-01
1.725565565565576331e-01
5.678988988989022157e-01
8.369309309309361788e-01
2.841541541541526827e-01
7.255945945945933007e-01
2.057957957957906592e-02
4.187177177177168197e+00
0.000000000000000000e+00
0.000000000000000000e+00
0.000000000000000000e+00
1.000000000000012814e-03
7.793183183183086671e-01
5.912532532532553953e-01
5.772104104104077926e+00
2.483993993993972860e-01
1.526680680680684521e+00
6.483873873873914340e-01
0.000000000000000000e+00
5.742682682682729300e-01
7.252822822822756477e-01
0.000000000000000000e+00
8.698358358358344589e-01
2.229979979979944960e-01
7.967427427427496989e-01
5.956896896896979321e-01
2.420690690690683322e-01
6.667027027027062624e-01
2.993993993994003341e-03
1.083800800800794883e+00
7.013923923923962578e-01
0.000000000000000000e+00
1.025568568568558048e+00
2.056739739739738226e+00
5.925715715715632603e-01
8.895045045045153476e-01
2.329014014014006317e+00
5.926876876876960853e-01
2.918718718718687002e-02
2.818718718718775731e-02
0.000000000000000000e+00
9.406906906906987997e-02
4.811869869869875416e+00
9.014394394394390497e-01
2.157574674674677695e+01
1.186786786786803161e-02
7.449179179179169497e-01
3.499041041041027977e+00
7.211601601601487221e-01
3.751651651651663477e-02
7.402952952953028021e-01
5.487437437437343579e-01
0.000000000000000000e+00
3.191581581581537930e-01
3.238530530530538964e+00
7.391301301301185234e-01
8.767867867868095466e-02
3.287687687687633475e-02
4.810550550550638516e-01
8.927927927927950189e-03
9.099789789789962668e-01
9.785285285285304224e-02
8.853193193193195087e-01
1.542802802802789308e-01
5.368118118118065940e-01
8.624614614614577457e-01
5.400990990991069163e-01
6.107097097097125005e-01
1.372412412412396809e-01
8.488058058058123301e-01
1.003545545545544648e+00
6.669119119119090167e-01
8.150340340340296308e-01
1.000000000000000238e-03
1.133147147147154810e+00
0.000000000000000000e+00
8.735185185185231349e-01
0.000000000000000000e+00
7.234709709709701286e+00
3.780043043043035844e+00
6.461281281281315847e-01
7.750750750750613760e-02
0.000000000000000000e+00
8.024174174174185659e-01
0.000000000000000000e+00
1.439182182182200842e+00
1.000000000000002623e-03
8.927927927927950189e-03
1.999219219219209032e-01
1.909826526526529733e+01
2.487277277277258614e-01
1.815995995995994261e-01
3.195735735735736882e-01
9.238158158158229494e-01
1.713128228228229233e+01
8.687002002001998235e+00
8.799470470470467376e+00
3.004634634634595347e-01
6.915985985986011775e-01
4.792822822822873086e-01
2.453153153153185551e-01
1.755429429429430810e+00
0.000000000000000000e+00
6.961263263263246515e+00
6.010730730730753368e-01
1.025966966966952443e+00
3.991631631631667454e-01
2.321671671671664328e+00
5.424194194194240648e-01
0.000000000000000000e+00
3.595255255255245808e-01
8.494514514514558412e-01
8.905375375375620406e-01
2.975298298298303390e+00
1.492103103103118888e+00
3.284446446446446011e+00
7.724174174174192053e-01
6.899849849849889472e-01
4.861811811811887485e-01
5.925185185185204428e-01
5.090490490490495734e-01
0.000000000000000000e+00
1.595585585585583555e-01
8.347017017017118734e-01
9.577787787787874763e-01
6.659946946946960544e+00
7.101081081081109803e-01
3.656896896896910110e-01
5.277417417417387124e-01
7.582192192192135360e-01
9.013963963963987913e-01
1.426526526526530059e-01
1.575975975975992677e-02
2.202432432432466780e-01
3.609843843843830502e+00
5.093853853853861358e-01
1.658920920920903486e+00
1.376245245245246718e+00
8.733393393393387161e-01
0.000000000000000000e+00
0.000000000000000000e+00
6.468088088088150833e-01
2.869663663663611253e+00
1.557638338338337114e+01
6.938768768768831530e-01
2.183493493493481541e+00
6.332602602602559472e-01
3.829499499499454118e-01
6.413233233233177621e-01
8.197737737737877950e-01
2.440717717717729940e+00
0.000000000000000000e+00
2.528231231231222065e+00
0.000000000000000000e+00
1.997997997998008941e-03
1.051887887887888340e+00
1.018768768768790745e-01
2.993993993994003341e-03
1.113727727727735539e+00
7.923793793793807438e-01
5.717719719719713822e+00
6.406796796796688787e-01
6.765405405405316985e-01
2.049604604604617464e+00
8.902692692692653065e-01
8.517985985986030073e+00
8.359699699699616460e-01
8.743403403403473551e-01
2.428468468468449881e-01
8.144484484484617592e-01
5.545395395395403604e+00
9.632702702702520270e-01
0.000000000000000000e+00
1.055014014014013179e+00
6.400300300300330036e-01
2.736751751751742123e+00
3.112712712712642146e-02
8.612872872872727736e-01
1.041801801801811173e-01
6.798218218218140541e-01
6.408628628628567636e-01
4.326826826826900563e-01
6.549139139139105170e-01
0.000000000000000000e+00
7.080670670670652367e-01
5.921421421421314835e-02
2.274264264264311830e-01
7.062932932932904917e-01
6.547527527527491342e-01
1.000000000000012814e-03
1.997997997998016313e-03
7.556756756756686233e-01
4.664424424424377658e-01
0.000000000000000000e+00
0.000000000000000000e+00
6.506496496496531057e-01
1.060282282282273059e+00
9.530780780780817585e-01
0.000000000000000000e+00
1.479276276276267232e+00
3.045475475475483140e-01
2.740428428428433705e+00
1.739326326326318783e+00
2.391570570570583865e+00
7.190300300300235259e-01
5.576460460460456403e+00
6.771361361361344366e-01
7.215565565565523753e-01
0.000000000000000000e+00
7.105365365365251540e-01
7.933113113113038350e-01
9.125155155155164621e-01
1.869369369369377684e-02
8.773133133133205197e-01
3.876076076076083177e-01
1.161601601601613132e-01
5.561351351351302430e-01
5.202762762762639381e-01
1.139529529529541840e-01
9.015205205205338856e-01
0.000000000000000000e+00
3.100700700700729714e-02
2.912912912912980767e-02
0.000000000000000000e+00
2.263181281281284285e+01
6.752852852852873067e-01
7.496486486486495515e+00
3.112502502502521029e-01
1.036145145145146662e+00
1.336226226226206126e+00
1.107354354354347592e+00
3.987987987988034395e-03
4.525265265265248082e-01
7.967967967968106122e-03
2.706508508508509436e+00
2.993993993994001606e-03
1.204995995995996161e+00
9.272252252252147775e-01
0.000000000000000000e+00
1.464624624624635552e-01
4.392792792792899609e-02
0.000000000000000000e+00
1.700540540540533274e-01
0.000000000000000000e+00
4.073023023023069622e-01
3.852322322322280779e-01
1.154568568568568931e+00
1.384009909909911151e+01
2.048358358358337572e-01
9.721621621621670539e-02
0.000000000000000000e+00
2.052412412412424614e-01
1.997997997997987690e-03
8.183843843843945365e-01
1.000000000000018235e-03
7.253033033032991739e-01
2.490240240240277070e-01
7.533923923923976362e-01
5.903693693693730093e-01
3.715402402402400828e+00
9.650360360360437095e-01
0.000000000000000000e+00
3.987987987988039600e-03
6.037827827827795257e-01
6.304054054054073486e-01
4.924194194194237428e-01
1.141697697697703573e+00
6.859259259259241348e-02
3.871117117117111039e+00
1.204240240240238080e+01
6.079699699699735449e-01
2.039789789789769880e-01
5.701351351351335861e-01
7.602032032032035591e-01
9.184884884884936262e-01
6.657117117117031801e-01
1.695135135135141247e-01
7.732242242242363117e-01
1.576498498498492662e+00
7.661321321321385991e-01
9.154804804804986818e-01
1.156379479479471861e+01
4.846996996996937868e-01
1.579563863863868356e+01
7.420400400400317675e-01
5.581631631631744916e-01
2.291110110110126108e+00
7.660100100100177833e-01
7.504994994995053403e-01
0.000000000000000000e+00
1.734476476476466189e+00
1.638498498498464073e-01
6.466216216216222890e-01
1.019679979979978235e+01
1.140846846846834239e+00
1.170909009009013246e+01
9.757257257257323513e-01
1.639509509509492480e-01
1.051814814814826970e+00
7.892452452452480838e-01
9.640650650650793851e-01
1.284384384384386693e-02
2.398358358358310682e-01
1.616234034034034650e+01
1.365260260260244607e+00
2.956019019019000105e+00
4.979979979979972868e-03
6.534344344344404920e-01
4.575725725725793835e-01
2.136932932932934293e+00
1.997997997998016313e-03
6.516516516516529522e-02
0.000000000000000000e+00
1.451096096096097243e+00
7.733283283283213239e-01
1.275145145145164249e-01
4.773672672672680584e+00
4.574204204204283530e-01
1.389789789789769650e-02
2.423213213213257777e-01
8.682722722722657771e-01
1.121055055055056426e+00
1.668444944944960540e+01
2.670444444444454835e+00
0.000000000000000000e+00
0.000000000000000000e+00
1.353943943943959616e-01
2.313987987987990991e+00
9.482462462462460939e-01
0.000000000000000000e+00
4.257107107107164223e-01
6.925005005004886138e-01
7.202632632632779419e-01
5.736486486486512826e-01
9.162012012012122897e-01
1.239493493493488696e+00
9.291611611611690913e-01
8.160100100100077247e-01
0.000000000000000000e+00
0.000000000000000000e+00
9.130320320320273186e-01
9.217817817817812454e-02
0.000000000000000000e+00
2.187687687687668858e-01
1.637277277277296439e-01
1.322722722722744493e-01
9.900220220220281586e-01
8.365765765765954542e-01
7.447317317317289076e-01
2.180930930930894684e-01
0.000000000000000000e+00
2.743823823823837160e-01
1.617565565565555641e+00
8.987377377377282484e-01
1.506096096096107395e+00
4.408208208208193590e-01
3.530300300300371896e-01
3.424124124124109936e-01
7.202712712712704413e-01
9.420040040039946438e-01
1.756153453453452329e+01
7.695595595595576821e-01
6.723583583583562229e-01
5.224364364364398883e-01
9.413443443443353376e-01
2.092383383383397355e+00
4.625535535535518217e-01
3.807287287287330901e-01
0.000000000000000000e+00
8.082832832832900216e-01
3.126486486486463323e-01
1.108851851851855752e+00
1.954394394394351753e-01
2.993993993994001606e-03
4.979979979979968531e-03
7.555775775775853687e-01
3.987987987988064753e-03
0.000000000000000000e+00
4.610960960960975852e-01
5.096582582582641407e+00
1.031553553553559599e+00
5.926208208208199935e+00
0.000000000000000000e+00
2.004714714714721790e-01
8.698718718718846388e-01
6.969969969969940643e-03
9.481031031031129652e-01
9.082342342342393238e-01
0.000000000000000000e+00
1.159473473473461302e+00
1.296980380380379572e+01
4.342392392392383504e-01
7.347957957957957920e-01
2.418485485485485587e+00
8.654314314314311973e-01
7.774374374374323216e-01
9.357157157157285354e-01
1.000000000000018235e-03
5.044194194194182579e-01
1.487084084084090208e+00
3.940540540540480308e-01
1.366720720720722815e+00
7.631521521521404949e-01
2.246749749749749281e+00
0.000000000000000000e+00
7.820060060060179952e-01
5.557457457457515987e-02
6.594744744744809317e-01
2.289615615615609112e+00
9.351445445445463633e+00
2.772633633633629024e+00
3.364994994995006983e-01
0.000000000000000000e+00
4.341092092092084798e+00
7.562382382382372148e-01
3.796396396396359840e-01
7.012471471471481976e+00
6.739139139139139756e-01
2.629729729729751372e-02
8.358148148148090151e-01
8.424484484484584534e-01
1.000000000000015850e-03
8.750620620620775947e-01
3.194294294294335729e-02
1.068063063063078522e+00
0.000000000000000000e+00
7.699319319319336552e-01
5.806516516516562199e-01
2.993993993994003341e-03
4.019560560560605289e+00
4.210610610610576732e-02
2.257123123123140562e+00
7.310100100100128673e-01
9.799799799799867317e-02
8.971101101101062181e-01
0.000000000000000000e+00
1.190041041041046910e+00
4.270400400400434227e-01
3.123111811811805794e+01
7.240070070070043773e-01
5.116918918918910819e+00
3.261554554554582097e+00
7.679089089088967368e-01
1.997997997998026722e-03
7.085835835835813112e-01
1.120494494494487014e+00
7.291031031030935639e-01
1.006899899899898809e+00
2.239799799799768176e-01
8.461602602602585677e+00
7.027477477477441781e-01
9.088988988988899731e-02
1.038549549549558026e+00
7.549019019019134191e-01
6.928328328328199615e-02
2.124610410410410211e+01
1.034727727727720703e+00
6.203143143143176053e-01
1.489814814814819144e+00
7.824844844844801584e-01
6.054456456456456692e+00
0.000000000000000000e+00
1.000000000000007610e-03
7.666376376376348167e-01
3.424884884884822345e-01
1.646618418418418273e+01
8.823253253253349193e-01
1.772772772772754357e-02
6.166476476476402402e-01
9.454684684684669937e-01
0.000000000000000000e+00
2.537456456456463005e+00
1.776191091091091678e+01
5.833533533533481474e-01
2.143813813813789937e-01
1.487477477477478494e-01
2.874802802802786772e+00
6.170570570570638874e-02
2.274465565565562741e+01
0.000000000000000000e+00
6.344084084084062880e-01
0.000000000000000000e+00
8.371521521521574360e-01
2.486486486486459979e-01
1.000000000000005442e-03
7.245905905905991595e-01
1.944984984984951815e-01
1.367358258258257742e+01
2.410250250250278170e-01
7.200340340340354306e-01
2.502412412412453047e-01
1.706466466466431964e-01
4.568318318318250193e-01
9.458408408408411905e-01
1.975975975975951537e-01
1.583989989989995628e+00
1.000000000000005008e-03
8.715135135135227973e-01
7.715265265265234262e-01
1.879164164164165873e+00
7.397777777777816421e-01
1.332471471471477376e+00
7.324634634634716868e-01
1.000000000000010429e-03
5.997167167167087864e-01
4.934534534534577854e-02
2.976796796796745137e-01
1.894441941941938268e+01
2.283061661661659514e+01
6.051301301301297286e-01
8.466266266266456175e-02
7.063403403403410996e-01
2.159203003003011645e+01
9.968028028027928755e-01
9.289909909909961350e-01
2.581721721721764173e-01
7.817817817817706016e-01
1.644354354354369552e-01
8.191231231231339560e-01
2.727382382382381820e+01
1.816246246246259743e-01
2.993993993993999871e-03
1.111011011011027616e+00
1.557134534534536385e+01
5.858288288288286960e-01
9.770910910910889369e-01
1.490250250250254871e-01
1.807830830830842839e+00
1.601601601601574665e-01
0.000000000000000000e+00
1.559069069069055347e-01
8.365580580580541437e+00
1.868110110110077438e+00
3.266490090090097453e+01
0.000000000000000000e+00
4.833133133133211690e-01
7.608878878879005159e-01
6.011101101101100630e-01
5.909009009008959340e-02
7.314504504504483196e-01
7.728518518518607827e-01
1.777447447447409457e-01
4.160754754754728779e+00
0.000000000000000000e+00
7.239939939940034930e-02
9.916986986986875419e-01
1.000000000000002840e-03
1.580420420420385330e-01
5.682992992993115555e-01
7.469209209209192180e-01
4.254459459459458692e+00
6.280820820820844919e-01
2.253273273273263544e-01
8.017317317317352865e-01
2.595745745745699495e-01
5.435645645645685864e-01
4.255325325325327035e-01
0.000000000000000000e+00
3.489502502502493719e+00
1.412412412412393514e-01
2.152462462462513548e-01
0.000000000000000000e+00
4.754754754754636492e-02
0.000000000000000000e+00
6.760270270270251070e-01
9.799799799799870093e-02
3.645425425425455335e-01
8.927927927927953658e-03
8.007967967968092626e-01
6.393053053053019408e-01
1.047650650650644888e+00
8.006156156156168935e-01
1.091761761761753435e+00
1.030936936936934112e+00
9.202774774774761468e+00
2.386722122122120737e+01
8.617057057057119218e-01
6.362672672672624596e-01
3.889408408408486562e+00
1.717717717717692771e-01
1.463802802802792069e+00
0.000000000000000000e+00
1.799602602602610402e+00
7.069819819819799234e-01
0.000000000000000000e+00
7.572882882882868705e-01
5.088588588588491973e-02
0.000000000000000000e+00
2.085170170170164372e+00
1.330810310310310030e+01
1.433733733733721649e-01
6.002882882882908389e-01
8.931761761761782825e-01
1.535198198198206798e+00
5.705195195195226221e-01
7.208868868868967272e-01
5.239439439439345925e-02
7.014204204204268489e-01
2.534934934934976805e-02
7.860810810810949789e-01
1.204313313313320366e+00
7.470050050050132118e-01
8.154194194194241962e-01
2.398658658658602560e-01
2.004714714714725954e-01
8.461061061060972666e-01
9.764464464464656102e-02
2.334438438438423802e+00
1.738614614614620635e+00
4.075215215215318154e-01
1.621351351351360215e+00
5.969969969969900724e-03
2.397897897897868225e-01
2.408318318318348195e-01
7.123103103103091138e-01
1.105996996996993831e+00
3.987987987988069957e-03
6.883793793793758775e-01
7.880330330330287403e-01
2.322767367367373836e+01
2.344744744744713463e-02
2.708151151151163116e+00
4.392792792792905160e-02
1.197757757757746261e-01
3.020708708708700563e+00
1.159468468468465074e+00
7.488468468468393313e-01
9.327627627627657625e-02
1.421042442442441356e+01
1.385452452452450078e+00
8.487077077076992104e-01
6.569369369369533473e-02
2.122192192192220994e-01
5.644594594594556369e-01
1.172027027027025214e+00
2.206101101101089146e+00
0.000000000000000000e+00
2.993993993994002473e-03
2.738488488488487471e-01
5.565375375375498646e-01
8.480870870870883538e-01
1.894425425425435572e+00
1.018265265265269504e+00
7.630530530530419409e-01
2.264924924924934524e-01
0.000000000000000000e+00
0.000000000000000000e+00
1.021748748748749103e+00
8.352582582582648296e-01
1.081076076076077364e+00
9.909909909909865935e-03
1.049911911911928897e+00
2.915081081081097203e+00
1.922942942942912903e-01
8.186673673673718454e+00
9.193563563563491581e-01
1.171209209209212565e+00
7.150260260260212775e-01
2.150609609609621664e+00
8.814464464464445426e-01
0.000000000000000000e+00
6.792452452452402145e-01
1.192355355355359192e+00
2.912912912912988747e-02
7.922662662662696142e-01
6.833623623623602539e-01
9.880773773773817936e+00
2.224575575575562514e+00
4.352902902902892612e-01
5.106026026026061482e-01
1.194594594594610044e-02
2.004714714714721790e-01
0.000000000000000000e+00
2.373523523523499434e-01
6.767757757757790760e-01
1.644514514514500148e-01
3.138038038038037936e-01
7.750730730730831519e-01
3.846208208208189205e+00
6.340065065065035199e+00
4.785925925925968993e-01
0.000000000000000000e+00
2.153753753753776326e-02
4.795093093093104386e+00
5.332792792792788727e-01
9.189739739739750668e-01
9.342572572572405143e-01
0.000000000000000000e+00
4.932422422422432229e-01
8.928828828828723474e-02
1.997997997998034094e-03
5.136995995995985886e+00
8.660320320320391563e-01
8.061251251251249084e-01
2.628778778778735892e-01
9.765835835835717793e-01
2.182402402402377484e-01
9.641931931932021804e-01
1.993441441441445194e+00
7.620170170170211810e-01
5.978488488488548080e-01
3.987987987988076896e-03
9.272982982982995726e-01
4.006131131131118295e+00
7.068078078078074977e-01
5.138378378378338773e-01
0.000000000000000000e+00
1.586386386386375372e-02
6.634874874874847617e-01
1.140795795795807921e+00
3.569199199199249994e-01
1.490250250250256536e-01
1.910737737737744357e+00
1.449004104104103696e+01
1.161584584584577806e+00
1.382456456456468308e+00
1.445072072072066227e+00
2.592642642642616346e-01
2.351061061061087143e-01
1.783169469469470414e+01
1.218249349349350652e+01
5.968558558558582083e-01
7.001161161161195690e-01
1.187079079079089272e+00
7.594384384384335052e-01
8.357657657657647787e-01
2.619959959959975992e-01
0.000000000000000000e+00
2.249349349349373875e-02
6.722162162162115262e-01
4.729379379379381021e+00
8.753583583583675054e-01
1.057349149149149348e+01
5.692459459459467297e+00
2.941456456456455815e+00
5.922422422422352062e-01
2.768368368368418625e-02
9.009319319319309960e-01
6.726066066066055393e-01
0.000000000000000000e+00
1.768639539539535122e+01
4.338918918918819867e-01
3.303923923923968164e-01
7.288328328328484984e-01
9.221361361361471998e-01
7.724184184184192947e-01
8.734684684684533851e-01
1.286097097097093078e+00
1.000000000000008044e-03
0.000000000000000000e+00
1.113004004003995639e+01
6.440330330330393815e-01
1.126021521521521151e+01
1.657257257257274685e-01
6.174384384384443702e-01
0.000000000000000000e+00
7.127639639639628655e+00
0.000000000000000000e+00
2.881896896896895655e+00
0.000000000000000000e+00
4.095445445445462518e-01
6.951275275275279775e+00
7.540440440440427938e-01
7.875875875876002796e-01
1.800439239239245026e+01
1.081600600600598039e+00
1.006056056056048309e+00
8.943943943943972671e-03
7.066696696696764812e-01
0.000000000000000000e+00
9.152652652652623066e-01
5.188920920920923052e+00
2.172972972972968611e-02
6.632786786786765809e+00
2.580138938938942417e+01
7.122672672672628602e-01
0.000000000000000000e+00
8.860760760760738597e-01
1.266643643643644879e+01
1.290644644644640238e+00
6.056876876876885474e-01
1.373871971971969330e+01
0.000000000000000000e+00
4.319639639639673012e-01
0.000000000000000000e+00
9.760060060060130049e-02
1.454668068068064279e+01
1.358918918918938235e-01
2.189164164164171478e+00
1.541875875875865942e+00
8.911811811811986006e-01
4.476906906906901185e-01
2.045475475475521665e-01
1.649589589589591787e-01
5.382212212212253988e-01
1.756987987988015476e+00
7.900770770770665363e-01
8.823733733733679641e-01
3.100700700700730061e-02
3.347327327327371260e-01
3.438076076076062026e+00
1.008890290290290359e+01
6.608418418418410267e-01
5.959469469469403924e-01
1.028041041041029446e+00
4.979979979979971133e-03
2.104739339339337434e+01
7.234544544544572187e-01
3.827287287287244877e-01
1.406401401401409013e+00
5.338158158158275990e-01
7.064564564564586036e-01
1.308903903903901211e+00
6.944444444444280995e-02
3.607517517517569994e-01
0.000000000000000000e+00
3.692612612612530265e-01
1.072299299299299458e+00
2.154854754754755319e+01
1.788481481481482049e+01
7.953423423423497951e-01
2.426736736736708755e-01
8.082312312312287528e-01
6.469529529529521872e-01
9.259999999999888320e-01
2.141141141141177096e-01
9.766226226226378815e-01
0.000000000000000000e+00
1.349919919919901679e+00
7.654754754754878876e-01
7.878628628628697728e-01
7.156106106106032705e-01
1.116831831831823996e+00
2.450610610610673978e-01
2.430867967967979837e+01
7.111251251251287098e-01
2.640102102102114490e+00
7.286296296296213004e-01
9.857437437437313044e-01
5.765575575575532241e-01
7.349209209209164317e-01
6.172132132132195359e-01
2.690397397397396251e+00
7.561031031030980287e-01
7.112842842842745927e-01
8.142772772772711720e-01
0.000000000000000000e+00
4.951831831831945974e-01
5.790940940940940695e-01
1.035410410410414261e+00
7.914134134134006571e-01
1.184995995995987927e+00
1.689439439439432977e-01
3.987987987988044804e-03
1.623573573573610929e-01
1.000000000000003273e-03
5.560550550550588111e-01
0.000000000000000000e+00
1.462132132132164530e-01
8.104504504504493889e-01
8.156946946946910248e-01
2.818718718718769140e-02
1.297207207207229651e-01
2.496150150150168390e+00
6.680150150150132582e-01
3.567093093093084644e+00
1.000000000000008261e-03
0.000000000000000000e+00
9.131341341341319140e-01
6.957957957957873474e-03
0.000000000000000000e+00
5.696646646646654766e-01
1.679031031031008148e+00
0.000000000000000000e+00
8.623483483483537215e-01
7.865995995995987977e-01
1.098383383383384926e+00
9.909909909909862466e-03
1.186786786786805242e-02
