1.190254254254254906e+00
8.060300300300271559e-01
0.000000000000000000e+00
6.033903903903901078e-01
1.416794794794780543e+00
5.823173173173139539e-01
2.300660660660629742e-01
7.698598598598587195e-01
2.365475475475490863e-01
7.756976976976911464e-01
2.409793193193197069e+01
1.331691691691697099e-01
0.000000000000000000e+00
4.286766766766691439e-01
6.201231231231230101e-01
2.177448448448441098e+00
1.997997997998011543e-03
3.987987987988032661e-03
1.319358358358355865e+01
5.230310310310400945e-01
0.000000000000000000e+00
4.015755755755768264e-01
9.600190190190189821e-01
2.167277277277313563e-01
0.000000000000000000e+00
0.000000000000000000e+00
8.791091091091184362e-01
2.000000000000007414e-03
0.000000000000000000e+00
6.872652652652690985e-01
1.973532532532562112e+00
4.683383383383393078e-02
2.261261261261295341e-01
3.751241241241305424e-01
8.101111111111078955e-01
7.192852852852845702e-01
2.537987487487488281e+01
1.284359359359359409e+01
2.292042042042080341e-01
9.553923923923938188e-01
3.653803803803778116e+00
5.146186186186245681e-01
9.111741741741752332e-01
6.494054054054045899e-01
8.561261261261174926e-01
0.000000000000000000e+00
3.953553553553557642e-01
0.000000000000000000e+00
1.024845845845852255e+00
5.504454454454467793e+00
7.760180180180099585e-01
1.000000000000010863e-03
4.301801801801780067e-02
3.369669669669698719e-01
1.029040040040038129e+00
2.270130130130088852e-01
7.677737737737824197e-01
2.796986986986935153e-01
1.650913913913922393e+00
7.123063063063007627e-01
1.575429229229228945e+01
5.020090090090165713e-01
1.065657057057056889e+01
0.000000000000000000e+00
6.569509509509450229e-01
9.941941941942282132e-03
1.937596596596588006e+00
7.238188188188184879e-01
2.501061061061102819e-01
3.006906906906893148e-02
1.113928928928931139e+00
1.997997997998012410e-03
8.934834834834773920e-01
1.106464464464472108e+00
2.566966966967000954e-02
1.591854154154152390e+01
7.154554554554527490e-01
7.550260260260306389e-01
9.975535535535522413e+00
3.065885885885903384e-01
6.257857857857921369e-01
6.563283283283292135e-01
3.504904904904924956e-02
1.938368368368362793e+00
1.601315315315301691e+00
1.015934934934936029e+00
5.343413413413490298e-01
9.586516516516520037e-01
4.536646646646623759e-01
2.202912912912938781e-01
1.291591591591593688e-02
6.005655655655598446e-01
2.363763763763722034e-02
8.982232232232356672e-01
7.120420420420535690e-01
4.454644644644645823e-01
9.026786786786771266e-01
7.892032032032139099e-01
5.530800800800728112e-01
1.846206006005997580e+01
1.326752752752762943e+00
0.000000000000000000e+00
2.249349349349380467e-02
4.695174174174161941e+00
2.406366366366319010e-01
7.588488488488382977e-01
4.693683683683642638e-01
3.442082082082027483e-01
2.467657657657614245e-01
1.012793793793811847e+00
2.453523523523491734e-01
8.927927927927944984e-03
3.987987987988023120e-03
1.172742742742732602e+00
8.654014014014083100e-01
2.729729729729782686e-02
0.000000000000000000e+00
1.108044044044049992e+00
6.806916916916962990e-01
2.942699699699694804e+00
2.194636636636634108e+00
3.984044044044044997e-01
1.713033033033002084e-01
5.761511511511555605e-01
8.404464464464395101e-01
2.897327327327335333e-01
7.255485485485533292e-01
2.439939939939884950e-02
4.221384384384374577e+00
0.000000000000000000e+00
0.000000000000000000e+00
1.000000000000006526e-03
1.000000000000012814e-03
7.772472472472565785e-01
5.994864864864803966e-01
5.769776776776796012e+00
2.478468468468437158e-01
1.525599599599592349e+00
6.494874874874871917e-01
0.000000000000000000e+00
5.673063063063091827e-01
7.321381381381469877e-01
0.000000000000000000e+00
8.609599599599717656e-01
2.229979979979944404e-01
7.973733733733878726e-01
5.890740740740825210e-01
2.445315315315329252e-01
6.656056056056069981e-01
2.993993993994003341e-03
1.090960960960975168e+00
7.051031031031050889e-01
0.000000000000000000e+00
1.020931931931933878e+00
2.103033033033034904e+00
5.893113113113102042e-01
9.197547547547714197e-01
2.325981981981988689e+00
6.013443443443415859e-01
3.206706706706739796e-02
2.724324324324316898e-02
0.000000000000000000e+00
9.877777777777890789e-02
4.753326326326290818e+00
8.952772772772620291e-01
2.184415515515517114e+01
1.284384384384362060e-02
7.512702702702808155e-01
3.554228228228216935e+00
7.287467467467441118e-01
3.935835835835857499e-02
7.331221221221320139e-01
5.526276276276261834e-01
0.000000000000000000e+00
3.375235235235196640e-01
3.265676676676671164e+00
7.402362362362429060e-01
8.524924924925134095e-02
3.194294294294346831e-02
4.856196196196190806e-01
7.943943943943876373e-03
9.206066066066156406e-01
9.706306306306136666e-02
8.872222222222229115e-01
1.502962962962948457e-01
5.399939939939935041e-01
8.556376376376432225e-01
5.292352352352313050e-01
6.141881881881823269e-01
1.331691691691697099e-01
8.370950950950932778e-01
1.007570570570579527e+00
6.784534534534576444e-01
8.229179179179200165e-01
1.000000000000000238e-03
1.140156156156156175e+00
0.000000000000000000e+00
8.700590590590575601e-01
0.000000000000000000e+00
7.401427427427406336e+00
3.754909909909910581e+00
6.465845845845761275e-01
8.167667667667848075e-02
0.000000000000000000e+00
7.973233233233231187e-01
0.000000000000000000e+00
1.439693693693677723e+00
1.997997997998006772e-03
6.957957957957932454e-03
2.005275275275241464e-01
1.925343443443442837e+01
2.483993993993972582e-01
1.800540540540494783e-01
3.211961961961938838e-01
9.441061061061003512e-01
1.725481881881874102e+01
8.744605605605570986e+00
8.905856856856850357e+00
3.112682682682664237e-01
7.059129129129160241e-01
4.802702702702671966e-01
2.451841841841773395e-01
1.803842842842844130e+00
0.000000000000000000e+00
7.041483483483486516e+00
6.083573573573570759e-01
1.023701701701707156e+00
4.027527527527528517e-01
2.322040040040028952e+00
5.431451451451465573e-01
0.000000000000000000e+00
3.642032032032017641e-01
8.638228228228338468e-01
8.959709709709519077e-01
2.944195195195194792e+00
1.531337337337345561e+00
3.301060060060064583e+00
7.759909909909925574e-01
7.036426426426400926e-01
4.927357357357290968e-01
6.006796796796743942e-01
5.064884884884800487e-01
0.000000000000000000e+00
1.607597597597623384e-01
8.339999999999998526e-01
9.580640640640635253e-01
6.652814814814799860e+00
7.095485485485388821e-01
3.735835835835913388e-01
5.251431431431365926e-01
7.564484484484486071e-01
9.030420420420346428e-01
1.410750750750756621e-01
1.575975975975986779e-02
2.213213213213191533e-01
3.619354354354372472e+00
5.137687687687583216e-01
1.653779779779792847e+00
1.365563563563571003e+00
8.741521521521545823e-01
0.000000000000000000e+00
0.000000000000000000e+00
6.375135135135189257e-01
2.894060060060027695e+00
1.567901001001004246e+01
6.995895895895881678e-01
2.196023023023033982e+00
6.478428428428372188e-01
3.807587587587533684e-01
6.465445445445454631e-01
8.283443443443496701e-01
2.488227227227239435e+00
0.000000000000000000e+00
2.505783783783791296e+00
0.000000000000000000e+00
1.997997997998008941e-03
1.047989989989990267e+00
1.026466466466474659e-01
1.997997997998038431e-03
1.121171171171173375e+00
7.999759759759673683e-01
5.756910910910870705e+00
6.434184184184273958e-01
6.701901901901869962e-01
2.077495495495482292e+00
8.986326326326298242e-01
8.591390390390424514e+00
8.341931931931979571e-01
8.837547547547560667e-01
2.428468468468449881e-01
8.241791791791821531e-01
5.572632632632643634e+00
9.755915915915875924e-01
0.000000000000000000e+00
1.061635635635643782e+00
6.449779779779735156e-01
2.741023023023001937e+00
3.112712712712629656e-02
8.616006006006046158e-01
1.049439439439451976e-01
6.736956956956970943e-01
6.487347347347307558e-01
4.275825825825773085e-01
6.592462462462416184e-01
0.000000000000000000e+00
7.138098098098094590e-01
5.909009009008958646e-02
2.274264264264312108e-01
7.026776776776781919e-01
6.642712712712623979e-01
1.000000000000012814e-03
1.997997997998016313e-03
7.568748748748801436e-01
4.653843843843795125e-01
0.000000000000000000e+00
0.000000000000000000e+00
6.502492492492492060e-01
1.076790790790773888e+00
9.421641641641604892e-01
0.000000000000000000e+00
1.495173173173173664e+00
3.117037037036987646e-01
2.774577577577586940e+00
1.753038038038013724e+00
2.414913913913911969e+00
7.229809809809785159e-01
5.650153153153153696e+00
6.805345345345268360e-01
7.240180180180126879e-01
0.000000000000000000e+00
7.082662662662640995e-01
8.037237237237421228e-01
9.109969969970108661e-01
1.675975975975970561e-02
8.863693693693674991e-01
3.920460460460468699e-01
1.161601601601612854e-01
5.520630630630685154e-01
5.198158158158153741e-01
1.146906906906917795e-01
9.097817817817792641e-01
0.000000000000000000e+00
3.100700700700729714e-02
2.629729729729759005e-02
0.000000000000000000e+00
2.320859859859863050e+01
6.790110110110118002e-01
7.657095095095091786e+00
3.125515515515550069e-01
1.058932932932925119e+00
1.342504504504502982e+00
1.110056056056046403e+00
4.979979979979968531e-03
4.556466466466528309e-01
8.943943943943889405e-03
2.716334334334340461e+00
2.993993993994001606e-03
1.235120120120128506e+00
9.443443443443410024e-01
0.000000000000000000e+00
1.471061061061070818e-01
4.392792792792899609e-02
0.000000000000000000e+00
1.712112112112109397e-01
0.000000000000000000e+00
4.068498498498544502e-01
3.932962962963009734e-01
1.166632632632641942e+00
1.397523623623625788e+01
2.031141141141102058e-01
9.406906906907019916e-02
0.000000000000000000e+00
2.086466466466428138e-01
1.997997997997987690e-03
8.214004004004086257e-01
1.000000000000018235e-03
7.183733733733648208e-01
2.495735735735719329e-01
7.636236236236227937e-01
5.899639639639638888e-01
3.739119119119096446e+00
9.643913913913798597e-01
0.000000000000000000e+00
3.987987987988039600e-03
6.057287287287236310e-01
6.347917917917980102e-01
5.049659659659666566e-01
1.143167167167164155e+00
6.688288288288245231e-02
3.893501501501493323e+00
1.207087287287286337e+01
6.139129129129142770e-01
2.048358358358339237e-01
5.679859859859883731e-01
7.701201201201147706e-01
9.215315315315375511e-01
6.655395395395392599e-01
1.660660660660664978e-01
7.791091091090989185e-01
1.559364364364353106e+00
7.626096096096082189e-01
8.982462462462482700e-01
1.166423123123124483e+01
4.785135135135077378e-01
1.572985985985993551e+01
7.470310310310195323e-01
5.573593593593584306e-01
2.280074074074097457e+00
7.703513513513613464e-01
7.557217217217113703e-01
0.000000000000000000e+00
1.745661661661649600e+00
1.615985985985985141e-01
6.463973973973968778e-01
1.015676876876878154e+01
1.141787787787776454e+00
1.182183983983981435e+01
9.765415415415611422e-01
1.597397397397419816e-01
1.061739739739748334e+00
7.924824824824917568e-01
9.809869869869939363e-01
1.284384384384386693e-02
2.404394394394444301e-01
1.625709909909913264e+01
1.385939939939944354e+00
2.969556556556570026e+00
4.979979979979970266e-03
6.536516516516558406e-01
4.565825825825872153e-01
2.116367367367368857e+00
1.997997997998016313e-03
6.944444444444269893e-02
0.000000000000000000e+00
1.482671671671665026e+00
7.808818818818746843e-01
1.319059059059078109e-01
4.835296296296339058e+00
4.573523523523647660e-01
1.389789789789769650e-02
2.431871871871908453e-01
8.688208208208282324e-01
1.111380380380373012e+00
1.693337237237227200e+01
2.640442442442430426e+00
1.000000000000011947e-03
0.000000000000000000e+00
1.383583583583595789e-01
2.352534534534562738e+00
9.551581581581581881e-01
0.000000000000000000e+00
4.264254254254176146e-01
7.035535535535636376e-01
7.232572572572637526e-01
5.780970970970988887e-01
9.056626626626549381e-01
1.246152152152144366e+00
9.300160160160209077e-01
8.231461461461465623e-01
0.000000000000000000e+00
0.000000000000000000e+00
9.153393393393469690e-01
8.858258258258305817e-02
0.000000000000000000e+00
2.221021021021041542e-01
1.643153153153169288e-01
1.350530530530547335e-01
9.783123123123130815e-01
8.432612612612624403e-01
7.454294294294364631e-01
2.173603603603647128e-01
0.000000000000000000e+00
2.711861861861854517e-01
1.610385385385392665e+00
8.851571571571461572e-01
1.494089089089107203e+00
4.368768768768788724e-01
3.535845845845842494e-01
3.370080080080062879e-01
7.329039039039086934e-01
9.552662662662513293e-01
1.785451051051052573e+01
7.739639639639684932e-01
6.714934934934853050e-01
5.290040040040052682e-01
9.505475475475441138e-01
2.091938938938913584e+00
4.674984984984968950e-01
3.794894894894983439e-01
0.000000000000000000e+00
8.129549549549581755e-01
3.095685685685651278e-01
1.109213213213212645e+00
1.972972972972961148e-01
2.993993993994001606e-03
2.993993993993996402e-03
7.523543543543551593e-01
4.979979979979967664e-03
0.000000000000000000e+00
4.572452452452441252e-01
5.118600600600584194e+00
1.050143143143135172e+00
6.023789789789758764e+00
0.000000000000000000e+00
2.000240240240224454e-01
8.773303303303373601e-01
5.979979979979946868e-03
9.525945945945910598e-01
9.184374374374311145e-01
0.000000000000000000e+00
1.161143143143129386e+00
1.312013513513512564e+01
4.315075075075018862e-01
7.311981981982041967e-01
2.446131131131137781e+00
8.672082082081926657e-01
7.748328328328278891e-01
9.504294294294344247e-01
0.000000000000000000e+00
5.062962962962940239e-01
1.496143143143162657e+00
3.927837837837794832e-01
1.376013013013006381e+00
7.618008008007940424e-01
2.240003003002985160e+00
0.000000000000000000e+00
7.646186186186069156e-01
5.909009009008955177e-02
6.605435435435410563e-01
2.330401401401401174e+00
9.480370370370341249e+00
2.774432432432432982e+00
3.388888888888865192e-01
0.000000000000000000e+00
4.342881881881889505e+00
7.567717717717771242e-01
3.783743743743788746e-01
7.072933933933891915e+00
6.767517517517595005e-01
2.629729729729751372e-02
8.417367367367508679e-01
8.441581581581558691e-01
0.000000000000000000e+00
8.780270270270220667e-01
3.380880880880789141e-02
1.064235235235235111e+00
0.000000000000000000e+00
7.750500500500613343e-01
5.836446446446428293e-01
2.993993993994003341e-03
4.055690690690677336e+00
4.301801801801787700e-02
2.292706706706697517e+00
7.304134134133989376e-01
9.485885885885762814e-02
8.965235235235278211e-01
0.000000000000000000e+00
1.179344344344333440e+00
4.299629629629611038e-01
3.158636436436440320e+01
7.228138138138020530e-01
5.226160160160170598e+00
3.239997997997992485e+00
7.723423423423494416e-01
1.997997997998026722e-03
7.156176176176177739e-01
1.150346346346338811e+00
7.410480480480508003e-01
1.016477477477484292e+00
2.219979979979964935e-01
8.580891891891878842e+00
7.045905905905905930e-01
9.406906906907007426e-02
1.051485485485497584e+00
7.632652652652721637e-01
6.841941941941862004e-02
2.150039139139134292e+01
1.041341341341324389e+00
6.241241241241307636e-01
1.501172172172182462e+00
7.814954954955009025e-01
6.090207207207142481e+00
0.000000000000000000e+00
1.000000000000007610e-03
7.748218218218212439e-01
3.459649649649609304e-01
1.663447147147146410e+01
9.007957957957951622e-01
2.161761761761708117e-02
6.170800800800746444e-01
9.456566566566466658e-01
0.000000000000000000e+00
2.529391391391421440e+00
1.785048948948956848e+01
5.857457457457442285e-01
2.149969969970007277e-01
1.445195195195186078e-01
2.842813813813828361e+00
5.821421421421372339e-02
2.267619319319316418e+01
0.000000000000000000e+00
6.332552552552543901e-01
0.000000000000000000e+00
8.381321321321327789e-01
2.490240240240277070e-01
0.000000000000000000e+00
7.303323323323219762e-01
1.972972972972960870e-01
1.365880280280281944e+01
2.430180180180206151e-01
7.084474474474420358e-01
2.502142142142103065e-01
1.717717717717690828e-01
4.673113113113205874e-01
9.330660660660677896e-01
1.985295295295292362e-01
1.596008008008003021e+00
1.000000000000005008e-03
8.872572572572529070e-01
7.711851851851849737e-01
1.884043043043045040e+00
7.551011011011039553e-01
1.336285285285284674e+00
7.314534534534434806e-01
1.000000000000010429e-03
6.009099099099123320e-01
5.024124124124085267e-02
2.931241241241288042e-01
1.909327627627621737e+01
2.276065865865874827e+01
6.066196196196222967e-01
8.648048048047897451e-02
7.105015015015105906e-01
2.170387887887879330e+01
9.901161161161128321e-01
9.479869869869919086e-01
2.591781781781742344e-01
7.876566566566567396e-01
1.666906906906885921e-01
8.341811811811784549e-01
2.719913213213217773e+01
1.813123123123081271e-01
2.993993993993999871e-03
1.110533533533529349e+00
1.574090690690692185e+01
5.851991991991963848e-01
9.710010010010086123e-01
1.445195195195183857e-01
1.831125125125114828e+00
1.577417417417435463e-01
0.000000000000000000e+00
1.540540540540568104e-01
8.486548548548535464e+00
1.851049049049026118e+00
3.262172072072074513e+01
0.000000000000000000e+00
4.776766766766826766e-01
7.731271271271236145e-01
5.964394394394357812e-01
5.996396396396325157e-02
7.362782782782791857e-01
7.660490490490546867e-01
1.781331331331343915e-01
4.144463463463456954e+00
0.000000000000000000e+00
7.051351351351477226e-02
9.876296296296199761e-01
1.000000000000002840e-03
1.551771771771779662e-01
5.725525525525592130e-01
7.421171171171246916e-01
4.226623623623650516e+00
6.244904904904919896e-01
2.246246246246210998e-01
8.151741741741734826e-01
2.593023023022996698e-01
5.488638638638583256e-01
4.261201201201114674e-01
0.000000000000000000e+00
3.497432432432430183e+00
1.399159159159181209e-01
2.133493493493528459e-01
0.000000000000000000e+00
4.844744744744727827e-02
0.000000000000000000e+00
6.921501501501473586e-01
9.168768768768578714e-02
3.689479479479418345e-01
8.927927927927953658e-03
8.038218218218083910e-01
6.421731731731818993e-01
1.062661661661665757e+00
8.107167167167116384e-01
1.092063063063075656e+00
1.029604604604605012e+00
9.191754754754747125e+00
2.416046246246248330e+01
8.673693693693722562e-01
6.419809809809799983e-01
3.974069069069072757e+00
1.700810810810777507e-01
1.471380380380363562e+00
0.000000000000000000e+00
1.811632632632630191e+00
7.102602602602612336e-01
0.000000000000000000e+00
7.611351351351381966e-01
5.647547547547431684e-02
0.000000000000000000e+00
2.101523523523530113e+00
1.337243843843844537e+01
1.444444444444459574e-01
5.919379379379398065e-01
8.972472472472513561e-01
1.557551551551542124e+00
5.718458458458487437e-01
7.273753753753910978e-01
5.521021021020855457e-02
7.158418418418397433e-01
2.344744744744720749e-02
7.959429429429457636e-01
1.192213213213209722e+00
7.405105105105139751e-01
8.135305305305359225e-01
2.440570570570547992e-01
2.009169169169150171e-01
8.718308308308283516e-01
1.017717717717701587e-01
2.329411411411415056e+00
1.756978978978986694e+00
4.153653653653717193e-01
1.605644644644649288e+00
4.979979979979973735e-03
2.406306306306355280e-01
2.415925925925876683e-01
7.106256256256244797e-01
1.114663663663674198e+00
2.993993993994003341e-03
7.085985985986011926e-01
7.899799799799744893e-01
2.305867367367374854e+01
2.249349349349383589e-02
2.724426426426430847e+00
5.024124124124081103e-02
1.189939939939926306e-01
3.059638638638643382e+00
1.162090090090093453e+00
7.528398398398274960e-01
9.647147147147328017e-02
1.451167567567570238e+01
1.373864864864850377e+00
8.677297297297316137e-01
7.001301301301313118e-02
2.130640640640649730e-01
5.602692692692632370e-01
1.185887887887892234e+00
2.236702702702710432e+00
0.000000000000000000e+00
2.993993993994002473e-03
2.769389389389372846e-01
5.621531531531512860e-01
8.529779779779876892e-01
1.867350350350337695e+00
1.028257257257252810e+00
7.608318318318368911e-01
2.243183183183205254e-01
0.000000000000000000e+00
0.000000000000000000e+00
1.030812812812812007e+00
8.548568568568645221e-01
1.080853853853864788e+00
9.909909909909865935e-03
1.029735735735751501e+00
2.858529529529520108e+00
1.954094094094077361e-01
8.294773773773792769e+00
9.247997997998035347e-01
1.194789789789784340e+00
7.080310310310369282e-01
2.177725725725738748e+00
8.792512512512513645e-01
0.000000000000000000e+00
6.889999999999912861e-01
1.192309309309312892e+00
3.100700700700724857e-02
8.000880880880992807e-01
6.797857857857936281e-01
9.973971971971947070e+00
2.242031031031043842e+00
4.613643643643610126e-01
5.119499499499501338e-01
1.293193193193177201e-02
1.982142142142147290e-01
0.000000000000000000e+00
2.353313313313359079e-01
6.827117117117039724e-01
1.668738738738729799e-01
3.174794794794850716e-01
7.756736736736656868e-01
3.883462462462436093e+00
6.430651651651656309e+00
4.791891891891889577e-01
0.000000000000000000e+00
2.249349349349381508e-02
4.837303303303322366e+00
5.328288288288303143e-01
9.277697697697802059e-01
9.470160160160042695e-01
0.000000000000000000e+00
5.063763763763826642e-01
8.928828828828724862e-02
1.997997997998034094e-03
5.180258258258266579e+00
8.725515515515408493e-01
8.098008008007997471e-01
2.650150150150119566e-01
9.735875875875920071e-01
2.189849849849826446e-01
9.502322322322158676e-01
1.998292292292325856e+00
7.576486486486574412e-01
5.971381381381338782e-01
2.993993993994004208e-03
9.390940940940856185e-01
3.995336336336360983e+00
7.219409409409381917e-01
5.109579579579555109e-01
0.000000000000000000e+00
1.683983983983988394e-02
6.653803803803802763e-01
1.131440440440444783e+00
3.635715715715751584e-01
1.515555555555558043e-01
1.919730730730730750e+00
1.439428828828829765e+01
1.168683683683675367e+00
1.383332332332329662e+00
1.467661661661671557e+00
2.512342342342384072e-01
2.351061061061087420e-01
1.793341741741738815e+01
1.233412312312304060e+01
5.955345345345213204e-01
7.014474474474431398e-01
1.185459459459448972e+00
7.591821821821798100e-01
8.424734734734701247e-01
2.692402402402440109e-01
0.000000000000000000e+00
2.057957957957924980e-02
6.679069069068955811e-01
4.762599599599609768e+00
8.924364364364327784e-01
1.073783983983985202e+01
5.755357357357375747e+00
2.947619619619601394e+00
5.920930930931039837e-01
2.475575575575552495e-02
9.050510510510472173e-01
6.777127127127186013e-01
0.000000000000000000e+00
1.769579779779770945e+01
4.364524524524529547e-01
3.353943943943936135e-01
7.276466466466424698e-01
9.266336336336223889e-01
7.680520520520519590e-01
8.821111111111087366e-01
1.309099099099104713e+00
1.000000000000008044e-03
0.000000000000000000e+00
1.115516316316314871e+01
6.525225225225184111e-01
1.130813413413413926e+01
1.635465465465457680e-01
6.376936936936905553e-01
0.000000000000000000e+00
7.268449449449422950e+00
0.000000000000000000e+00
2.917972972972993073e+00
0.000000000000000000e+00
4.050450450450492901e-01
6.998062062062056832e+00
7.465565565565539519e-01
7.874884884884937319e-01
1.821190290290293134e+01
1.079476476476472602e+00
1.022013013013014282e+00
1.188988988988983440e-02
7.127417417417397649e-01
0.000000000000000000e+00
9.186096096096216801e-01
5.287817817817812127e+00
2.269769769769791959e-02
6.686097097097116304e+00
2.586790690690690298e+01
7.155525525525475716e-01
0.000000000000000000e+00
8.804464464464476503e-01
1.283046546546548505e+01
1.307753753753742920e+00
6.015365365365373806e-01
1.369258458458463679e+01
0.000000000000000000e+00
4.442272272272355105e-01
0.000000000000000000e+00
9.233133133133025749e-02
1.465731031031035769e+01
1.365675675675690759e-01
2.209404404404399003e+00
1.536090090090097560e+00
8.901111111111199570e-01
4.452512512512487031e-01
2.004714714714720403e-01
1.649589589589591232e-01
5.355715715715774206e-01
1.775004004003999158e+00
8.149059059059159393e-01
8.985925925926009361e-01
3.194294294294350300e-02
3.371161161161134734e-01
3.497598598598596897e+00
1.013384284284286529e+01
6.591531531531531485e-01
5.958508508508458812e-01
1.032106106106108978e+00
4.979979979979971133e-03
2.103120620620617842e+01
7.336876876876915476e-01
3.840900900900918180e-01
1.418025025025025254e+00
5.271531531531630232e-01
7.004254254254321799e-01
1.319209209209212030e+00
6.602502502502444193e-02
3.629059059059130954e-01
0.000000000000000000e+00
3.707547547547567213e-01
1.091408408408397257e+00
2.174459859859855371e+01
1.779279479479482973e+01
8.063543543543568726e-01
2.419609609609642276e-01
8.116316316316324331e-01
6.493153153153157220e-01
9.254514514514591284e-01
2.137327327327344650e-01
9.760110110110232773e-01
0.000000000000000000e+00
1.344373373373374037e+00
7.721781781781696941e-01
7.935645645645539314e-01
7.138248248248295624e-01
1.136066066066068858e+00
2.444684684684669262e-01
2.441310910910907950e+01
7.109579579579590192e-01
2.639918918918910062e+00
7.263473473473465170e-01
1.003166166166155060e+00
5.796986986986930601e-01
7.440780780780842374e-01
6.178238238238307201e-01
2.719550550550575263e+00
7.557577577577504480e-01
7.250440440440483192e-01
8.157087087087051547e-01
0.000000000000000000e+00
4.920590590590517288e-01
5.764364364364378268e-01
1.026526526526523764e+00
7.985825825825854096e-01
1.187518518518518640e+00
1.700810810810776674e-01
3.987987987988044804e-03
1.599549549549587335e-01
1.000000000000003273e-03
5.631681681681589557e-01
0.000000000000000000e+00
1.485745745745767898e-01
8.226996996996966960e-01
8.099289289289210991e-01
2.724324324324316898e-02
1.317957957957983650e-01
2.473904904904913327e+00
6.751101101101152357e-01
3.586439439439404353e+00
0.000000000000000000e+00
0.000000000000000000e+00
9.144174174174231062e-01
4.979979979979966796e-03
0.000000000000000000e+00
5.765255255255232747e-01
1.685265265265255108e+00
0.000000000000000000e+00
8.637577577577512100e-01
7.935365365365395496e-01
1.102054054054048882e+00
1.088988988989000352e-02
1.284384384384367785e-02
