6.520507507507508649e+01
4.160412312312310235e+01
3.901141141141211133e-01
2.102888688688686258e+01
9.239022122122126746e+01
1.298011411411424554e+01
7.974504504504482671e-01
4.284728128128128333e+01
6.775195195195203857e-01
4.095764164164157251e+01
1.721198588588587882e+03
8.694594594594657888e-01
5.675875875875958654e-01
2.379605205205222163e+01
4.010991991992005268e+01
1.192176326326326574e+02
4.745245245245162669e-01
6.656166166166097575e-01
5.298286186186182931e+02
2.154010010010014042e+01
6.305575575575477210e-01
1.460632032032030203e+01
5.177004804804824545e+01
4.870660660660587338e-01
9.079509509509703369e-01
7.718058058057913895e-01
4.932890890890893587e+01
1.143874874874881709e+00
1.321516516516511031e+00
2.670993093093091630e+01
1.548582002002000877e+02
6.109059059059002150e-01
1.637600600600611633e+00
2.501744144144158710e+01
3.860196396396399621e+01
3.632400300300294305e+01
2.321418639639636240e+03
1.017002885885885121e+03
1.625564564564567105e+00
6.079377377377380753e+01
2.839727567567561550e+02
2.265014914914925015e+01
4.961322822822828016e+01
1.738080280280276568e+01
4.893662362362365315e+01
4.840750750750669740e-01
2.842868868868852594e+00
3.795785785785752431e-01
6.205632232232238010e+01
2.770633943943944359e+02
4.170112012012015157e+01
4.744624624624679265e-01
8.029129129129067843e-01
1.996764164164161315e+01
5.931008408408422383e+01
1.257062962962965891e+01
4.144434834834821402e+01
1.036952052052057915e+01
1.056992172172171109e+02
2.635466866866833868e+01
1.299302961961963774e+03
2.792935835835842795e+01
9.276734084084101823e+02
6.576836836836884581e-01
3.832431931931935054e+01
6.800110110110056949e-01
1.436297997997998266e+02
3.973453353353321660e+01
5.623683683683609047e-01
6.693333333333350010e-01
6.985118518518514463e+01
4.447077077076991292e-01
4.532400100100091578e+01
6.864279879879866542e+01
1.010084084084092115e+00
1.340790794794794920e+03
5.175547347347342253e+01
3.603389589589585995e+01
7.920822892892909977e+02
4.235354354354399220e+00
2.394380580580575923e+01
2.934601501501495946e+01
1.164424424424433724e+00
1.627294204204204391e+02
1.055625125125129813e+02
6.389605405405396965e+01
1.699182982982979695e+01
5.405029229229228349e+01
1.737458158158160160e+01
1.639172172172156383e+00
6.179639639639613602e-01
3.678340440440459247e+01
7.829019019019101133e-01
5.320445545545538835e+01
4.161338338338334353e+01
8.530710710710660560e-01
5.464524124124132243e+01
4.215466466466466500e+01
3.621122122122116593e+01
1.656390265265266862e+03
9.611076976976977448e+01
6.748748748748767401e-01
1.757211211211209934e+00
3.719023963963965684e+02
1.314468468468448004e+00
3.124207107107111270e+01
1.649609209209205929e+01
1.707363263263264841e+01
6.012702702702765745e-01
6.233377277277283923e+01
4.913204204204245862e+00
8.620530530530429170e-01
9.728498498498352465e-01
7.358519119119121399e+01
4.987306906906935922e+01
4.565664664664656591e+00
4.322222222222255605e-01
6.121738838838842156e+01
3.455391691691689005e+01
1.959181481481474805e+02
1.211247387387388557e+02
2.221273073073070137e+01
2.669071071071078993e+00
3.566183283283290706e+01
5.078676876876863844e+01
1.085603603603614742e+00
3.001899399399395918e+01
7.227777777777770751e-01
3.782096236236230880e+02
6.290030030030001607e-01
3.819709709709661061e-01
6.269579579579497297e-01
2.613687687687715311e+00
4.056588388388394151e+01
3.273077377377367725e+01
4.669438178178176031e+02
9.852792792792821608e-01
9.656717717717711480e+01
2.455421421421425521e+01
8.478358358358388802e-01
3.445035035035031257e+01
3.643997097097095406e+01
8.424214214214336138e-01
4.949969369369361516e+01
6.723313313313432626e-01
4.745465065065064181e+01
3.163432832832834762e+01
5.818744744744767772e+00
3.673010210210201620e+01
4.783333333333254500e-01
7.155877177177174531e+01
2.161546146146148217e+01
9.611661661661630163e-01
5.746614514514517680e+01
1.476269359359361033e+02
1.861491791791792139e+01
5.234368268268267599e+01
1.509665885885886496e+02
2.827902202202202275e+01
1.124414414414420804e+00
8.109049049049129598e-01
5.842432432432490552e-01
7.489619619619636293e-01
4.403612112112089676e+02
5.548223723723720724e+01
1.720192877877876299e+03
8.843383383383311980e-01
3.732958858858859941e+01
2.549806946946944493e+02
2.713794994994998078e+01
1.190269269269261132e+00
4.108930830830838232e+01
2.762089889889891836e+01
5.927967967967862073e-01
2.048640240240239407e+01
2.257393223223242558e+02
4.744685385385390219e+01
1.533743743743747778e+00
4.969989989989893053e-01
2.361242642642642409e+01
1.366424424424429906e+00
4.319355355355342141e+01
1.215124124124119076e+00
4.909405705705704293e+01
1.589636536536522193e+01
2.001065665665662507e+01
4.554925625625624264e+01
3.402278978978988988e+01
3.243709509509474032e+01
1.066054054054078382e+00
5.268787987987983001e+01
5.275963863863856318e+01
2.755635035035028579e+01
4.097661461461461130e+01
6.939519519519508073e-01
7.032121121121120666e+01
4.806596596596541815e-01
4.521802402402408916e+01
1.617752752752777079e+00
4.369873093093095804e+02
2.585575555555553251e+02
2.260630130130143201e+01
4.940003003003062609e+00
6.226846846846889605e-01
3.771457357357348883e+01
3.941601601601684157e-01
1.012017647647636807e+02
8.251521521521494318e-01
7.995695695695631544e-01
7.332179179179180828e+00
1.795440669669670342e+03
5.138398398398451583e-01
1.331762662662666052e+01
1.715953953953954558e+00
5.853099699699705383e+01
1.424496106106109664e+03
5.992863633633631935e+02
5.317166066066058647e+02
1.782437837837860073e+01
4.338160060060081946e+01
7.441357357357367697e+00
2.469995995996015825e+00
1.243181531531543698e+02
6.794454454454549319e-01
5.045606106106105813e+02
2.261174274274246798e+01
6.181952052052074720e+01
1.671854854854854722e+01
1.547995865865867984e+02
2.330886386386400133e+01
6.575565565565504311e-01
2.325418018018023147e+01
4.709847647647645630e+01
5.551238438438435452e+01
2.170732942942940440e+02
9.230808308308296262e+01
2.200821361361360857e+02
3.657094194194193193e+01
4.044696196196199622e+01
3.088670770770764307e+01
2.681036136136131276e+01
2.688743643643646308e+01
4.107067067067048383e-01
1.436657657657676168e+00
4.702069669669671725e+01
5.609807607607606883e+01
4.657432622622624194e+02
4.646266566566601597e+01
2.486560660660660815e+01
1.603117717717717738e+01
3.234957157157155194e+01
5.454323823823813910e+01
2.361827827827822635e+00
1.615074074074067223e+00
2.924650650650637118e+00
2.399523333333328878e+02
2.773764964964958324e+01
1.149893603603602514e+02
9.060685885885894209e+01
4.500320920920921708e+01
7.659719719719636499e-01
5.273773773773720031e-01
3.700212712712711749e+01
2.293273323323337820e+02
1.034529641641643138e+03
3.815544144144143957e+01
1.400712422422423060e+02
2.534233633633636273e+01
1.407895095095115678e+01
2.939564064064066073e+01
4.766835935935939261e+01
1.794560640640640656e+02
1.104439439439459214e+00
1.753425505505504987e+02
2.234978978978974240e+00
1.551613613613608278e+00
5.961360860860842337e+01
5.774524524524506930e-01
5.941021021021023474e-01
6.415476776776772283e+01
4.068561161161164819e+01
3.208731491491486167e+02
2.144067167167172272e+01
4.187005205205191061e+01
1.572009049049050589e+02
5.717809309309294008e+01
6.942487187187209656e+02
4.616291691691700549e+01
4.858545445445455613e+01
1.044762762762752262e+00
4.860501501501487098e+01
2.942591541541539755e+02
5.971234134134126492e+01
3.252662662662610948e-01
6.665098898898895641e+01
2.679355655655654544e+01
2.050707397397394516e+02
6.092732732732700773e-01
5.068686586586579779e+01
5.077097097096995304e-01
2.431797897897887850e+01
2.837361661661662282e+01
1.592927927927931187e+01
3.662119319319312183e+01
7.535725725725697099e-01
2.619566566566561150e+01
2.556698698698709027e+00
5.031891891891921986e-01
1.854307607607611530e+01
3.623093693693702022e+01
5.118468468468521104e-01
7.134994994995033091e-01
2.635777177177185138e+01
1.091614614614624390e+00
5.286466466466439584e-01
4.445465465465495702e-01
2.615420020020013681e+01
6.471640740740737385e+01
5.810188488488514480e+01
8.191341341341322746e-01
1.069172882882883471e+02
2.050177277277283139e+01
2.194599849849842030e+02
1.085560820820814456e+02
1.517721911911910411e+02
3.849580580580573042e+01
4.762005515515531329e+02
1.709254554554556904e+01
3.841751251251242394e+01
4.437937937937890265e-01
3.573058058058045816e+01
3.483858758758731256e+01
5.114238038038030965e+01
5.742452452452427858e-01
5.141400800800791870e+01
2.308820520520520958e+01
1.365098098098113111e+00
1.830029729729734811e+01
2.667944644644640917e+01
6.813913913913878240e-01
4.671180580580589492e+01
4.432862862862979592e-01
9.271931931931967075e-01
6.497497497497591867e-01
4.958538538538600493e-01
2.231261890890888935e+03
2.803383183183185423e+01
4.728732522522520298e+02
8.372882882882990430e-01
6.353744344344342920e+01
7.235714314314319040e+01
6.769590590590584611e+01
8.952132132132101239e-01
1.756632032032035440e+01
8.425305305305292869e-01
2.012700690690692511e+02
8.945935935935923622e-01
7.612755055055055209e+01
5.110341541541536259e+01
8.181731731731720636e-01
5.266976976976901481e-01
8.247687687687682567e-01
7.300630630630680074e-01
6.351901901901908509e-01
4.557137137137194927e-01
1.818289289289272803e+00
2.312761061061053169e+01
7.073795295295279573e+01
6.550483743743744753e+02
1.323158158158153297e+00
6.458968968968977764e-01
5.740770770770777798e-01
6.338688688688663975e-01
8.122122122122054089e-01
3.990027927927930307e+01
7.530140140140110239e-01
2.493778978978981797e+01
2.990201201201188042e+00
3.446626526526519285e+01
2.192200800800802085e+01
2.722589649649650028e+02
5.880488988988999211e+01
5.217167167167204855e-01
1.016660660660652082e+00
2.813936236236238742e+01
3.760852352352329575e+01
3.173217017017033470e+01
7.129653053053046108e+01
7.252152152152229192e-01
3.049700840840840215e+02
8.853782952952960841e+02
2.727642242242239945e+01
8.161711711711813200e-01
2.887428128128127724e+01
5.713377977977913957e+01
4.940001101101103842e+01
2.900273573573571539e+01
4.799899899899793820e-01
3.861735135135156582e+01
1.190274034034033406e+02
3.623473773773779527e+01
7.109903703703672306e+01
8.656905935935939169e+02
3.073727727727719738e+01
1.255474653653657469e+03
2.675924924924925108e+01
2.935730430430435334e+01
1.539715105105105408e+02
3.766754454454459733e+01
3.474683383383383983e+01
5.787567567567519777e-01
1.263966666666667891e+02
3.950619619619577971e+00
1.814021821821821234e+01
8.309478628628618253e+02
6.770564964964960097e+01
1.074558737737737374e+03
6.271825425425434730e+01
8.092152152152095601e-01
6.071939839839846798e+01
4.237704304304330094e+01
6.129004404404417983e+01
1.808880880880880060e+00
6.304964964964958618e-01
1.125473310310309444e+03
8.266328428428428765e+01
2.210183583583587392e+02
4.696686686686772361e-01
1.464794794794810606e+01
2.406846846846852728e+01
1.455241531531530370e+02
7.588598598598593759e-01
1.341412412412403610e+00
5.869439439439486650e-01
8.256600400400408546e+01
3.819718818818821404e+01
1.499093093093062823e+00
4.062181371371349314e+02
1.617366766766756925e+01
3.765748748748746433e+00
1.030299299299285209e+00
5.103728828828821662e+01
6.508353753753748094e+01
1.459668579579580410e+03
1.154827677677679532e+02
8.688488488488496087e-01
7.024774774774689146e-01
1.582188188188176969e+00
1.569672132132132276e+02
4.699543043043043866e+01
4.185455455455425744e-01
3.800624624624628023e+00
3.978861861861859239e+01
3.480028228228222531e+01
2.811991991991995832e+01
5.315353253253252319e+01
7.841409309309300113e+01
4.990350950950948317e+01
4.870053653653653924e+01
9.255555555555378122e-01
7.190660660660586068e-01
5.233078078078083450e+01
2.958809809809797908e+00
7.208228228228276135e-01
1.282372372372378111e+00
5.938318318318321909e-01
6.068783783783771035e+00
5.846294794794783911e+01
4.168299699699707617e+01
2.404978578578582926e+01
9.822612612612493521e-01
6.540900900900807891e-01
1.025256256256279697e+00
1.185216626626627203e+02
4.938507007006985816e+01
1.057081191191191607e+02
2.615286086086086570e+01
1.240701201201198600e+01
2.350841441441445667e+01
3.619598698698692374e+01
6.199339339339334032e+01
1.115616887887889106e+03
3.981290390390399381e+01
3.693265265265272745e+01
3.095714714714735472e+00
6.189481181181190550e+01
1.257503373373371574e+02
2.949586686686687287e+01
2.316425425425427065e+00
6.162112112112190232e-01
3.472088588588556490e+01
2.087828528528525851e+01
6.458251251251252256e+01
1.428082082082091864e+00
4.614024024024090398e-01
1.575797797797814370e+00
4.185459359359366971e+01
7.169149149149102174e-01
5.411041041041014799e-01
2.149770870870872486e+01
3.849321741741748610e+02
5.547904404404399514e+01
4.616084614614621273e+02
6.219729729729618350e-01
2.830121121121124794e+00
4.546725125125131228e+01
1.059233233233230598e+00
5.579265865865887974e+01
5.026587987987937112e+01
5.473493493493423179e-01
7.377137537537541334e+01
7.842130900900911001e+02
1.671681981981986098e+01
3.757670270270273249e+01
1.512047837837842224e+02
4.619489489489488676e+01
3.855515315315326319e+01
5.851795695695709298e+01
6.089269269269370621e-01
1.023110910910913418e+01
9.669019219219235595e+01
1.047538538538536290e+00
8.497659159159164233e+01
4.039490090090101404e+01
1.274722982982982131e+02
9.005795795795629166e-01
4.752923323323312133e+01
2.053498498498499192e+00
1.918704704704687680e+00
1.620402752752752065e+02
7.564564944944950184e+02
2.048381241241260966e+02
1.052957157157161028e+01
1.411086086086090763e+00
2.439690780780782973e+02
3.067519819819806770e+01
2.379955955955922686e+00
4.096615935935938069e+02
2.424809509509510619e+01
7.569799799799811213e-01
4.165836136136134371e+01
4.918322522522524309e+01
8.293653653653710878e-01
4.180543143143148654e+01
4.030260260260341010e-01
6.593592192192195967e+01
7.867657657657746162e-01
4.461273573573584628e+01
1.881072472472486723e+01
5.609559559559612607e-01
2.470466206206208710e+02
9.921991991992011872e-01
1.948863023023023402e+02
2.956693493493493463e+01
8.561101101101147304e-01
5.217248448448437159e+01
6.305295295295418878e-01
6.795574174174177529e+01
1.610863463463463674e+01
3.326327396396398854e+03
3.972104804804803990e+01
3.408917547547551976e+02
2.617419039039037898e+02
4.000563163163172931e+01
5.735085085085048773e-01
4.062969069069072958e+01
7.675170270270263018e+01
3.637922522522539737e+01
6.103013413413422228e+01
7.154544544544549911e-01
3.522430980980975050e+02
2.150388388388387639e+01
7.516666666666679264e-01
6.472262562562562493e+01
3.392340540540538285e+01
1.117027027027016839e+00
1.465114919919921704e+03
6.683406006006008226e+01
2.897472072072076088e+01
9.770194794794774396e+01
4.876915915915909494e+01
5.080437627627666188e+02
2.407453453453428871e+00
6.944294294294390824e-01
3.810511111111105009e+01
2.535837237237234376e+01
1.597812635635634479e+03
4.965657657657656898e+01
1.847649649649664827e+00
3.162984084084087399e+01
5.684739639639643372e+01
5.454644644644641716e-01
1.847555905905905718e+02
1.164238229229229773e+03
2.576477077077082001e+01
7.586276276276291419e-01
1.032036036036022120e+00
1.783015865865866942e+02
4.506326326326394183e-01
1.730702240240238780e+03
1.098440440440435539e+00
3.920932932932950976e+00
6.149609609609661964e-01
4.611638238238237619e+01
6.536826826826795944e-01
9.120930930930999381e-01
2.860894994994989204e+01
1.882690690690685731e+00
5.630207197197194091e+02
6.476866866866909378e-01
3.650803503503504999e+01
9.409389389389324343e-01
7.465835835835924472e-01
2.407240740740746787e+01
6.018822722722723029e+01
1.099576576576575482e+00
1.022513103103104157e+02
1.241115115115125178e+00
4.422872172172176874e+01
3.270089889889891310e+01
8.270786686686693656e+01
4.041280380380378290e+01
1.013164184184184506e+02
1.606365765765764309e+01
5.437707707707792881e-01
2.094321821821825935e+01
6.077897897897813762e-01
1.024843843843844970e+00
1.409685500500500211e+03
1.754178167167168567e+03
2.115850150150151876e+01
5.147509509509409220e+00
2.897355655655647411e+01
2.028941962962963089e+03
5.836067667667676773e+01
4.969963363363358866e+01
4.324863863863857461e+00
3.751067667667719974e+01
8.113943943943847659e-01
4.199262362362368606e+01
2.373586481481483588e+03
7.970910910910928848e-01
7.279989989989938959e-01
7.075009909909910277e+01
1.304916846846844692e+03
2.949641341341344614e+01
5.871707307307313073e+01
6.017717717717714354e-01
1.235078268268270278e+02
4.903463463463548777e-01
5.870460460460512619e-01
8.043703703703789509e-01
7.103127467467447786e+02
1.218762842842827183e+02
2.235480994994991761e+03
7.407387387387428523e-01
2.089071071071094465e+00
4.744392292292285873e+01
2.577016816816821532e+01
6.077497497497458268e-01
3.182971371371371916e+01
4.290169269269298269e+01
7.677577577577495704e-01
3.311925145145141300e+02
6.538048048048104022e-01
1.948075075075073270e+00
5.178790690690688336e+01
7.110410410410559212e-01
2.737199199199197963e+00
3.004763363363362672e+01
4.036556456456452935e+01
2.945704694694692876e+02
1.524623623623621782e+01
1.230145145145152163e+00
4.542979179179184257e+01
4.823149149149139170e+00
3.301603703703691650e+01
1.208397497497492346e+01
3.872722722722710675e-01
2.484235185185187049e+02
4.558698698698728791e-01
6.790940940940909387e-01
3.813633633633667919e-01
9.154264264264175832e-01
5.059349349349234748e-01
3.288340540540543344e+01
5.146136136136163497e-01
4.494689689689673529e+00
1.339518518518532764e+00
3.918070770770768263e+01
3.341722422422418504e+01
6.888966266266268690e+01
4.339576676676681188e+01
7.016410310310314458e+01
6.596690890890886294e+01
5.262706526526524158e+02
2.094185854854854369e+03
5.225881781781806268e+01
4.433062162162143949e+01
2.679232562562563089e+02
5.602962962962982907e-01
1.149998338338337049e+02
9.220770770770732039e-01
1.272313373373377345e+02
2.633392992992992276e+01
4.643563563563537500e-01
3.682460260260261009e+01
5.576096096096037069e-01
6.312172172172104689e-01
1.017144214214214628e+02
1.164347285285283760e+03
7.237047047046991644e-01
2.502548548548553953e+01
4.525952652652662067e+01
9.132088488488491862e+01
2.681456856856854998e+01
3.401060160160149337e+01
3.399917917917882892e+00
3.624404304304303537e+01
1.463650650650673235e+00
3.770348148148161016e+01
8.608733833833821336e+01
2.295634234234244531e+01
5.079193593593595324e+01
3.733507507507491052e+00
8.610170170170114989e-01
5.320625325325328703e+01
7.133833833833852500e-01
1.533899369369369197e+02
1.285212062062061591e+02
2.280933533533540114e+01
1.017535025025024567e+02
6.305335335335260361e-01
1.228146146146146034e+00
5.607507507507422106e-01
2.649858858858855015e+01
7.295374274274273318e+01
7.246476476476506612e-01
4.128634134134126299e+01
4.059759559559561382e+01
1.918380456456456386e+03
6.702192192192187870e-01
2.057774394394394619e+02
5.349329329329417515e-01
3.128205205205233153e+00
1.754373403403403984e+02
7.025907007007009497e+01
3.475364664664661518e+01
1.223233233233234296e+00
1.083831729729729204e+03
8.826680580580578805e+01
4.811070070070076810e+01
8.139729729729782148e-01
1.819015015015035930e+00
1.438412012012013541e+01
6.659387087087083046e+01
1.643080670670673840e+02
6.084754754754767569e-01
7.130220220220265803e-01
1.972041841841840437e+01
2.363628028028029249e+01
5.151640640640632540e+01
1.167413563563563059e+02
6.039156256256253386e+01
4.207412012012009228e+01
3.415748748748729025e+00
5.738328328328314853e-01
7.107657657657640016e-01
5.626755255255255150e+01
4.730577677677712245e+01
6.661261161161159805e+01
1.752602602602606252e+00
7.173742442442421918e+01
1.953673783783783051e+02
8.937607607607552795e-01
7.127306046046049914e+02
5.829333133133145139e+01
7.687364664664671920e+01
3.067354254254295398e+01
1.637569399399401391e+02
5.409075675675686767e+01
3.903393393393490007e-01
2.975599499499502087e+01
7.224634734734739538e+01
8.294904904904927267e-01
4.639551151151140118e+01
1.997070370370367698e+01
8.755252662662664989e+02
1.234213703703704397e+02
2.963812012012012431e+01
2.652148048048050555e+01
9.362402402402495438e-01
7.057407407407416677e-01
8.404744744744750973e-01
5.370361361361355002e+00
3.446680880880883535e+01
6.741839839839821380e+00
6.266936936936937208e+00
4.050294694694706266e+01
3.052516306306305296e+02
5.384110050050064729e+02
2.207170970970990709e+01
5.431781781781694907e-01
8.115995995995994861e-01
3.500204354354357292e+02
2.324804604604596037e+01
4.850209009009014949e+01
5.231440540540536688e+01
1.364670670670683483e+00
1.786097597597596476e+01
7.582052052052052904e-01
6.817757757757754167e-01
4.503516106106126244e+02
4.278297397397395230e+01
4.792861161161158634e+01
6.853703703703788452e-01
5.512051451451449680e+01
1.294088088088094501e+00
6.394472672672668523e+01
1.381462562562562937e+02
3.409100300300295316e+01
3.009321821821844622e+01
7.869649649649611556e-01
5.425122522522534751e+01
2.725907627627624379e+02
4.147297497497476826e+01
1.985713113113114403e+01
7.326016016016011489e-01
3.653738738738758762e+00
2.739212312312313458e+01
7.697820020020013487e+01
2.138226926926926552e+01
5.667657657657649839e-01
1.235429939939940027e+02
1.117638309309308852e+03
6.304422022022024663e+01
8.438088788788780903e+01
9.196851951951954618e+01
1.675710610610615703e+01
8.048028028028059166e-01
1.627406480480480468e+03
1.067654228228229158e+03
2.762707707707710370e+01
3.655639439439413962e+01
7.012182482482488410e+01
4.343279179179178584e+01
3.859805005005011935e+01
1.613658158158162692e+01
4.411021021021093724e-01
7.467207207207215980e-01
3.444266566566565757e+01
2.611732752752752731e+02
5.498713313313311346e+01
8.939899219219208817e+02
3.480947317317316561e+02
2.016983623623632980e+02
2.529102602602581840e+01
1.528794794794778644e+00
5.443263563563558449e+01
3.197730230230232706e+01
7.912702702702588686e-01
1.686889012012015201e+03
1.065851251251240583e+01
1.874291491491486283e+01
1.626739939939934843e+01
5.646847447447446200e+01
2.114492492492493980e+01
5.676719819819812329e+01
9.262200900900896272e+01
6.838148148148163186e-01
6.160420420420356091e-01
1.038505871871871932e+03
3.430246946946941478e+01
7.400673383383388000e+02
9.588448448448220196e-01
3.193898598598599747e+01
6.330600600600561068e-01
6.515224004004019207e+02
2.965665665665651041e-01
2.036719709709707899e+02
3.469829829829882972e-01
1.835306306306302648e+00
5.806533803803800993e+02
3.921401601601606046e+01
4.374694594594590313e+01
9.723878888888926895e+02
6.710072772772771543e+01
6.528172772772758492e+01
7.315025025024992633e-01
4.003836136136130364e+01
5.566226226226167473e-01
5.822027527527529145e+01
4.278619199199198988e+02
1.023482482482500622e+00
4.107465815815820065e+02
2.130679540540538710e+03
3.458250550550555857e+01
4.374434434434334995e-01
5.253121021021029691e+01
9.828523643643649166e+02
7.943176976976995718e+01
2.254049049049053366e+01
1.140150861861861813e+03
9.122382382382451249e-01
2.281180280280276307e+01
6.395425425425372845e-01
9.848398398398251485e-01
1.007041968968969854e+03
3.337637637637670407e-01
1.136796986986987861e+02
9.311772272272264672e+01
4.352658458458462576e+01
2.059839839839841247e+01
1.216258258258248626e+00
7.468154154154130531e+00
1.864513613613604193e+01
1.172348808808809792e+02
4.898579979979977139e+01
4.323573473473474138e+01
4.878778778778658509e-01
1.392149149149153509e+01
2.495826946946949079e+02
7.295811951951953915e+02
2.920176976976981109e+01
1.363080480480476808e+01
6.732421921921938690e+01
6.079239239239236925e-01
1.912051327327327726e+03
4.223402502502506906e+01
2.224492792792789331e+01
8.969413713713726111e+01
2.498708608608609438e+01
3.507587887887888201e+01
7.985575875875878182e+01
8.266746746746824748e-01
8.151861861861878777e-01
1.104535535535549506e+00
2.331129129129112076e+00
6.787915015015019549e+01
1.699272213213212353e+03
1.191142281281278883e+03
4.303529829829824394e+01
6.779399399399378412e-01
3.928193593593601207e+01
3.665958558558554614e+01
4.788660160160160473e+01
6.178298298298320335e-01
5.808303803803821808e+01
1.552474474474477617e+00
9.002490390390379105e+01
3.877917417417415891e+01
3.099590590590590367e+01
2.827048148148141848e+01
6.647558258258253261e+01
2.021370370370382474e+00
1.750958400400398659e+03
3.996295195195195760e+01
1.882440980980976803e+02
3.366302102102088867e+01
5.508674574574577321e+01
2.709589489489493985e+01
4.009590690690691162e+01
2.720603603603605691e+01
2.275696196196180097e+02
3.224509509509533700e+01
4.063712812812779163e+01
4.657064864864867104e+01
1.412318318318306787e+00
2.473917917917891618e+00
2.264917517517528012e+01
6.242686486486496733e+01
4.277060460460477032e+01
7.145268868868870982e+01
4.399219219219139276e-01
4.283793793793860272e-01
1.496323323323336840e+00
5.768288288288198062e-01
1.439372672672676323e+01
5.530280280280270855e-01
7.818248248248140797e-01
4.825621621621619539e+01
4.461070470470486526e+01
9.074904904904806946e-01
5.302932932932862276e-01
1.865303653653652702e+02
2.730135135135142121e+01
3.035396226226226304e+02
7.804014014013991307e-01
5.531751751751742274e-01
5.257552252252265390e+01
1.114201201201216129e+00
7.522942942942960620e-01
2.428530030030033871e+01
1.057179319319320570e+02
9.917497497497516079e-01
4.780529629629626953e+01
4.248731131131136607e+01
6.009782882882885247e+01
1.133163163163159348e+00
3.786657657657633624e+00
