1.054838838838831450e+00
7.177447447447408146e-01
0.000000000000000000e+00
5.733043043043104525e-01
1.270036036036030547e+00
5.591941941941995786e-01
2.258898898898927532e-01
7.050530530530543238e-01
2.306306306306313836e-01
6.505295295295284719e-01
2.084767367367367541e+01
1.168918918918945421e-01
0.000000000000000000e+00
3.608388388388412693e-01
5.133373373373336657e-01
1.880914914914913583e+00
0.000000000000000000e+00
0.000000000000000000e+00
1.130707207207207432e+01
4.533233233233264214e-01
0.000000000000000000e+00
3.502482482482425219e-01
8.429199199199208792e-01
2.117957957957999904e-01
0.000000000000000000e+00
0.000000000000000000e+00
7.681511511511438517e-01
1.000000000000003707e-03
0.000000000000000000e+00
6.623093093093058714e-01
1.735649649649629644e+00
3.400100100100058448e-02
2.144294294294253889e-01
2.999049049049072879e-01
7.528628628628573072e-01
6.468418418418389049e-01
2.171352852852853488e+01
1.081998198198196803e+01
2.252612612612566734e-01
8.306206206206133702e-01
3.047222222222229160e+00
4.119229229229207090e-01
8.072852852852855365e-01
6.157417417417384575e-01
7.667407407407359488e-01
0.000000000000000000e+00
3.820730730730769742e-01
0.000000000000000000e+00
8.918008008007974885e-01
4.503484484484519434e+00
6.869909909909921453e-01
0.000000000000000000e+00
2.629729729729756924e-02
2.548268268268291115e-01
8.662682682682818491e-01
1.926716716716715683e-01
6.918178178178145954e-01
2.229049049049001141e-01
1.451453453453460218e+00
6.836026026025937563e-01
1.311508108108107784e+01
4.040140140140096592e-01
9.245295295295317572e+00
0.000000000000000000e+00
5.591021021021060911e-01
4.991991991992072997e-03
1.601390390390402541e+00
6.673533533533437812e-01
2.496246246246307532e-01
1.961961961961955145e-02
1.019622622622637031e+00
0.000000000000000000e+00
8.025895895895959198e-01
9.581631631631764012e-01
7.967967967968168572e-03
1.362168868868870142e+01
6.434504504504435785e-01
7.044354354354378511e-01
8.586864864864883984e+00
3.277697697697616874e-01
6.046586586586598644e-01
6.277277277277254486e-01
3.316716716716672231e-02
1.804628628628612175e+00
1.311458458458453658e+00
9.288078078078200184e-01
5.050770770770702800e-01
8.228598598598608760e-01
3.710710710710676263e-01
2.185345345345398316e-01
8.963963963964038939e-03
5.133033033033093107e-01
2.353553553553570238e-02
7.846906906906869761e-01
5.984964964964998302e-01
4.215375375375436384e-01
8.110890890890836147e-01
7.252512512512592213e-01
4.290240240240317804e-01
1.543567467467469356e+01
1.225816816816810428e+00
0.000000000000000000e+00
9.909909909909860731e-03
3.907178178178189132e+00
2.394234234234256797e-01
7.019179179179102501e-01
4.776696696696792754e-01
2.813673673673633413e-01
2.468828828828868172e-01
8.707927927927879841e-01
2.433543543543555399e-01
2.993993993993997703e-03
1.000000000000019103e-03
1.072467467467466129e+00
7.594864864864901977e-01
2.061961961961979867e-02
0.000000000000000000e+00
9.802792792792710541e-01
6.155905905905922904e-01
2.429289289289277232e+00
1.862208208208209648e+00
3.361421421421424416e-01
1.573883883883868406e-01
4.869739739739773476e-01
7.612752752752808272e-01
2.728468468468522312e-01
6.847207207207324231e-01
1.284384384384360672e-02
3.629988988988988474e+00
0.000000000000000000e+00
0.000000000000000000e+00
0.000000000000000000e+00
0.000000000000000000e+00
6.933323323323336007e-01
5.100030030030068273e-01
4.982277277277285421e+00
2.441601601601542382e-01
1.364604604604607196e+00
6.026646646646671712e-01
0.000000000000000000e+00
4.850430430430441309e-01
6.406916916916929328e-01
0.000000000000000000e+00
7.555135135135137014e-01
2.199439439439482558e-01
7.207147147147108246e-01
5.334244244244126243e-01
2.156426426426387433e-01
6.338578578578617506e-01
1.997997997997974246e-03
9.705765765765909103e-01
6.750660660660618984e-01
0.000000000000000000e+00
9.350010010010031403e-01
1.801332332332327590e+00
5.678138138138196789e-01
8.061811811811914197e-01
2.007470470470457791e+00
5.477737737737754520e-01
1.869369369369378031e-02
1.961961961961948553e-02
0.000000000000000000e+00
7.198798798798872189e-02
4.224583583583587654e+00
8.175665665665511339e-01
1.831155755755754555e+01
7.943943943943878108e-03
7.090680680680647718e-01
2.927755755755776956e+00
7.169799799799804196e-01
2.912912912912942603e-02
6.396456456456560691e-01
4.866406406406415530e-01
0.000000000000000000e+00
2.474034034033992802e-01
2.805210210210220545e+00
6.519869869869917567e-01
6.944444444444278219e-02
2.439939939939885991e-02
4.364824824824864447e-01
1.088988988988992372e-02
8.460510510510461657e-01
1.107307307307293098e-01
7.766876876876940283e-01
1.267397397397389547e-01
5.085065065064984235e-01
8.095125125125077759e-01
4.169409409409490230e-01
5.050630630630540407e-01
1.240990990991012038e-01
7.426176176176186861e-01
9.223383383383457756e-01
6.301371371371353725e-01
7.685195195195111406e-01
1.000000000000000238e-03
9.933393393393308290e-01
0.000000000000000000e+00
7.693793793793778368e-01
0.000000000000000000e+00
6.095442442442387865e+00
3.238723723723718528e+00
6.006466466466435783e-01
5.933433433433481924e-02
0.000000000000000000e+00
7.441961961962029193e-01
0.000000000000000000e+00
1.277788788788792429e+00
0.000000000000000000e+00
2.993993993994002473e-03
1.693523523523526308e-01
1.705791291291295053e+01
2.485675675675643737e-01
1.159159159159146024e-01
2.994514514514483028e-01
8.004544544544435203e-01
1.399924124124123637e+01
7.132598598598590023e+00
7.547607607607579538e+00
2.264214214214256005e-01
6.027777777777755253e-01
4.466126126126174767e-01
2.415685685685695083e-01
1.514057057057081934e+00
0.000000000000000000e+00
6.114295295295300470e+00
5.652812812812860743e-01
9.037427427427527915e-01
3.441751751751777610e-01
2.063748748748772677e+00
4.997387387387379198e-01
0.000000000000000000e+00
2.798458458458491505e-01
7.795135135135127236e-01
7.863773773773907738e-01
2.528050050050046238e+00
1.393788788788770328e+00
2.770509509509504475e+00
6.742962962962962825e-01
6.228498498498427072e-01
4.247787787787748459e-01
5.152222222222261339e-01
4.205455455455445746e-01
0.000000000000000000e+00
1.458168168168182954e-01
7.738188188188186434e-01
8.387607607607705518e-01
5.739137137137144684e+00
6.846996996997046780e-01
3.177857857857870338e-01
4.930200200200083316e-01
7.331401401401412832e-01
7.609819819819758635e-01
1.187187187187176834e-01
1.381781781781782174e-02
2.202912912912936561e-01
3.045356356356365701e+00
4.362412412412436935e-01
1.437259259259257016e+00
1.239977977977966495e+00
7.906456456456467663e-01
0.000000000000000000e+00
0.000000000000000000e+00
5.752182182182105086e-01
2.522632632632624716e+00
1.233091191191195790e+01
6.259759759759813136e-01
1.899400400400406141e+00
5.867807807807775555e-01
3.336846846846825421e-01
5.846346346346249501e-01
7.322172172172214388e-01
2.101201201201198909e+00
0.000000000000000000e+00
2.222516516516522156e+00
0.000000000000000000e+00
1.997997997998008941e-03
9.333833833833715676e-01
8.928828828828742903e-02
1.000000000000018886e-03
9.617807807807837728e-01
6.846476476476436313e-01
5.120195195195197613e+00
6.082452452452460356e-01
5.445785785785731692e-01
1.811789789789810090e+00
7.695005005004974530e-01
7.317377377377311198e+00
7.343483483483446150e-01
7.982892892892825554e-01
2.379169169169120246e-01
7.220770770770793545e-01
4.753126126126106854e+00
8.090700700700776959e-01
0.000000000000000000e+00
9.306716716716676441e-01
5.976096096096198407e-01
2.284801801801783050e+00
1.972172172172170779e-02
7.968748748748728516e-01
8.361961961962056933e-02
6.607837837837885475e-01
5.722752752752784389e-01
3.818178178178170956e-01
5.566826826826773988e-01
0.000000000000000000e+00
6.863413413413534947e-01
4.664564564564471771e-02
2.209799799799753994e-01
7.076836836836877254e-01
6.056036036036039905e-01
1.000000000000014332e-03
1.997997997998016313e-03
7.335995995995926444e-01
4.673453453453493278e-01
0.000000000000000000e+00
0.000000000000000000e+00
6.088268268268290928e-01
9.216086086086080487e-01
8.474894894894920983e-01
0.000000000000000000e+00
1.328277277277267521e+00
2.448348348348358405e-01
2.373837837837839526e+00
1.517400400400409799e+00
2.085256256256254215e+00
6.404544544544611417e-01
4.762164164164220281e+00
6.595655655655647820e-01
6.131211211211281542e-01
0.000000000000000000e+00
6.257837837837831874e-01
7.652392392392368681e-01
8.207307307307279975e-01
1.188988988988978583e-02
7.717377377377385717e-01
3.382502502502501285e-01
1.117277277277298336e-01
5.325395395395334797e-01
4.742302302302193184e-01
9.955555555555742342e-02
7.957797797797785400e-01
0.000000000000000000e+00
2.057957957957898265e-02
2.057957957957899653e-02
0.000000000000000000e+00
2.039773273273280907e+01
6.280120120120096239e-01
6.234392392392412496e+00
2.766556556556483693e-01
9.095965965966115174e-01
1.129937937937932180e+00
9.597327327327337398e-01
1.997997997998018482e-03
4.116976976976988722e-01
4.987987987988043957e-03
2.358053053053030368e+00
1.000000000000000021e-03
1.077932932932920806e+00
8.233543543543421217e-01
0.000000000000000000e+00
1.399159159159177879e-01
2.912912912912969318e-02
0.000000000000000000e+00
1.609529529529521164e-01
0.000000000000000000e+00
3.908348348348305024e-01
2.985045045045051637e-01
1.004475475475488988e+00
1.195331531531534885e+01
2.065255255255235012e-01
6.859259259259239960e-02
0.000000000000000000e+00
1.916546546546586405e-01
0.000000000000000000e+00
7.571711711711697212e-01
1.000000000000018235e-03
6.672532532532557958e-01
2.477477477477448009e-01
7.021221221221249920e-01
5.593733733733687874e-01
3.229944944944939778e+00
8.722612612612501426e-01
0.000000000000000000e+00
2.993993993994000739e-03
5.528478478478547897e-01
5.037427427427418891e-01
3.595305305305280807e-01
1.001500500500508206e+00
5.380480480480449162e-02
3.326801801801788638e+00
1.038095995995994159e+01
5.676266266266261074e-01
1.954394394394351753e-01
5.098588588588555126e-01
7.006446446446448206e-01
7.895445445445469224e-01
6.123373373373316442e-01
1.577417417417431300e-01
7.391031031031085607e-01
1.411274274274267881e+00
6.992052052052075695e-01
8.112462462462571855e-01
9.988979979979930590e+00
3.747457457457462615e-01
1.363387587587592442e+01
7.067627627627702802e-01
4.390410410410449660e-01
1.955805805805792774e+00
6.389319319319353152e-01
6.944184184184101216e-01
0.000000000000000000e+00
1.591197197197198321e+00
1.886446446446423397e-01
6.311501501501424194e-01
8.661484484484486046e+00
1.007063063063065478e+00
9.933783783783773913e+00
9.108498498498411866e-01
1.438678678678679823e-01
9.486256256256310193e-01
6.607147147147264254e-01
8.446876876877023044e-01
5.969969969969880774e-03
2.372412412412348848e-01
1.381032532532533885e+01
1.170301301301299501e+00
2.679133133133106526e+00
2.993993993993999871e-03
6.044404404404464248e-01
4.183013013013057169e-01
1.857477477477478933e+00
1.997997997998032359e-03
6.773873873873940965e-02
0.000000000000000000e+00
1.285219219219230880e+00
7.193303303303257845e-01
1.107307307307290323e-01
4.076635635635636135e+00
4.441391391391439902e-01
9.951951951951962250e-03
2.428468468468449881e-01
7.515485485485532413e-01
9.917627627627791931e-01
1.466286186186186669e+01
2.254600600600605631e+00
0.000000000000000000e+00
0.000000000000000000e+00
1.122322322322308885e-01
2.021522522522533727e+00
8.465335335335372191e-01
0.000000000000000000e+00
4.181031031031095524e-01
5.831101101101071604e-01
6.743203203203202989e-01
5.149039039038963983e-01
8.260610610610602533e-01
1.100206206206219228e+00
8.696316316316382578e-01
7.201241241241225222e-01
0.000000000000000000e+00
0.000000000000000000e+00
8.624284284284228219e-01
6.887587587587566673e-02
0.000000000000000000e+00
2.053493493493468436e-01
1.540540540540568659e-01
1.157467467467449967e-01
8.507037037037180616e-01
7.143523523523567231e-01
7.365555555555517442e-01
2.178178178178129532e-01
0.000000000000000000e+00
2.524724724724694003e-01
1.389304304304303628e+00
8.226456456456482380e-01
1.283602602602597065e+00
3.771111111111098979e-01
3.083823823823778620e-01
2.576686686686616712e-01
6.793003003002927587e-01
7.972752752752699790e-01
1.511474374374371799e+01
6.764304304304368243e-01
5.968788788788778055e-01
5.065595595595643319e-01
8.794894894895027848e-01
1.786748748748744786e+00
3.922952952952952765e-01
3.637337337337307464e-01
0.000000000000000000e+00
7.689159159159029144e-01
2.594934934934957083e-01
9.377757757757891888e-01
1.856696696696714666e-01
1.997997997997976848e-03
3.987987987988032661e-03
6.473973973973947693e-01
1.997997997997982486e-03
0.000000000000000000e+00
3.985725725725708379e-01
4.341145145145165252e+00
9.428928928928832498e-01
4.914111111111101771e+00
0.000000000000000000e+00
1.804844844844821217e-01
7.791341341341422311e-01
1.997997997998067921e-03
8.399509509509397454e-01
8.382282282282229602e-01
0.000000000000000000e+00
1.013447447447455518e+00
1.128375075075074285e+01
3.789779779779823832e-01
6.590460460460449976e-01
2.138295295295297382e+00
7.800360360360376610e-01
7.185685685685635482e-01
8.403143143143266824e-01
0.000000000000000000e+00
4.989909909909945873e-01
1.339590590590594266e+00
3.764684684684660443e-01
1.226037037037039035e+00
6.843783783783742303e-01
1.956489489489471767e+00
0.000000000000000000e+00
6.677447447447333317e-01
4.392792792792888507e-02
6.661721721721634015e-01
1.963891891891915042e+00
8.208731731731715442e+00
2.501700700700678404e+00
2.961701701701674461e-01
0.000000000000000000e+00
3.643222222222222584e+00
7.397137137137131946e-01
3.930280280280334382e-01
6.049079079079088039e+00
6.499009009008984705e-01
1.575975975976004473e-02
8.059329329329453229e-01
6.865985985986097218e-01
0.000000000000000000e+00
8.061411411411369965e-01
2.249349349349383242e-02
9.462132132131971796e-01
0.000000000000000000e+00
7.122592592592609240e-01
5.509249249249276170e-01
1.997997997998012410e-03
3.456067067067073673e+00
2.818718718718745547e-02
2.042175175175164892e+00
6.984014014013982807e-01
8.198198198198056175e-02
8.092232232232211553e-01
0.000000000000000000e+00
1.014945945945953110e+00
3.773273273273200501e-01
2.651356756756760547e+01
6.514054054054000398e-01
4.558349349349374968e+00
2.756347347347365861e+00
7.202542542542470505e-01
0.000000000000000000e+00
6.266126126126249085e-01
1.029284284284282203e+00
6.181431431431497758e-01
9.116116116116140811e-01
2.239799799799767899e-01
6.969911911911921720e+00
6.925225225225234427e-01
8.443543543543394203e-02
9.041801801801744309e-01
7.215605605605481809e-01
5.422922922923070072e-02
1.817501301301312111e+01
8.805385385385327002e-01
5.794394394394405401e-01
1.347528528528533220e+00
6.828478478478440250e-01
5.100281281281295875e+00
0.000000000000000000e+00
1.000000000000007610e-03
7.396106106106078437e-01
2.919019019019067906e-01
1.407777877877881600e+01
8.225955955955988053e-01
1.088988988989001740e-02
5.498998998998977372e-01
8.254204204204304007e-01
0.000000000000000000e+00
2.276892892892882436e+00
1.527665265265264161e+01
5.553863863863796047e-01
1.972082082082099452e-01
1.324834834834804631e-01
2.497814814814817375e+00
4.574174174174195501e-02
1.917595395395396807e+01
0.000000000000000000e+00
6.333313313313202464e-01
0.000000000000000000e+00
7.444904904904905418e-01
2.490240240240276792e-01
0.000000000000000000e+00
6.989649649649614105e-01
1.906546546546558918e-01
1.138036636636621601e+01
2.417777777777788684e-01
6.525375375375396247e-01
2.502142142142103065e-01
1.654844844844839680e-01
4.023533533533462658e-01
8.456276276276336601e-01
1.791861861861899774e-01
1.408416416416406802e+00
1.997997997998013277e-03
7.370110110110138502e-01
7.195505505505410682e-01
1.668649649649644129e+00
6.872422422422395094e-01
1.150549549549551465e+00
7.231521521521605544e-01
1.000000000000010429e-03
5.811171171171150007e-01
4.392792792792888507e-02
2.821741741741747855e-01
1.565251551551549625e+01
1.959678678678685770e+01
5.745405405405383803e-01
7.457257257257288163e-02
6.579289289289308451e-01
1.868421821821813822e+01
8.478448448448520081e-01
8.135565565565630042e-01
2.562212212212186535e-01
7.181051051051062784e-01
1.325075075075089481e-01
7.609629629629702796e-01
2.271240240240239316e+01
1.605585585585612707e-01
1.000000000000009995e-03
1.020466466466457334e+00
1.295341441441443742e+01
5.099759759759751043e-01
8.955985985985815967e-01
1.276276276276300803e-01
1.618926926926942844e+00
1.471061061061074982e-01
0.000000000000000000e+00
1.464624624624638882e-01
7.115485485485453232e+00
1.570559559559565388e+00
2.807024124124128761e+01
0.000000000000000000e+00
4.684234234234319061e-01
6.585695695695676921e-01
5.008588588588578361e-01
4.754754754754685064e-02
6.882292292292263580e-01
6.841021021021003179e-01
1.675025025025024261e-01
3.547784784784778989e+00
0.000000000000000000e+00
4.786286286286248887e-02
8.604864864864776308e-01
1.000000000000002840e-03
1.385225225225222012e-01
4.927147147147175610e-01
6.306656656656705051e-01
3.692152152152157196e+00
6.074654654654703112e-01
2.162462462462492740e-01
6.856806806806752252e-01
2.473013013013041772e-01
4.590260260260197178e-01
3.585135135135214535e-01
0.000000000000000000e+00
2.984482482482481380e+00
1.290250250250218056e-01
2.094054054054077241e-01
0.000000000000000000e+00
3.100700700700725898e-02
0.000000000000000000e+00
6.329769769769819643e-01
8.443543543543383101e-02
3.391351351351382104e-01
4.979979979979973735e-03
7.878568568568659058e-01
5.691431431431480670e-01
9.381831831831815016e-01
7.610200200200131215e-01
9.916056056055941870e-01
9.120700700700793417e-01
7.881191191191184942e+00
2.021827427427425761e+01
7.946246246246304601e-01
5.656666666666709808e-01
3.332788788788780820e+00
1.577417417417433243e-01
1.349351351351349759e+00
0.000000000000000000e+00
1.620483483483479370e+00
6.989949949949909591e-01
0.000000000000000000e+00
6.956776776776755211e-01
3.958658658658646690e-02
0.000000000000000000e+00
1.831322322322311846e+00
1.158047047047047329e+01
1.340090090090074737e-01
5.624464464464539182e-01
8.094484484484431031e-01
1.367219219219220738e+00
5.013643643643612702e-01
6.594264264264257935e-01
3.805705705705716979e-02
6.072142142142107346e-01
1.478978978979025166e-02
7.501331331331483332e-01
1.053323323323341221e+00
7.222392392392308347e-01
7.363423423423418601e-01
2.302862862862844751e-01
1.940250250250297737e-01
7.382122122122070085e-01
8.133633633633698123e-02
1.921737737737721829e+00
1.510600600600600307e+00
3.214054054053996357e-01
1.458439439439430885e+00
1.997997997998004170e-03
2.374684684684659763e-01
2.394234234234256520e-01
6.645255255255193561e-01
9.530060060060192573e-01
1.997997997998046237e-03
5.863203203203123381e-01
7.043193193193240109e-01
2.033632632632632564e+01
1.865765765765757533e-02
2.353783783783784944e+00
3.194294294294372505e-02
1.200660660660680806e-01
2.613744744744756154e+00
9.670820820820901220e-01
6.779569569569594556e-01
6.616516516516435242e-02
1.243459059059056671e+01
1.212721721721724988e+00
7.448828828828727433e-01
5.856856856856830496e-02
1.921421421421389553e-01
5.336126126126125024e-01
1.007425425425410026e+00
1.894361361361365681e+00
0.000000000000000000e+00
2.993993993994002473e-03
2.053553553553527922e-01
5.124374374374370822e-01
7.407717717717795525e-01
1.635069069069066128e+00
9.125595595595580312e-01
7.352452452452589160e-01
2.165795795795756595e-01
0.000000000000000000e+00
0.000000000000000000e+00
9.123013013013058226e-01
7.046746746746707091e-01
9.607317317317290994e-01
5.969969969969990062e-03
9.631791791791891599e-01
2.413619619619606915e+00
1.556556556556520088e-01
6.982381381381348895e+00
8.194094094094075409e-01
1.112478478478487132e+00
6.649169169169283355e-01
1.791905905905901708e+00
7.854404404404430329e-01
0.000000000000000000e+00
6.441831831831845712e-01
1.006000000000001560e+00
3.100700700700727286e-02
7.409999999999946629e-01
6.653613613613541533e-01
8.519436436436420124e+00
1.923782782782802903e+00
3.549409409409416960e-01
4.283553553553544058e-01
1.000000000000006526e-03
2.009169169169150448e-01
0.000000000000000000e+00
2.317787787787814191e-01
6.330800800800827632e-01
1.337087087087101278e-01
3.301161161161124125e-01
6.602542542542521042e-01
3.200050050050060158e+00
5.624599599599647171e+00
4.350010010010022521e-01
0.000000000000000000e+00
1.381781781781787379e-02
4.026696696696699718e+00
4.768788788788849153e-01
8.292762762762722062e-01
8.241821821821820881e-01
0.000000000000000000e+00
4.609359359359380126e-01
7.198798798798870802e-02
0.000000000000000000e+00
4.364335335335361776e+00
7.783533533533537607e-01
6.898538538538488973e-01
2.491131131131166798e-01
8.703923923923850836e-01
2.182402402402377761e-01
7.860310310310254511e-01
1.742177177177167913e+00
7.232792792792815950e-01
4.696126126126172196e-01
0.000000000000000000e+00
8.420280280280398877e-01
3.366372372372384181e+00
6.191281281281318938e-01
4.727957957957916735e-01
0.000000000000000000e+00
9.955955955956113587e-03
6.515265265265230976e-01
1.032701701701709496e+00
2.759449449449479230e-01
1.372412412412397087e-01
1.598576576576551833e+00
1.205356256256250624e+01
1.056843843843838116e+00
1.167572572572566303e+00
1.254205205205209728e+00
1.787447447447451931e-01
2.262012012011973550e-01
1.486243443443443901e+01
1.051835335335336552e+01
5.374784784784796265e-01
6.608358358358313867e-01
1.050009009009008842e+00
6.722902902902815336e-01
7.716736736736855562e-01
2.216646646646629470e-01
0.000000000000000000e+00
1.284384384384383050e-02
5.824824824824775815e-01
4.022976976976991637e+00
7.620090090090058110e-01
9.253772772772766331e+00
5.025596596596632715e+00
2.487433433433446250e+00
5.228658658658699165e-01
2.278578578578635203e-02
8.336306306306294767e-01
6.145045045044982279e-01
0.000000000000000000e+00
1.528934534534533363e+01
4.075935935935892651e-01
2.844904904904905218e-01
7.299719719719618416e-01
8.546356356356337169e-01
7.504194194194364620e-01
7.869179179179011108e-01
1.169848848848851208e+00
0.000000000000000000e+00
0.000000000000000000e+00
9.842373373373392909e+00
5.749769769769794703e-01
9.330625625625648567e+00
1.534324324324309319e-01
5.295325325325278554e-01
0.000000000000000000e+00
6.404987987987943221e+00
0.000000000000000000e+00
2.449688688688697269e+00
0.000000000000000000e+00
4.085635635635659346e-01
5.830409409409397448e+00
6.916736736736776026e-01
6.915715715715791134e-01
1.497259159159162856e+01
9.763433433433582609e-01
9.144614614614642312e-01
2.993993993994002473e-03
6.265815815815748424e-01
0.000000000000000000e+00
8.548858858858812138e-01
4.449726726726698445e+00
1.585585585585538165e-02
5.682448448448468525e+00
2.237750150150145600e+01
6.525065065065005498e-01
0.000000000000000000e+00
7.691801801801758653e-01
1.044479679679677098e+01
1.141841841841852556e+00
5.554774774774702273e-01
1.149556656656656450e+01
0.000000000000000000e+00
3.991741741741755001e-01
0.000000000000000000e+00
7.833333333333276915e-02
1.207299899899898676e+01
1.154264264264279333e-01
1.933225225225210009e+00
1.304624624624617146e+00
8.126746746746730254e-01
3.988368368368356842e-01
2.036786786786819181e-01
1.501961961961929826e-01
5.205195195195262414e-01
1.524883883883898950e+00
7.506946946946977395e-01
8.132872872872933812e-01
2.344744744744733239e-02
2.916586586586586427e-01
3.150189189189179118e+00
8.587568568568563876e+00
6.220830830830776925e-01
5.687597597597597865e-01
9.263613613613660425e-01
2.993993993993997703e-03
1.769689189189190515e+01
6.622222222222189369e-01
3.233383383383350851e-01
1.216326326326322649e+00
4.592302302302321837e-01
6.367187187187278719e-01
1.183017017017010453e+00
4.754754754754668411e-02
3.364924924924966865e-01
0.000000000000000000e+00
3.499049049048988946e-01
9.894004004004010033e-01
1.822091191191195136e+01
1.529078978978979286e+01
7.542012012012035971e-01
2.410250250250277060e-01
7.504934934934879287e-01
5.756496496496434911e-01
8.275435435435529730e-01
2.098088088088123082e-01
8.661761761761803680e-01
0.000000000000000000e+00
1.141668668668672781e+00
7.110650650650640614e-01
7.054674674674712431e-01
6.649579579579570909e-01
9.588128128127987315e-01
2.421421421421473263e-01
2.013477977977971989e+01
6.292202202202263894e-01
2.233947947947946933e+00
6.530510510510412203e-01
9.001631631631498154e-01
4.973273273273306483e-01
6.566106106106071039e-01
5.793773773773757130e-01
2.240932932932938382e+00
7.468978978978887406e-01
6.113463463463474357e-01
7.545525525525489385e-01
0.000000000000000000e+00
4.722472472472515337e-01
5.468718718718612593e-01
8.354484484484441253e-01
7.411371371371465733e-01
1.061746746746741188e+00
1.577417417417433243e-01
3.987987987988056947e-03
1.438678678678680101e-01
0.000000000000000000e+00
5.204234234234255130e-01
0.000000000000000000e+00
1.160360360360328941e-01
7.213003003002987912e-01
6.992102102102054628e-01
2.249349349349377344e-02
1.146906906906918211e-01
2.214301301301281555e+00
6.307167167167172517e-01
3.158235235235240967e+00
0.000000000000000000e+00
0.000000000000000000e+00
8.267287287287360398e-01
5.969969969969843478e-03
0.000000000000000000e+00
5.278148148148178453e-01
1.460899899899887888e+00
0.000000000000000000e+00
7.850430430430297424e-01
6.764754754754815913e-01
9.483343343343297871e-01
6.957957957957867402e-03
6.957957957957817095e-03
