9.772312312312254612e-01
6.883063063063037390e-01
0.000000000000000000e+00
5.694514514514459336e-01
1.207503503503496445e+00
5.467817817817848258e-01
2.239799799799770952e-01
6.656316316316325254e-01
2.300660660660629186e-01
6.386326326326379199e-01
1.962672972972969987e+01
1.034144144144158589e-01
0.000000000000000000e+00
3.275535535535498699e-01
4.523283283283231482e-01
1.772131131131144066e+00
0.000000000000000000e+00
0.000000000000000000e+00
1.031783483483485675e+01
4.459839839839883080e-01
0.000000000000000000e+00
3.253033033033032040e-01
8.243993993993942171e-01
2.065255255255237510e-01
0.000000000000000000e+00
0.000000000000000000e+00
7.351891891891836339e-01
0.000000000000000000e+00
0.000000000000000000e+00
6.504854854854816848e-01
1.656797797797790350e+00
3.405705705705640296e-02
2.054634634634639467e-01
2.598018018017988484e-01
7.419579579579529405e-01
6.377207207207187256e-01
2.020643343343333598e+01
1.025807307307303873e+01
2.246246246246230427e-01
7.694204204204152520e-01
2.851577577577586897e+00
4.059329329329253722e-01
8.042032032032057076e-01
6.131621621621669016e-01
7.460230230230249227e-01
0.000000000000000000e+00
3.766436436436477742e-01
0.000000000000000000e+00
8.679459459459305526e-01
4.219365365365395526e+00
6.564424424424466498e-01
0.000000000000000000e+00
2.912912912912982849e-02
2.411111111111072514e-01
8.472752752752669148e-01
1.682292292292286440e-01
6.516706706706730801e-01
2.115215215215227318e-01
1.363106106106094950e+00
6.745175175175215365e-01
1.228117517517513946e+01
3.712652652652651541e-01
8.794754754754803727e+00
0.000000000000000000e+00
5.258928928928882085e-01
2.997997997998106973e-03
1.557355355355332538e+00
6.198328328328293058e-01
2.491601601601628746e-01
1.769369369369392167e-02
9.702002002001900438e-01
0.000000000000000000e+00
7.739629629629737329e-01
8.935275275275144091e-01
3.993993993994114818e-03
1.318696896896896043e+01
6.413663663663617953e-01
6.923903903903919632e-01
7.855323323323315066e+00
3.265645645645585682e-01
6.043783783783648333e-01
6.196826826826815626e-01
2.747347347347371335e-02
1.670297297297289374e+00
1.242478478478482584e+00
8.729269269269325227e-01
5.038128128128157579e-01
8.013023023023035929e-01
3.422362362362361132e-01
2.141141141141176818e-01
6.977977977977990916e-03
4.869549549549496703e-01
1.386586586586559255e-02
7.576566566566471650e-01
5.747307307307356616e-01
4.205075075075023205e-01
7.847667667667725944e-01
6.855205205205247010e-01
3.914904904904832894e-01
1.431871371371376256e+01
1.147343343343345978e+00
0.000000000000000000e+00
7.943943943943872904e-03
3.617208208208218423e+00
2.335925925925894098e-01
6.834474474474546701e-01
4.700360360360417711e-01
2.757417417417423189e-01
2.467657657657614245e-01
8.267057057057041192e-01
2.436736736736695164e-01
1.000000000000002623e-03
1.997997997998037130e-03
1.006835835835824255e+00
7.432982982982998532e-01
1.575975975975982962e-02
0.000000000000000000e+00
9.227217217217374978e-01
5.839489489489496643e-01
2.232243243243216657e+00
1.837156156156167341e+00
3.199419419419449739e-01
1.501851851851875586e-01
4.451731731731794484e-01
7.417087087087098629e-01
2.643343343343292906e-01
6.835135135135255169e-01
8.927927927927948454e-03
3.391322322322294802e+00
0.000000000000000000e+00
0.000000000000000000e+00
0.000000000000000000e+00
0.000000000000000000e+00
6.572312312312335036e-01
4.863723723723619718e-01
4.452487487487474915e+00
2.450610610610673423e-01
1.328075075075074496e+00
5.735795795795790575e-01
0.000000000000000000e+00
4.479639639639657611e-01
6.209399399399442299e-01
0.000000000000000000e+00
7.188758758758696521e-01
2.167277277277313563e-01
6.507767767767821399e-01
5.028088088088117358e-01
2.127667667667640095e-01
6.189099099099097945e-01
1.997997997997974246e-03
9.450520520520747647e-01
6.576836836836830180e-01
0.000000000000000000e+00
9.086666666666692871e-01
1.661691691691692396e+00
5.676736736736790467e-01
7.653563563563599015e-01
1.860742742742729217e+00
5.329719719719743232e-01
1.578978978978980499e-02
1.672772772772797636e-02
0.000000000000000000e+00
6.430330330330207012e-02
3.917627627627585429e+00
7.757457457457547223e-01
1.757978178178182205e+01
3.987987987988045671e-03
6.628058058058047264e-01
2.842345345345345553e+00
7.032582582582502795e-01
2.629729729729753801e-02
6.207987987987969580e-01
4.552932932932923227e-01
0.000000000000000000e+00
2.161381381381325961e-01
2.625015015014997122e+00
6.177567567567503470e-01
6.516516516516522584e-02
2.057957957957902775e-02
4.158988988989020252e-01
6.957957957957884750e-03
8.200380380380437595e-01
1.109819819819826969e-01
7.322842842842872679e-01
1.120860860860865005e-01
4.755375375375374136e-01
7.640990990990984555e-01
4.079719719719674953e-01
4.573323323323275624e-01
1.109819819819830578e-01
7.056446446446461573e-01
8.683843843843933596e-01
6.251121121121110402e-01
7.451521521521576874e-01
0.000000000000000000e+00
9.585285285285298773e-01
0.000000000000000000e+00
7.201701701701617164e-01
0.000000000000000000e+00
5.919718718718693928e+00
3.036505505505493918e+00
5.943653653653577784e-01
5.557457457457530559e-02
0.000000000000000000e+00
7.145515515515387106e-01
0.000000000000000000e+00
1.205251251251248323e+00
0.000000000000000000e+00
1.000000000000007827e-03
1.593463463463459795e-01
1.584686686686690216e+01
2.487277277277258614e-01
9.760460460460541887e-02
2.941771771771800048e-01
7.733323323323344489e-01
1.316015115115119549e+01
7.006915915915926441e+00
7.222484484484480660e+00
2.073063063063095846e-01
5.462722722722637148e-01
4.224114114114166929e-01
2.416286286286317975e-01
1.452055055055053279e+00
0.000000000000000000e+00
5.588987987987994011e+00
5.564304304304219517e-01
8.571281281281416531e-01
3.343493493493542856e-01
1.899722722722728685e+00
4.929679679679734861e-01
0.000000000000000000e+00
2.556066066066088327e-01
7.551291291291234442e-01
7.564904904904958816e-01
2.315193193193192833e+00
1.295266266266272170e+00
2.621244244244264721e+00
6.584584584584679545e-01
6.028098098098186863e-01
3.948388388388312520e-01
4.994814814814791393e-01
3.915415415415466893e-01
0.000000000000000000e+00
1.477477477477440737e-01
7.337057057057106979e-01
8.021761761761840859e-01
5.422715715715763274e+00
6.190480480480470282e-01
2.678008008008008756e-01
4.753223223223301819e-01
7.222802802802844591e-01
7.328468468468529728e-01
1.133413413413392329e-01
1.186786786786796395e-02
2.167277277277313008e-01
2.876529529529523010e+00
4.083073073073109072e-01
1.344166166166153031e+00
1.188842842842838810e+00
7.770220220220203089e-01
0.000000000000000000e+00
0.000000000000000000e+00
5.523943943943914192e-01
2.366845845845838792e+00
1.162798198198199096e+01
5.955915915915814818e-01
1.829884884884880991e+00
5.727757757757757640e-01
3.149189189189177673e-01
5.541761761761734295e-01
7.168188188188244769e-01
2.018393393393383750e+00
0.000000000000000000e+00
2.069196196196193771e+00
0.000000000000000000e+00
1.000000000000008911e-03
8.944764764764736586e-01
8.361961961962054157e-02
0.000000000000000000e+00
8.960510510510354409e-01
6.521461461461441900e-01
4.710037037037069219e+00
5.911901901901991385e-01
4.734284284284323574e-01
1.782844844844849286e+00
7.013113113113048636e-01
7.023541541541607813e+00
6.886966966966883152e-01
7.629939939939914817e-01
2.360750750750764404e-01
7.290290290290302178e-01
4.437263263263240276e+00
7.807397397397510819e-01
0.000000000000000000e+00
8.725445445445422221e-01
5.863103103103112224e-01
2.172690690690699089e+00
1.972172172172153778e-02
7.684474474474504158e-01
7.785285285285217793e-02
6.485595595595619045e-01
5.664124124124065851e-01
3.829709709709754328e-01
5.142202202202278416e-01
0.000000000000000000e+00
6.849279279279268939e-01
4.574174174174209379e-02
2.195945945945978195e-01
7.016296296296180568e-01
5.809989989989902126e-01
0.000000000000000000e+00
1.997997997998016313e-03
7.244794794794761073e-01
4.606316316316267367e-01
0.000000000000000000e+00
0.000000000000000000e+00
6.041691691691821742e-01
9.096266266266282985e-01
8.253663663663499683e-01
0.000000000000000000e+00
1.252046046046060290e+00
2.190780780780721138e-01
2.258013013013019599e+00
1.459648648648657732e+00
1.974323323323309287e+00
6.277977977977953206e-01
4.509913913913930372e+00
6.569429429429383127e-01
5.906696696696659421e-01
0.000000000000000000e+00
6.137877877877843114e-01
7.580200200200087890e-01
7.692872872872920098e-01
7.943943943943872904e-03
7.437307307307254867e-01
3.176046046046014926e-01
1.018768768768793520e-01
5.250450450450491191e-01
4.450630630630607043e-01
9.721621621621670539e-02
7.562272272272257956e-01
0.000000000000000000e+00
1.672772772772804922e-02
1.769369369369351228e-02
0.000000000000000000e+00
1.910812312312311079e+01
6.158178178178149720e-01
5.960235235235230355e+00
2.696516516516531126e-01
8.573683683683658296e-01
1.093079079079080307e+00
9.374414414414509178e-01
1.000000000000016284e-03
3.946776776776868556e-01
2.997997997998013732e-03
2.227424424424428562e+00
1.000000000000000021e-03
1.019809809809801626e+00
7.468408408408417909e-01
0.000000000000000000e+00
1.338528528528514783e-01
2.818718718718771568e-02
0.000000000000000000e+00
1.556736736736765436e-01
0.000000000000000000e+00
3.862222222222267964e-01
2.867217217217200020e-01
9.192782782782813467e-01
1.127389589589591701e+01
1.921111111111125647e-01
7.283183183183308818e-02
0.000000000000000000e+00
1.881751751751725155e-01
0.000000000000000000e+00
7.352052052052099329e-01
0.000000000000000000e+00
6.583833833833790949e-01
2.492882882882842821e-01
6.775875875875905230e-01
5.473583583583632173e-01
3.133268268268276646e+00
8.255665665665751218e-01
0.000000000000000000e+00
1.000000000000012381e-03
5.393183183183152263e-01
4.821591591591537496e-01
3.482262262262340036e-01
9.578268268268086416e-01
4.210610610610578813e-02
3.113767767767768202e+00
9.813143143143115310e+00
5.453023023023010341e-01
1.916276276276244195e-01
4.630440440440383165e-01
6.796816816816898532e-01
7.626666666666609418e-01
6.043553553553571156e-01
1.552912912912945420e-01
7.321741741741767395e-01
1.313399399399399092e+00
6.782162162162186370e-01
7.493523523523628604e-01
9.398638638638690423e+00
3.499689689689686745e-01
1.276966466466463679e+01
7.032772772772721837e-01
4.314864864864866867e-01
1.835122122122115007e+00
6.196666666666642564e-01
6.905895895895772796e-01
0.000000000000000000e+00
1.471810810810812997e+00
2.008318318318356166e-01
6.199939939939926870e-01
8.303387387387410001e+00
9.520110110110050483e-01
9.267855855855858138e+00
8.882182182182192243e-01
1.419009009009007671e-01
8.877757757757782642e-01
6.073933933933786111e-01
8.425835835835924215e-01
5.969969969969962306e-03
2.372412412412349403e-01
1.311818818818821342e+01
1.150851851851861340e+00
2.516001001000997661e+00
2.993993993993999871e-03
6.262172172172061346e-01
4.196866866866906798e-01
1.841815815815829538e+00
0.000000000000000000e+00
6.602502502502446968e-02
0.000000000000000000e+00
1.225931931931942609e+00
7.018438438438386884e-01
1.127277277277299455e-01
3.900217217217257115e+00
4.486346346346239411e-01
9.957957957957872669e-03
2.396306306306245637e-01
7.149939939939927713e-01
9.399959959959981459e-01
1.369006006006002885e+01
2.116798798798801506e+00
0.000000000000000000e+00
0.000000000000000000e+00
1.109729729729718450e-01
1.891759759759752191e+00
8.228618618618628311e-01
0.000000000000000000e+00
4.088508508508486572e-01
5.773963963963941737e-01
6.711641641641671319e-01
5.044914914914888637e-01
7.854564564564465723e-01
1.033016016016023109e+00
8.340850850850923814e-01
6.845915915916007677e-01
0.000000000000000000e+00
0.000000000000000000e+00
8.351681681681778491e-01
6.946346346346363165e-02
0.000000000000000000e+00
2.033833833833851579e-01
1.559069069069054791e-01
1.202832832832815557e-01
7.840530530530447351e-01
6.739339339339288637e-01
7.344134134134038261e-01
2.133493493493530957e-01
0.000000000000000000e+00
2.516976976977020053e-01
1.334869869869869108e+00
8.126636636636541677e-01
1.239769769769782704e+00
3.616276276276325641e-01
2.927587587587522355e-01
2.442982982983037676e-01
6.408758758758736906e-01
7.513303303303374703e-01
1.456575775775769088e+01
6.723233233233222306e-01
5.784444444444499789e-01
4.999159159159280996e-01
8.628338338338507052e-01
1.711710710710719896e+00
3.642092092092059086e-01
3.570090090090153323e-01
0.000000000000000000e+00
7.465415415415376232e-01
2.243753753753746083e-01
9.311731731731813788e-01
1.836196196196163699e-01
0.000000000000000000e+00
2.993993993993999004e-03
6.157817817817663464e-01
2.993993993994001606e-03
0.000000000000000000e+00
3.694564564564493114e-01
4.198876876876862063e+00
8.949549549549539185e-01
4.608455455455438887e+00
0.000000000000000000e+00
1.825825825825855009e-01
7.598558558558505815e-01
1.997997997997977716e-03
8.201701701701767933e-01
8.013803803803927206e-01
0.000000000000000000e+00
9.355775775775790892e-01
1.059536636636634199e+01
3.668918918918940841e-01
6.354664664664622098e-01
1.975619619619603862e+00
7.485785785785828983e-01
7.040680680680678760e-01
7.550640640640686740e-01
0.000000000000000000e+00
4.994534534534564862e-01
1.284827827827829561e+00
3.611321321321359634e-01
1.146695695695699291e+00
6.547717717717760344e-01
1.833983983983982435e+00
0.000000000000000000e+00
6.185855855855867391e-01
4.483583583583657800e-02
6.547807807807773939e-01
1.899498498498501720e+00
7.831402402402352081e+00
2.393872872872870872e+00
2.823933933933933660e-01
0.000000000000000000e+00
3.429808808808835430e+00
7.167027027026974251e-01
4.006556556556595261e-01
5.765164164164197302e+00
6.432902902902940534e-01
1.381781781781792756e-02
7.683993993994000515e-01
6.743783783783835473e-01
0.000000000000000000e+00
7.891481481481374960e-01
2.153753753753784306e-02
8.617607607607661313e-01
0.000000000000000000e+00
6.769109109109076039e-01
5.396136136136153727e-01
1.997997997998035395e-03
3.274693693693687457e+00
2.534934934934969866e-02
1.930045045045051033e+00
6.815355355355339206e-01
6.688288288288243844e-02
7.872162162162091859e-01
0.000000000000000000e+00
9.473043043043095635e-01
3.737847847847787230e-01
2.457434934934943982e+01
6.155885885885957753e-01
4.353052052052044374e+00
2.664638638638622048e+00
6.932592592592663472e-01
0.000000000000000000e+00
6.002112112112055753e-01
9.672232232232251814e-01
5.948138138138107101e-01
8.633183183183025244e-01
2.246246246246230427e-01
6.572776776776767527e+00
6.900800800800763746e-01
8.361961961962056933e-02
8.648798798798736920e-01
7.095245245245253018e-01
4.873573573573646706e-02
1.682584484484484477e+01
8.086546546546680148e-01
5.726986986986929429e-01
1.277525525525510686e+00
6.588938938938984080e-01
4.851240240240229262e+00
0.000000000000000000e+00
0.000000000000000000e+00
7.116636636636676227e-01
2.610890890890938953e-01
1.330426626626619679e+01
7.691441441441384530e-01
1.186786786786781650e-02
5.171351351351350933e-01
7.801691691691752251e-01
0.000000000000000000e+00
2.214573573573571874e+00
1.484117617617616602e+01
5.527787787787765694e-01
1.791421421421438565e-01
1.255165165165170182e-01
2.382091091091107948e+00
3.935835835835858193e-02
1.828823423423418504e+01
0.000000000000000000e+00
5.987967967967929850e-01
0.000000000000000000e+00
7.232022022021998842e-01
2.490240240240276792e-01
0.000000000000000000e+00
7.017807807807817655e-01
1.940250250250294128e-01
1.067987487487483200e+01
2.406366366366318732e-01
6.341561561561608329e-01
2.500810810810806251e-01
1.577417417417438794e-01
3.544004004003976083e-01
8.116966966966840946e-01
1.781901901901889462e-01
1.319517517517509564e+00
1.000000000000008044e-03
6.762352352352469786e-01
7.191181181181117710e-01
1.584515515515518835e+00
6.624364364364392355e-01
1.114384384384383031e+00
7.226176176176161148e-01
1.000000000000010429e-03
5.601141141141070534e-01
3.473873873873881829e-02
2.765585585585612627e-01
1.472355755755753748e+01
1.809376076076076245e+01
5.580020020019941240e-01
6.543943943943955621e-02
6.443263263263285801e-01
1.765845345345344697e+01
7.969519519519588924e-01
7.434894894894725770e-01
2.539819819819791324e-01
6.940020020019947999e-01
1.055595595595576891e-01
7.188288288288274819e-01
2.084982982982978328e+01
1.530010010010036392e-01
1.000000000000009995e-03
9.739889889889903341e-01
1.226555855855854560e+01
4.900540540540457846e-01
8.710890890890889970e-01
1.233873873873858606e-01
1.468762762762767515e+00
1.399159159159183152e-01
0.000000000000000000e+00
1.345345345345330679e-01
6.617591591591663658e+00
1.475017017017007603e+00
2.631140140140145078e+01
0.000000000000000000e+00
4.634874874874844730e-01
6.446066066065925249e-01
4.823693693693691387e-01
4.483583583583643922e-02
6.658958958958961505e-01
6.745085085084983056e-01
1.628648648648636510e-01
3.343314314314311808e+00
0.000000000000000000e+00
4.485885885885814578e-02
8.169919919919857998e-01
1.000000000000002840e-03
1.314864864864845884e-01
4.683553553553630455e-01
5.656846846846897980e-01
3.436673673673686924e+00
6.019649649649715384e-01
2.147327327327364088e-01
6.581981981981959162e-01
2.434334334334291305e-01
4.289189189189205331e-01
3.781691691691737023e-01
0.000000000000000000e+00
2.790539539539556468e+00
1.233873873873859300e-01
2.114024024024075132e-01
0.000000000000000000e+00
2.153753753753788469e-02
0.000000000000000000e+00
6.017577577577564174e-01
7.868268268268147070e-02
3.340190190190185926e-01
3.987987987988032661e-03
7.704054054054007006e-01
5.435455455455324714e-01
8.989849849849781416e-01
7.335145145145199885e-01
9.084744744744812639e-01
8.687587587587648486e-01
7.474133133133174844e+00
1.833513013013015680e+01
7.870940940940955866e-01
5.139109109109195606e-01
3.148039039039050913e+00
1.540540540540567271e-01
1.324376376376384279e+00
0.000000000000000000e+00
1.516414414414435141e+00
6.895265265265274612e-01
0.000000000000000000e+00
6.727177177177137146e-01
3.666666666666719421e-02
0.000000000000000000e+00
1.767797797797826753e+00
1.077778778778783497e+01
1.184414414414425160e-01
5.451431431431458252e-01
7.628018018018170032e-01
1.266417417417420976e+00
4.926706706706717176e-01
6.374434434434411711e-01
3.046546546546450435e-02
5.917657657657700021e-01
1.284384384384365703e-02
7.472172172172254490e-01
1.052091091091075237e+00
7.133103103103158871e-01
6.823643643643547696e-01
2.245995995996007688e-01
1.876876876876876765e-01
6.920970970970873326e-01
7.951051051051076513e-02
1.806845845845852283e+00
1.407441441441434016e+00
2.800860860860820978e-01
1.366187187187184238e+00
1.000000000000004358e-03
2.372412412412349125e-01
2.400390390390357842e-01
6.626886886886916850e-01
9.031781781781828000e-01
1.997997997998046237e-03
5.227967967967867002e-01
6.699959959959945754e-01
1.876709409409413354e+01
1.575975975975990248e-02
2.259558558558563135e+00
3.194294294294370423e-02
1.035645645645660307e-01
2.526620620620621427e+00
9.198828828828662374e-01
6.428878878878906411e-01
6.859259259259241348e-02
1.193499299299297256e+01
1.107686686686708111e+00
7.198738738738857945e-01
5.134334334334263172e-02
1.935495495495531959e-01
5.287337337337443266e-01
9.596496496496365047e-01
1.807837837837825035e+00
0.000000000000000000e+00
2.993993993994002473e-03
1.826136136136099486e-01
4.917627627627557674e-01
6.872872872872992644e-01
1.516174174174189204e+00
9.031701701701830842e-01
7.187447447447392612e-01
2.185465465465440960e-01
0.000000000000000000e+00
0.000000000000000000e+00
8.443313313313256518e-01
6.757297297297319982e-01
9.145495495495565841e-01
4.979979979979971133e-03
9.174844844844677327e-01
2.282464464464477594e+00
1.402342342342349779e-01
6.490740740740725379e+00
7.801111111111226348e-01
1.047649649649661896e+00
6.611311311311321992e-01
1.725935935935930310e+00
7.231741741741775087e-01
0.000000000000000000e+00
6.253683683683671779e-01
9.629909909909915022e-01
2.439939939939887378e-02
7.164994994994975386e-01
6.663673673673662368e-01
8.061483483483483425e+00
1.784707707707701818e+00
3.210630630630619819e-01
4.071981981982035759e-01
5.991991991992132865e-03
1.949699699699706801e-01
0.000000000000000000e+00
2.329079079079123260e-01
6.034574574574588235e-01
1.176366366366352334e-01
2.853993993994004552e-01
6.382772772772806746e-01
3.053515515515507150e+00
5.251280280280300694e+00
4.146966966966960655e-01
0.000000000000000000e+00
1.284384384384379581e-02
3.873845845845845570e+00
4.662772772772704744e-01
8.230870870870801159e-01
8.005875875875916314e-01
0.000000000000000000e+00
4.391651651651616861e-01
6.859259259259241348e-02
0.000000000000000000e+00
4.154272272272294231e+00
7.656646646646549925e-01
6.723463463463373868e-01
2.468978978979028127e-01
8.177277277277272827e-01
2.149619619619579369e-01
7.700920920920812929e-01
1.636259259259253307e+00
7.091461461461456839e-01
4.564804804804785121e-01
0.000000000000000000e+00
8.338768768768810569e-01
3.134485485485479561e+00
5.785255255255203899e-01
4.789989989990052766e-01
0.000000000000000000e+00
6.977977977977973569e-03
6.260940940940930011e-01
9.917907907907819176e-01
2.669339339339326655e-01
1.304144144144125106e-01
1.554488488488484199e+00
1.129672672672673706e+01
9.803133133133139498e-01
1.121993993993993577e+00
1.196650650650661785e+00
1.796986986986951196e-01
2.292042042042080618e-01
1.398098298298299547e+01
9.779718718718703130e+00
5.054764764764735352e-01
6.269649649649543521e-01
1.012786786786800342e+00
6.418608608608589172e-01
7.611181181181152500e-01
2.036726726726702519e-01
0.000000000000000000e+00
9.909909909909864201e-03
5.498238238238163378e-01
3.717185185185215346e+00
7.256506506506568144e-01
8.520456456456479089e+00
4.554213213213229139e+00
2.394081081081051110e+00
5.255165165165136543e-01
1.587787787787780028e-02
7.807507507507422950e-01
5.784444444444448719e-01
0.000000000000000000e+00
1.431252552552561674e+01
3.951871871871883157e-01
2.750420420420401912e-01
7.284354354354333205e-01
8.281321321321419848e-01
7.491351351351379639e-01
7.560120120120044085e-01
1.108863863863867705e+00
0.000000000000000000e+00
0.000000000000000000e+00
9.110251251251254345e+00
5.478518518518500358e-01
8.945686686686705968e+00
1.509259259259269348e-01
4.652952952953009480e-01
0.000000000000000000e+00
6.071321321321325293e+00
0.000000000000000000e+00
2.273079079079091347e+00
0.000000000000000000e+00
3.981851851851807567e-01
5.291837837837840119e+00
6.827687687687736817e-01
6.745615615615635496e-01
1.404456656656658886e+01
9.233983983983955479e-01
8.871381381381379105e-01
2.993993993994004208e-03
5.852882882882844973e-01
0.000000000000000000e+00
8.106896896896874649e-01
4.276462462462492731e+00
1.487787787787832675e-02
5.561808808808843096e+00
2.066966066066067853e+01
6.269839839839779216e-01
0.000000000000000000e+00
7.060720720720712329e-01
1.001641541541543745e+01
1.061279279279280674e+00
5.398378378378356768e-01
1.082001401401401353e+01
0.000000000000000000e+00
3.647597597597647123e-01
0.000000000000000000e+00
7.027427427427411499e-02
1.156418018018017868e+01
1.132132132132109420e-01
1.859177177177174345e+00
1.245423423423409837e+00
7.902642642642758730e-01
3.844594594594620829e-01
1.992142142142126759e-01
1.520740740740745001e-01
4.733843843843924537e-01
1.421771771771765946e+00
7.307847847847968037e-01
7.838608608608638173e-01
1.575975975975979493e-02
2.714664664664699911e-01
2.958284284284263155e+00
8.036342342342337020e+00
6.104294294294299039e-01
5.575435435435366349e-01
8.815835835835870160e-01
1.997997997998013711e-03
1.672540440440441500e+01
6.158708708708635626e-01
2.906886886886886900e-01
1.153449449449447828e+00
4.561121121121101685e-01
6.190980980980966830e-01
1.152651651651658504e+00
4.119219219219173028e-02
3.311631631631669626e-01
0.000000000000000000e+00
3.450550550550587903e-01
9.300810810810873352e-01
1.716411411411408849e+01
1.462499899899902545e+01
7.370750750750787450e-01
2.408318318318347917e-01
7.377647647647795903e-01
5.351541541541456892e-01
7.925335335335348397e-01
2.106096096096094217e-01
8.444114114114150693e-01
0.000000000000000000e+00
1.085211211211194682e+00
7.021021021020985575e-01
6.708898898898819629e-01
6.616086086086008233e-01
9.522292292292162674e-01
2.415925925925876683e-01
1.855522122122118134e+01
6.157057057057164773e-01
2.117296296296292457e+00
6.367867867867937903e-01
8.638828828828885031e-01
4.655915915915870840e-01
6.133993993993992477e-01
5.766786786786782804e-01
2.130553553553570900e+00
7.338888888888981388e-01
5.745205205205283772e-01
7.375485485485452353e-01
0.000000000000000000e+00
4.633173173173244508e-01
5.554654654654658241e-01
7.888238238238193256e-01
7.083543543543512344e-01
1.013599599599599443e+00
1.540540540540568382e-01
2.993993993994002040e-03
1.372412412412396809e-01
0.000000000000000000e+00
5.243193193193181889e-01
0.000000000000000000e+00
1.030180180180188670e-01
7.082092092092153734e-01
6.803553553553625122e-01
1.575975975975993718e-02
1.057057057057039923e-01
2.076553553553557308e+00
6.056156156156182746e-01
2.968343343343350149e+00
1.000000000000003924e-03
0.000000000000000000e+00
7.947487487487514546e-01
5.969969969969935418e-03
0.000000000000000000e+00
5.242582582582623330e-01
1.403574574574576017e+00
0.000000000000000000e+00
7.532232232232255464e-01
6.423863863863843449e-01
9.237397397397439924e-01
5.969969969969897254e-03
4.979979979979967664e-03
