1.076487487487490124e+00
7.222362362362380050e-01
0.000000000000000000e+00
5.685035035035116424e-01
1.291575575575580004e+00
5.570040040040011853e-01
2.268178178178148208e-01
7.096166166166271161e-01
2.303493493493498634e-01
6.519389389389361744e-01
2.072756956956975927e+01
1.197987987988003711e-01
0.000000000000000000e+00
3.576116116116073718e-01
5.077537537537490930e-01
1.881964964964955245e+00
0.000000000000000000e+00
0.000000000000000000e+00
1.147801201201204258e+01
4.504264264264261630e-01
0.000000000000000000e+00
3.605925925925923536e-01
8.502362362362333448e-01
2.117957957958000736e-01
0.000000000000000000e+00
0.000000000000000000e+00
7.731271271271191736e-01
1.000000000000003707e-03
0.000000000000000000e+00
6.647997997997954212e-01
1.746204204204219179e+00
3.306306306306260739e-02
2.168168168168180254e-01
3.079199199199186276e-01
7.564274274274294108e-01
6.460760760760738686e-01
2.174616116116117581e+01
1.099356056056061171e+01
2.258898898898927254e-01
8.208488488488427937e-01
3.037480480480461154e+00
4.108738738738800245e-01
8.211411411411320138e-01
6.172142142142167387e-01
7.625365365365287529e-01
0.000000000000000000e+00
3.807277277277330008e-01
0.000000000000000000e+00
8.768168168168118948e-01
4.550041041041048118e+00
6.913983983983977843e-01
0.000000000000000000e+00
2.818718718718793426e-02
2.580880880880918049e-01
8.678748748748665864e-01
1.906696696696698334e-01
6.971311311311311210e-01
2.222412412412471949e-01
1.469908908908911904e+00
6.788968968969048001e-01
1.316480480480486115e+01
3.911571571571623163e-01
9.279413413413401202e+00
0.000000000000000000e+00
5.637477477477534915e-01
5.985985985986123567e-03
1.622662662662670341e+00
6.662802802802759716e-01
2.495735735735719329e-01
1.769369369369377248e-02
1.018959959959954809e+00
0.000000000000000000e+00
8.041231231231322774e-01
9.536246246246258274e-01
1.094594594594575955e-02
1.387426326326330539e+01
6.423833833833938467e-01
7.064414414414423860e-01
8.614345345345340021e+00
3.292562562562544315e-01
6.101111111111076069e-01
6.293943943943970387e-01
3.316716716716665292e-02
1.821048048048057311e+00
1.320459459459441875e+00
9.421041041041084974e-01
5.062402402402452761e-01
8.264294294294219911e-01
3.749929929929953776e-01
2.192432432432488421e-01
9.951951951951977862e-03
5.078228228228288677e-01
2.453153153153097080e-02
7.789619619619676527e-01
6.090470470470503717e-01
4.222202202202179899e-01
8.127117117117298450e-01
7.285095095095078799e-01
4.375955955955898591e-01
1.538544144144138848e+01
1.208126126126128685e+00
0.000000000000000000e+00
8.927927927927953658e-03
3.882072072072108693e+00
2.392142142142116568e-01
7.050630630630744244e-01
4.796186186186202627e-01
2.865875875875863454e-01
2.475435435435400511e-01
8.819409409409337819e-01
2.447687687687754021e-01
2.993993993993997703e-03
1.000000000000019103e-03
1.081752752752751512e+00
7.511051051051067518e-01
2.157957957957924375e-02
0.000000000000000000e+00
9.826676676676706634e-01
6.229539539539546977e-01
2.456886886886898047e+00
1.885119119119131215e+00
3.369879879879844609e-01
1.551111111111125873e-01
4.935925925925854774e-01
7.581901901902086127e-01
2.743653653653577718e-01
6.818538538538447824e-01
1.381781781781803511e-02
3.675661661661582702e+00
0.000000000000000000e+00
0.000000000000000000e+00
1.000000000000006526e-03
0.000000000000000000e+00
6.958738738738641239e-01
5.197337337337385454e-01
4.985855855855858998e+00
2.449159159159109145e-01
1.356129129129122646e+00
6.003623623623605132e-01
0.000000000000000000e+00
4.874374374374464969e-01
6.441391391391397825e-01
0.000000000000000000e+00
7.453193193193198285e-01
2.202912912912938226e-01
7.336346346346427350e-01
5.366406406406423191e-01
2.166026026026018347e-01
6.370070070070099622e-01
1.997997997997974246e-03
9.734364364364519462e-01
6.701241241241309154e-01
0.000000000000000000e+00
9.381171171170989975e-01
1.807798798798788020e+00
5.650480480480399859e-01
8.035125125125099910e-01
1.987639639639630529e+00
5.559619619619633468e-01
1.965765765765755194e-02
2.153753753753786734e-02
0.000000000000000000e+00
7.029429429429306930e-02
4.217639639639653382e+00
8.109229229229186764e-01
1.827746046046048178e+01
6.957957957957836177e-03
7.119419419419440453e-01
2.965607607607609442e+00
7.166556556556641366e-01
3.006906906906893495e-02
6.491831831831917921e-01
4.826096096096061383e-01
0.000000000000000000e+00
2.596386386386351219e-01
2.845451451451473268e+00
6.604714714714708945e-01
6.516516516516519808e-02
2.724324324324316898e-02
4.370420420420393359e-01
9.909909909909865935e-03
8.397437437437474950e-01
1.107307307307293098e-01
7.711421421421367217e-01
1.200060060060088724e-01
5.031291291291319911e-01
8.073623623623704670e-01
4.235225225225158208e-01
5.099439439439503730e-01
1.219579579579563172e-01
7.336476476476579967e-01
9.178808808808825992e-01
6.333603603603595866e-01
7.666506506506505225e-01
1.000000000000000238e-03
9.854194194194322298e-01
0.000000000000000000e+00
7.786256256256202102e-01
0.000000000000000000e+00
6.138502502502501734e+00
3.249871871871865991e+00
6.016966966966885710e-01
6.021221221221384479e-02
0.000000000000000000e+00
7.377397397397446044e-01
0.000000000000000000e+00
1.271570570570582204e+00
0.000000000000000000e+00
3.987987987988026589e-03
1.680800800800784922e-01
1.726968368368360629e+01
2.482232232232262359e-01
1.181961961961974089e-01
2.986166166166165925e-01
8.016006006006001217e-01
1.405228228228226328e+01
7.090382382382393267e+00
7.597904904904904555e+00
2.269709709709729906e-01
6.006956956957011373e-01
4.504614614614619872e-01
2.409109109109064950e-01
1.542411411411443112e+00
0.000000000000000000e+00
6.145711711711716596e+00
5.629969969970026744e-01
9.011721721721698275e-01
3.476486486486498606e-01
2.091936936936950708e+00
4.985855855855798047e-01
0.000000000000000000e+00
2.830290290290287114e-01
7.852232232232202458e-01
7.746746746746689949e-01
2.512431431431422446e+00
1.401911911911911446e+00
2.764539539539542012e+00
6.866406406406340146e-01
6.228488488488503894e-01
4.244784784784720877e-01
5.158378378378433160e-01
4.311701701701689537e-01
0.000000000000000000e+00
1.438678678678675382e-01
7.646186186186100242e-01
8.410880880880819976e-01
5.775242242242245361e+00
6.866976976976989500e-01
3.207017017016978166e-01
4.971981981982008802e-01
7.359139139139139196e-01
7.715465465465476402e-01
1.151011011010993207e-01
1.672772772772787922e-02
2.188898898898916090e-01
3.028130130130129771e+00
4.439819819819758040e-01
1.449988988988989203e+00
1.240618618618627655e+00
7.913853853853815012e-01
0.000000000000000000e+00
0.000000000000000000e+00
5.739889889889883134e-01
2.520583583583573706e+00
1.242318618618618764e+01
6.166186186186159990e-01
1.906341341341353468e+00
5.865255255255285016e-01
3.411831831831773632e-01
5.879499499499422077e-01
7.345455455455531801e-01
2.095393393393366832e+00
0.000000000000000000e+00
2.244475475475479875e+00
0.000000000000000000e+00
1.997997997998008941e-03
9.429489489489289999e-01
8.848448448448290038e-02
1.000000000000018886e-03
9.683153153153170045e-01
6.921111111110979097e-01
5.130345345345330266e+00
6.044174174174155034e-01
5.474974974974849973e-01
1.802559559559553382e+00
7.684344344344469224e-01
7.407350350350337287e+00
7.433143143143121634e-01
7.845395395395443616e-01
2.374684684684658653e-01
7.227577577577499746e-01
4.845212212212218539e+00
8.123123123123215938e-01
0.000000000000000000e+00
9.385825825825838686e-01
6.003573573573606215e-01
2.272627627627611169e+00
2.065565565565542078e-02
7.912662662662650614e-01
8.524924924925139647e-02
6.597977977978034536e-01
5.772542542542572486e-01
3.883713713713754512e-01
5.515615615615637735e-01
0.000000000000000000e+00
6.875775775775767595e-01
4.483583583583648779e-02
2.192432432432490363e-01
7.103523523523458394e-01
5.951931931931904174e-01
1.000000000000014332e-03
1.997997997998016313e-03
7.348098098097948228e-01
4.679679679679776272e-01
0.000000000000000000e+00
0.000000000000000000e+00
6.168308308308245724e-01
9.193653653653514057e-01
8.500490490490576478e-01
0.000000000000000000e+00
1.325242242242235635e+00
2.562762762762808011e-01
2.363862862862848413e+00
1.495089089089097323e+00
2.136498498498478060e+00
6.426866866866802752e-01
4.716878878878865144e+00
6.636316316316339670e-01
6.220830830830881286e-01
0.000000000000000000e+00
6.393063063063130214e-01
7.625365365365296411e-01
8.258358358358390827e-01
9.927927927927926791e-03
7.611121121121093847e-01
3.468958958959006966e-01
1.102342342342356313e-01
5.372752752752828487e-01
4.697937937937921582e-01
9.799799799799870093e-02
8.076266266266259874e-01
0.000000000000000000e+00
2.057957957957898265e-02
1.769369369369376208e-02
0.000000000000000000e+00
2.035067367367364355e+01
6.285445445445468904e-01
6.339387387387397155e+00
2.785185185185159451e-01
9.103453453453476119e-01
1.147577577577570507e+00
9.831671671671752266e-01
1.997997997998018482e-03
4.122662662662605615e-01
4.987987987988043957e-03
2.333223223223224618e+00
1.000000000000000021e-03
1.076098098098112965e+00
8.160450450450432713e-01
0.000000000000000000e+00
1.438678678678679823e-01
3.006906906906893148e-02
0.000000000000000000e+00
1.615565565565555417e-01
0.000000000000000000e+00
3.888838838838821754e-01
2.977087087087015860e-01
1.018597597597589610e+00
1.200960160160159873e+01
2.056846846846829002e-01
7.114214214214255316e-02
0.000000000000000000e+00
1.921421421421384002e-01
1.000000000000006743e-03
7.500590590590578977e-01
0.000000000000000000e+00
6.677137137137204581e-01
2.480390390390345978e-01
6.945795795795778327e-01
5.644444444444514097e-01
3.232506506506505950e+00
8.673813813813867624e-01
0.000000000000000000e+00
2.993993993994000739e-03
5.606396396396422510e-01
4.962212212212107065e-01
3.593263263263318241e-01
9.921181181180972475e-01
5.291691691691556565e-02
3.334448448448461555e+00
1.039328428428431828e+01
5.730320320320309024e-01
1.949699699699706801e-01
5.038398398398505895e-01
6.935885885885956226e-01
7.927637637637627854e-01
6.142772772772799872e-01
1.565205205205176531e-01
7.439739739739726909e-01
1.406437437437432658e+00
6.964004004004016313e-01
8.191981981982132677e-01
1.002296996996997080e+01
3.707207207207201538e-01
1.348437737737738118e+01
7.080340340340318672e-01
4.513413413413379649e-01
1.933992992992972226e+00
6.444654654654622394e-01
6.967847847847824516e-01
0.000000000000000000e+00
1.597945945945948409e+00
1.865785785785808448e-01
6.288878878878865208e-01
8.653881881881900995e+00
1.002848848848847618e+00
9.962100100100073519e+00
9.281501501501544515e-01
1.425585585585593396e-01
9.586596596596649311e-01
6.738768768768821360e-01
8.493673673673746150e-01
4.979979979979968531e-03
2.376936936936918932e-01
1.394575675675678639e+01
1.171941941941937460e+00
2.698269269269274684e+00
2.993993993993999871e-03
6.086836836836755360e-01
4.180470470470417088e-01
1.844825825825818333e+00
1.000000000000013899e-03
6.773873873873940965e-02
0.000000000000000000e+00
1.274092092092097284e+00
7.247567567567563263e-01
1.107307307307291017e-01
4.086769769769759364e+00
4.438908908908829609e-01
9.951951951951962250e-03
2.433543543543555399e-01
7.591891891891983102e-01
9.992062062061921601e-01
1.472874274274279571e+01
2.252351351351349784e+00
0.000000000000000000e+00
0.000000000000000000e+00
1.129799799799781346e-01
2.022971971971990968e+00
8.562352352352384788e-01
0.000000000000000000e+00
4.214034034034074838e-01
5.823603603603664247e-01
6.780010010009982491e-01
5.179219219219305392e-01
8.288048048048082261e-01
1.095710710710711577e+00
8.657447447447473854e-01
7.208768768768842872e-01
0.000000000000000000e+00
0.000000000000000000e+00
8.688268268268284356e-01
7.169769769769944456e-02
0.000000000000000000e+00
2.047147147147144464e-01
1.552912912912942645e-01
1.126476476476454269e-01
8.522812812812687877e-01
7.216796796796799418e-01
7.359709709709699732e-01
2.174564564564527569e-01
0.000000000000000000e+00
2.518598598598644767e-01
1.391229229229234976e+00
8.296746746746791468e-01
1.278228228228233565e+00
3.870490490490463564e-01
3.091691691691664245e-01
2.609379379379379582e-01
6.840150150150230424e-01
8.011761761761679868e-01
1.534247247247243173e+01
6.774444444444372992e-01
5.957537537537539452e-01
5.071971971971884763e-01
8.869329329329285194e-01
1.814333333333322029e+00
3.849989989989965888e-01
3.632332332332268710e-01
0.000000000000000000e+00
7.688728728728774220e-01
2.681451451451411505e-01
9.382082082082188190e-01
1.891801801801838434e-01
1.000000000000000021e-03
3.987987987988032661e-03
6.509169169169214397e-01
1.997997997997982486e-03
0.000000000000000000e+00
3.927627627627551798e-01
4.400808808808824857e+00
9.369959959960092455e-01
4.907866866866873679e+00
0.000000000000000000e+00
1.815375375375410938e-01
7.900500500500485801e-01
2.993993993994003341e-03
8.375325325325309045e-01
8.603223223223331884e-01
0.000000000000000000e+00
1.011533533533523377e+00
1.129917317317313952e+01
3.785915915915967211e-01
6.617527527527552467e-01
2.138821821821797808e+00
7.826416416416404065e-01
7.227497497497540335e-01
8.146506506506469014e-01
0.000000000000000000e+00
5.021131131131110203e-01
1.360234234234253714e+00
3.771751751751806214e-01
1.250636636636647481e+00
7.004684684684672202e-01
1.938316316316292420e+00
0.000000000000000000e+00
6.728388388388425456e-01
4.483583583583657800e-02
6.666096096096144619e-01
1.956683683683680064e+00
8.358277277277254669e+00
2.480878878878886695e+00
2.983243243243283160e-01
0.000000000000000000e+00
3.650769769769774076e+00
7.389709709709636476e-01
3.927477477477435142e-01
6.048426426426409819e+00
6.559959959959937859e-01
1.672772772772785146e-02
8.070860860860924468e-01
6.881221221221228701e-01
0.000000000000000000e+00
8.107567567567669498e-01
2.344744744744707565e-02
9.467257257257204461e-01
0.000000000000000000e+00
7.118978978979099148e-01
5.467467467467448383e-01
1.997997997998012410e-03
3.438964964964967397e+00
3.100700700700726592e-02
2.050889889889889073e+00
7.004524524524441409e-01
8.198198198198056175e-02
8.002292292292434439e-01
0.000000000000000000e+00
1.017536536536531200e+00
3.778438438438389557e-01
2.670032932932926428e+01
6.566426426426392737e-01
4.545876876876879358e+00
2.789612612612644593e+00
7.174594594594512209e-01
1.000000000000008694e-03
6.217657657657653658e-01
1.015789789789795172e+00
6.185655655655704077e-01
9.000490490490603568e-01
2.255765765765780362e-01
6.966740740740718252e+00
6.889199199199239620e-01
8.116016016016018575e-02
9.144884884884906251e-01
7.298618618618583076e-01
5.422922922923067990e-02
1.827034934934932764e+01
8.754854854854975388e-01
5.795425425425367871e-01
1.315598598598610280e+00
6.914254254254192933e-01
5.125468468468461047e+00
0.000000000000000000e+00
1.000000000000007610e-03
7.394814814814758552e-01
2.934344344344282374e-01
1.413224324324322367e+01
8.139769769769767960e-01
1.284384384384382009e-02
5.558498498498548601e-01
8.303123123123169469e-01
0.000000000000000000e+00
2.268720720720722284e+00
1.549418118118118315e+01
5.608318318318329387e-01
1.978418418418450009e-01
1.304144144144122053e-01
2.509961961961967525e+00
4.754754754754666329e-02
1.943691391391390866e+01
0.000000000000000000e+00
6.359399399399410235e-01
0.000000000000000000e+00
7.545175175175156124e-01
2.496736736736703544e-01
0.000000000000000000e+00
7.013993993994064313e-01
1.876876876876876765e-01
1.140283383383382443e+01
2.394234234234256797e-01
6.730000000000101457e-01
2.502342342342292469e-01
1.613573573573579001e-01
3.999949949949888617e-01
8.363203203203202207e-01
1.814214214214235898e-01
1.406019019019010274e+00
1.997997997998013277e-03
7.364954954954935351e-01
7.199799799799733169e-01
1.684794794794802542e+00
6.829029029028987896e-01
1.154225225225214313e+00
7.238558558558515488e-01
1.000000000000010429e-03
5.804154154154256284e-01
4.301801801801790476e-02
2.824574574574576502e-01
1.582705605605604049e+01
1.974011411411424177e+01
5.769479479479512340e-01
7.542442442442513773e-02
6.554814814814845514e-01
1.894072272272263646e+01
8.565425425425526873e-01
8.243313313313199719e-01
2.562212212212186535e-01
7.233373373373339632e-01
1.351351351351382513e-01
7.631261261261319540e-01
2.265033833833843957e+01
1.579079079079102055e-01
1.000000000000009995e-03
1.036122122122126399e+00
1.302998698698697311e+01
5.133593593593568372e-01
8.916736736736676772e-01
1.290250250250220831e-01
1.650136136136132414e+00
1.419009009009008782e-01
0.000000000000000000e+00
1.432142142142134589e-01
7.235934934934948437e+00
1.569102102102092777e+00
2.802613713713714105e+01
0.000000000000000000e+00
4.641721721721793759e-01
6.548138138138188680e-01
5.010600600600675358e-01
5.024124124124081797e-02
6.857457457457436512e-01
6.855695695695682712e-01
1.668988988988975297e-01
3.538546546546545546e+00
0.000000000000000000e+00
4.786286286286248887e-02
8.665515515515408440e-01
1.000000000000002840e-03
1.364714714714697907e-01
5.003543543543578220e-01
6.309809809809804326e-01
3.648322322322313127e+00
6.067547547547587072e-01
2.166196196196160106e-01
6.960430430430494253e-01
2.483343343343309140e-01
4.645755755755832661e-01
3.566716716716746838e-01
0.000000000000000000e+00
2.969839839839868656e+00
1.276276276276303023e-01
2.102102102102073322e-01
0.000000000000000000e+00
3.287687687687661925e-02
0.000000000000000000e+00
6.418228228228335386e-01
8.687087087086996229e-02
3.391501501501446025e-01
3.987987987988032661e-03
7.846636636636622475e-01
5.701361361361360069e-01
9.436946946946955794e-01
7.722272272272315830e-01
9.881261261261358175e-01
9.194744744744692833e-01
7.920118118118059769e+00
2.038321421421424162e+01
8.010070070070077763e-01
5.642142142142184680e-01
3.348418418418417808e+00
1.559069069069054791e-01
1.373439439439442689e+00
0.000000000000000000e+00
1.620115115115119409e+00
6.970990990991008385e-01
0.000000000000000000e+00
7.010910910910924665e-01
4.143243243243244917e-02
0.000000000000000000e+00
1.817136136136129343e+00
1.166023923923923178e+01
1.348698698698711229e-01
5.693873873873890323e-01
8.179669669669652476e-01
1.373013013012991390e+00
5.085525525525483870e-01
6.557077077077066996e-01
3.715315315315303318e-02
6.105845845845868647e-01
1.478978978979025166e-02
7.591931931931954480e-01
1.048555555555572560e+00
7.191961961961922389e-01
7.372062062062089138e-01
2.294244244244201258e-01
1.959069069069094282e-01
7.482302302302193953e-01
8.298198198198192266e-02
1.950509509509513295e+00
1.523783783783778878e+00
3.297527527527598368e-01
1.458447447447458689e+00
1.997997997998004170e-03
2.376936936936918932e-01
2.400390390390357565e-01
6.642232232232190281e-01
9.587657657657705501e-01
1.997997997998046237e-03
5.866206206206272533e-01
7.028418418418480584e-01
2.042955755755752989e+01
1.961961961961960349e-02
2.318625625625634346e+00
3.006906906906892107e-02
1.200660660660681084e-01
2.606506506506494070e+00
9.658668668668827229e-01
6.683863863863840349e-01
7.129429429429505471e-02
1.260861961961963296e+01
1.218472472472458268e+00
7.445995995995950967e-01
5.945045045044904802e-02
1.926276276276268629e-01
5.383253253253198478e-01
1.006946946946929877e+00
1.900686686686697380e+00
0.000000000000000000e+00
2.993993993994002473e-03
2.043423423423405549e-01
5.118838838838747352e-01
7.322622622622532162e-01
1.656142142142148499e+00
9.297247247247190094e-01
7.331131131131055634e-01
2.204634634634621282e-01
0.000000000000000000e+00
0.000000000000000000e+00
9.023603603603539414e-01
6.927917917917880697e-01
9.577597597597592438e-01
5.969969969969990062e-03
9.629379379379503501e-01
2.382020020020013451e+00
1.523403403403394141e-01
7.013938938938930612e+00
8.285145145145210721e-01
1.118804804804795383e+00
6.623813813813886897e-01
1.796238238238226037e+00
7.822282282282269072e-01
0.000000000000000000e+00
6.502692692692724208e-01
1.006226226226226039e+00
2.912912912912963073e-02
7.477367367367419027e-01
6.685745745745713675e-01
8.570845845845813216e+00
1.916255255255279177e+00
3.551971971972006092e-01
4.243873873873886815e-01
1.000000000000006526e-03
2.009169169169151004e-01
0.000000000000000000e+00
2.317787787787814191e-01
6.312622622622732216e-01
1.304854854854851642e-01
3.291181181181206394e-01
6.631941941942038898e-01
3.252992992992977062e+00
5.668913913913913305e+00
4.424654654654662789e-01
0.000000000000000000e+00
1.381781781781787032e-02
4.065040040040040381e+00
4.762672672672722540e-01
8.535805805805840585e-01
8.234494494494567496e-01
0.000000000000000000e+00
4.631221221221287765e-01
7.283183183183294940e-02
0.000000000000000000e+00
4.398000000000005016e+00
7.850150150150189132e-01
6.915855855855883583e-01
2.491991991992033029e-01
8.815555555555600886e-01
2.193543543543531038e-01
7.923863863863818136e-01
1.721972972972962479e+00
7.163663663663586423e-01
4.797057057056995921e-01
0.000000000000000000e+00
8.434624624624688094e-01
3.367598598598565474e+00
6.203713713713655542e-01
4.769079079078999972e-01
0.000000000000000000e+00
9.955955955956113587e-03
6.574954954955012365e-01
1.036811811811810813e+00
2.741411411411386334e-01
1.358918918918935737e-01
1.644740740740751272e+00
1.215195595595599087e+01
1.058577577577580975e+00
1.190929929929917641e+00
1.263213213213224995e+00
1.795105105105127830e-01
2.277277277277320600e-01
1.496333833833829985e+01
1.059655855855860729e+01
5.384804804804806944e-01
6.648988988988993043e-01
1.050805805805810289e+00
6.721671671671657355e-01
7.852682682682591286e-01
2.151691691691714758e-01
0.000000000000000000e+00
1.186786786786791018e-02
5.854114114114103984e-01
4.074781781781785739e+00
7.760820820820810706e-01
9.345771771771779868e+00
5.071181181181161790e+00
2.502837837837860846e+00
5.272122122122041565e-01
2.376976976976914735e-02
8.371171171171112313e-01
6.053843843843877970e-01
0.000000000000000000e+00
1.543256056056055847e+01
4.101411411411356456e-01
2.796226226226266598e-01
7.315655655655669554e-01
8.539549549549628749e-01
7.505765765765911590e-01
7.856076076076089487e-01
1.171048048048042967e+00
1.000000000000008044e-03
0.000000000000000000e+00
9.883433433433436832e+00
5.805155155155125035e-01
9.362664664664688274e+00
1.521831831831846338e-01
5.336046046046051261e-01
0.000000000000000000e+00
6.487913913913916808e+00
0.000000000000000000e+00
2.447969969969945758e+00
0.000000000000000000e+00
4.065105105105184524e-01
5.926365365365322546e+00
6.906976976977000637e-01
6.987127127127227277e-01
1.508642442442440945e+01
9.661201201201320421e-01
9.284484484484312183e-01
2.993993993994002473e-03
6.356076076076175863e-01
0.000000000000000000e+00
8.597677677677758590e-01
4.393303303303254914e+00
1.684784784784757253e-02
5.747137137137143803e+00
2.232360360360344487e+01
6.600330330330306250e-01
0.000000000000000000e+00
7.694244244244229369e-01
1.054649649649648957e+01
1.144407407407420418e+00
5.583373373373446968e-01
1.159747347347345681e+01
0.000000000000000000e+00
3.903793793793757239e-01
0.000000000000000000e+00
7.484984984985096346e-02
1.212755455455453024e+01
1.183493493493514431e-01
1.958350350350327895e+00
1.307618618618620943e+00
8.065015015015065680e-01
3.949439439439442756e-01
2.041141141141125659e-01
1.518478478478479943e-01
5.217727727727804465e-01
1.539358358358356105e+00
7.415435435435413503e-01
8.197777777777857100e-01
2.057957957957904510e-02
2.922252252252251492e-01
3.140082082082087833e+00
8.508946946946972290e+00
6.302132132132178821e-01
5.697207207207216628e-01
9.337717717717768373e-01
2.993993993993997703e-03
1.757146446446426324e+01
6.620840840840948038e-01
3.208558558558616824e-01
1.190910910910917053e+00
4.624044044043999491e-01
6.442102102102085226e-01
1.190256256256255085e+00
4.754754754754658697e-02
3.351311311311365171e-01
0.000000000000000000e+00
3.504544544544544449e-01
9.848508508508642123e-01
1.822853453453458528e+01
1.531999499499498896e+01
7.522192192192197480e-01
2.424984984985014969e-01
7.513613613613653319e-01
5.732282282282270547e-01
8.346716716716681139e-01
2.117957957958003790e-01
8.800580580580676937e-01
0.000000000000000000e+00
1.137683683683683888e+00
7.148888888888768056e-01
7.088438438438444678e-01
6.668788788788685418e-01
9.622962962962959832e-01
2.424984984985015524e-01
2.021952152152149651e+01
6.311371371371337080e-01
2.262701701701674839e+00
6.665975975976037304e-01
9.031151151151085577e-01
4.991181181181144066e-01
6.594584584584521902e-01
5.850970970971031138e-01
2.272642642642671351e+00
7.515055055055096522e-01
6.192102102102128303e-01
7.560350350350376614e-01
0.000000000000000000e+00
4.729259259259359638e-01
5.492202202202177697e-01
8.351581581581586367e-01
7.398938938938995902e-01
1.061031031031032246e+00
1.571321321321305642e-01
3.987987987988056947e-03
1.438678678678680101e-01
0.000000000000000000e+00
5.300090090090097128e-01
0.000000000000000000e+00
1.143343343343319884e-01
7.193943943943874597e-01
6.999229229229282367e-01
2.153753753753786040e-02
1.161601601601614242e-01
2.212083083083099311e+00
6.317177177177140113e-01
3.138462462462455083e+00
0.000000000000000000e+00
0.000000000000000000e+00
8.329309309309337328e-01
5.969969969969843478e-03
0.000000000000000000e+00
5.350730730730739459e-01
1.451417417417437905e+00
0.000000000000000000e+00
7.794484484484440756e-01
6.745885885885934963e-01
9.556546546546494936e-01
6.957957957957867402e-03
7.943943943943878108e-03
