1.057952952952939674e+00
7.250590590590504370e-01
0.000000000000000000e+00
5.686526526526409775e-01
1.270276276276274041e+00
5.566796796796824598e-01
2.258898898898927532e-01
7.084904904904947287e-01
2.292042042042080618e-01
6.504724724724745277e-01
2.083610610610608305e+01
1.176216216216217358e-01
0.000000000000000000e+00
3.589419419419392354e-01
5.054554554554439028e-01
1.870641641641649366e+00
0.000000000000000000e+00
0.000000000000000000e+00
1.134131531531529369e+01
4.517427427427485598e-01
0.000000000000000000e+00
3.575385385385357329e-01
8.379719719719790350e-01
2.102102102102074155e-01
0.000000000000000000e+00
0.000000000000000000e+00
7.704024024024093142e-01
1.000000000000003707e-03
0.000000000000000000e+00
6.649959959959951261e-01
1.740682682682704874e+00
3.306306306306260739e-02
2.145295295295318594e-01
3.053823823823803019e-01
7.571951951952025084e-01
6.509359359359476738e-01
2.179460860860863747e+01
1.092475475475472635e+01
2.255765765765775921e-01
8.285945945945931701e-01
3.054430430430430388e+00
4.125305305305400072e-01
8.127707707707715334e-01
6.146526526526479017e-01
7.650160160160132117e-01
0.000000000000000000e+00
3.814014014014002196e-01
0.000000000000000000e+00
8.846716716716667150e-01
4.509631631631641824e+00
6.904724724724716767e-01
0.000000000000000000e+00
2.724324324324317245e-02
2.538038038038080146e-01
8.642712712712801171e-01
1.876586586586561911e-01
6.934664664664627054e-01
2.214674674674640686e-01
1.463837837837843603e+00
6.781971971971908486e-01
1.321857357357359142e+01
3.990060060060050540e-01
9.256955955955941562e+00
0.000000000000000000e+00
5.655535535535466396e-01
5.985985985986123567e-03
1.602926926926934170e+00
6.663133133133140040e-01
2.495735735735719329e-01
1.961961961961955145e-02
1.013377377377367994e+00
0.000000000000000000e+00
8.047477477477337215e-01
9.673243243243150324e-01
8.963963963964101389e-03
1.370871471471469860e+01
6.362722722722695678e-01
7.041821821821790950e-01
8.586073073073036355e+00
3.272702702702726119e-01
6.022642642642734856e-01
6.299769769769769656e-01
3.316716716716672231e-02
1.828457457457445923e+00
1.318699699699685590e+00
9.426136136136046284e-01
5.073543543543616030e-01
8.344084084084038011e-01
3.683663663663717669e-01
2.192432432432488143e-01
8.955955955956034636e-03
5.099689689689611560e-01
2.453153153153097080e-02
7.854004004003941608e-01
6.046836836836810836e-01
4.219489489489426925e-01
8.121341341341391518e-01
7.241661661661612515e-01
4.281741741741716956e-01
1.533645845845844491e+01
1.229311311311293231e+00
0.000000000000000000e+00
8.927927927927953658e-03
3.917127127127070008e+00
2.390030030030012298e-01
7.045255255255253868e-01
4.796186186186202627e-01
2.862162162162114609e-01
2.477477477477448009e-01
8.793663663663566776e-01
2.438438438438483569e-01
2.993993993993997703e-03
1.000000000000019103e-03
1.071217217217214079e+00
7.514704704704718852e-01
2.157957957957924375e-02
0.000000000000000000e+00
9.858758758758718876e-01
6.084304304304323230e-01
2.439100100100100921e+00
1.883785785785777600e+00
3.395125125125094678e-01
1.557587587587594968e-01
4.879469469469421283e-01
7.522382382382249988e-01
2.743653653653579938e-01
6.829589589589692977e-01
1.381781781781803511e-02
3.656662662662693464e+00
0.000000000000000000e+00
0.000000000000000000e+00
1.000000000000006526e-03
0.000000000000000000e+00
6.968798798798773175e-01
5.187987987987935368e-01
4.971389389389430313e+00
2.443153153153186097e-01
1.362168168168157001e+00
6.002602602602684634e-01
0.000000000000000000e+00
4.727597597597655854e-01
6.412072072072090290e-01
0.000000000000000000e+00
7.537327327327359994e-01
2.202912912912937948e-01
7.303923923923902883e-01
5.399179179179180998e-01
2.170760760760775121e-01
6.308088088088136258e-01
1.997997997997974246e-03
9.795265265265125088e-01
6.764794794794835031e-01
0.000000000000000000e+00
9.387287287287422455e-01
1.803794794794783662e+00
5.700760760760839041e-01
8.029549549549724885e-01
1.992786786786781672e+00
5.515665665665717698e-01
1.869369369369378031e-02
1.961961961961948553e-02
0.000000000000000000e+00
7.114214214214213683e-02
4.213468468468450467e+00
8.160190190190127479e-01
1.836534434434436136e+01
5.969969969969898989e-03
7.119549549549554213e-01
2.953396396396390067e+00
7.185005005004964085e-01
3.006906906906893495e-02
6.397967967968013481e-01
4.873863863863763801e-01
0.000000000000000000e+00
2.512772772772812191e-01
2.823606606606610558e+00
6.546626626626659284e-01
6.688288288288243844e-02
2.629729729729757270e-02
4.370830830830850777e-01
9.909909909909865935e-03
8.465505505505490635e-01
1.107307307307293098e-01
7.754914914914877722e-01
1.267397397397389547e-01
5.085595595595722163e-01
8.076376376376357413e-01
4.257717717717747763e-01
5.124554554554482388e-01
1.233873873873859855e-01
7.308178178178134088e-01
9.185255255255255769e-01
6.314124124124073090e-01
7.672812812812647154e-01
1.000000000000000238e-03
9.836426426426355674e-01
0.000000000000000000e+00
7.674664664664736513e-01
0.000000000000000000e+00
6.096189189189196611e+00
3.251477477477477507e+00
5.990820820820949022e-01
6.021221221221384479e-02
0.000000000000000000e+00
7.432192192192206281e-01
0.000000000000000000e+00
1.276271271271289365e+00
0.000000000000000000e+00
3.987987987988050875e-03
1.680800800800784922e-01
1.719506506506509425e+01
2.481321321321336149e-01
1.170760760760766045e-01
2.995315315315301707e-01
7.949219219219080257e-01
1.390686886886884643e+01
7.118205205205204500e+00
7.601519519519504442e+00
2.285315315315300522e-01
6.025415415415372733e-01
4.516226226226197626e-01
2.402352352352326026e-01
1.520314314314309412e+00
0.000000000000000000e+00
6.080408408408401577e+00
5.661291291291375982e-01
9.070400400400323582e-01
3.489719719719750479e-01
2.070976976976983686e+00
4.975615615615547882e-01
0.000000000000000000e+00
2.813273273273252384e-01
7.828288288288394181e-01
7.860700700700633536e-01
2.526665665665667859e+00
1.392408408408408294e+00
2.769305305305306053e+00
6.836306306306220160e-01
6.254804804804865448e-01
4.239729729729677654e-01
5.163523523523532166e-01
4.244694694694755022e-01
0.000000000000000000e+00
1.438678678678677880e-01
7.788378378378366662e-01
8.367757757757807724e-01
5.747289289289272851e+00
6.876586586586517225e-01
3.154914914914850321e-01
4.917207207207135444e-01
7.347337337337338514e-01
7.632392392392314262e-01
1.177887887887862500e-01
1.381781781781782174e-02
2.213213213213191255e-01
3.025473473473478503e+00
4.355065065065111263e-01
1.452278278278298140e+00
1.245543543543552234e+00
7.941801801801821048e-01
0.000000000000000000e+00
0.000000000000000000e+00
5.788768768768762785e-01
2.502477477477457413e+00
1.238670370370368623e+01
6.168208208208224574e-01
1.923040040040054688e+00
5.897487487487529378e-01
3.343533533533580293e-01
5.824614614614712638e-01
7.343443443443489205e-01
2.098672672672683426e+00
0.000000000000000000e+00
2.209840840840840315e+00
0.000000000000000000e+00
1.997997997998008941e-03
9.436076076075835539e-01
9.009009009009134872e-02
1.000000000000018886e-03
9.649109109108977567e-01
6.946086086086137312e-01
5.128550550550562193e+00
6.068538538538621463e-01
5.451041041040928237e-01
1.807841841841822283e+00
7.782342342342241093e-01
7.376543543543463421e+00
7.393753753753816715e-01
7.890820820820877435e-01
2.365475475475491141e-01
7.196276276276263317e-01
4.794260260260251094e+00
8.116436436436329505e-01
0.000000000000000000e+00
9.398828828828716953e-01
5.978168168168231933e-01
2.273709709709727189e+00
1.872572572572540894e-02
7.949829829829792027e-01
8.443543543543399754e-02
6.614634634634568577e-01
5.763713713713695119e-01
3.830700700700728767e-01
5.538618618618649236e-01
0.000000000000000000e+00
6.874504504504589386e-01
4.483583583583646698e-02
2.209799799799753994e-01
7.088638638638796730e-01
6.084434434434394801e-01
1.000000000000014332e-03
1.997997997998016313e-03
7.352622622622591031e-01
4.670190190190292578e-01
0.000000000000000000e+00
0.000000000000000000e+00
6.153823823823921790e-01
9.056436436436392512e-01
8.570690690690733193e-01
0.000000000000000000e+00
1.322257257257277496e+00
2.480070070070098109e-01
2.361255255255248819e+00
1.517353353353360745e+00
2.117663663663671869e+00
6.419569569569604228e-01
4.735527527527518821e+00
6.613713713713732512e-01
6.191611611611594901e-01
0.000000000000000000e+00
6.274884884884778247e-01
7.622172172172125837e-01
8.200950950950878227e-01
9.927927927927928525e-03
7.666416416416299562e-01
3.377687687687715434e-01
1.102342342342357007e-01
5.389599599599574908e-01
4.722722722722838551e-01
1.011051051051052169e-01
7.992612612612691736e-01
0.000000000000000000e+00
2.153753753753790898e-02
1.961961961961927736e-02
0.000000000000000000e+00
2.032549949949950019e+01
6.283033033033041947e-01
6.296877877877854246e+00
2.790550550550520148e-01
9.101801801801818748e-01
1.128691691691704913e+00
9.758418418418256524e-01
1.997997997998018482e-03
4.094894894894896553e-01
4.987987987988043957e-03
2.355581581581587702e+00
1.000000000000000021e-03
1.061010010010015270e+00
8.107777777777749328e-01
0.000000000000000000e+00
1.425585585585593118e-01
2.724324324324316898e-02
0.000000000000000000e+00
1.591301301301280002e-01
0.000000000000000000e+00
3.906046046046026121e-01
2.951621621621633440e-01
1.003934934934940681e+00
1.190665665665667916e+01
2.052612612612593201e-01
6.859259259259239960e-02
0.000000000000000000e+00
1.931111111111153966e-01
0.000000000000000000e+00
7.481981981981969954e-01
1.000000000000018235e-03
6.625455455455447895e-01
2.483993993993972582e-01
6.950290290290317419e-01
5.599539539539576394e-01
3.250280280280247958e+00
8.838308308308202577e-01
0.000000000000000000e+00
2.993993993994000739e-03
5.578848848848866337e-01
5.004834834834860358e-01
3.646236236236254369e-01
9.918018018018026627e-01
5.291691691691549626e-02
3.368358358358392923e+00
1.044243643643647523e+01
5.700390390390378537e-01
1.968358358358341387e-01
5.028218218218132307e-01
6.982142142142153673e-01
7.887987987988059890e-01
6.163473473473584097e-01
1.601601601601573555e-01
7.395385385385403465e-01
1.426745745745741090e+00
6.956186186186167353e-01
8.091801801801828953e-01
9.960614614614627271e+00
3.752502502502456094e-01
1.358759859859864605e+01
7.084544544544516542e-01
4.396626626626660705e-01
1.950394394394404651e+00
6.397987987988007497e-01
6.941441441441495996e-01
0.000000000000000000e+00
1.582736736736727545e+00
1.876156156156176813e-01
6.313063063063025782e-01
8.658732732732749682e+00
1.005717717717711457e+00
9.952006006006032024e+00
9.187137137137019183e-01
1.432142142142135421e-01
9.587717717717665344e-01
6.627537537537671053e-01
8.437137137137032949e-01
4.979979979979968531e-03
2.374684684684660041e-01
1.385628228228230618e+01
1.174248248248238147e+00
2.695991991991987913e+00
2.993993993993999871e-03
6.050240240240140066e-01
4.183283283283231180e-01
1.851763763763735859e+00
1.997997997998032359e-03
6.773873873873940965e-02
0.000000000000000000e+00
1.282417417417414551e+00
7.223493493493510220e-01
1.084634634634628475e-01
4.037201201201229495e+00
4.436786786786857117e-01
9.951951951951962250e-03
2.441601601601542382e-01
7.440430430430555742e-01
9.875715715715536192e-01
1.456231331331327361e+01
2.264487487487483630e+00
0.000000000000000000e+00
0.000000000000000000e+00
1.144694694694688014e-01
2.039573573573594256e+00
8.486026026026101121e-01
0.000000000000000000e+00
4.195055055054963677e-01
5.903133133133162680e-01
6.739959959960046820e-01
5.194104104104125819e-01
8.218078078077994952e-01
1.091641641641626581e+00
8.683623623623663024e-01
7.214004004004017645e-01
0.000000000000000000e+00
0.000000000000000000e+00
8.674984984985034675e-01
7.166766766766692609e-02
0.000000000000000000e+00
2.033833833833851301e-01
1.559069069069055347e-01
1.165165165165139016e-01
8.578518518518549740e-01
7.167827827827752962e-01
7.368748748748712440e-01
2.178178178178129254e-01
0.000000000000000000e+00
2.524724724724694558e-01
1.386945945945957437e+00
8.234874874874843487e-01
1.279340340340336724e+00
3.810440440440489018e-01
3.092792792792744550e-01
2.541691691691730370e-01
6.835575575575563168e-01
8.022532532532551386e-01
1.515089889889881114e+01
6.799579579579665412e-01
5.888888888888976769e-01
5.081551551551505286e-01
8.818128128128063237e-01
1.816964964964962626e+00
3.922942942943004052e-01
3.649219219219248522e-01
0.000000000000000000e+00
7.667707707707638320e-01
2.580290290290319644e-01
9.402262262262176540e-01
1.851601601601562674e-01
1.000000000000000021e-03
3.987987987988032661e-03
6.561191191191266814e-01
1.997997997997982486e-03
0.000000000000000000e+00
3.995785785785761490e-01
4.337251251251231565e+00
9.418838838838832217e-01
4.921291291291298720e+00
0.000000000000000000e+00
1.794234234234193259e-01
7.786796796796653375e-01
1.997997997998067921e-03
8.376676676676645394e-01
8.506416416416422432e-01
0.000000000000000000e+00
1.008706706706704592e+00
1.126446446446447780e+01
3.791541541541548765e-01
6.593093093093072010e-01
2.142309309309315069e+00
7.777717717717799184e-01
7.243633633633599356e-01
8.231931931931962820e-01
0.000000000000000000e+00
4.994534534534564307e-01
1.350002002002003820e+00
3.785685685685618029e-01
1.227606606606601147e+00
6.928238238238271229e-01
1.954345345345351870e+00
0.000000000000000000e+00
6.719899899899888229e-01
4.301801801801759945e-02
6.661701701701764344e-01
1.979075075075073187e+00
8.191922922922900696e+00
2.510451451451479965e+00
2.950600600600591372e-01
0.000000000000000000e+00
3.659421421421360954e+00
7.410950950950966343e-01
3.926726726726756933e-01
6.072638638638648168e+00
6.567277277277222547e-01
1.381781781781787205e-02
8.008768768768684820e-01
6.785095095095112772e-01
0.000000000000000000e+00
8.054314314314147127e-01
2.344744744744707565e-02
9.507937937938064632e-01
0.000000000000000000e+00
7.111741741741900436e-01
5.467447447447428832e-01
2.993993993994003341e-03
3.438586586586586780e+00
2.818718718718744506e-02
2.048115115115113127e+00
7.001941941941934866e-01
7.868268268268165111e-02
8.001891891891902420e-01
0.000000000000000000e+00
1.014825825825816707e+00
3.765545545545541106e-01
2.644791691691715840e+01
6.510410410410341076e-01
4.577276276276275979e+00
2.780660660660702277e+00
7.210200200200160836e-01
0.000000000000000000e+00
6.172402402402450416e-01
1.017444444444439711e+00
6.040750750750670806e-01
9.066286286286302509e-01
2.239799799799769009e-01
6.950203203203204616e+00
6.918068068068007337e-01
8.198198198198068665e-02
9.063693693693677389e-01
7.232072072071998869e-01
5.422922922923067990e-02
1.814327027027027484e+01
8.795145145145046861e-01
5.802712712712712051e-01
1.349487487487495585e+00
6.835375375375395413e-01
5.110706706706736213e+00
0.000000000000000000e+00
1.000000000000007610e-03
7.421411411411379389e-01
2.956106106106071718e-01
1.409159159159156083e+01
8.215965965966032236e-01
1.186786786786792752e-02
5.531511511511544299e-01
8.291251251251234855e-01
0.000000000000000000e+00
2.283697697697709472e+00
1.538073273273271724e+01
5.558058058058150674e-01
1.954024024023979511e-01
1.331691691691694324e-01
2.501104104104113102e+00
4.664564564564468302e-02
1.930401601601593242e+01
0.000000000000000000e+00
6.344294294294355874e-01
0.000000000000000000e+00
7.453963963963921024e-01
2.490930930930966569e-01
0.000000000000000000e+00
6.998168168168165115e-01
1.891801801801838712e-01
1.141225625625621198e+01
2.415925925925876960e-01
6.626486486486501404e-01
2.501691691691654285e-01
1.631381381381371010e-01
4.015725725725704520e-01
8.385895895895977281e-01
1.819529529529518297e-01
1.407813813813816983e+00
1.997997997998013277e-03
7.386526526526555614e-01
7.207267267267172262e-01
1.657025025025044229e+00
6.918258258258147553e-01
1.146220220220232955e+00
7.208268268268369638e-01
1.000000000000010429e-03
5.851671671671548891e-01
4.301801801801790476e-02
2.805415415415467573e-01
1.564803403403401383e+01
1.951350750750748020e+01
5.763223223223225000e-01
7.371871871871833737e-02
6.546436436436517958e-01
1.871657757757754581e+01
8.480670670670690248e-01
8.097977977978016995e-01
2.562302302302267853e-01
7.229839839839702353e-01
1.309219219219202035e-01
7.621881881881855669e-01
2.276472272272273401e+01
1.589349349349376828e-01
1.000000000000009995e-03
1.019430430430437573e+00
1.305519719719724847e+01
5.077617617617652401e-01
8.866166166166198348e-01
1.276276276276301080e-01
1.626535535535513111e+00
1.458168168168182954e-01
0.000000000000000000e+00
1.458168168168183509e-01
7.133547547547560264e+00
1.567178178178181946e+00
2.792703603603605700e+01
0.000000000000000000e+00
4.689839839839764490e-01
6.617637637637698855e-01
4.954774774774720059e-01
4.844744744744727827e-02
6.870610610610634605e-01
6.877657657657686441e-01
1.656856856856816496e-01
3.603726726726753871e+00
0.000000000000000000e+00
4.976676676676777128e-02
8.606946946947123811e-01
1.000000000000002840e-03
1.364714714714698462e-01
4.957017017017006366e-01
6.327467467467441375e-01
3.683583583583565968e+00
6.083253253253331216e-01
2.166196196196160106e-01
6.911851851851852357e-01
2.474784784784762048e-01
4.546266266266295597e-01
3.585135135135214535e-01
0.000000000000000000e+00
2.988809809809801710e+00
1.276276276276305244e-01
2.098088088088121972e-01
0.000000000000000000e+00
3.287687687687654986e-02
0.000000000000000000e+00
6.347487487487567526e-01
8.361961961962049994e-02
3.383043043043079678e-01
4.979979979979973735e-03
7.873933933933906504e-01
5.754224224224280260e-01
9.309259259259152763e-01
7.675945945945951143e-01
9.956616616616577042e-01
9.122262262262312849e-01
7.888836836836816246e+00
2.028164964964954464e+01
7.935635635635674978e-01
5.638398398398459799e-01
3.302936936936949230e+00
1.583493493493514648e-01
1.359473473473482352e+00
0.000000000000000000e+00
1.623604604604595547e+00
6.977827827827818297e-01
0.000000000000000000e+00
6.993193193193040225e-01
4.143243243243246304e-02
0.000000000000000000e+00
1.823357357357339170e+00
1.168396196196180270e+01
1.340090090090074737e-01
5.680770770770795508e-01
8.155745745745724973e-01
1.362321321321313672e+00
5.053393393393511568e-01
6.578598598598733860e-01
3.528928928928869169e-02
6.116976976976898905e-01
1.381781781781806114e-02
7.582612612612666947e-01
1.051127127127134075e+00
7.246576576576626572e-01
7.368438438438358329e-01
2.298748748748777049e-01
1.930720720720674188e-01
7.363653653653721154e-01
8.216016016015929846e-02
1.928954954954964496e+00
1.514813813813806087e+00
3.234104104104084110e-01
1.465589589589578523e+00
1.997997997998004170e-03
2.370120120120150220e-01
2.390030030030012576e-01
6.674224224224273305e-01
9.603843843843965500e-01
1.997997997998046237e-03
5.777217217217289758e-01
7.030790790790726330e-01
2.035713913913921758e+01
1.865765765765757533e-02
2.339577577577570899e+00
3.194294294294372505e-02
1.190780780780752307e-01
2.593511511511504608e+00
9.685595595595648533e-01
6.733883883883866606e-01
6.616516516516442181e-02
1.252371071071071107e+01
1.213907907907925576e+00
7.394534534534482617e-01
5.856856856856830496e-02
1.959699699699683773e-01
5.369589589589609524e-01
1.003269269269277286e+00
1.892135135135150747e+00
0.000000000000000000e+00
2.993993993994002473e-03
2.033293293293277626e-01
5.064334334334356091e-01
7.471431431431401204e-01
1.637114114114116559e+00
9.204344344344318474e-01
7.348578578578626175e-01
2.169769769769791246e-01
0.000000000000000000e+00
0.000000000000000000e+00
9.095935935935905992e-01
7.033713713713773963e-01
9.546656656656757889e-01
5.969969969969990062e-03
9.602342342342509163e-01
2.413583583583593928e+00
1.532522522522495878e-01
6.916330330330320741e+00
8.276616616616695454e-01
1.112319319319327704e+00
6.639489489489369678e-01
1.792117117117103975e+00
7.960270270270231041e-01
0.000000000000000000e+00
6.493193193193235180e-01
1.015041041041050418e+00
2.912912912912984584e-02
7.433953953953936766e-01
6.698198198198253017e-01
8.548134134134070194e+00
1.895245245245247290e+00
3.520230230230164126e-01
4.303333333333265731e-01
1.000000000000006526e-03
2.022412412412391558e-01
0.000000000000000000e+00
2.323473473473441631e-01
6.314144144144111515e-01
1.366396396396378776e-01
3.301161161161124125e-01
6.590730730730732789e-01
3.225387387387376403e+00
5.676131131131109342e+00
4.420220220220145713e-01
0.000000000000000000e+00
1.575975975975987473e-02
4.005899899899899808e+00
4.758958958959010888e-01
8.427387387387421658e-01
8.259479479479669983e-01
0.000000000000000000e+00
4.539769769769819718e-01
7.198798798798870802e-02
0.000000000000000000e+00
4.377063063063064696e+00
7.785665665665689739e-01
6.896356356356277972e-01
2.503603603603634653e-01
8.770450450450485436e-01
2.171081081081115416e-01
7.903763763763668182e-01
1.742515515515510538e+00
7.192942942943052476e-01
4.741241241241302418e-01
0.000000000000000000e+00
8.435985985985983149e-01
3.342150150150159593e+00
6.139529529529577090e-01
4.740920920920931869e-01
0.000000000000000000e+00
9.955955955956113587e-03
6.548938938938952958e-01
1.033104104104106691e+00
2.791411411411421351e-01
1.358918918918935737e-01
1.611371371371389527e+00
1.198821821821820066e+01
1.058010010010011825e+00
1.178285285285292971e+00
1.247093093093089688e+00
1.825845845845869841e-01
2.262012012011973827e-01
1.490369969969967379e+01
1.056113513513515301e+01
5.379959959959915716e-01
6.637787787787876592e-01
1.042513513513509960e+00
6.713213213213320429e-01
7.790650650650620124e-01
2.217847847847888576e-01
0.000000000000000000e+00
1.284384384384377499e-02
5.835305305305281687e-01
4.039220220220220980e+00
7.713713713713762354e-01
9.370984984984980670e+00
5.054291291291298727e+00
2.487878878878867273e+00
5.228818818818879999e-01
2.278578578578635203e-02
8.322312312312305504e-01
6.113143143143208169e-01
0.000000000000000000e+00
1.544306706706707999e+01
4.096856856856816442e-01
2.767517517517519843e-01
7.309139139139184671e-01
8.570230230230290180e-01
7.507577577577663197e-01
7.974334334334326480e-01
1.167786786786776387e+00
0.000000000000000000e+00
0.000000000000000000e+00
9.889629629629634877e+00
5.845065065065067067e-01
9.363033033033049790e+00
1.521831831831844672e-01
5.305815815815846381e-01
0.000000000000000000e+00
6.453064064064089500e+00
0.000000000000000000e+00
2.434618618618611841e+00
0.000000000000000000e+00
4.084384384384439071e-01
5.871694694694697958e+00
6.882312312312246494e-01
6.939519519519488089e-01
1.502770170170173358e+01
9.658398398398244655e-01
9.234214214214304661e-01
2.993993993994002473e-03
6.300450450450367779e-01
0.000000000000000000e+00
8.572592592592577221e-01
4.440820820820810866e+00
1.585585585585538165e-02
5.677255255255278854e+00
2.233936336336336481e+01
6.550700700700753387e-01
0.000000000000000000e+00
7.670490490490410318e-01
1.052232132132128761e+01
1.146752752752746130e+00
5.585535535535544049e-01
1.157200600600601881e+01
0.000000000000000000e+00
3.941561561561598426e-01
0.000000000000000000e+00
7.572372372372271343e-02
1.212173373373375362e+01
1.197987987988003850e-01
1.943205205205194464e+00
1.302253253253248921e+00
8.071701701701697873e-01
4.011741741741797207e-01
2.028018018018056812e-01
1.495285285285287702e-01
5.231141141141091300e-01
1.539725725725703320e+00
7.433493493493545934e-01
8.278668668668761610e-01
2.153753753753781530e-02
2.887187187187241211e-01
3.121155155155180605e+00
8.608898898898944552e+00
6.265195195195275568e-01
5.710250250250353821e-01
9.353773773773634836e-01
2.993993993993997703e-03
1.759250650650650627e+01
6.600740740740743684e-01
3.215675675675710443e-01
1.194343343343345243e+00
4.589259259259298451e-01
6.394784784784827147e-01
1.188111111111097129e+00
4.844744744744725051e-02
3.382212212212166724e-01
0.000000000000000000e+00
3.487807807807771221e-01
9.863753753753804476e-01
1.828010610610612474e+01
1.529979079079077486e+01
7.500080080080031575e-01
2.408318318318347917e-01
7.484494494494442485e-01
5.676816816816782074e-01
8.297677677677524066e-01
2.098088088088123082e-01
8.755025025025098273e-01
0.000000000000000000e+00
1.122297297297298879e+00
7.148588588588551396e-01
7.069929929930043322e-01
6.640050050050039232e-01
9.587697697697769028e-01
2.428468468468449881e-01
2.013663063063072656e+01
6.261481481481534495e-01
2.231695695695693704e+00
6.573593593593555218e-01
8.977907907907765050e-01
4.978838838838826608e-01
6.567477477477547954e-01
5.845005005004997312e-01
2.236923923923930690e+00
7.486576576576589037e-01
6.110850850850774174e-01
7.578528528528537533e-01
0.000000000000000000e+00
4.730040040039956151e-01
5.469289289289207545e-01
8.295635635635596472e-01
7.393903903903855657e-01
1.063774774774772114e+00
1.552912912912942367e-01
3.987987987988056947e-03
1.432142142142135699e-01
0.000000000000000000e+00
5.206986986987083288e-01
0.000000000000000000e+00
1.151301301301329294e-01
7.204294294294204537e-01
7.066326326326292095e-01
2.249349349349375957e-02
1.154264264264278778e-01
2.191460460460434412e+00
6.290100100100133318e-01
3.120930930930903457e+00
0.000000000000000000e+00
0.000000000000000000e+00
8.232042042042077012e-01
5.969969969969843478e-03
0.000000000000000000e+00
5.288428428428373351e-01
1.460800800800815091e+00
0.000000000000000000e+00
7.823943943943967305e-01
6.719089089089180789e-01
9.476536536536689370e-01
5.969969969969903326e-03
6.957957957957817095e-03
