7.934444444444451072e+00
4.496382382382395626e+00
1.585585585585565227e-02
2.385430430430411253e+00
1.003137037037038404e+01
1.568445445445451059e+00
2.936246246246306812e-01
4.931118118118137161e+00
2.556916916916953109e-01
4.832406406406455801e+00
1.993626526526525709e+02
3.254274274274286394e-01
8.167667667667839748e-02
2.964638638638621426e+00
4.226701701701703229e+00
1.612897497497502641e+01
6.918518518518421145e-02
1.524634634634637609e-01
1.005277787787786536e+02
2.418725725725720643e+00
2.061961961961934070e-02
1.899626626626637282e+00
6.286347347347355452e+00
2.564874874874825683e-01
1.627777777777792423e-01
1.539879879879887670e-01
5.541216216216233725e+00
1.406826826826817201e-01
1.653783783783767947e-01
3.215140140140202885e+00
1.590496396396388690e+01
2.276746746746801386e-01
5.701201201201155921e-01
2.989921921921905756e+00
4.330998998999008087e+00
4.052802802802797366e+00
2.372020580580581850e+02
1.080920580580581714e+02
3.511501501501420597e-01
6.942902902902911677e+00
2.766162662662662441e+01
2.168884884884910491e+00
5.995416416416421868e+00
2.014393393393412612e+00
5.545940940940964126e+00
1.198748748748765941e-01
5.575835835835817322e-01
1.000000000000016501e-03
7.501411411411415209e+00
4.122071571571568427e+01
5.167313313313307788e+00
4.973773773773872836e-02
2.054674674674722701e-01
2.039349349349378837e+00
6.466297297297320057e+00
1.624342342342331325e+00
4.613579579579567991e+00
1.107479479479493767e+00
1.113213013013012187e+01
2.897656656656674379e+00
1.252354304304304975e+02
3.415052052052043319e+00
9.058014614614620541e+01
7.466966966966961938e-02
4.039619619619669422e+00
2.684904904904856227e-01
1.562864964964963121e+01
4.524241241241229616e+00
2.502012012011969877e-01
1.728888888888871211e-01
7.562980980981002688e+00
1.203473473473461869e-01
5.036745745745734304e+00
7.698374374374346907e+00
3.518268268268249233e-01
1.543946736736737364e+02
4.637392392392401419e+00
4.104838838838853476e+00
8.326796196196205813e+01
6.783843843843816446e-01
2.849159159159143417e+00
3.097822822822817290e+00
2.586576576576600783e-01
1.420553653653655601e+01
1.300044344344342129e+01
6.834897897897935337e+00
2.073936936936940700e+00
6.279394394394411272e+00
2.318139139139118399e+00
3.424894894894879305e-01
3.219729729729718382e-01
4.413029029029047479e+00
8.303303303303530281e-02
5.428019019018996971e+00
4.429308308308314679e+00
5.290850850850729037e-01
6.143558558558543048e+00
4.510216216216226925e+00
3.830229229229248133e+00
1.620079649649648275e+02
9.496531531531530845e+00
5.323523523523501777e-02
2.832182182182215180e-01
3.639824824824822258e+01
2.858968968968958468e-01
3.579221221221265736e+00
1.915719719719725544e+00
2.097013013013033333e+00
2.645745745745752275e-01
6.885666666666663716e+00
6.334754754754773343e-01
1.748708708708730797e-01
1.617687687687714149e-01
7.797938938938921538e+00
5.376291291291277474e+00
5.901971971971987641e-01
4.987987987988095132e-03
6.750149149149142325e+00
4.112933933933900832e+00
1.988439939939934931e+01
1.591487187187192021e+01
2.531462462462485519e+00
4.938858858858909961e-01
3.786500500500454613e+00
5.666560560560570892e+00
5.629889889889848620e-01
3.308090090090095359e+00
1.886486486486508574e-01
3.603638238238233527e+01
5.370470470470387059e-02
5.999999999999920328e-03
1.102412412412395321e-01
3.335275275275331186e-01
4.505491491491513401e+00
3.478604604604577766e+00
4.438715815815811538e+01
2.748328328328322190e-01
1.153917317317318769e+01
2.895709709709703539e+00
5.602202202202318654e-02
3.570120120120134022e+00
4.173871871871872585e+00
1.791181181181193960e-01
5.340106106106106587e+00
2.461581581581615552e-01
4.869636636636627713e+00
3.579105105105111484e+00
6.021281281281322117e-01
4.146996996996988649e+00
1.038738738738713557e-01
7.750552552552567143e+00
2.769149149149150002e+00
5.489789789789729924e-02
6.932148148148178812e+00
1.387275175175174269e+01
2.417883883883920504e+00
5.640458458458492252e+00
1.755774174174172941e+01
3.410119119119141118e+00
3.619369369369315748e-01
1.844034034033998348e-01
7.989989989990009533e-03
2.841631631631583721e-01
4.343517417417406534e+01
5.906540540540511586e+00
1.882973963963959534e+02
1.886036036036002339e-01
4.199094094094102836e+00
2.845317517517515782e+01
3.439011011011006591e+00
3.014484484484484250e-01
4.696834834834823447e+00
3.123882882882864642e+00
4.262462462462495577e-02
2.560303303303328892e+00
2.695626226226233868e+01
4.981568568568546240e+00
3.333533533533558635e-01
3.089789789789741947e-01
2.597784784784793910e+00
2.440890890890850540e-01
5.012697697697681143e+00
2.725515515515559706e-01
5.387001001000973233e+00
2.127902902902900628e+00
2.273619619619623222e+00
5.110908908908914583e+00
3.916545545545589757e+00
3.855309309309307597e+00
3.047637637637612418e-01
5.867042042042080574e+00
6.091969969969952103e+00
3.100849849849884432e+00
4.745732732732712122e+00
8.921721721721824483e-02
6.919053053053008107e+00
9.023223223223383882e-02
5.530551551551520006e+00
2.041291291291331966e-01
5.080262562562556639e+01
2.781749549549546430e+01
2.532987987988014389e+00
2.792572572572596945e-01
2.993993993993999871e-03
4.605087087087095910e+00
3.987987987988067355e-03
1.190277877877877621e+01
1.639199199199196100e-01
2.107497497497452799e-01
8.536176176176147878e-01
1.637970520520517823e+02
2.511291291291323780e-01
1.822457457457482555e+00
4.671691691691609027e-01
5.625056056056040532e+00
1.390308828828828211e+02
7.525222622622608526e+01
7.519582982982991837e+01
2.210213213213191974e+00
4.550828828828825223e+00
1.060659659659660470e+00
4.425925925925954796e-01
1.344031031031028611e+01
7.991991991991865760e-03
5.947702702702702737e+01
2.590726726726717555e+00
6.885853853853856954e+00
1.946737737737733287e+00
1.580751851851850986e+01
2.866590590590567089e+00
4.549049049049020549e-02
2.648063063063063716e+00
5.449686686686686876e+00
6.349079079079058552e+00
2.215344344344340399e+01
1.070237237237239292e+01
2.710629229229229153e+01
4.506177177177197457e+00
4.322896896896881280e+00
3.276555555555545229e+00
3.045066066066061783e+00
3.247594594594591655e+00
7.951051051051075125e-02
3.299199199199256971e-01
5.135365365365370138e+00
5.809516516516509910e+00
5.520976376376380301e+01
5.113231231231220697e+00
2.652800800800818593e+00
1.913539539539551360e+00
3.407686686686695943e+00
5.996582582582581367e+00
4.861061061061134891e-01
2.989899899899884916e-01
4.465965965966002260e-01
2.836007107107105440e+01
3.222590590590587389e+00
1.188816216216211785e+01
9.918096096096158831e+00
5.372198198198216978e+00
5.931431431431410245e-02
5.979979979980057890e-03
3.975066066066072601e+00
2.073152652652659000e+01
1.326496016016016313e+02
3.948104104104110501e+00
1.602094594594592891e+01
3.001843843843832182e+00
1.587789789789801009e+00
3.462028028028034665e+00
5.460361361361367294e+00
1.898823423423421630e+01
1.569959959959976448e-01
1.761042542542542577e+01
2.704114114114082312e-01
5.580980980980845829e-02
6.644716716716663640e+00
2.951171171171152463e-01
1.711931931931907624e-01
6.830726726726747522e+00
4.857247247247245880e+00
5.115185785785785555e+01
2.859472472472475602e+00
4.855013013013033785e+00
1.529325225225212570e+01
5.352866866866858864e+00
7.021930130130125747e+01
5.022636636636637952e+00
5.103977977977983471e+00
2.644674674674704073e-01
5.559661661661665200e+00
4.474781481481479517e+01
6.020330330330274649e+00
2.000000000000019991e-03
7.072202202202202415e+00
2.465489489489476771e+00
2.323363563563563261e+01
3.300880880880872059e-01
5.691705705705688345e+00
2.252612612612562570e-01
2.975537537537550570e+00
3.150244244244291281e+00
1.910664664664632584e+00
4.442408408408407006e+00
1.164664664664668142e-01
2.986052052052047046e+00
4.346226226226159173e-01
2.849049049049036664e-01
2.367030030030007559e+00
4.304327327327312602e+00
1.338528528528513395e-01
1.538648648648663630e-01
3.237908908908897931e+00
5.002342342342220860e-01
1.392992992992961657e-02
1.675975975975979582e-02
3.299370370370371397e+00
7.957839839839840224e+00
6.281601601601577656e+00
1.515665665665653916e-01
1.157367667667669409e+01
2.154448448448462727e+00
2.181175375375392278e+01
1.320325425425425792e+01
1.622119919919921571e+01
4.333727727727732848e+00
4.473035935935912022e+01
2.111013013013024242e+00
4.673614614614605145e+00
5.979979979980077839e-03
4.406341341341346585e+00
4.282629629629592038e+00
5.628628628628639774e+00
3.158468468468466073e-01
5.105710710710692268e+00
2.841785785785801544e+00
2.565125125125174987e-01
2.286120120120157306e+00
2.934616616616607221e+00
2.351751751751714470e-01
5.523878878878881515e+00
1.354774774774777646e-01
2.537487487487440907e-01
1.926676676676638555e-01
6.977977977977918925e-03
2.035320460460463039e+02
3.368270270270248279e+00
6.335203703703702871e+01
5.637427427427380566e-01
7.440875875875883949e+00
9.730846846846727516e+00
7.656939939939916506e+00
2.423253253253208617e-01
2.122529529529537218e+00
5.000100100100258321e-02
2.062495895895896680e+01
1.255245245245229790e-01
7.856595595595615933e+00
6.619841841841879848e+00
6.659859859859790232e-02
2.923193193193145412e-01
3.420520520520477503e-01
1.204954954954933627e-01
3.913913913913892317e-01
5.645645645645537558e-02
4.849309309309240423e-01
2.705612612612607659e+00
7.658126126126134636e+00
1.107603543543544617e+02
2.932592592592543346e-01
2.208118118118107820e-01
4.319019019019079003e-02
3.959419419419509256e-01
1.802562562562546600e-01
4.864579579579581647e+00
1.604264264264254336e-01
3.092625625625650798e+00
4.410470470470545523e-01
4.046696696696672646e+00
2.550785785785781634e+00
2.920838338338339213e+01
7.437258258258231614e+00
3.218918918918917821e-02
1.720980980980959252e-01
3.211560560560557498e+00
4.398716716716722708e+00
3.480862862862873719e+00
7.480191191191118527e+00
2.136116116116093810e-01
3.196184784784784227e+01
1.055346256256256368e+02
2.963742742742702774e+00
3.509289289289276303e-01
3.239828828828838159e+00
4.626197197197170929e+00
5.584086086086094802e+00
3.411762762762750256e+00
2.370120120120150498e-01
4.259275275275238748e+00
1.217633233233235046e+01
4.225603603603593328e+00
7.231414414414402358e+00
1.023928988988993751e+02
3.608741741741685605e+00
1.285985295295294861e+02
3.367837837837825088e+00
3.518844844844843500e+00
1.700421921921923740e+01
4.210765765765770219e+00
3.942705705705707775e+00
1.780580580580558292e-02
1.478168468468468433e+01
4.959579579579557751e-01
1.993916916916910198e+00
9.163360860860846913e+01
6.633848848848908020e+00
9.743901201201217077e+01
6.596694694694700267e+00
3.639589589589617979e-01
6.496834834834816164e+00
5.251616616616613165e+00
6.722308308308313940e+00
2.994304304304308273e-01
3.237797797797796751e-01
1.337395255255253232e+02
9.664621621621632741e+00
2.447451651651652682e+01
1.399159159159178989e-01
1.784170170170154224e+00
2.431405405405368647e+00
1.694184184184184616e+01
1.541041041041035231e-01
2.131031031031001555e-01
1.391391391391366000e-02
1.005553553553551360e+01
4.481911911911903523e+00
3.863623623623709258e-01
3.730774474474487334e+01
1.546641641641656406e+00
3.762062062062068168e-01
2.708208208208220946e-01
5.077476476476438627e+00
7.512211211211179851e+00
1.414694844844844965e+02
1.884087487487484935e+01
1.402262262262258252e-01
2.941741741741756705e-02
3.982122122122071506e-01
1.662617417417413535e+01
5.385656656656655272e+00
2.000000000000014787e-03
7.743363363363331420e-01
4.541323323323320338e+00
4.047818818818871733e+00
3.044611611611620638e+00
5.474136136136138475e+00
8.451173173173165409e+00
5.773663663663671564e+00
5.228214214214212952e+00
1.517537537537529402e-01
1.098598598598603260e-02
5.882741741741767783e+00
5.986216216216129204e-01
8.983983983984046226e-03
5.225725725725776094e-01
3.155915915915933900e-01
7.848758758758789256e-01
6.651742742742761116e+00
4.540420420420420378e+00
2.571033033033022885e+00
3.647237237237231366e-01
2.472772772772746305e-02
4.552552552552625587e-01
1.047288888888887115e+01
5.206190190190195466e+00
1.011850050050047933e+01
2.909116116116128303e+00
1.668079079079050731e+00
2.689503503503478665e+00
3.640701701701727355e+00
6.421705705705702982e+00
1.480192632632634400e+02
4.407598598598587714e+00
3.655954954955023872e+00
7.627817817817835744e-01
6.287253253253253682e+00
1.586453553553548801e+01
3.001797797797804979e+00
6.584704704704656963e-01
1.981981981981942309e-02
4.077735735735679157e+00
2.275025025025021908e+00
7.206821821821817409e+00
3.174294294294320307e-01
1.458168168168184342e-01
2.345295295295271032e-01
4.691904904904915519e+00
1.000480480480498147e-01
2.724324324324317245e-02
2.675083083083069191e+00
3.698547947947950831e+01
6.643754754754763958e+00
5.123432432432410621e+01
1.136766766766738324e-01
4.881021021020935380e-01
5.109972972972951943e+00
2.462522522522557211e-01
5.965692692692702082e+00
5.460843843843843359e+00
6.977977977977991783e-03
7.603734734734747036e+00
1.109692082082082862e+02
1.970852852852852166e+00
4.034946946946972979e+00
1.828487087087091822e+01
4.967899899899903993e+00
4.130964964964973340e+00
6.295833833833822446e+00
1.102342342342353398e-01
1.268846846846839904e+00
1.089353553553552523e+01
4.872352352352433136e-01
8.726017017017049682e+00
4.490528528528507479e+00
1.524330930930930172e+01
8.865165165164953787e-02
5.319230230230195033e+00
3.655235235235170799e-01
6.956816816816723259e-01
1.675788788788790384e+01
8.371821621621623422e+01
2.231907407407411625e+01
1.356066066066056175e+00
1.861811811811827089e-01
3.507354854854845883e+01
3.556329329329335209e+00
5.148238238238308506e-01
5.665646246246240736e+01
2.882868868868866841e+00
2.717777777777770076e-01
4.559426426426422374e+00
4.812923923923919212e+00
1.344604604604593134e-01
5.325357357357337840e+00
1.940250250250294961e-01
7.811470470470448291e+00
2.456756756756789395e-02
4.501136136136173249e+00
2.313334334334331555e+00
1.790140140140114022e-01
3.075233533533537056e+01
1.981241241241270545e-01
1.796121621621619013e+01
3.236017017017032149e+00
2.689399399399426405e-01
6.147225225225267486e+00
4.987987987988014467e-03
7.547682682682772537e+00
2.073335335335316110e+00
2.708598578578576621e+02
4.240495495495483880e+00
4.037975475475479925e+01
2.675619019019016065e+01
4.312351351351367157e+00
1.889399399399432355e-01
4.590084084084054439e+00
8.141172172172231214e+00
4.302917917917906010e+00
6.029613613613588718e+00
2.768348348348402821e-01
6.061425925925927771e+01
2.383297297297305217e+00
2.273053053053071537e-01
6.979041041041063487e+00
3.843713713713684754e+00
3.790190190190224628e-01
1.658476896896894743e+02
7.141132132132141486e+00
3.239913913913923249e+00
1.091500200200194648e+01
5.277573573573570265e+00
5.050406806806857674e+01
1.200820820820791279e-01
1.417957957957987625e-01
4.228358358358342173e+00
2.761152152152130057e+00
1.564389639639641416e+02
5.722126126126130252e+00
2.993693693693685876e-01
3.508100100100071561e+00
6.587526526526566784e+00
3.581081081081003564e-02
2.019524224224225506e+01
1.495424164164162448e+02
2.835390390390411408e+00
4.388018018017973421e-01
3.737517517517442989e-01
2.086536436436432140e+01
2.107297297297328065e-01
1.932656526526524488e+02
1.285185185185151180e-01
8.581081081081205486e-01
1.493203203203208318e-01
5.679505505505498597e+00
3.013843843843818093e-01
1.397547547547555447e-01
3.153328328328348196e+00
3.809559559559606012e-01
1.115086796796797586e+02
2.968358358358437199e-01
4.273744744744710111e+00
3.454844844844886520e-01
2.838148148148153527e-01
2.887351351351286066e+00
6.249900900900881240e+00
4.705565565565667518e-01
1.192897497497496850e+01
2.205315315315284075e-01
5.297175175175129702e+00
3.608690690690662617e+00
1.309359459459460417e+01
5.010469469469449599e+00
1.074956356356358356e+01
1.902906906906896012e+00
1.017797797797795056e-01
2.532570570570605639e+00
3.079079079079107828e-01
6.399259259259296728e-01
1.870704084084083263e+02
1.815252502502501386e+02
2.614712712712711440e+00
4.227257257257232004e-01
3.405855855855814074e+00
1.824311561561562769e+02
5.840549549549549191e+00
5.886237237237235576e+00
7.060600600600540622e-01
4.468222222222243190e+00
4.705205205205279517e-01
4.779193193193189693e+00
2.250749599599601254e+02
4.114244244244193993e-01
2.615595595595597844e-01
7.867699699699727489e+00
1.266503293293293240e+02
3.545902902902914100e+00
6.457459459459476747e+00
2.290270270270255426e-01
1.301723923923924531e+01
3.063063063062998470e-01
5.124124124124011109e-02
2.599619619619595867e-01
7.215415315315316036e+01
1.345780380380383079e+01
2.816661351351355620e+02
8.906306306306387144e-02
7.048118118118065212e-01
5.213044044044051972e+00
3.209495495495489070e+00
2.041141141141124826e-01
3.792135135135128898e+00
4.758358358358339757e+00
3.914984984985052652e-01
3.352912512512515519e+01
9.704804804804777196e-02
5.153903903903966910e-01
6.529716716716765568e+00
1.415045045045051630e-01
3.725755755755837950e-01
3.137763763763820712e+00
4.742736736736726577e+00
3.408219719719718910e+01
1.958896896896880291e+00
3.955775775775819403e-01
5.069816816816812732e+00
4.572832832832789962e-01
3.658001001000991348e+00
1.383188188188195999e+00
1.997997997998039732e-03
2.836621221221221489e+01
2.558958958958925112e-01
2.549769769769765215e-01
5.380480480480451244e-02
3.471621621621630571e-01
7.635135135135094619e-02
3.826789789789818652e+00
2.873873873873824536e-01
8.583883883883880461e-01
1.932282282282258568e-01
4.305672672672677059e+00
3.344437437437432159e+00
7.257852852852825443e+00
4.996635635635612083e+00
7.581713713713703839e+00
7.370169169169161094e+00
6.810816616616605756e+01
1.988536076076075574e+02
5.949007007007040215e+00
3.639935935935903366e+00
3.263554154154148534e+01
2.712572572572615193e-01
1.179812912912910150e+01
7.189289289289438334e-02
1.448332532532525718e+01
3.308830830830839620e+00
1.486586586586606529e-02
4.425438438438443534e+00
3.495015015014976134e-01
6.657757757757681860e-02
1.555865665665664288e+01
1.143065535535538544e+02
3.949569569569601479e-01
3.231868868868825739e+00
4.882920920920940766e+00
1.038461561561562441e+01
3.130608608608608456e+00
3.901696696696649536e+00
5.566906906906808894e-01
4.157442442442437880e+00
2.049709709709754413e-01
3.784438438438396890e+00
8.703046046046051032e+00
2.829444444444415563e+00
5.040306306306257866e+00
6.881141141141093875e-01
2.914664664664645133e-01
5.415181181181118575e+00
3.651401401401432878e-01
1.622832832832827066e+01
1.304567667667671849e+01
2.819990990991028124e+00
1.237378478478476396e+01
1.689439439439461288e-01
5.081221221221304818e-01
3.393153153153118384e-01
3.133916916916908768e+00
7.147560560560600962e+00
1.719109109109100697e-01
4.820650650650661007e+00
4.880531531531508982e+00
1.992357307307305518e+02
2.394134134134164593e-01
2.290277377377380574e+01
3.064214214214192600e-01
6.300360360360350853e-01
2.277855355355347911e+01
8.277271271271297692e+00
4.240802802802789095e+00
3.657817817817879957e-01
1.218070900900900142e+02
9.667921921921905692e+00
5.406825825825815279e+00
3.831571571571621981e-01
4.007437437437414984e-01
1.756785785785776488e+00
7.248268268268228454e+00
1.757522522522521768e+01
5.469069069068970695e-02
1.950640640640655676e-01
2.166494494494489498e+00
2.696539539539539287e+00
5.674628628628653360e+00
1.505108508508509502e+01
6.514423423423421511e+00
4.812396396396393605e+00
6.773323323323304779e-01
1.088988988988996015e-02
1.120780780780799707e-01
6.617495495495485436e+00
5.760387387387356561e+00
6.830422422422443240e+00
2.781251251251258827e-01
7.341570570570510768e+00
2.313090890890892837e+01
4.428648648648574326e-01
6.833968068068072910e+01
6.688421421421439916e+00
8.974196196196185582e+00
3.551842842842871661e+00
1.766768268268268827e+01
5.534843843843787248e+00
3.194294294294340586e-02
3.325771771771749208e+00
8.226732732732752851e+00
3.168998998999043581e-01
5.028975975975977342e+00
2.372998998999007902e+00
7.782360660660656038e+01
1.468726126126123255e+01
3.510496496496504193e+00
3.135738738738752307e+00
2.263533533533590159e-01
2.651831831831875097e-01
1.385205205205219114e-01
4.645905905905859390e-01
4.015229229229233532e+00
9.262192192192238993e-01
8.027617617617708312e-01
4.801776776776777389e+00
3.236637137137140030e+01
5.473321821821824784e+01
2.714070070070061735e+00
2.629729729729765597e-02
1.986426426426433356e-01
4.177976776776774415e+01
2.596014014014044413e+00
5.232570570570596935e+00
6.265349349349339292e+00
1.027527527527520856e-01
2.133863863863840749e+00
2.640150150150173403e-01
1.478118118118078583e-01
4.453751251251242849e+01
5.026445445445434146e+00
5.354476476476476954e+00
4.441201201201123716e-01
5.974485485485492298e+00
3.980570570570612365e-01
6.391817817817822878e+00
1.376359059059054246e+01
3.679463463463470863e+00
3.539816816816841349e+00
1.683153153153183756e-01
5.575741741741722990e+00
2.937385685685684678e+01
4.955005005004954555e+00
2.487773773773739983e+00
2.595195195195223667e-02
3.360640640640688570e-01
3.034431431431422244e+00
8.037811811811854668e+00
2.591237237237205004e+00
2.388298298298356381e-01
1.403034534534534572e+01
1.239593383383383838e+02
7.831756756756742988e+00
9.897397397397394769e+00
1.086954054054050367e+01
2.053107107107105644e+00
2.629219219219239845e-01
1.358413683683684212e+02
1.154724214214212168e+02
3.213989989990028384e+00
3.006769769769799261e+00
7.758694694694733052e+00
4.603314314314312483e+00
4.605756756756789194e+00
1.960610610610607596e+00
6.969969969969879060e-03
1.963553553553518405e-01
3.793597597597555993e+00
3.635842442442447719e+01
5.778663663663697214e+00
8.853775575575585322e+01
3.944766166166160559e+01
2.291322222222226301e+01
2.163230230230221096e+00
2.770360360360316077e-01
5.498676676676583774e+00
3.612262262262305512e+00
8.409809809809611070e-02
1.472257767767765984e+02
1.527322322322327119e+00
2.075085085085087044e+00
1.993767767767761212e+00
5.620827827827861611e+00
2.680634634634634139e+00
5.600709709709716932e+00
1.039468468468469275e+01
2.215405405405367900e-01
3.053753753753678940e-02
9.860072672672649219e+01
3.654405405405383167e+00
9.622087587587579094e+01
3.916516516516536650e-01
4.243122122122106710e+00
2.358158158158173492e-02
5.968466366366363474e+01
1.997997997998005471e-03
2.190005805805814276e+01
2.439939939939891542e-02
5.832602602602650066e-01
5.927740240240245839e+01
4.470242242242232322e+00
4.863319319319275635e+00
1.610334124124123605e+02
6.631773773773784519e+00
7.036994994994979713e+00
2.926426426426460004e-01
4.447115115115117590e+00
1.491331331331327559e-01
5.602784784784793359e+00
4.390593293293289179e+01
3.558028028027989120e-01
5.255862962962967799e+01
2.114279109109109243e+02
3.960320320320355858e+00
1.388388388388412005e-02
6.223566566566596236e+00
9.555774374374374247e+01
9.080832832832838264e+00
2.619325325325331466e+00
1.247018298298298333e+02
9.541041041040816684e-02
2.665070070070056030e+00
1.646556556556579842e-01
4.394574574574532377e-01
1.259204884884884876e+02
2.466036036035969548e-01
1.618079079079080884e+01
1.202592692692693532e+01
5.007318318318327854e+00
2.519105105105096776e+00
3.771341341341305498e-01
5.568438438438380045e-01
2.205383383383407114e+00
1.323458558558557918e+01
5.128234234234231970e+00
5.188322322322315827e+00
1.925925925925955351e-01
1.888354354354366160e+00
2.845321121121115482e+01
8.238478078078080102e+01
3.153408408408392649e+00
1.791497497497506197e+00
6.822021021020995057e+00
1.576096096096082921e-01
1.648197057057059567e+02
4.566014014014012190e+00
2.475325325325306913e+00
9.328275275275288436e+00
2.648055055055051898e+00
4.088667667667685635e+00
9.145953953953956272e+00
2.299849849849881500e-01
4.735615615615659246e-01
4.540540540540471959e-02
5.695595595595530636e-01
7.538612612612653585e+00
1.803318338338336559e+02
1.661773273273271343e+02
4.716983983984000872e+00
3.478018018017965951e-01
4.652929929929969788e+00
3.649753753753772312e+00
5.738192192192186347e+00
3.350100100100074640e-01
6.416935935935944357e+00
1.088988988988994905e-01
9.598217217217225539e+00
4.659697697697672503e+00
4.295137137137148287e+00
3.236560560560560962e+00
8.111365365365367452e+00
4.196306306306358258e-01
1.982453043043043124e+02
4.698768768768794679e+00
1.976143643643654357e+01
4.219755755755731030e+00
6.255820820820793493e+00
3.399075075075103758e+00
4.528695695695721390e+00
3.087530530530528061e+00
2.191536936936935120e+01
3.621056056056042305e+00
4.638409409409419482e+00
5.741025025025045636e+00
1.843193193193179980e-01
7.205205205205168495e-01
1.485981981981976841e+00
6.442632632632624201e+00
4.594628628628603551e+00
8.465624624624624062e+00
2.558318318318370532e-01
1.619529529529523115e-01
3.610880880880861787e-01
4.796296296296392175e-02
1.653329329329326747e+00
1.271471471471489478e-01
5.243133133133126567e-01
4.628695695695684620e+00
5.622500500500491327e+00
2.145165165165112409e-01
2.448648648648632797e-01
1.899424924924926472e+01
3.191212212212196864e+00
2.999155755755757014e+01
1.393253253253266544e-01
4.574174174174208685e-02
5.755304304304328156e+00
2.813083083083091629e-01
1.007797797797809342e-01
2.778721721721742810e+00
1.144426626626628973e+01
1.378478478478506186e-01
5.012294294294314945e+00
5.162876876876922871e+00
7.543441441441443907e+00
2.357067067067104282e-01
4.307697697697668304e-01
