6.920690690690693536e+00
4.044582582582624042e+00
1.094594594594596078e-02
2.102873873873871702e+00
8.984058058058074892e+00
1.371680680680689601e+00
2.875315315315329356e-01
4.175933933933915654e+00
2.508708708708664581e-01
4.311257257257236297e+00
1.741412112112112425e+02
3.164904904904869420e-01
6.873873873873838358e-02
2.406565565565557563e+00
3.735076076076072393e+00
1.373312012012013383e+01
4.661761761761713113e-02
1.401941941941962089e-01
8.864183583583570680e+01
2.089140140140137269e+00
1.865765765765777656e-02
1.705659659659659821e+00
5.236315315315311025e+00
2.555315315315347391e-01
1.505025025025016894e-01
1.259939939939928033e-01
4.911030030030053339e+00
9.943243243243209128e-02
1.399609609609610006e-01
2.710657657657642883e+00
1.317313113113138634e+01
2.039139139139130030e-01
5.447277277277320362e-01
2.654005005004995699e+00
3.731005005005021857e+00
3.516930930930928678e+00
2.103649709709710578e+02
9.038958458458472478e+01
3.416006006006068185e-01
5.794465465465481024e+00
2.462982182182177837e+01
1.832507507507514788e+00
5.088326326326354732e+00
1.728184184184184291e+00
4.768631631631654599e+00
8.956456456456650395e-02
4.985245245245333856e-01
1.000000000000007827e-03
6.381168168168163568e+00
3.485558958958952047e+01
4.394804804804811837e+00
4.243443443443450230e-02
2.012912912912927232e-01
1.671290290290297520e+00
5.455474474474500290e+00
1.410733733733739115e+00
4.077084084084081184e+00
9.736736736736657516e-01
9.378799799799812931e+00
2.618824824824826258e+00
1.066935355355354176e+02
3.057548548548547185e+00
7.613845045045060544e+01
4.974174174174126467e-02
3.677221221221224745e+00
2.276306306306270788e-01
1.381949149149146550e+01
3.910249249249238890e+00
2.502412412412453047e-01
1.660660660660671639e-01
6.536773773773785656e+00
9.743243243243454588e-02
4.202712712712739496e+00
6.459174174174207472e+00
3.337847847847814076e-01
1.288663353353353216e+02
3.542333333333343770e+00
3.513204204204188663e+00
7.102785485485493666e+01
4.821461461461428177e-01
2.414869869869883168e+00
2.783668668668663582e+00
2.171481481481453701e-01
1.279968268268268261e+01
1.034659759759760611e+01
5.902264264264238669e+00
1.879349349349360709e+00
5.598877877877878717e+00
1.915216216216196976e+00
3.154904904904864971e-01
3.107177177177151695e-01
3.688919919919914303e+00
5.029329329329348258e-02
4.803288288288302788e+00
3.689405405405408178e+00
5.130070070070156252e-01
5.390996996996988422e+00
3.906392392392395330e+00
3.315949949949926534e+00
1.357576926926928707e+02
8.266577577577674418e+00
4.035835835835847873e-02
2.568668668668684374e-01
3.141689089089082287e+01
2.744324324324278752e-01
3.111023023023004264e+00
1.578696696696691548e+00
1.878830830830819476e+00
2.579519519519518078e-01
5.800815815815789200e+00
5.338518518518560185e-01
1.623213213213190731e-01
1.471941941941926069e-01
6.697060060060073816e+00
4.557080080080089246e+00
5.092182182182132255e-01
2.993993993994002473e-03
5.959970970970987381e+00
3.531626626626636511e+00
1.832004404404403530e+01
1.407156556556552296e+01
2.154151151151151300e+00
5.120340340340223673e-01
3.355208208208201981e+00
4.848875875875892305e+00
5.456716716716702997e-01
2.948342342342364919e+00
1.679229229229246556e-01
3.056930330330343182e+01
3.248748748748725435e-02
8.991991991992102570e-03
9.841241241241216464e-02
2.652922922922955062e-01
3.832512512512519454e+00
2.960598598598569442e+00
3.901615715715723098e+01
2.648398398398439380e-01
9.791410410410477994e+00
2.609398398398391272e+00
4.367067067067102043e-02
3.253105105105118522e+00
3.668882882882873453e+00
1.380060060060038230e-01
4.567865865865870845e+00
2.446716716716753059e-01
4.284057057057030882e+00
3.062561561561527146e+00
6.403623623623624361e-01
3.580390390390348454e+00
8.797997997998127651e-02
6.574424424424413438e+00
2.366577577577584801e+00
3.918318318318278481e-02
6.134168168168195656e+00
1.218473973973972768e+01
2.100731731731736662e+00
4.557167167167167854e+00
1.555524624624620778e+01
2.891352352352356991e+00
3.262372372372339679e-01
1.719379379379355477e-01
2.997997997998089626e-03
2.705455455455407221e-01
3.653915715715714896e+01
4.974155155155157715e+00
1.571585695695696074e+02
1.805395395395368585e-01
3.557515515515508042e+00
2.478481481481482973e+01
2.975886886886868421e+00
2.847957957957943376e-01
4.089468468468488105e+00
2.915534534534532707e+00
2.360760760760770294e-02
2.215757757757761404e+00
2.308641741741744369e+01
4.158090090090073687e+00
3.114094094094079779e-01
2.927397397397400458e-01
2.267378378378386738e+00
2.236736736736683051e-01
4.311902902902890133e+00
2.201141141141184643e-01
4.609956956956943408e+00
2.076667667667664308e+00
2.010781781781767918e+00
4.472620620620625154e+00
3.516871871871852573e+00
3.302310310310332397e+00
2.867297297297252689e-01
5.051375375375402932e+00
5.382488488488457179e+00
2.694278278278270378e+00
4.057683683683706022e+00
5.888688688688639705e-02
6.109536536536516849e+00
6.343543543543635199e-02
4.765986986986995966e+00
1.919889889889841161e-01
4.444215915915917492e+01
2.428963763763760753e+01
2.308819819819829533e+00
3.080070070070097810e-01
2.000000000000000475e-03
3.867313313313314627e+00
1.997997997998057079e-03
9.739703703703634474e+00
1.390190190190188080e-01
1.753743743743715611e-01
7.994144144144088582e-01
1.409785815815814374e+02
2.508088088088036849e-01
1.568110110110103816e+00
4.629979979980016203e-01
4.947386386386410706e+00
1.179395535535534236e+02
6.377653053053053611e+01
6.211301201201214184e+01
1.953043043043050320e+00
3.969772772772797609e+00
9.292772772772812662e-01
4.125465465465521508e-01
1.171454454454452154e+01
0.000000000000000000e+00
5.107886486486486177e+01
2.263285285285290271e+00
6.069384384384368225e+00
1.681015015015014047e+00
1.367200300300301485e+01
2.404022022022025862e+00
2.824324324324340232e-02
2.341442442442458027e+00
4.679319319319295012e+00
5.483138138138162532e+00
1.952419519519516555e+01
9.322537537537535002e+00
2.290317717717719503e+01
3.876550550550522889e+00
3.759498498498492935e+00
2.890649649649656983e+00
2.642780780780797034e+00
2.680266266266250419e+00
7.451351351351392927e-02
3.131591591591594836e-01
4.557112112112092106e+00
4.981944944944956433e+00
4.640560360360353798e+01
4.815289289289290231e+00
2.372647647647641911e+00
1.631194194194202085e+00
3.071366366366374390e+00
5.087123123123138413e+00
4.111861861861959566e-01
2.711491491491445638e-01
4.146226226226238931e-01
2.428843543543541728e+01
2.820999999999964647e+00
1.030585585585588859e+01
8.507582582582585928e+00
4.727294294294290822e+00
4.403103103103153670e-02
1.997997997997982052e-03
3.511778778778765542e+00
1.875306406406412307e+01
1.144557227227226690e+02
3.242268268268263753e+00
1.378358658658649993e+01
2.627890890890896447e+00
1.358588588588590662e+00
2.971256256256238348e+00
4.645601601601627273e+00
1.589089689689691376e+01
1.231741741741756990e-01
1.493329629629626965e+01
1.996736736736759443e-01
2.692792792792741280e-02
5.811119119119124932e+00
2.727507507507557771e-01
1.569759759759739859e-01
5.777086086086129946e+00
4.176134134134139586e+00
4.327044444444443627e+01
2.276271271271249841e+00
4.130596596596570969e+00
1.283730930930930647e+01
4.147880880880832954e+00
5.963862662662677394e+01
4.332657657657644990e+00
4.317362362362344719e+00
2.572172172172125237e-01
4.884903903903926370e+00
3.675235835835838571e+01
5.321155155155182115e+00
1.000000000000010212e-03
5.892082082082049865e+00
2.100467467467456828e+00
2.004270570570569987e+01
3.028108108108067409e-01
4.952146146146130690e+00
2.192432432432488698e-01
2.482623623623629872e+00
2.688931931931941577e+00
1.645016016015997673e+00
3.797576576576552121e+00
8.756656656656718052e-02
2.606457457457426408e+00
3.879629629629656740e-01
2.725715715715736343e-01
2.111895895895915753e+00
3.887274274274273189e+00
1.297207207207231872e-01
1.206636636636622267e-01
2.808379379379367435e+00
4.967467467467552300e-01
7.975975975976067056e-03
1.478978978979011115e-02
2.711223223223242496e+00
6.619424424424415143e+00
5.552732732732736487e+00
1.251401401401417146e-01
1.001431031031032504e+01
1.844993993993982562e+00
1.886635335335336450e+01
1.104323423423423378e+01
1.364255355355353316e+01
3.697224224224240352e+00
3.811990990990997830e+01
1.789955955955973455e+00
4.173372372372357475e+00
3.987987987988043936e-03
3.626913913913932586e+00
3.639610610610569008e+00
4.828138138138132085e+00
2.845595595595575289e-01
4.343734734734692182e+00
2.383065065065057997e+00
2.457097097097103167e-01
1.977321321321339864e+00
2.541245245245262296e+00
2.291211211211253429e-01
4.875195195195177078e+00
1.109819819819829051e-01
2.380770770770802569e-01
1.768768768768792243e-01
3.993993993994084460e-03
1.821812952952955129e+02
2.842464464464490970e+00
5.312710510510510176e+01
5.613423423423375969e-01
6.093723723723741159e+00
8.332203203203189190e+00
6.623502502502520706e+00
2.105065065065043206e-01
1.864963963963959248e+00
5.111511511511654393e-02
1.793571371371371015e+01
1.159549549549562103e-01
6.842364364364364349e+00
5.812539539539506528e+00
5.360360360360463122e-02
2.806466466466419618e-01
3.137077077077085607e-01
9.983883883884048238e-02
3.698858858858798393e-01
4.934534534534566752e-02
4.835775775775907892e-01
2.393839839839832173e+00
6.591106106106150442e+00
9.673566966966970426e+01
2.742412412412455480e-01
2.139639639639611401e-01
2.153753753753784653e-02
3.849339339339288291e-01
1.572412412412405036e-01
4.188674674674706111e+00
1.479549549549562804e-01
2.626492492492517261e+00
4.020840840840779751e-01
3.569856856856838068e+00
2.311518518518518750e+00
2.556329329329337341e+01
6.280327327327337450e+00
2.366166166166156284e-02
1.580250250250225807e-01
2.916231231231225074e+00
3.722505505505497414e+00
3.069386386386403043e+00
6.648823823823824419e+00
2.091831831831789668e-01
2.756704904904903231e+01
9.187411311311304019e+01
2.644575575575580650e+00
3.320220220220193585e-01
2.904070070070055021e+00
3.433542542542519005e+00
4.881663663663669439e+00
2.956411411411418833e+00
2.367807807807758014e-01
3.625489489489499118e+00
1.092734934934936675e+01
3.745728728728701107e+00
6.119587587587608013e+00
8.499723623623626168e+01
3.025685685685687076e+00
1.090126596596596897e+02
2.739453453453455367e+00
2.885032032032014193e+00
1.484028528528527069e+01
3.682733733733717152e+00
3.443243243243259144e+00
8.955955955955993003e-03
1.307794394394393400e+01
3.844604604604631160e-01
1.724902902902902158e+00
7.384279279279280672e+01
5.891400400400405246e+00
8.237722022022022372e+01
5.988978978978963141e+00
3.531671671671623991e-01
5.666477477477488200e+00
4.586214214214216156e+00
5.858474474474460791e+00
2.668708708708654731e-01
3.092352352352417677e-01
1.133101361361360517e+02
8.384931931931944860e+00
2.059974574574589923e+01
1.297207207207234092e-01
1.483890890890890546e+00
1.957700700700707230e+00
1.502201701701701708e+01
1.357837837837857498e-01
2.049989989990004258e-01
1.488988988989019616e-02
8.941667667667626773e+00
3.740711711711724785e+00
3.568318318318388638e-01
3.194047447447451304e+01
1.485816816816797781e+00
3.417127127127080888e-01
2.668538538538468008e-01
4.315616616616634538e+00
6.583846846846854284e+00
1.166269969969970361e+02
1.642210510510511767e+01
1.079819819819834020e-01
2.366366366366393081e-02
3.796896896896811979e-01
1.436846746746748771e+01
4.581762762762775942e+00
0.000000000000000000e+00
7.031481481481608453e-01
4.101267267267285632e+00
3.414301301301359892e+00
2.632256256256241933e+00
4.773727727727735015e+00
7.201374374374373666e+00
4.998193193193190886e+00
4.372574574574565887e+00
1.148018018018031744e-01
9.991991991991992436e-03
5.044329329329301004e+00
5.638578578578663514e-01
6.977977977977822648e-03
5.051121121121203705e-01
3.021451451451523940e-01
6.988098098098080024e-01
5.708775775775788652e+00
4.139231231231248920e+00
2.242313313313291978e+00
3.510220220220157672e-01
1.094594594594589312e-02
4.545055055054962878e-01
9.003658658658681091e+00
4.339441441441463709e+00
8.736612612612630002e+00
2.609863863863860711e+00
1.534928928928906311e+00
2.431457457457448346e+00
3.127158158158158674e+00
5.431901901901910357e+00
1.248792492492492414e+02
3.892687687687694353e+00
3.339814814814814792e+00
7.369599599599542250e-01
5.292335335335330626e+00
1.386457957957957987e+01
2.535246246246221524e+00
6.461051051051084348e-01
1.192992992992970847e-02
3.464109109109102747e+00
1.953005005004984973e+00
6.096098098098097218e+00
2.936666666666716274e-01
1.358918918918937679e-01
2.018558558558582738e-01
4.100118118118144750e+00
8.645145145145172183e-02
2.439939939939882174e-02
2.313396396396390386e+00
3.256002302302297124e+01
5.456947947947941913e+00
4.424372672672667051e+01
9.488088088088249272e-02
4.271541541541433173e-01
4.438712712712741038e+00
2.076826826826786432e-01
5.036295295295267316e+00
4.649859859859910571e+00
1.997997997998014579e-03
6.652039039039052248e+00
9.247082082082083332e+01
1.720661661661648134e+00
3.425807807807756511e+00
1.544194394394392589e+01
4.626689689689666096e+00
3.489294294294310372e+00
5.371434434434455341e+00
9.877777777777921320e-02
1.150195195195193199e+00
9.337600600600623579e+00
4.821261261261160502e-01
7.664875875875876154e+00
3.905073073073121570e+00
1.305127227227226072e+01
8.950950950951069851e-02
4.342178178178175862e+00
3.150220220220254497e-01
6.390900900900902126e-01
1.405335635635635505e+01
7.310398698698701025e+01
1.907787387387379852e+01
1.190516516516527012e+00
1.681231231231258838e-01
2.975289489489489725e+01
2.888774774774792053e+00
4.873743743743625956e-01
4.879894094094085233e+01
2.512490490490511874e+00
2.409429429429389702e-01
3.976491491491488617e+00
4.295467467467458000e+00
1.128598598598583996e-01
4.199662662662651869e+00
1.745495495495487659e-01
6.447636636636647545e+00
1.672772772772791391e-02
3.880923923923905949e+00
2.039573573573572496e+00
1.576096096096082644e-01
2.702810710710708264e+01
1.845315315315334825e-01
1.524290490490492189e+01
2.845004004003997444e+00
2.508658658658687868e-01
5.131762762762763330e+00
1.997997997997988991e-03
6.403773773773769662e+00
1.912516516516527654e+00
2.489036136136131745e+02
3.769048048048044830e+00
3.445208308308301781e+01
2.267404104104104334e+01
3.770229229229231205e+00
1.536636636636626863e-01
4.041035035034987288e+00
6.968693693693691849e+00
3.595155155155147941e+00
5.474490490490489414e+00
2.742412412412390532e-01
5.323158558558568387e+01
2.147597597597620922e+00
2.172482482482533950e-01
5.909848848848853642e+00
3.343413413413423907e+00
3.613973973973981790e-01
1.434122382382384728e+02
5.973835835835839880e+00
2.775370370370378925e+00
9.381914914914895931e+00
4.370105105105105636e+00
4.431423023022995977e+01
1.159259259259239894e-01
1.167207207207188457e-01
3.701392392392434783e+00
2.396818818818816421e+00
1.342529079079079395e+02
4.948898898898884013e+00
2.755985985985995312e-01
3.097343343343341715e+00
5.927261261261290493e+00
2.824324324324322538e-02
1.688235235235229936e+01
1.284478048048050880e+02
2.512597597597594934e+00
4.297637637637612418e-01
3.523383383383407730e-01
1.822947647647648139e+01
1.997547547547544600e-01
1.618002912912913303e+02
1.116256256256277085e-01
5.986376376376376651e-01
1.305055055055078794e-01
4.843920920920933071e+00
2.941771771771800048e-01
1.140000000000021829e-01
2.827977977977969015e+00
3.656286286286297704e-01
9.786435135135128860e+01
2.820370370370324231e-01
3.587906906906904947e+00
3.310850850850853844e-01
2.703293293293324573e-01
2.686099099099078735e+00
5.280098098098076065e+00
4.409829829829894354e-01
1.002084884884883564e+01
1.701761761761771408e-01
4.476490490490505181e+00
3.225184184184225700e+00
1.098969569569566218e+01
4.156600600600602213e+00
9.005447447447407328e+00
1.655162162162140405e+00
9.028828828828776298e-02
2.205980980980997597e+00
2.861661661661659695e-01
6.244584584584544906e-01
1.598948648648651840e+02
1.561436456456457620e+02
2.227506506506499395e+00
4.878768768768722008e-01
3.040270270270284847e+00
1.558564324324325128e+02
5.314488488488494866e+00
5.133845845845821820e+00
6.338798798798791490e-01
3.812458458458452437e+00
4.436546546546610847e-01
4.111969969969961447e+00
1.987643533533534423e+02
3.961511511511578432e-01
2.203213213213191246e-01
6.565474474474458866e+00
1.069401941941943477e+02
3.132323323323330300e+00
5.735071071071066839e+00
2.274264264264312108e-01
1.110459459459458920e+01
2.901651651651684927e-01
3.843843843843774977e-02
2.473333333333285755e-01
6.188714814814810694e+01
1.161668268268270054e+01
2.446055835835833818e+02
7.802102102102249914e-02
6.812522522522551638e-01
4.329147147147146768e+00
2.831698698698669414e+00
1.986696696696647058e-01
3.380377377377359771e+00
4.075570570570580919e+00
3.841901901901925709e-01
2.814097197197199307e+01
8.514814814814702926e-02
4.776276276276234523e-01
5.405624624624609353e+00
1.164654654654641991e-01
3.280430430430368860e-01
2.838037037037035581e+00
4.041116116116120871e+00
2.897175775775774653e+01
1.735162162162127597e+00
3.776416416416423782e-01
4.372313313313282990e+00
4.280890890890970413e-01
3.162157157157147847e+00
1.157738738738752771e+00
1.000000000000003924e-03
2.468376776776774406e+01
2.463613613613638842e-01
2.487507507507550897e-01
4.210610610610579507e-02
3.191471471471482024e-01
5.921421421421270426e-02
3.101472472472470709e+00
2.774924924924971337e-01
8.099489489489394289e-01
1.755735735735709513e-01
3.846429429429425451e+00
2.802377377377384793e+00
6.112923923923895941e+00
4.244480480480497420e+00
6.644714714714725190e+00
6.398309309309317072e+00
6.073863363363368251e+01
1.675650760760761671e+02
5.132167167167173361e+00
2.921907907907904001e+00
2.785170570570572579e+01
2.526036036035987919e-01
1.021717617617613527e+01
5.566966966967040742e-02
1.212408208208215221e+01
2.749680680680686162e+00
1.092792792792801095e-02
3.848518518518486697e+00
3.171721721721734166e-01
5.557457457457519456e-02
1.403074574574576694e+01
9.244073473473478941e+01
3.778238238238200708e-01
2.611121121121102284e+00
4.277057057057067624e+00
8.804258258258226277e+00
2.781980980980960805e+00
3.175842842842846014e+00
4.984694694694622452e-01
3.692506506506472608e+00
1.924924924924964753e-01
3.241847847847824315e+00
7.481054054054053992e+00
2.396862862862868759e+00
4.491490490490535947e+00
6.412322322322285828e-01
2.852342342342334969e-01
4.497803803803760658e+00
3.461451451451493244e-01
1.341412612612612953e+01
1.131238138138138893e+01
2.363888888888892037e+00
1.048495095095093355e+01
1.521871871871887938e-01
4.934994994995032247e-01
3.238628628628664741e-01
2.771585585585568445e+00
6.313859859859864088e+00
1.618758758758750138e-01
4.306032032032031331e+00
4.117183183183218631e+00
1.786087437437435881e+02
2.158468468468461299e-01
1.889314014014015441e+01
2.795345345345374155e-01
5.139049049049017048e-01
1.972238638638638619e+01
7.191941941941910166e+00
3.710249249249256476e+00
3.516456456456438229e-01
1.065327217217219129e+02
8.361851851851859863e+00
4.944203203203206165e+00
3.590610610610563969e-01
3.871871871871955251e-01
1.546653653653648597e+00
6.271046046046055089e+00
1.530187287287285258e+01
3.287687687687632088e-02
1.644594594594620263e-01
2.043240240240211669e+00
2.240543543543543237e+00
4.902198198198192358e+00
1.305972972972973167e+01
5.720623623623616538e+00
4.048183183183193812e+00
5.955655655655738290e-01
4.979979979979970266e-03
9.220720720720616825e-02
5.808791791791779957e+00
5.057875875875804006e+00
5.850528528528514016e+00
2.456196196196169246e-01
6.167466466466419384e+00
2.040968868868868213e+01
4.371471471471401471e-01
5.833662462462465470e+01
5.451601601601615776e+00
7.535606606606576108e+00
3.037431431431433460e+00
1.440556756756760670e+01
4.781628628628639355e+00
2.439939939939890501e-02
2.939344344344351434e+00
6.983142142142140685e+00
2.753773773773727784e-01
4.237339339339343702e+00
1.967500500500473315e+00
6.724920320320313749e+01
1.251428428428434891e+01
3.027190190190216068e+00
2.824199199199199928e+00
2.166476476476466850e-01
2.582862862862799203e-01
1.139279279279257068e-01
3.895625625625647737e-01
3.464295295295296118e+00
8.594614614614446424e-01
6.008758758758794283e-01
4.126755755755763921e+00
2.744413713713712255e+01
4.733742942942951260e+01
2.512190190190180861e+00
1.284384384384385305e-02
1.822692692692660932e-01
3.422709809809804682e+01
2.246137137137113715e+00
4.338208208208229166e+00
5.169998998999011164e+00
8.466666666666759766e-02
1.834968968968948788e+00
2.490360360360353575e-01
1.278778778778756342e-01
3.807204604604602594e+01
4.383405405405389033e+00
4.475781781781756230e+00
4.326676676676695643e-01
5.128235235235258038e+00
3.771721721721746912e-01
5.343126126126136910e+00
1.220397897897898964e+01
3.338989989989983087e+00
3.127685685685709149e+00
1.529419419419419945e-01
4.859537537537573115e+00
2.535638238238233910e+01
4.143369369369378497e+00
2.174913913913931296e+00
9.977977977978072510e-03
3.283173173173200010e-01
2.625183183183188440e+00
7.074865865865857195e+00
2.287253253253254126e+00
2.339039039038997014e-01
1.209559459459459774e+01
1.056515175175174619e+02
6.488823823823844705e+00
8.625462462462417434e+00
9.915767767767800223e+00
1.697087087087089108e+00
2.593693693693739921e-01
1.178080630630632442e+02
9.946590890890871606e+01
2.737767767767802063e+00
2.714360360360345670e+00
6.937541541541593304e+00
3.931271271271294943e+00
3.928570570570599774e+00
1.710986986986975600e+00
3.987987987988039600e-03
1.773003003002997513e-01
3.267493493493492718e+00
3.109220220220220909e+01
4.991946946946934638e+00
7.810758258258250919e+01
3.494201001000999440e+01
1.918740740740744499e+01
2.086082082082041378e+00
2.441231231231194287e-01
4.797192192192245130e+00
3.146967967967985835e+00
6.377377377377452250e-02
1.219759579579578315e+02
1.162656656656665399e+00
1.856686686686696897e+00
1.757471471471486968e+00
4.935297297297270624e+00
2.301587587587590189e+00
4.946097097097110762e+00
9.154605605605661722e+00
1.960990990991037242e-01
2.663763763763702178e-02
8.189355355355350241e+01
3.232205205205200826e+00
8.323219819819824750e+01
3.720110110110165236e-01
3.556870870870828316e+00
1.186786786786801252e-02
5.064461461461460345e+01
0.000000000000000000e+00
1.843490390390393685e+01
2.153753753753778755e-02
5.567557557557637482e-01
5.087133833833826202e+01
3.745076076076069072e+00
4.220056056056059823e+00
1.370626126126125541e+02
5.874537537537552367e+00
6.332238238238226735e+00
2.621321321321323228e-01
3.897204204204236078e+00
1.140240240240218833e-01
5.060506506506499136e+00
3.622021821821822840e+01
3.254844844844820839e-01
4.551768568568569862e+01
1.796456696696693882e+02
3.403617617617609170e+00
3.993993993994047163e-03
5.385659659659648213e+00
8.526176876876893118e+01
7.581512512512537327e+00
2.313656656656663646e+00
1.045429739739738579e+02
6.724624624624719882e-02
2.236212212212215444e+00
1.286556556556525399e-01
4.042972972973047918e-01
1.085644964964966732e+02
2.306286286286332865e-01
1.401251051051051277e+01
1.030721621621623640e+01
4.284195195195207084e+00
2.241895895895887225e+00
3.612922922922979785e-01
5.747687687687741409e-01
1.859350350350343684e+00
1.152491091091093445e+01
4.479531531531538491e+00
4.415333333333324006e+00
1.871861861861884857e-01
1.565636636636645429e+00
2.403279079079080560e+01
7.091922222222218863e+01
2.853202202202200333e+00
1.578350350350361309e+00
5.921436436436419370e+00
1.428498498498482483e-01
1.405374724724724160e+02
3.827294294294274035e+00
2.140170170170194286e+00
8.362950950950949647e+00
2.287385385385394265e+00
3.624839839839826716e+00
7.951845845845874727e+00
2.249879879879861655e-01
4.647277277277176988e-01
2.761161161161199834e-02
5.301761761761906167e-01
6.267206206206203056e+00
1.618683203203201515e+02
1.418295115115112424e+02
4.180921921921877171e+00
3.284634634634627237e-01
4.014389389389362961e+00
3.317092092092117195e+00
5.003925925925922336e+00
3.253973973973912082e-01
5.526597597597605827e+00
6.145545545545458982e-02
8.292130130130091814e+00
4.062885885885871851e+00
3.720948948948955781e+00
2.919692692692683611e+00
6.747306306306303014e+00
4.030410410410450450e-01
1.656572552552557909e+02
4.019314314314293313e+00
1.744432932932929603e+01
3.526712712712707809e+00
5.343044044044040319e+00
3.075014014014032515e+00
4.018132132132138601e+00
2.688202202202182090e+00
1.833737337337334239e+01
3.087374374374357799e+00
4.126357357357365530e+00
5.135758758758773190e+00
1.374404404404422075e-01
6.936516516516546549e-01
1.306581581581582663e+00
5.488515515515502763e+00
3.944213213213200842e+00
7.198309309309270709e+00
2.397667667667625346e-01
1.483873873873866045e-01
3.280550550550571098e-01
4.118518518518470700e-02
1.490006006006016515e+00
1.194984984984972937e-01
4.996886886886930390e-01
4.117951951951921430e+00
4.950717717717724398e+00
2.000750750750728557e-01
2.374204204204205526e-01
1.689253553553557197e+01
2.698877877877896569e+00
2.549868568568568250e+01
1.145935935935918776e-01
3.194294294294346137e-02
4.841876876876883173e+00
2.585095095095059081e-01
8.928828828828737352e-02
2.437548548548532423e+00
1.007302802802802155e+01
9.959959959959970022e-02
4.331731731731727209e+00
4.559811811811814053e+00
6.442000000000001059e+00
2.076736736736762845e-01
3.844544544544566400e-01
