6.092086086086111685e+00
3.671910910910879178e+00
3.993993993994059306e-03
1.963882882882882486e+00
7.972959959959966092e+00
1.272286286286279378e+00
2.741441441441451188e-01
3.690564564564554395e+00
2.507417417417437400e-01
3.776695695695700739e+00
1.582031981981982085e+02
3.001381381381402758e-01
6.257357357357261340e-02
2.197439439439436981e+00
3.396227227227234025e+00
1.208623523523524845e+01
4.287187187187267712e-02
1.344814814814794535e-01
7.648420320320312271e+01
1.877524524524534888e+00
1.478978978979021350e-02
1.539345345345347615e+00
4.686661661661672085e+00
2.501381381381330704e-01
1.246346346346355050e-01
1.061441441441424716e-01
4.352886886886900619e+00
1.019489489489475015e-01
1.244914914914927173e-01
2.472174174174176731e+00
1.307300700700698748e+01
2.015415415415430511e-01
5.196216216216344996e-01
2.284575575575585660e+00
3.233019019019033546e+00
3.166353353353370981e+00
1.780530480480481117e+02
7.782484784784791998e+01
3.214604604604615057e-01
5.108787787787782975e+00
2.019513713713703851e+01
1.735025025025030310e+00
4.483123123123107234e+00
1.579261261261285076e+00
4.164674674674663457e+00
6.979279279279054782e-02
4.597157157157204521e-01
1.000000000000007827e-03
5.897357357357369878e+00
3.124729029029028382e+01
3.749108108108104798e+00
3.500300300300365763e-02
1.850590590590602269e-01
1.513351351351358565e+00
4.855566566566491993e+00
1.254873873873869394e+00
3.596060060060060959e+00
8.874304304304148072e-01
8.694619619619635031e+00
2.251454454454433485e+00
9.326680580580574542e+01
2.631150150150197931e+00
6.912954254254266573e+01
3.106906906906967830e-02
3.294112112112092206e+00
2.286036036035997143e-01
1.200893093093094244e+01
3.346940940940947407e+00
2.512502502502481083e-01
1.649009009008975957e-01
5.753611611611629151e+00
8.606106106106051201e-02
3.708154154154162718e+00
5.796726726726749490e+00
3.177817817817773505e-01
1.116079669669668135e+02
3.771271271271262826e+00
3.134496496496506968e+00
6.316083583583577621e+01
3.779489489489495369e-01
2.097395395395423190e+00
2.507826826826846656e+00
2.075535535535565912e-01
1.012918318318324928e+01
8.777317317317303136e+00
5.258516516516514194e+00
1.593292292292305845e+00
5.114849849849846031e+00
1.702016016016040245e+00
2.991591591591596933e-01
2.945415415415388871e-01
3.280956956956961434e+00
5.118518518518607591e-02
4.200503503503536962e+00
3.249553553553572449e+00
5.062802802802879309e-01
4.955257257257270176e+00
3.511845845845837477e+00
2.894384384384353748e+00
1.190356946946944561e+02
6.798472472472533390e+00
2.818718718718759772e-02
2.439219219219173618e-01
2.722247347347345681e+01
2.703293293293241861e-01
2.878384384384391925e+00
1.462108108108104432e+00
1.728490490490462994e+00
2.561671671671734152e-01
4.930511511511518563e+00
4.920490490490430635e-01
1.488788788788783790e-01
1.395145145145163523e-01
5.901831831831834130e+00
4.026836836836825029e+00
4.710600600600698962e-01
1.000000000000014766e-03
5.132443443443452047e+00
3.130074074074067347e+00
1.480072672672672418e+01
1.263733133133136377e+01
1.911554554554568019e+00
5.103873873873865374e-01
2.974541541541545264e+00
4.279593593593626899e+00
5.347967967968079162e-01
2.602110110110122942e+00
1.586616616616600139e-01
2.767024424424430507e+01
2.755755755755791639e-02
5.993993993993835569e-03
8.514814814814712640e-02
2.070690690690726588e-01
3.418580580580562245e+00
2.717377377377380387e+00
3.486531031031037742e+01
2.617167167167122610e-01
8.675513513513516628e+00
2.229500500500527060e+00
3.235535535535534468e-02
2.789852852852853449e+00
3.155997997997986193e+00
1.244244244244275682e-01
4.262994994995004561e+00
2.424984984985015246e-01
3.773826826826838676e+00
2.795102102102118735e+00
6.971581581581438591e-01
3.184654654654680339e+00
7.173473473473543360e-02
5.697257257257266616e+00
2.095051051051053381e+00
4.218318318318266258e-02
5.495295295295271387e+00
1.073085685685688517e+01
1.836916916916888631e+00
3.998709709709718840e+00
1.364276976976981004e+01
2.700351351351349738e+00
3.102772772772817711e-01
1.615565565565552641e-01
1.000000000000009128e-03
2.630930930930900913e-01
3.323993993993991580e+01
4.543705705705685993e+00
1.397767817817818923e+02
1.661501501501526368e-01
3.153241241241246939e+00
2.172685085085084822e+01
2.612918918918927691e+00
2.706576576576573134e-01
3.520019019019023254e+00
2.605344344344336704e+00
2.073973973973989096e-02
2.096451451451463388e+00
2.074694494494488595e+01
3.824562562562549228e+00
2.825655655655675558e-01
2.836036036036042596e-01
2.041556556556575863e+00
2.130400400400382921e-01
3.989999999999993552e+00
1.734554554554556816e-01
4.141648648648627251e+00
1.798765765765752533e+00
1.750489489489489126e+00
4.017748748748762644e+00
3.251907907907901851e+00
2.872624624624648959e+00
2.787387387387429416e-01
4.480627627627606913e+00
4.722045045045046407e+00
2.492545545545558738e+00
3.654973973973967727e+00
4.791591591591503468e-02
5.670865865865917677e+00
5.322822822822780714e-02
4.212897897897931010e+00
1.928318318318268942e-01
3.875217117117114896e+01
2.115640340340337389e+01
2.069044044044070496e+00
3.482222222222252084e-01
0.000000000000000000e+00
3.563570570570553819e+00
1.997997997998057079e-03
7.723493493493494455e+00
1.247117117117131080e-01
1.669289289289276890e-01
7.391051051051017451e-01
1.241881391391391674e+02
2.494654654654701043e-01
1.398235235235250506e+00
4.506406406406426868e-01
4.334228228228237612e+00
1.039879619619620144e+02
5.680972772772776125e+01
5.567608708708728926e+01
1.779293293293275013e+00
3.475434434434454545e+00
8.631531531531608792e-01
3.982762762762828701e-01
1.012383483483490565e+01
3.002002002002048843e-03
4.504099099099102688e+01
1.974883883883904900e+00
5.379993993993979373e+00
1.575828828828821138e+00
1.185965665665664481e+01
2.214416416416398192e+00
2.444744744744728471e-02
2.132023023023022379e+00
4.171871871871880799e+00
5.009299299299326158e+00
1.745862562562569309e+01
8.068054054054023538e+00
2.055881681681680817e+01
3.566208208208208941e+00
3.304755755755754532e+00
2.491704704704698514e+00
2.307761761761772057e+00
2.352791791791768450e+00
6.083583583583473953e-02
2.955385385385396191e-01
4.093466466466467502e+00
4.592626626626636899e+00
4.047606806806806645e+01
3.745500500500509311e+00
2.010557557557590691e+00
1.452102102102095671e+00
2.738074074074052788e+00
4.417587587587572528e+00
3.724464464464431468e-01
2.461081081081095412e-01
3.968108108108112653e-01
2.156662062062064678e+01
2.509605605605645273e+00
8.901051051051052099e+00
7.688352352352406882e+00
4.319659659659668804e+00
3.633933933933961025e-02
1.997997997997974246e-03
3.099288288288311488e+00
1.555512912912904611e+01
1.037534384384384936e+02
2.931261261261262518e+00
1.220869669669666990e+01
2.389259259259262524e+00
1.234503503503495470e+00
2.742068068068070463e+00
3.858421421421383890e+00
1.415304704704704086e+01
1.226106106106100296e-01
1.316871471471473320e+01
1.789499499499479229e-01
2.794194194194158862e-02
5.016512512512536937e+00
2.599699699699679067e-01
1.344294294294287595e-01
5.197895895895906726e+00
3.630305305305314700e+00
3.848164764764766943e+01
2.094677677677669880e+00
3.554345345345348406e+00
1.158550250250249825e+01
4.080387387387393261e+00
5.316482282282273530e+01
3.774449449449430727e+00
4.051963963963977733e+00
2.528678678678666913e-01
4.448531531531526362e+00
3.261649849849845140e+01
4.722909909909903448e+00
0.000000000000000000e+00
5.074212212212263040e+00
2.107286286286281118e+00
1.733891791791795356e+01
2.868268268268197585e-01
4.327218218218198409e+00
2.159909909909887848e-01
2.277219219219226876e+00
2.458437437437430706e+00
1.565348348348341023e+00
3.288607607607649364e+00
6.519619619619505813e-02
2.305468468468472754e+00
3.582212212212249614e-01
2.659889889889860970e-01
1.792214214214234325e+00
3.432293293293285696e+00
1.102342342342354370e-01
1.084154154154173266e-01
2.465848848848886998e+00
4.967337337337461856e-01
5.987987987988007549e-03
7.943943943943869435e-03
2.437031031031029915e+00
5.936803803803830881e+00
4.825019019019020305e+00
1.066496496496514013e-01
8.649940940940911815e+00
1.661657657657645171e+00
1.652362262262261439e+01
9.662938938938879119e+00
1.230978378378377869e+01
3.259424424424461453e+00
3.402555955955961053e+01
1.565540540540532266e+00
3.655001001000990790e+00
1.000000000000009562e-03
3.158123123123091069e+00
3.113700700700710033e+00
4.291753753753750900e+00
2.705255255255277769e-01
3.959353353353363136e+00
2.130591591591617817e+00
2.412772772772816543e-01
1.776610610610596996e+00
2.293869869869868960e+00
2.266226226226183693e-01
4.374115115115102981e+00
1.057057057057036453e-01
2.279379379379401771e-01
1.647277277277285623e-01
2.993993993994003774e-03
1.600351941941944460e+02
2.545676676676673633e+00
4.597870170170165949e+01
5.274614614614513419e-01
5.498348348348417680e+00
7.255205205205211172e+00
5.769838838838849959e+00
1.924644644644631364e-01
1.693546546546534914e+00
4.920720720720646313e-02
1.579619819819818893e+01
1.059439439439430891e-01
6.084660660660645704e+00
5.044735735735725868e+00
4.440840840840716564e-02
2.571361361361387821e-01
2.807387387387388356e-01
7.865365365365450945e-02
3.579379379379362125e-01
3.194294294294320463e-02
4.801681681681707614e-01
2.119479479479488226e+00
5.828081081081076142e+00
8.822133233233226690e+01
2.634864864864833178e-01
2.023603603603641166e-01
2.153753753753778755e-02
3.698608608608687787e-01
1.375565565565571025e-01
3.673087087087093305e+00
1.110450450450440329e-01
2.376271271271262808e+00
3.721701701701740639e-01
3.221841841841838860e+00
2.108406406406411637e+00
2.257912612612611625e+01
5.364825825825797700e+00
1.981581581581564472e-02
1.445525525525521437e-01
2.609347347347341195e+00
3.271710710710707293e+00
2.766249249249247644e+00
5.981451451451451184e+00
2.056846846846829002e-01
2.457573973973974546e+01
7.951421221221211511e+01
2.386044044044029810e+00
3.282692692692674719e-01
2.538932932932921549e+00
3.433979979980029462e+00
4.357087087087078814e+00
2.627902902902913063e+00
2.325435435435386222e-01
3.157864864864890375e+00
9.301568568568514550e+00
3.279740740740743732e+00
5.425799799799787770e+00
7.727051351351354924e+01
2.819375375375391624e+00
9.489811211211198838e+01
2.474836836836828535e+00
2.696786786786806722e+00
1.379931131131132105e+01
3.196719719719732566e+00
3.125072072072070384e+00
5.979979979980058757e-03
1.129430530530533794e+01
3.267717717717715797e-01
1.506824824824823050e+00
6.614250650650652119e+01
5.426576576576568556e+00
7.139679879879879820e+01
5.301432432432427788e+00
3.364964964964931027e-01
4.991141141141115511e+00
3.939570570570587016e+00
5.238736736736726129e+00
2.546526526526508571e-01
3.023403403403379652e-01
1.011108658658659607e+02
7.616872872872892941e+00
1.816477977977973524e+01
1.183493493493515680e-01
1.306686686686715060e+00
1.612311311311317885e+00
1.350272672672678809e+01
1.181581581581603729e-01
1.929509509509488574e-01
5.979979979980046614e-03
8.202479479479448443e+00
3.350117117117120458e+00
3.421171171171180081e-01
2.881122622622623908e+01
1.408146146146156186e+00
3.065895895895869305e-01
2.568468468468413368e-01
3.822552552552529015e+00
5.835565565565562274e+00
1.066945855855856138e+02
1.475946546546547644e+01
9.806406406406371901e-02
1.585585585585567309e-02
3.761841841841877532e-01
1.312675675675675002e+01
4.095609609609605073e+00
0.000000000000000000e+00
6.795265265265304500e-01
3.548558558558591258e+00
3.048246246246265390e+00
2.424093093093096840e+00
4.199053053053028783e+00
6.136664664664665203e+00
4.487670670670683926e+00
3.958117117117107675e+00
8.982582582582668285e-02
6.002002002002054110e-03
4.546040040040042030e+00
5.304134134134095291e-01
1.000000000000002840e-03
4.771721721721651766e-01
2.867887887887822229e-01
6.257667667667663469e-01
5.007278278278284311e+00
3.548634634634616702e+00
2.023407407407413761e+00
3.319829829829774037e-01
7.973973973974115420e-03
4.494484484484514430e-01
8.282412412412426761e+00
3.875334334334344266e+00
7.353707707707699548e+00
2.270170170170166646e+00
1.381514514514508019e+00
2.085460460460453191e+00
2.809941941941946908e+00
4.875595595595571652e+00
1.149495035035036068e+02
3.443709709709711575e+00
3.101547547547575778e+00
7.157137137137090654e-01
4.814472472472479225e+00
1.239131831831829622e+01
2.219434434434434333e+00
6.186726726726854420e-01
7.943943943943869435e-03
3.088715715715714794e+00
1.734824824824833467e+00
5.370722722722728548e+00
2.740400400400370140e-01
1.226736736736728783e-01
1.742892892892881351e-01
3.570872872872845161e+00
7.597697697697811114e-02
1.575975975975988513e-02
2.116095095095074985e+00
2.836437837837837961e+01
4.840523523523545535e+00
3.829594794794793700e+01
8.895195195195199078e-02
3.974484484484569480e-01
4.198772772772778161e+00
1.996156156156145556e-01
4.670636636636621652e+00
4.385140140140198817e+00
0.000000000000000000e+00
5.987015015015039410e+00
8.227519419419412827e+01
1.496510510510506098e+00
3.185964964964978829e+00
1.372861061061060894e+01
4.103732732732737531e+00
3.177973973973983846e+00
4.772091091091096082e+00
9.168768768768603694e-02
1.010725725725724278e+00
8.328579579579535874e+00
4.842742742742865980e-01
6.876086086086102611e+00
3.392976976976962433e+00
1.157418418418418149e+01
5.809609609609645703e-02
3.873212212212194583e+00
2.922782782782846200e-01
5.647907907907985248e-01
1.260935735735738028e+01
6.232288788788789446e+01
1.695998598598598051e+01
1.061292292292306483e+00
1.416726726726717511e-01
2.599518618618624188e+01
2.712823823823804048e+00
4.616836836836805680e-01
4.316901201201202554e+01
2.354071071071061283e+00
2.247507507507491009e-01
3.503506506506459228e+00
3.793899899899914274e+00
1.132352352352360148e-01
3.793993993994019043e+00
1.815375375375411215e-01
5.711549549549616245e+00
7.943943943943874639e-03
3.578013013013022547e+00
1.852594594594599631e+00
1.302172172172154641e-01
2.428575975975973478e+01
1.738888888888852902e-01
1.312968068068068206e+01
2.558757757757771145e+00
2.367517517517564452e-01
4.480282282282264106e+00
0.000000000000000000e+00
5.595213213213221515e+00
1.666412412412418220e+00
2.107016816816794460e+02
3.322687687687672309e+00
3.109218218218221352e+01
1.921374374374368088e+01
3.244190190190181067e+00
1.358438438438417384e-01
3.669412412412395685e+00
6.016501501501523741e+00
3.117180180180162186e+00
4.721892892892910254e+00
2.706256256256257542e-01
4.867244744744737517e+01
1.940258258258258373e+00
2.162462462462493851e-01
5.187066066066048364e+00
3.147878878878888731e+00
3.420760760760718777e-01
1.203300150150150216e+02
5.319500500500480733e+00
2.417435435435457247e+00
7.920614614614607696e+00
3.720402402402444686e+00
4.118008108108106313e+01
1.238628628628646033e-01
9.488988988988790452e-02
3.276979979979998348e+00
2.123418418418421272e+00
1.155713583583584807e+02
4.358489489489469015e+00
2.498078078078104503e-01
2.780375375375356839e+00
5.445338338338383544e+00
2.249349349349378732e-02
1.522443443443446753e+01
1.125781191191190658e+02
2.226080080080125256e+00
4.200550550550606888e-01
3.351181181181197566e-01
1.685049649649650405e+01
2.022412412412389338e-01
1.462804144144143095e+02
8.135135135135081186e-02
5.719859859859773854e-01
1.131081081081070916e-01
4.186358358358360121e+00
2.781811811811752411e-01
8.138238238238199029e-02
2.455319319319311688e+00
3.566586586586551477e-01
8.684494694694605244e+01
2.804274274274218826e-01
3.207222222222206653e+00
3.157897897897925521e-01
2.604784784784783258e-01
2.108906906906934609e+00
4.709531531531517601e+00
4.324034034034001661e-01
9.017491491491499644e+00
1.562252252252247231e-01
3.910409409409440595e+00
2.826225225225254434e+00
9.544646646646603116e+00
3.749400400400386690e+00
7.830945945945959608e+00
1.462509509509517525e+00
8.051051051051215379e-02
1.959733733733733940e+00
2.790850850850807308e-01
6.073133133133051809e-01
1.395765505505505928e+02
1.371844214214214617e+02
1.994908908908901823e+00
4.889099099099160628e-01
2.676616616616618316e+00
1.419131871871870771e+02
4.885035035035016904e+00
4.705734734734703828e+00
5.986976976976936538e-01
3.424035035035028152e+00
4.294964964965036769e-01
3.665887887887898877e+00
1.781852192192191069e+02
3.866726726726777974e-01
1.915375375375371059e-01
5.729287287287215591e+00
9.414253653653659626e+01
2.786597597597598508e+00
5.089635635635642252e+00
2.265105105105129357e-01
1.025205505505508974e+01
2.880240240240234950e-01
2.629729729729749985e-02
2.377057057057020140e-01
5.669972572572562797e+01
9.810021021020977727e+00
2.191626646646651579e+02
6.343943943943916586e-02
6.696106106106043399e-01
4.052306306306310724e+00
2.525703703703710445e+00
1.896736736736755191e-01
2.927892892892889787e+00
3.551202202202179858e+00
3.765265265265272943e-01
2.529420920920924942e+01
6.457157157157283889e-02
4.458028028028031553e-01
4.907360360360382145e+00
1.003313313313329430e-01
3.237627627627602811e-01
2.583156156156145133e+00
3.644555555555546889e+00
2.518238738738739002e+01
1.542875875875870495e+00
3.722472472472404537e-01
3.832506506506520250e+00
4.009879879879863496e-01
2.750825825825835569e+00
1.155529529529533139e+00
1.000000000000003924e-03
2.213357557557561961e+01
2.391311311311256904e-01
2.454684684684657614e-01
3.100700700700726592e-02
2.816636636636640212e-01
4.574174174174204521e-02
2.767780780780790817e+00
2.673703703703745327e-01
5.602032032031932784e-01
1.682232232232235558e-01
3.374539539539539668e+00
2.620969969969954239e+00
5.586332332332325734e+00
3.712165165165168812e+00
5.649652652652633833e+00
5.669799799799841722e+00
5.534152452452456572e+01
1.455116146146145866e+02
4.300346346346356263e+00
2.996319319319331154e+00
2.427204304304309090e+01
2.586416416416380537e-01
9.002708708708686558e+00
4.731631631631602608e-02
1.006567367367368426e+01
2.411870870870906902e+00
5.979979979980029267e-03
3.396730730730758818e+00
3.126316316316363753e-01
4.844744744744725745e-02
1.258846046046046929e+01
8.094136236236231241e+01
3.627657657657638590e-01
2.369358358358348848e+00
3.764470470470483665e+00
7.801499499499519708e+00
2.535153153153149486e+00
2.825731731731701668e+00
4.491741741741757665e-01
3.158609609609581703e+00
1.785215215215257833e-01
2.850404404404387915e+00
6.654427427427346053e+00
2.222228228228247282e+00
3.796787787787815560e+00
6.064054054054086595e-01
2.633003003002979958e-01
4.312612612612646501e+00
3.379759759759798921e-01
1.203796096096094281e+01
1.000648448448449557e+01
2.189832832832844911e+00
9.494397397397422722e+00
1.417477477477469827e-01
4.584294294294305461e-01
3.177527527527480578e-01
2.471503503503514665e+00
5.622548548548559566e+00
1.452172172172190301e-01
3.936634634634653462e+00
3.604689689689687615e+00
1.521280880880881341e+02
1.980400400400434691e-01
1.682435035035036819e+01
2.659889889889855974e-01
4.158668668668699109e-01
1.773529129129122239e+01
6.423612612612601858e+00
3.323765765765759994e+00
3.320820820820881702e-01
9.293237037037040693e+01
7.365738738738744296e+00
4.392272272272272460e+00
3.324224224224209823e-01
3.773883883883955570e-01
1.359801801801784338e+00
5.527004004003961413e+00
1.417995395395399250e+01
3.480880880880852374e-02
1.488318318318291311e-01
1.845684684684665955e+00
2.085276276276279095e+00
4.529432432432392019e+00
1.126096196196195187e+01
5.148633633633622253e+00
3.559978978978993069e+00
5.217807807807818277e-01
3.987987987988034395e-03
8.070070070070206603e-02
5.118592592592587920e+00
4.419697697697672290e+00
5.373067067067060165e+00
2.104644644644663165e-01
5.590395395395386657e+00
1.769856756756759708e+01
4.200270270270235473e-01
5.223390490490500326e+01
4.649311311311308259e+00
6.667377377377389891e+00
2.767966966966965092e+00
1.208656856856859818e+01
4.239482482482500814e+00
1.672772772772771616e-02
2.539577577577563527e+00
6.132530530530563517e+00
2.662482482482527169e-01
3.669146146146156973e+00
1.776792792792789122e+00
5.684033133133121396e+01
1.117983083083077922e+01
2.688847847847841699e+00
2.566480480480497040e+00
1.712852852852823349e-01
2.508858858858900032e-01
1.076426426426394384e-01
4.049689689689760508e-01
3.011906906906927084e+00
7.430980980981042316e-01
6.195495495495479954e-01
3.661691691691676631e+00
2.441290090090097564e+01
4.215794894894902711e+01
2.239825825825797256e+00
1.575975975975987819e-02
1.795375375375405091e-01
3.117587487487488929e+01
1.959868868868880343e+00
3.905140140140125560e+00
4.627973973973893429e+00
6.947547547547539004e-02
1.679044044044040840e+00
2.411681681681666078e-01
1.124924924924922687e-01
3.357800800800789176e+01
3.998213213213182016e+00
3.874645645645601544e+00
4.282342342342299601e-01
4.523637637637669684e+00
3.780540540540576755e-01
4.963059059059065525e+00
1.059970070070065873e+01
2.918597597597599069e+00
2.786437437437432330e+00
1.342772772772798384e-01
4.075830830830831530e+00
2.254549149149143972e+01
3.575062062062056789e+00
1.958107107107112776e+00
7.989989989990009533e-03
2.963263263263270497e-01
2.352186186186194128e+00
6.147349349349370939e+00
2.101961961961977376e+00
2.295645645645617572e-01
1.062408308308314808e+01
9.140556056056054501e+01
5.917898898898894089e+00
7.761958958958929955e+00
9.002544544544521798e+00
1.598170170170176263e+00
2.500090090090112960e-01
1.051384364364364359e+02
8.997756756756761831e+01
2.491394394394390588e+00
2.565023023023042192e+00
6.193752752752745394e+00
3.415925925925940021e+00
3.573783783783795354e+00
1.535234234234239104e+00
3.987987987988039600e-03
1.667217217217213387e-01
2.885839839839841492e+00
2.729583483483482453e+01
4.406320320320295636e+00
6.785289989989983894e+01
3.205006406406406683e+01
1.748154454454452633e+01
1.752862862862846649e+00
2.143083083083108797e-01
4.328758758758763925e+00
2.840072072072054254e+00
4.851051051051122331e-02
1.111871611611610007e+02
1.010188188188200886e+00
1.686720720720726430e+00
1.561211211211238847e+00
4.402646646646648954e+00
2.059609609609609926e+00
4.262445445445450787e+00
7.935921921921882394e+00
1.845995995995974859e-01
1.093793793793812995e-02
7.247720820820822496e+01
2.928663663663667371e+00
7.394747747747746303e+01
3.658998998998952978e-01
3.216135135135129275e+00
1.088988988988999485e-02
4.309529429429434799e+01
0.000000000000000000e+00
1.604811811811809719e+01
1.672772772772777861e-02
5.421081081080983965e-01
4.508198798798790108e+01
3.274122122122119283e+00
3.694244244244221154e+00
1.227138128128125203e+02
5.245893893893896376e+00
5.435918918918896559e+00
2.499049049048985283e-01
3.355766766766768772e+00
1.013873873873886028e-01
4.451106106106096583e+00
3.148558858858858756e+01
2.833943943943900701e-01
4.087667867867877192e+01
1.572690310310307780e+02
3.065617617617614421e+00
3.993993993994047163e-03
4.853084084084097860e+00
7.503715215215206058e+01
6.700281281281354140e+00
2.050381381381380930e+00
9.365554154154149558e+01
4.913613613613677239e-02
2.049174174174178908e+00
1.038548548548569733e-01
3.863533533533511921e-01
9.920950450450449409e+01
2.227157157157122203e-01
1.288569269269267892e+01
9.066208208208220043e+00
3.845095095095071525e+00
1.968012012012008594e+00
3.338508508508525874e-01
5.770240240240229745e-01
1.705788788788771937e+00
9.890841841841806925e+00
3.994932932932922842e+00
4.119370370370368128e+00
1.901651651651612707e-01
1.427045045045055138e+00
2.119734334334332004e+01
6.249565565565561798e+01
2.576366366366364957e+00
1.405555555555550562e+00
5.413011011011003681e+00
1.272772772772778338e-01
1.243963063063061441e+02
3.348521521521488520e+00
1.966249249249258479e+00
7.554728728728710152e+00
2.106389389389387468e+00
3.383412412412387660e+00
7.083425425425455835e+00
2.217717717717701265e-01
4.596516516516632178e-01
1.884584584584587247e-02
5.224214214214119023e-01
5.463630630630625262e+00
1.453278228228226681e+02
1.204463303303301842e+02
3.691630630630643672e+00
3.189429429429394558e-01
3.496738738738756958e+00
2.987006006005972214e+00
4.451671671671642905e+00
3.107867867867901701e-01
4.728690690690702247e+00
5.067967967967986626e-02
7.328267267267259300e+00
3.667280280280271754e+00
2.956760760760777984e+00
2.701720720720686142e+00
5.947607607607597657e+00
3.885285285285332013e-01
1.473637367367366835e+02
3.536582582582604051e+00
1.537026526526526737e+01
3.086637637637626330e+00
4.743900900900901441e+00
2.699619619619626043e+00
3.601865865865856886e+00
2.390430430430432018e+00
1.666668068068074149e+01
2.666977977977972536e+00
3.616027027027023166e+00
4.460287287287262536e+00
1.260170170170147874e-01
6.854504504504601581e-01
1.309705705705712875e+00
4.993142142142131590e+00
3.584044044044089272e+00
6.455793793793797697e+00
2.384204204204244115e-01
1.392502502502501183e-01
3.089389389389435858e-01
3.651351351351437430e-02
1.344383383383382258e+00
9.890190190190277508e-02
4.937767767767812788e-01
3.479449449449489418e+00
4.352564564564570304e+00
1.873933933933922269e-01
2.262702702702671653e-01
1.513832132132137076e+01
2.433239239239243901e+00
2.254046746746752916e+01
9.720820820820999519e-02
2.439939939939878011e-02
4.184948948948981950e+00
2.425135135135154940e-01
8.033633633633835425e-02
2.166640640640628224e+00
8.915442442442452986e+00
7.946746746746680135e-02
3.803642642642647065e+00
4.115061061061094705e+00
5.584315315315303785e+00
1.939529529529506469e-01
3.336376376376333219e-01
