5.308983983984000510e+00
3.441860860860850302e+00
5.987987987988008416e-03
1.764115115115098664e+00
7.382962962962959175e+00
1.170348348348346779e+00
2.693843843843829466e-01
3.380353353353350521e+00
2.484384384384427102e-01
3.463381381381419377e+00
1.417259169169169297e+02
2.893993993994036229e-01
5.909009009008955177e-02
1.954424424424447748e+00
3.123803803803813839e+00
1.170503903903905574e+01
3.790390390390368375e-02
1.225185185185204279e-01
6.974069969969971794e+01
1.777176176176182620e+00
7.943943943943859026e-03
1.409272272272255044e+00
4.314309309309294349e+00
2.473433433433477324e-01
1.045235235235222604e-01
9.388388388388461958e-02
3.903255255255280165e+00
7.932732732732709902e-02
9.961561561561532718e-02
2.162049049049066696e+00
1.132281281281288265e+01
1.891451451451479915e-01
5.098088088088087444e-01
2.129327327327308339e+00
3.036313313313309781e+00
2.786202202202209044e+00
1.641850670670671093e+02
6.890012612612623855e+01
3.102292292292344045e-01
4.739731731731737341e+00
2.018830530530527056e+01
1.715825825825822770e+00
4.006945945945954435e+00
1.509128128128148782e+00
3.852698698698692858e+00
7.082082082082101493e-02
4.291111111111053922e-01
1.997997997998016313e-03
5.381324324324337383e+00
2.915049749749755748e+01
3.488794794794770393e+00
2.839539539539555346e-02
1.851601601601562397e-01
1.450661661661654778e+00
4.533680680680678421e+00
1.167623623623612161e+00
3.407468468468496603e+00
9.227977977977884771e-01
8.012594594594601105e+00
2.047930930930922155e+00
8.389870070070070085e+01
2.373847847847842196e+00
6.203149249249248953e+01
2.539939939939953040e-02
3.076736736736728872e+00
2.114714714714745758e-01
1.081496096096095094e+01
3.101652652652661768e+00
2.502252252252207820e-01
1.571321321321308140e-01
5.392205205205268470e+00
8.687087087087030923e-02
3.560411411411393168e+00
5.206445445445447184e+00
2.992712712712702339e-01
1.015872492492491546e+02
3.171131131131133429e+00
2.916553553553542955e+00
5.875029229229259897e+01
3.636486486486446013e-01
1.975653653653628661e+00
2.346336336336313444e+00
1.928638638638600633e-01
9.994288288288299071e+00
8.072207207207249269e+00
4.800774774774779985e+00
1.546588588588598379e+00
4.767158158158165904e+00
1.557960960960945718e+00
2.880590590590635380e-01
2.830300300300312988e-01
2.947377377377398133e+00
5.018918918918920113e-02
3.667113113113068756e+00
3.117608608608612109e+00
5.003363363363397820e-01
4.608620620620616393e+00
3.325997997997999889e+00
2.661280280280283961e+00
1.070182732732733228e+02
6.584719719719736020e+00
3.006906906906892454e-02
2.199149149149177418e-01
2.548914214214216400e+01
2.641171171171207699e-01
2.598172172172180883e+00
1.380295295295276059e+00
1.575513513513536079e+00
2.527277277277238388e-01
4.601631631631639685e+00
4.705455455455422320e-01
1.330130130130120492e-01
1.358508508508501633e-01
5.385444444444428491e+00
3.848819819819857102e+00
4.361851851851818451e-01
1.000000000000014766e-03
4.697503503503496880e+00
2.904402402402425309e+00
1.422974774774776918e+01
1.150344744744746173e+01
1.734514514514497341e+00
5.149009009008899129e-01
2.772943943943912970e+00
3.881911911911903434e+00
5.233733733733711979e-01
2.399610610610614536e+00
1.532882882882899700e-01
2.571509409409408775e+01
2.275775775775720766e-02
5.993993993993835569e-03
7.681981981981911289e-02
1.874864864864848601e-01
3.109619619619617303e+00
2.406448448448450073e+00
3.111612212212212469e+01
2.580850850850804901e-01
7.904815815815813274e+00
2.041903903903878437e+00
2.457957957957932968e-02
2.558365365365353750e+00
2.923322322322362332e+00
1.091601601601588367e-01
3.916622622622637717e+00
2.414054054054083354e-01
3.416687687687706809e+00
2.497345345345328482e+00
6.237347347347335091e-01
2.978120120120107295e+00
6.656956956956920635e-02
5.418047047047078735e+00
1.848944944944958202e+00
3.735535535535559198e-02
5.209423423423422683e+00
9.927732732732719612e+00
1.720381381381364871e+00
3.939277277277322575e+00
1.258896996996996265e+01
2.423277277277259500e+00
3.001151151151184582e-01
1.525555555555549447e-01
1.000000000000009128e-03
2.584334334334357219e-01
3.018777377377375970e+01
4.132273273273311176e+00
1.282626486486485646e+02
1.649469469469498628e-01
2.955905905905909403e+00
2.084443443443441168e+01
2.468267267267267417e+00
2.451561561561593772e-01
3.306961961961964569e+00
2.342956956956952830e+00
1.186786786786804201e-02
1.922431431431411486e+00
1.763669969969973295e+01
3.570526526526526023e+00
2.682982982983050935e-01
2.687067067067013815e-01
1.866028028028023700e+00
2.094874874874863291e-01
3.665492492492458343e+00
1.409559559559545316e-01
3.902762762762776116e+00
1.371537537537531826e+00
1.566292292292307931e+00
3.618940940940944095e+00
3.005619619619683824e+00
2.663278278278307099e+00
2.647917917917945729e-01
4.101795795795791122e+00
4.301625625625606908e+00
2.197281281281259435e+00
3.461627627627669845e+00
4.127627627627571127e-02
5.134525525525527989e+00
4.278678678678610181e-02
3.779194194194205991e+00
1.650840840840872847e-01
3.621524924924917599e+01
1.902028728728729945e+01
1.897316316316311813e+00
3.179319319319390824e-01
0.000000000000000000e+00
3.232251251251263113e+00
0.000000000000000000e+00
7.685970970970926075e+00
1.080280280280298127e-01
1.548338338338312026e-01
6.534514514514515593e-01
1.166372972972976356e+02
2.495205205205225929e-01
1.326404404404408321e+00
4.525675675675637777e-01
4.082789789789774026e+00
9.356324124124128616e+01
5.143214014014012747e+01
5.062769869869870831e+01
1.670945945945961908e+00
3.156387387387370680e+00
8.053593593593550981e-01
3.855485485485528607e-01
9.155026026026041208e+00
3.002002002002048843e-03
4.220599999999990359e+01
1.879842842842851303e+00
4.863641641641646807e+00
1.417776776776769054e+00
1.066919519519521842e+01
2.087539539539539746e+00
2.157957957957972253e-02
1.945815815815790994e+00
3.855230230230219490e+00
4.840405405405406647e+00
1.595065265265268906e+01
7.577013013013014664e+00
1.886556056056059560e+01
3.192226226226241970e+00
3.147416416416425555e+00
2.280034034034022383e+00
2.128847847847839425e+00
2.272783783783761891e+00
4.210610610610578119e-02
2.853893893893869049e-01
3.710633633633648731e+00
4.162568568568589811e+00
3.619876876876875826e+01
3.625987987987989492e+00
1.905039039039051252e+00
1.347962962962963251e+00
2.426654654654666565e+00
4.253301301301275927e+00
3.556346346346394016e-01
2.314144144144167359e-01
3.816166166166114482e-01
1.971235935935935757e+01
2.272652652652615402e+00
8.247551551551490334e+00
7.021845845845854583e+00
3.970557557557549355e+00
2.373573573573596260e-02
1.000000000000001322e-03
2.789634634634652777e+00
1.535839739739737020e+01
9.349579879879891564e+01
2.723198198198209852e+00
1.141432532532531319e+01
2.230780780780773132e+00
1.182172172172184288e+00
2.487753753753754182e+00
3.545360360360396701e+00
1.329020820820826287e+01
1.008318318318319196e-01
1.222333833833831562e+01
1.429879879879917826e-01
4.477777777777849910e-02
4.605851851851830325e+00
2.486796796796760800e-01
1.193743743743722330e-01
5.061916916916887388e+00
3.468449449449449329e+00
3.381591491491487034e+01
1.956170170170139944e+00
3.311206206206190217e+00
1.077581181181181336e+01
3.633031031031007441e+00
4.974688588588595195e+01
3.538904904904920379e+00
3.653239239239188141e+00
2.550610610610561380e-01
4.077652652652634657e+00
3.072994194194203388e+01
4.484250250250233272e+00
1.000000000000018019e-03
4.943220220220207572e+00
2.050216216216193210e+00
1.597071271271273574e+01
2.865655655655640066e-01
3.976307307307302086e+00
2.156196196196171755e-01
2.102757757757764079e+00
2.274337337337354104e+00
1.424159159159160470e+00
3.064950950950931841e+00
5.569469469469507522e-02
2.165263263263266236e+00
3.262602602602627244e-01
2.609399399399435771e-01
1.641567567567565611e+00
3.109071071071078052e+00
1.057057057057038674e-01
9.952952952953052213e-02
2.318198198198206939e+00
4.949079079079060639e-01
2.997997997998105672e-03
3.987987987988036130e-03
2.308650650650660552e+00
5.662564564564551262e+00
4.443429429429430755e+00
9.181081081081179929e-02
7.902068068068041740e+00
1.594295295295286463e+00
1.532759959959962437e+01
8.665030030030036912e+00
1.123859759759759136e+01
3.110162162162176447e+00
3.105918118118113824e+01
1.465061061061067926e+00
3.165554554554568245e+00
1.000000000000004358e-03
2.917849849849856625e+00
2.884674674674642780e+00
3.816154154154174805e+00
2.523643643643686540e-01
3.634263263263270982e+00
1.962919919919938527e+00
2.322472472472446314e-01
1.592323323323332707e+00
2.203945945945969154e+00
2.262612612612661944e-01
4.101031031031045160e+00
9.564664664664600247e-02
2.145565565565545896e-01
1.660660660660663868e-01
1.000000000000015200e-03
1.458638658658660745e+02
2.389876876876878331e+00
4.287825925925921666e+01
5.125635635635527043e-01
4.864719719719717617e+00
6.615374374374370703e+00
5.340086086086078154e+00
1.718258258258231197e-01
1.589831831831813203e+00
6.004704704704712931e-02
1.464588088088088291e+01
1.015575575575594774e-01
5.638561561561544089e+00
4.644102102102122487e+00
3.573873873873951307e-02
2.490240240240286229e-01
2.740400400400371250e-01
6.616516516516472712e-02
3.460570570570503657e-01
2.818718718718750404e-02
4.757057057057073601e-01
1.933059059059069940e+00
5.473875875875871877e+00
7.928393793793803468e+01
2.629739739739772597e-01
2.014714714714746779e-01
1.575975975975990248e-02
3.585525525525464219e-01
1.247997997998023245e-01
3.389283283283274884e+00
1.011121121121118654e-01
2.275586586586572313e+00
3.540760760760808812e-01
2.841622622622626881e+00
1.975689689689678064e+00
2.064052452452456166e+01
4.890080080080073444e+00
2.078778778778754555e-02
1.341001001001001780e-01
2.447754754754744244e+00
3.058997997998006202e+00
2.543397397397414217e+00
5.357716716716702798e+00
2.044084084084064612e-01
2.212758058058059518e+01
7.321835235235239736e+01
2.159634634634624017e+00
3.145845845845884892e-01
2.349802802802829937e+00
3.271122122122129827e+00
4.000100100100024925e+00
2.438393393393400554e+00
2.325435435435387055e-01
2.853663663663687178e+00
8.711663663663648194e+00
2.944475475475480053e+00
5.117619619619632410e+00
7.032303703703701103e+01
2.571350350350375180e+00
9.033168268268268264e+01
2.308791791791782622e+00
2.555061061061068006e+00
1.284429029029033842e+01
2.912807807807792138e+00
2.854968968968975673e+00
1.997997997998049707e-03
1.035066866866866420e+01
3.349029029029003124e-01
1.457304304304297249e+00
6.121496396396383943e+01
4.786913913913894980e+00
6.499291791791780781e+01
4.804323323323338002e+00
3.309339339339399388e-01
4.724690690690721340e+00
3.573547547547573533e+00
4.813216216216235743e+00
2.257917917917900141e-01
2.946586586586610879e-01
9.311257457457456610e+01
6.700978978978972656e+00
1.751431331331330199e+01
1.117277277277297920e-01
1.319066066066059362e+00
1.591730730730734233e+00
1.258402702702701603e+01
1.171601601601594961e-01
1.876246246246266181e-01
4.991991991992061721e-03
7.541527527527518870e+00
3.154860860860854821e+00
3.310660660660619259e-01
2.584386986986992341e+01
1.160787787787783021e+00
2.943633633633642166e-01
2.546046046046064326e-01
3.643907907907931065e+00
5.491182182182185123e+00
9.661852452452467332e+01
1.306811011011011736e+01
9.172272272272216642e-02
9.941941941942058353e-03
3.638338338338309996e-01
1.200114014014013719e+01
3.741418418418446912e+00
0.000000000000000000e+00
6.411271271271178351e-01
3.215858858858892333e+00
2.810421421421429589e+00
2.311615615615616015e+00
3.877967967967931529e+00
5.849283283283292612e+00
4.183306306306290523e+00
3.657907907907903766e+00
7.768368368368429311e-02
5.000000000000091177e-03
4.271043043043012410e+00
4.882212212212261315e-01
1.000000000000002840e-03
4.653243243243180283e-01
2.776446446446428351e-01
5.624124124124186830e-01
4.653191191191203835e+00
3.319647647647666400e+00
1.921160160160159336e+00
3.231501501501469198e-01
4.991991991992051313e-03
4.393333333333369617e-01
7.701152152152140218e+00
3.606254254254253500e+00
6.692703703703667628e+00
2.092711711711715772e+00
1.274232232232237472e+00
1.922208208208213032e+00
2.614481481481471192e+00
4.503043043043043703e+00
1.014587487487487323e+02
3.200856856856836075e+00
2.700438438438417244e+00
7.074384384384303504e-01
4.402797797797826540e+00
1.104951051051053668e+01
2.124735735735745923e+00
6.096726726726755530e-01
4.987987987988045692e-03
2.882505505505483345e+00
1.635518518518527475e+00
4.984619619619579112e+00
2.683743743743733923e-01
1.146906906906917378e-01
1.670750750750720215e-01
3.320414414414418314e+00
7.881481481481585061e-02
1.088988988988996189e-02
1.861644644644607549e+00
2.693793593593596114e+01
4.593439439439442218e+00
3.544907207207209865e+01
7.572372372372247751e-02
3.743523523523493157e-01
3.878960960960946558e+00
1.977727727727700557e-01
4.282937937937948192e+00
4.095490490490555580e+00
0.000000000000000000e+00
5.476015015014993104e+00
7.423526626626622260e+01
1.347792792792795291e+00
2.895349349349327639e+00
1.283765965965964106e+01
3.725673673673672415e+00
2.938041041041066670e+00
4.395249249249226331e+00
7.702102102102115211e-02
9.606296296296307213e-01
7.566869869869874421e+00
4.762822822822903035e-01
6.524388388388373983e+00
3.177332332332314380e+00
1.082885785785784627e+01
4.400700700700748563e-02
3.635177177177168595e+00
2.633613613613660642e-01
5.575915915915943266e-01
1.152719819819817104e+01
5.818335735735737302e+01
1.621104104104105659e+01
9.931711711711613821e-01
1.107697697697671707e-01
2.369990590590592205e+01
2.479495495495501967e+00
3.793953953954029568e-01
3.971164664664666333e+01
2.221488488488493562e+00
2.105165165165197028e-01
3.282433433433434633e+00
3.472362362362371169e+00
1.077217217217198292e-01
3.401747747747763562e+00
1.728888888888871489e-01
5.365018018017956969e+00
7.943943943943879843e-03
3.249470470470506189e+00
1.718348348348339494e+00
1.299649649649647076e-01
2.227913013013008126e+01
1.771921921921907339e-01
1.206332632632631885e+01
2.361991991991985174e+00
2.256006006005986386e-01
4.141953953953956713e+00
0.000000000000000000e+00
5.234588588588572122e+00
1.524742742742762003e+00
1.923335145145142917e+02
3.112821821821824653e+00
2.886164764764767554e+01
1.863614314314321163e+01
2.953043043043018567e+00
1.265015015015003297e-01
3.363709709709692408e+00
5.661752752752735596e+00
2.789018018018011968e+00
4.330780780780824735e+00
2.645745745745752275e-01
4.568383383383391561e+01
1.762928928928912287e+00
2.144934934934917825e-01
4.920958958958962626e+00
2.846611611611602921e+00
3.291601601601625293e-01
1.103600840840840078e+02
5.053051051051069109e+00
2.215494494494489874e+00
6.888490490490498885e+00
3.448722722722697753e+00
3.612498398398408028e+01
1.174434434434419167e-01
9.204004004003911443e-02
2.944919919919920304e+00
1.983129129129149071e+00
1.068508748748749184e+02
3.858199199199255247e+00
2.315825825825854889e-01
2.501632632632631914e+00
4.965693693693742361e+00
1.575975975975978105e-02
1.400179879879881106e+01
1.002187677677676447e+02
2.111545545545530089e+00
4.143093093093132562e-01
3.298198198198148967e-01
1.572990490490490956e+01
1.964394394394378962e-01
1.381303093093092684e+02
7.730530530530604905e-02
5.785215215215220308e-01
9.009709709709685932e-02
3.758669669669673308e+00
2.724544544544571512e-01
6.728828828828851971e-02
2.251594594594602317e+00
3.404834834834880586e-01
7.887277377377402843e+01
2.790930930930913267e-01
2.953892892892878042e+00
3.010500500500552512e-01
2.529409409409357767e-01
2.000691691691688590e+00
4.309228228228223045e+00
4.135635635635679375e-01
8.300103103103086966e+00
1.404864864864840412e-01
3.605296296296277792e+00
2.665619619619617353e+00
8.978758758758733194e+00
3.356107107107152654e+00
7.148402402402425970e+00
1.372807807807802094e+00
8.624924924925000957e-02
1.832635635635627258e+00
2.518478478478522464e-01
5.957027027026937649e-01
1.276418638638640743e+02
1.261820440440441331e+02
1.792730730730719202e+00
4.411331331331304062e-01
2.553577577577571311e+00
1.294233423423422096e+02
4.536291291291268735e+00
4.295935935935912831e+00
5.701281281281200819e-01
3.123121121121129384e+00
4.134844844844787204e-01
3.506461461461462648e+00
1.610208108108106444e+02
3.970270270270220836e-01
1.806866866866836951e-01
5.304730730730766730e+00
8.666844744744736317e+01
2.548954954954959717e+00
4.790225225225231753e+00
2.252612612612560627e-01
8.735414414414426787e+00
2.699259259259327859e-01
2.629729729729749291e-02
2.379769769769752574e-01
5.258374274274265048e+01
9.171087087087137490e+00
2.007739249249249838e+02
5.291691691691569055e-02
6.624614614614573460e-01
3.643490490490491229e+00
2.348186186186195901e+00
1.906546546546560306e-01
2.650273273273272778e+00
3.313083083083044222e+00
3.638338338338309996e-01
2.418756656656654869e+01
5.657457457457348848e-02
4.072742742742690991e-01
4.624533533533525365e+00
9.743243243243453200e-02
3.206396396396328230e-01
2.375365365365341930e+00
3.185836836836852815e+00
2.265715215215215750e+01
1.304629629629607157e+00
3.616246246246255791e-01
3.477691691691677356e+00
4.007997997997919115e-01
2.508075075075089089e+00
1.146951951951967530e+00
1.000000000000003924e-03
2.030529629629629795e+01
2.335995995996019703e-01
2.453453453453403044e-01
2.534934934934991030e-02
2.559169169169216440e-01
4.027627627627701490e-02
2.652759759759760527e+00
2.637117117117092069e-01
5.126546546546432159e-01
1.584384384384374123e-01
3.118060060060099392e+00
2.456554554554533087e+00
5.042686686686669084e+00
3.541375375375357404e+00
5.200743743743739600e+00
5.352964964964929351e+00
5.004255155155166790e+01
1.319171891891894575e+02
3.946316316316318407e+00
2.915338338338306468e+00
2.206756856856860693e+01
2.559469469469523584e-01
8.400700700700715728e+00
3.707307307307342731e-02
8.749271271271249262e+00
2.195243243243242492e+00
3.997997997997900996e-03
3.059320320320312980e+00
2.926276276276300048e-01
4.574174174174213542e-02
1.185311111111116311e+01
7.534823823823823830e+01
3.535175175175151452e-01
2.266932932932930189e+00
3.575669669669653494e+00
7.320661661661653774e+00
2.348417417417416164e+00
2.697447447447418600e+00
4.196826826826751122e-01
2.998028028028033809e+00
1.659529529529513714e-01
2.620889889889919999e+00
6.018781781781780360e+00
2.099189189189203830e+00
3.374107107107127135e+00
5.818258258258303117e-01
2.646066066066042333e-01
4.044794794794817072e+00
3.159909909909894843e-01
1.116614014014012568e+01
9.156131131131120426e+00
2.021920920920919684e+00
8.992235235235231272e+00
1.235185185185201234e-01
4.486196196196133301e-01
3.039789789789751340e-01
2.237804804804814474e+00
5.090864864864890649e+00
1.299239239239216859e-01
3.521520520520506903e+00
3.414129129129146900e+00
1.383663633633630923e+02
1.925175175175168618e-01
1.515965365365365258e+01
2.531271271271295364e-01
3.977087087087030071e-01
1.604363463463464612e+01
5.773499499499536114e+00
3.048999999999996824e+00
3.215325325325312233e-01
8.497524424424429412e+01
6.503093093093141874e+00
4.013273273273250119e+00
3.189409409409429963e-01
3.764914914914994082e-01
1.252042042042046832e+00
5.056495495495489045e+00
1.298442142142142153e+01
2.724324324324316898e-02
1.447077077077073837e-01
1.622785785785774371e+00
1.860390390390413984e+00
4.089859859859861224e+00
1.038157657657658284e+01
4.751314314314296183e+00
3.305524524524516838e+00
5.081391391391485435e-01
1.997997997997989859e-03
6.174874874874854147e-02
4.783949949949973579e+00
4.061611611611661843e+00
4.933162162162181730e+00
1.974884884884851310e-01
5.095417417417455574e+00
1.614572172172172060e+01
4.190940940941028647e-01
4.699179379379410193e+01
4.207598598598607076e+00
6.279109109109099585e+00
2.580230230230200927e+00
1.082143143143138353e+01
3.938794794794806986e+00
1.381781781781786858e-02
2.443766766766794163e+00
5.579586586586565033e+00
2.419159159159120775e-01
3.418397397397374249e+00
1.559338338338345009e+00
5.155588188188184517e+01
9.981192192192152035e+00
2.504698698698695214e+00
2.261120120120123644e+00
1.573873873873886386e-01
2.496096096096047379e-01
8.967667667667435227e-02
3.954154154154088108e-01
2.796962962962954435e+00
6.933703703703775201e-01
6.409259259259260100e-01
3.327812812812800836e+00
2.317388588588583787e+01
3.661860160160158273e+01
2.085440440440432752e+00
6.957957957957874341e-03
1.705135135135175395e-01
2.843898898898899574e+01
1.750661661661670809e+00
3.660871871871874461e+00
4.242727727727731768e+00
6.028128128128258656e-02
1.508835835835842687e+00
2.289149149149108942e-01
9.160760760760719434e-02
3.035052552552553706e+01
3.685584584584624235e+00
3.704995995995997493e+00
4.198948948948903470e-01
4.222145145145133505e+00
3.614804804804853111e-01
4.369271271271269796e+00
9.807371371371411684e+00
2.829183183183192174e+00
2.604168168168142117e+00
1.306176176176143122e-01
3.986420420420429878e+00
2.109393293293295102e+01
3.450837837837801292e+00
1.905684684684690655e+00
3.993993993993973438e-03
3.152252252252311648e-01
2.152845845845847705e+00
5.545871871871883130e+00
1.914928928928925744e+00
2.288838838838865297e-01
9.593404404404381580e+00
8.406009109109128019e+01
5.434412412412433113e+00
7.058524524524536936e+00
8.359742742742737320e+00
1.515328328328310770e+00
2.515055055055098188e-01
9.816081081081080129e+01
8.326523023023034398e+01
2.188049049049037187e+00
2.429675675675680324e+00
5.686362362362354261e+00
3.137911911911923202e+00
3.315210210210239428e+00
1.415934934934946821e+00
2.993993993994000739e-03
1.605085085085101726e-01
2.688806806806812499e+00
2.609795195195192719e+01
4.097695695695720453e+00
6.271436936936951412e+01
2.946455155155154770e+01
1.587748248248240124e+01
1.633865865865875566e+00
2.029219219219211834e-01
4.065159159159164481e+00
2.578540540540557480e+00
3.617117117117182867e-02
1.026162962962961984e+02
1.017126126126129293e+00
1.608677677677673890e+00
1.416695695695709301e+00
4.138238238238230338e+00
1.955881881881905704e+00
4.000347347347320337e+00
7.202375375375339672e+00
1.665615615615593237e-01
7.967967967968100917e-03
6.633449949949948632e+01
2.702611611611625442e+00
6.778420620620619275e+01
3.379759759759751736e-01
2.960814814814790363e+00
7.943943943943869435e-03
3.980282982982966189e+01
0.000000000000000000e+00
1.512398498498498256e+01
1.186786786786797263e-02
5.266086086086182450e-01
4.130693693693689994e+01
2.979647647647644781e+00
3.345571571571574143e+00
1.103725755755756950e+02
4.780334334334322755e+00
5.096523523523520893e+00
2.390850850850835818e-01
3.027410410410409813e+00
8.734334334334403760e-02
4.238364364364372250e+00
2.836771871871876627e+01
2.750810810810799811e-01
3.760199199199199427e+01
1.470494034034034598e+02
2.759161161161176157e+00
1.997997997998026722e-03
4.419609609609620904e+00
6.938611611611625563e+01
6.053725725725735529e+00
1.921059059059053276e+00
8.516558458458452208e+01
4.058058058058117840e-02
1.938668668668670936e+00
9.659759759759727060e-02
3.754654654654651647e-01
8.753679679679672176e+01
2.238058058058088329e-01
1.193050450450453148e+01
8.233884884884888677e+00
3.596971971971979265e+00
1.780055055055061120e+00
3.238148148148160543e-01
6.158908908908899971e-01
1.560741741741755062e+00
9.111950950950950201e+00
3.650932932932922537e+00
3.856302302302290208e+00
1.825825825825855009e-01
1.306145145145161113e+00
1.917999899899895055e+01
5.851452452452454622e+01
2.441525525525515494e+00
1.296223223223222476e+00
5.006042042041997320e+00
1.119019019019037720e-01
1.126364184184184012e+02
3.097932932932911942e+00
1.838832832832813624e+00
6.778233233233228461e+00
1.944400400400386530e+00
3.053207207207206508e+00
6.481987987988017785e+00
2.053883883883856065e-01
4.592462462462442718e-01
1.697597597597570035e-02
5.126826826826804684e-01
5.069955955955984805e+00
1.310219439439439384e+02
1.095255865865864848e+02
3.389365365365379468e+00
3.066986986986984798e-01
3.199035035035027175e+00
2.798061061061082988e+00
4.134309309309283975e+00
3.041041041041005477e-01
4.436787787787783266e+00
3.888388388388367561e-02
6.777536536536542755e+00
3.291240240240190573e+00
2.929839839839857074e+00
2.397764764764760859e+00
5.482588588588586553e+00
3.654654654654601598e-01
1.345530220220223043e+02
3.304528528528542175e+00
1.415528728728730101e+01
2.891203203203237315e+00
4.354225225225240692e+00
2.499406406406405434e+00
3.234548548548566771e+00
2.214331331331337527e+00
1.519089789789794942e+01
2.454369369369351794e+00
3.378106106106098405e+00
4.291785785785812379e+00
1.076976976976991157e-01
6.863043043043015601e-01
1.256622622622599827e+00
4.461044044044009560e+00
3.211510510510508620e+00
5.913125125125115567e+00
2.330600600600609695e-01
1.248088088088106229e-01
2.953983983983965445e-01
3.554954954954907959e-02
1.253919919919930459e+00
8.538738738738949063e-02
4.670170170170093726e-01
3.270661661661658393e+00
3.969968968968977663e+00
1.878158158158114432e-01
2.197027027027047552e-01
1.358285685685688904e+01
2.367285285285293472e+00
2.114932232232235521e+01
8.812512512512439555e-02
1.769369369369395636e-02
3.831409409409402222e+00
2.291041041041008974e-01
7.283183183183300491e-02
2.048186186186208069e+00
8.259725725725779455e+00
7.403403403403523153e-02
3.679436436436445135e+00
3.781091091091097312e+00
5.308134134134123272e+00
1.789529529529553520e-01
2.875705705705712267e-01
