4.711970970970972061e+00
2.939893893893900323e+00
1.000000000000001756e-03
1.571165165165170574e+00
6.001995995995959454e+00
1.053957957957960323e+00
2.631301301301273154e-01
2.860918918918907483e+00
2.475255255255293108e-01
2.890536536536505885e+00
1.201701651651650167e+02
2.844904904904959064e-01
4.844744744744727133e-02
1.698847847847833936e+00
2.668358358358332350e+00
9.841912912912917477e+00
3.286386386386368208e-02
1.097327327327340257e-01
6.089810610610606290e+01
1.488946946946948291e+00
4.979979979979970266e-03
1.203865865865874740e+00
3.583522522522527343e+00
2.452042042042083259e-01
7.109109109109069957e-02
7.144244244244300768e-02
3.360909909909941096e+00
7.057857857857879891e-02
7.396396396396559547e-02
1.924890890890893047e+00
9.028992992993046585e+00
1.743423423423416108e-01
4.857597597597513861e-01
1.836879879879877775e+00
2.642474474474493906e+00
2.392820820820825478e+00
1.323286346346346818e+02
5.896710710710704006e+01
2.974124124124185586e-01
4.161496496496480901e+00
1.594209709709714495e+01
1.420225225225220989e+00
3.339013013013015563e+00
1.292836836836853465e+00
3.229251251251243016e+00
4.376676676676723859e-02
3.867967967968025667e-01
0.000000000000000000e+00
4.413972972972975306e+00
2.517146246246246477e+01
3.040885885885912465e+00
2.759359359359428096e-02
1.643153153153159574e-01
1.261371371371379224e+00
3.799649649649608385e+00
1.028409409409413833e+00
2.858032032032040259e+00
8.165475475475473255e-01
6.749916916916920862e+00
1.877043043043040926e+00
7.403872272272271005e+01
2.038116116116094112e+00
5.247698098098096153e+01
1.284384384384363968e-02
2.588913913913946097e+00
1.852012012012025088e-01
9.119257257257274318e+00
2.719188188188189415e+00
2.502462462462420323e-01
1.477477477477438794e-01
4.481355355355348458e+00
7.283183183183292164e-02
3.004744744744709539e+00
4.322313313313309813e+00
2.731171171171201673e-01
8.395189989989988533e+01
3.049488488488485860e+00
2.517799799799813609e+00
4.917496696696697711e+01
4.071641641641669529e-01
1.645428428428407974e+00
1.955382382382364392e+00
1.634134134134101191e-01
8.620654654654714477e+00
7.188487487487472016e+00
4.174749749749758543e+00
1.346583583583589316e+00
3.994584584584565778e+00
1.456424424424417108e+00
2.743733733733713098e-01
2.529679679679709414e-01
2.409293293293289118e+00
5.668668668668727650e-02
3.100414414414424336e+00
2.691257257257233526e+00
4.957097097096988536e-01
3.932161161161152663e+00
2.815954954954957401e+00
2.320071071071063251e+00
9.492422622622578388e+01
5.702820820820737602e+00
1.865765765765763778e-02
1.958748748748768698e-01
2.175311211211215223e+01
2.562752752752788798e-01
2.282742742742747577e+00
1.267778778778787308e+00
1.343854854854855674e+00
2.518348348348370958e-01
4.076682682682731595e+00
4.246456456456506601e-01
1.144714714714723108e-01
1.044144144144136532e-01
4.605431431431438405e+00
3.298356356356340946e+00
3.670610610610642865e-01
0.000000000000000000e+00
4.082554554554500115e+00
2.438833833833825349e+00
1.236945145145144487e+01
9.588910910910922070e+00
1.567413413413418111e+00
4.577917917917833091e-01
2.319209209209200484e+00
3.353734734734739042e+00
5.006896896896939619e-01
2.061540540540518496e+00
1.317957957957984205e-01
2.111817217217218001e+01
1.390790790790765764e-02
5.993993993993835569e-03
6.009009009008884489e-02
1.445505505505511046e-01
2.701273273273268050e+00
2.071494494494490191e+00
2.713776376376388910e+01
2.524024024023953650e-01
6.658981981981988874e+00
1.770908908908910284e+00
1.776176176176197732e-02
2.075800800800819079e+00
2.448168168168193493e+00
7.547447447447561131e-02
3.296539539539530939e+00
2.430180180180205873e-01
2.896627627627662793e+00
2.221727727727721646e+00
4.948918918918983056e-01
2.519388388388387412e+00
5.054554554554546025e-02
4.311442442442419143e+00
1.608967967967957824e+00
3.354754754754708107e-02
4.285369369369385950e+00
8.180143143143153495e+00
1.557114114114127812e+00
3.415249249249269869e+00
1.094553153153152714e+01
2.016391391391396226e+00
2.340810810810835529e-01
1.528088088088106478e-01
1.000000000000009128e-03
2.388928928928971407e-01
2.504067967967954900e+01
3.532878878878877860e+00
1.051901771771772047e+02
1.502942942942927518e-01
2.428399399399390202e+00
1.802030730730728791e+01
2.102008008008012574e+00
2.278708708708734043e-01
2.802623623623633708e+00
2.031346346346341480e+00
7.943943943943869435e-03
1.658434434434439275e+00
1.466172072072070165e+01
2.822653653653648398e+00
2.439349349349402007e-01
2.324994994994955544e-01
1.591860860860840443e+00
1.710300300300319765e-01
3.361527527527521375e+00
1.161741741741756789e-01
3.274285285285246871e+00
1.175489489489489614e+00
1.427877877877884227e+00
3.102125125125107186e+00
2.475541541541554924e+00
2.290992992993001742e+00
2.530190190190187427e-01
3.412466466466471893e+00
3.407810810810825153e+00
1.933708708708706148e+00
2.971070070070069846e+00
3.686486486486462155e-02
4.394229229229233091e+00
3.135735735735711849e-02
3.186177177177184738e+00
1.511871871871876827e-01
3.053735935935936752e+01
1.553522922922923399e+01
1.633901901901871456e+00
2.418958958958951355e-01
0.000000000000000000e+00
2.804603603603583295e+00
0.000000000000000000e+00
6.685703703703704370e+00
9.051451451451568431e-02
1.377177177177198175e-01
4.971601601601655096e-01
9.574666466466486270e+01
2.495735735735719329e-01
1.187313313313313579e+00
4.372922922922854450e-01
3.548359359359353871e+00
7.949086486486466185e+01
4.335619419419413845e+01
4.238550850850849372e+01
1.467538538538528892e+00
2.845481481481490604e+00
7.520140140140213481e-01
3.662052052052079953e-01
8.050551551551549778e+00
0.000000000000000000e+00
3.614804204204210691e+01
1.597687687687686875e+00
4.002928928928921160e+00
1.214740740740743119e+00
8.836569569569604710e+00
1.768563563563557706e+00
1.575975975975998575e-02
1.650978978978949074e+00
3.379666666666667485e+00
4.045473473473478521e+00
1.331081381381382656e+01
6.486982982982982371e+00
1.554118418418418024e+01
2.627398398398385293e+00
2.790797797797782032e+00
1.974600600600597611e+00
1.812623623623640601e+00
1.892003003002977968e+00
3.935835835835852642e-02
2.673193193193220130e-01
3.089326326326322647e+00
3.488309309309322259e+00
3.038847547547548089e+01
2.912791791791769391e+00
1.590794794794780698e+00
1.243661661661664031e+00
2.016860860860858029e+00
3.503589589589557018e+00
3.488988988989043527e-01
2.014294294294345089e-01
3.393703703703668251e-01
1.778169169169172292e+01
1.974880880880873768e+00
6.856674674674678727e+00
5.653420420420472325e+00
3.336383383383381140e+00
9.959959959959935327e-03
1.000000000000001322e-03
2.403294294294299416e+00
1.287234834834830544e+01
8.072335235235243545e+01
2.356483483483482910e+00
9.760310310310321924e+00
1.874940940940932110e+00
1.077857857857869028e+00
2.038126126126134974e+00
3.158037037037027872e+00
1.113646946946952809e+01
7.273473473473461570e-02
1.036879979979981670e+01
9.708608608608673696e-02
3.664164164164195742e-02
4.011720720720701294e+00
2.256006006005986941e-01
9.271171171171067871e-02
4.244649649649688605e+00
2.947294294294294126e+00
2.856196896896898707e+01
1.781491491491464130e+00
2.828378378378345825e+00
9.283819819819809638e+00
3.349138138138168408e+00
4.073615215215222918e+01
2.923792792792813344e+00
3.145646646646653721e+00
2.514634634634638766e-01
3.355111111111101607e+00
2.583110510510509528e+01
3.767429429429456800e+00
0.000000000000000000e+00
4.203162162162182192e+00
1.536976976976985432e+00
1.313042142142139213e+01
2.511061061061089505e-01
3.330056056056046820e+00
2.125765765765736393e-01
1.788314314314304987e+00
2.017128128128113929e+00
1.254525525525516993e+00
2.626175175175182730e+00
2.861961961962017006e-02
1.893443443443424856e+00
2.799749749749728123e-01
2.550780780780778079e-01
1.398596596596592745e+00
2.526818818818830525e+00
9.721621621621670539e-02
8.526126126126101767e-02
2.044145145145155329e+00
4.940850850850774245e-01
0.000000000000000000e+00
1.997997997998000267e-03
1.954217217217187441e+00
4.806192192192218826e+00
3.801031031031040897e+00
7.409309309309397573e-02
6.543593593593573843e+00
1.418674674674660574e+00
1.295148148148156686e+01
7.638201201201197499e+00
9.640518518518531366e+00
2.587928928928918459e+00
2.646365865865865175e+01
1.327114114114112065e+00
2.742493493493503465e+00
0.000000000000000000e+00
2.550160160160168221e+00
2.350153153153137886e+00
3.330959959959904459e+00
2.222022022022066556e-01
3.056323323323322239e+00
1.670027027027015665e+00
2.248598598598569032e-01
1.325178178178167077e+00
1.917043043043039852e+00
2.173603603603648793e-01
3.373672672672644701e+00
8.280180180180149452e-02
1.790730730730687448e-01
1.493873873873865221e-01
2.000000000000033869e-03
1.187094084084084642e+02
1.943842842842850249e+00
3.614483783783786208e+01
4.887337337337390175e-01
4.038526526526514893e+00
5.771058058058041951e+00
4.467842842842872031e+00
1.393223223223210294e-01
1.379230230230230614e+00
8.194594594594707682e-02
1.211224824824824964e+01
7.885285285285398293e-02
4.746366366366336464e+00
3.941908908908888343e+00
2.824324324324357233e-02
2.473973973974032958e-01
2.454594594594554924e-01
4.664564564564448873e-02
3.339939939939899349e-01
2.249349349349379426e-02
4.775815815815895871e-01
1.596390390390392211e+00
4.702505505505493844e+00
6.668023523523521590e+01
2.519559559559513273e-01
1.935925925925934543e-01
9.909909909909867670e-03
3.420180180180161789e-01
1.010270270270261506e-01
2.885556556556555741e+00
7.405705705705745157e-02
1.911749749749715122e+00
3.268968968968910538e-01
2.383885885885874245e+00
1.725327327327335736e+00
1.773789689689691684e+01
3.882220220220240492e+00
1.293593593593604131e-02
1.152112112112097936e-01
2.119858858858830963e+00
2.507521521521532293e+00
2.256763763763750763e+00
4.373725725725730484e+00
1.906546546546563359e-01
1.868424324324323038e+01
6.164072472472470565e+01
1.844939939939934659e+00
2.939049049049057838e-01
2.040738738738745894e+00
2.745893893893931459e+00
3.540523523523535943e+00
2.042704704704674246e+00
2.236546546546523129e-01
2.463746746746757754e+00
7.605156156156195557e+00
2.492713713713726076e+00
4.309264264264274225e+00
5.979694694694693169e+01
2.205211211211210998e+00
7.186543343343352319e+01
1.933568568568549972e+00
2.191781781781787508e+00
1.066985685685686036e+01
2.526202202202210589e+00
2.402461461461469661e+00
2.993993993994002473e-03
8.558585585585586131e+00
3.734134134134077243e-01
1.246851851851847881e+00
5.010192592592608918e+01
4.671945945945981116e+00
5.681915515515512283e+01
4.142612612612622591e+00
3.204754754754763346e-01
4.000701701701717461e+00
2.980561561561551720e+00
4.088254254254263920e+00
1.863323323323303748e-01
2.859159159159140318e-01
7.826944444444433202e+01
5.578664664664663597e+00
1.417850550550546807e+01
8.767867867868103793e-02
1.234613613613596783e+00
1.213701701701714653e+00
1.031611411411411616e+01
1.036466466466459957e-01
1.875455455455470599e-01
2.997997997998020237e-03
6.189613613613613730e+00
2.738906906906914074e+00
3.078338338338333369e-01
2.248041941941944089e+01
1.097728728728716519e+00
3.017567567567502884e-01
2.516426426426449092e-01
3.056387387387402566e+00
4.449600600600573941e+00
7.742016216216214275e+01
1.154547847847848985e+01
6.928328328328217656e-02
4.987987987987995385e-03
3.451031031031032148e-01
9.890913913913930600e+00
3.176354354354362197e+00
0.000000000000000000e+00
6.132242242242236241e-01
2.802172172172179732e+00
2.391716716716722591e+00
2.006597597597578719e+00
3.282744744744764631e+00
5.013311311311302809e+00
3.570637637637642303e+00
3.181504504504505615e+00
5.190190190190259456e-02
1.000000000000014766e-03
3.516826826826823460e+00
4.412152152152203355e-01
0.000000000000000000e+00
4.380270270270257282e-01
2.609319319319313157e-01
4.862862862862920021e-01
3.914328328328339435e+00
2.920959959959964269e+00
1.650362362362379320e+00
3.133873873873843086e-01
3.993993993994067980e-03
4.227457457457416412e-01
6.546561561561532905e+00
3.099266266266296199e+00
5.743157157157171788e+00
1.855079079079092752e+00
1.116151151151147491e+00
1.618553553553550017e+00
2.334189189189196600e+00
3.883897897897902851e+00
8.621595195195179429e+01
2.721133133133137871e+00
2.437522522522520774e+00
6.858758758758785046e-01
3.612122122122105594e+00
9.084682682682677424e+00
1.836372372372377715e+00
5.872862862862822109e-01
2.993993993994002907e-03
2.526776776776757938e+00
1.448224224224242684e+00
4.104859859859886662e+00
2.494304304304308939e-01
9.406906906907018528e-02
1.393033033033043988e-01
2.916486486486475016e+00
6.582082082082010843e-02
5.969969969970020419e-03
1.587285285285304548e+00
2.281010210210213884e+01
3.900841841841828028e+00
2.994543843843857545e+01
5.187187187187317083e-02
3.340030030030083918e-01
3.255181181181181937e+00
1.710700700700716059e-01
3.724475475475459429e+00
3.544438438438443750e+00
0.000000000000000000e+00
4.733540540540564834e+00
6.308567767767766554e+01
1.258680680680674735e+00
2.642061061061034888e+00
1.082015015015015358e+01
3.010808808808775883e+00
2.466408408408414132e+00
3.729340340340346671e+00
6.688288288288249395e-02
8.873743743743806034e-01
6.545524524524517496e+00
4.731041041041005313e-01
5.580643643643622198e+00
2.739270270270266927e+00
9.013633633633649112e+00
3.342342342342300571e-02
3.038828828828830986e+00
2.317897897897945036e-01
5.690310310310353614e-01
9.893666666666659282e+00
5.060686286286279056e+01
1.335955855855857344e+01
8.962112112112039508e-01
8.355455455455491898e-02
2.007056356356353533e+01
2.126025025025009452e+00
3.658268268268303203e-01
3.496185585585583766e+01
1.829204204204207818e+00
1.823973973973984086e-01
2.786120120120101351e+00
3.075105105105091496e+00
8.133133133133027548e-02
2.935365365365360635e+00
1.534324324324309041e-01
4.567059059059053183e+00
3.987987987988050875e-03
2.743745745745735487e+00
1.441359359359341674e+00
1.240550550550554160e-01
1.902990390390390729e+01
1.682232232232226121e-01
1.016346146146145735e+01
2.021740740740743725e+00
2.193073073073036339e-01
3.443913913913909219e+00
0.000000000000000000e+00
4.435758758758791664e+00
1.253055055055042777e+00
1.563632992992993422e+02
2.579554554554572388e+00
2.491148148148146291e+01
1.522084884884895928e+01
2.645223223223222231e+00
9.816816816817006131e-02
2.824942942942962887e+00
4.774945945945955117e+00
2.512723723723707892e+00
3.595501501501485730e+00
2.557997997998029405e-01
3.850709609609612727e+01
1.540496496496479129e+00
2.094054054054073633e-01
4.207055055055053394e+00
2.339426426426418626e+00
3.151901901901839609e-01
9.775746046046057813e+01
4.222837837837852604e+00
1.994357357357338101e+00
6.453226226226243867e+00
3.014881881881889214e+00
3.167987887887903753e+01
1.038738738738727990e-01
7.494194194194146730e-02
2.599762762762765522e+00
1.679579579579582926e+00
8.655314014014017232e+01
3.288910910910893381e+00
2.023103103103139067e-01
2.134028028028038371e+00
4.105782782782783080e+00
1.186786786786787722e-02
1.148924024024024781e+01
8.729457157157168012e+01
1.708425425425425415e+00
4.001501501501486535e-01
3.039149149149165674e-01
1.365963963963966066e+01
1.814844844844884786e-01
1.168206786786788030e+02
4.709809809809849257e-02
6.141331331331457699e-01
6.741741741741953675e-02
3.218696696696678128e+00
2.678228228228282104e-01
4.964364364364352855e-02
1.859222222222219667e+00
3.201471471471545871e-01
6.775434934934931164e+01
2.722592592592601446e-01
2.543934934934920289e+00
2.940340340340333869e-01
2.438508508508532568e-01
1.917250250250230215e+00
3.744604604604608866e+00
3.868578578578645843e-01
6.568514514514507852e+00
1.054694694694687657e-01
2.978942942942945482e+00
2.277348348348350093e+00
7.729204204204208395e+00
2.898216216216185526e+00
6.177775775775852907e+00
1.193804804804796449e+00
6.688288288288242456e-02
1.505328328328336518e+00
2.409759759759722564e-01
5.699919919920052314e-01
1.065672092092091248e+02
1.072719829829829905e+02
1.537840840840846601e+00
3.456646646646603371e-01
2.268003003002987406e+00
1.088048958958960668e+02
3.861013013013011808e+00
3.578641641641628901e+00
5.014764764764811922e-01
2.654328328328334319e+00
3.927997997997945689e-01
2.997888888888879055e+00
1.367814604604605506e+02
3.791061061060995163e-01
1.312852852852823826e-01
4.478856856856830326e+00
7.557689389389395274e+01
2.180475475475470937e+00
3.885916916916838826e+00
2.216606606606593421e-01
7.283712712712729243e+00
2.470460460460432162e-01
1.961961961961941267e-02
2.279679679679718352e-01
4.193293493493480639e+01
8.152911911911953524e+00
1.674100940940944611e+02
3.751651651651661395e-02
6.451511511511622832e-01
2.963670670670654150e+00
2.083986986986990697e+00
1.876876876876876765e-01
2.278845845845846263e+00
2.919778778778737038e+00
3.494964964964993870e-01
1.933837737737731999e+01
4.664564564564469690e-02
3.834354354354391758e-01
4.018893893893867642e+00
8.298198198198145081e-02
3.251691691691708797e-01
2.005691691691686707e+00
2.700151151151150231e+00
1.876698298298300571e+01
1.169119119119119699e+00
3.372392392392359328e-01
2.937113113113110963e+00
3.915425425425510531e-01
2.203153153153156740e+00
9.905255255255058788e-01
1.000000000000003924e-03
1.756721721721720897e+01
2.184564564564517308e-01
2.431421421421459672e-01
1.865765765765776962e-02
2.332362362362319086e-01
4.027627627627710510e-02
2.211058058058076092e+00
2.212682682682656776e-01
4.990260260260172553e-01
1.412412412412414053e-01
2.561472472472481776e+00
2.054061061061058346e+00
4.414564564564559035e+00
3.015778778778762437e+00
4.291661661661650307e+00
4.467673673673667523e+00
4.401609409409410034e+01
1.145067927927925666e+02
3.333729729729727254e+00
2.316698698698700376e+00
1.879238338338337400e+01
2.420920920920944797e-01
7.087486486486502812e+00
2.444744744744733328e-02
7.583126126126146005e+00
1.828377377377388813e+00
1.000000000000013031e-03
2.655502502502500306e+00
2.788388388388356454e-01
2.912912912912982502e-02
9.645012012012001534e+00
6.317237137137145453e+01
3.428528528528594910e-01
1.892850850850885225e+00
3.070796796796797956e+00
6.328237237237260615e+00
1.909188188188174262e+00
2.345447447447416067e+00
3.846296296296366490e-01
2.586236236236242547e+00
1.570560560560583518e-01
2.312683683683673941e+00
5.164623623623599613e+00
1.728554554554553979e+00
3.073016016016019147e+00
5.442792792792671142e-01
2.519349349349385703e-01
3.252233233233217558e+00
2.994824824824838805e-01
9.731538538538554661e+00
7.852515515515605671e+00
1.757368368368336986e+00
7.150794794794791187e+00
1.104594594594581064e-01
4.116346346346407836e-01
2.882202202202187591e-01
1.965936936936940160e+00
4.472773773773771389e+00
1.102212212212182602e-01
2.867601601601576178e+00
2.899959959959957256e+00
1.142526516516517461e+02
1.818558558558573957e-01
1.245461061061049968e+01
2.215715715715749490e-01
3.392372372372415845e-01
1.345375975975977667e+01
4.913633633633586406e+00
2.544626626626631527e+00
2.929549549549504417e-01
7.308274974974979443e+01
5.593492492492502244e+00
3.399666666666708803e+00
2.898838838838829757e-01
3.559069069069067948e-01
1.065323323323315252e+00
4.433232232232214187e+00
1.151550150150148610e+01
1.865765765765758227e-02
1.236106106106105162e-01
1.424410410410399397e+00
1.649528528528532600e+00
3.532106106106095211e+00
8.426888888888910856e+00
4.023309309309317960e+00
2.848893893893881035e+00
4.582442442442353769e-01
2.993993993994002473e-03
3.680280280280261856e-02
4.025105105105112990e+00
3.480117117117120351e+00
4.195779779779774010e+00
1.773253253253266049e-01
4.140665665665652639e+00
1.363254754754753861e+01
4.116826826826769925e-01
4.023642242242251399e+01
3.626253253253283404e+00
4.939901901901914805e+00
2.148599599599604559e+00
9.590588588588580876e+00
3.296490490490489922e+00
4.979979979979966796e-03
2.143058058058074700e+00
4.677506506506501793e+00
1.972272272272306837e-01
2.893877877877860438e+00
1.353255255255256140e+00
4.255657757757768422e+01
8.780470470470461919e+00
2.114518518518501811e+00
2.058741741741729747e+00
1.347557557557565733e-01
2.454684684684657059e-01
6.616516516516450508e-02
3.478788788788843567e-01
2.398090090090081894e+00
5.960700700700678478e-01
6.334784784784732725e-01
2.972118118118116659e+00
1.979259559559557147e+01
3.036702302302301604e+01
1.813471471471470586e+00
4.979979979979972000e-03
1.515555555555557210e-01
2.392673673673673918e+01
1.595718718718704743e+00
3.062312312312311047e+00
3.685572572572585859e+00
4.220920920920946673e-02
1.339064064064071191e+00
2.135685685685640156e-01
6.371471471471597259e-02
2.522400200200215892e+01
3.319882882882855490e+00
2.981155155155149394e+00
4.096606606606702505e-01
3.747466466466440771e+00
3.475635635635644372e-01
3.928051051051042464e+00
8.505959959959957573e+00
2.373964964964976332e+00
2.199500500500525479e+00
1.139759759759745583e-01
3.210300300300317211e+00
1.768532532532529800e+01
2.982145145145172371e+00
1.537616616616624743e+00
1.000000000000007177e-03
3.065115115115079614e-01
1.874447447447438186e+00
4.729571571571587363e+00
1.602326326326314998e+00
2.219799799799849205e-01
8.135669669669685078e+00
7.093833733733738711e+01
4.576829829829820007e+00
6.066413413413450861e+00
6.838101101101128343e+00
1.318873873873878999e+00
2.469139139139183980e-01
8.260957457457480757e+01
6.681479579579581696e+01
1.891582582582587380e+00
1.922148148148137281e+00
4.682212212212228053e+00
2.692382382382374484e+00
2.715045045045049843e+00
1.237635635635616183e+00
0.000000000000000000e+00
1.306216216216201931e-01
2.321563563563587618e+00
2.231330330330331080e+01
3.654529529529530141e+00
5.473353853853837592e+01
2.468071871871873668e+01
1.307279079079076212e+01
1.524639639639663757e+00
1.781481481481493601e-01
3.423492492492472561e+00
2.126765765765757710e+00
2.363763763763734871e-02
8.800112412412413221e+01
1.009360360360347597e+00
1.433603603603598176e+00
1.260331331331320248e+00
3.506413413413424163e+00
1.675296296296310272e+00
3.382736736736735139e+00
6.048286286286285396e+00
1.444564564564560505e-01
0.000000000000000000e+00
5.665156656656650114e+01
2.341921921921934935e+00
5.839035735735738797e+01
3.182962962962905817e-01
2.360736736736733121e+00
1.000000000000015633e-03
3.497413413413416094e+01
0.000000000000000000e+00
1.249183483483484558e+01
7.943943943943874639e-03
5.006266266266341525e-01
3.463497597597599054e+01
2.617895895895893332e+00
2.960591591591585026e+00
9.165876876876883728e+01
4.088155155155153153e+00
4.102416416416386546e+00
1.921181181181157716e-01
2.468431431431412193e+00
6.364364364364379079e-02
3.526869869869863283e+00
2.432891491491491109e+01
2.350570570570610918e-01
3.211508508508511284e+01
1.245268128128130343e+02
2.390610610610618636e+00
1.000000000000004358e-03
3.740088088088097340e+00
5.938642042042052083e+01
5.321040040040084129e+00
1.624179179179199739e+00
7.406900800800826801e+01
2.253753753753803477e-02
1.639009009009001927e+00
7.706106106106226650e-02
3.524944944944868319e-01
7.317234234234227586e+01
2.145785785785800370e-01
1.002671271271270470e+01
6.854921921921927286e+00
3.090357357357338408e+00
1.562964964964973724e+00
3.077227227227259942e-01
5.475425425425476389e-01
1.329299299299310455e+00
7.903678678678685898e+00
3.200572572572587315e+00
3.247709709709706072e+00
1.613573573573575670e-01
1.124662662662660129e+00
1.667603303303302198e+01
4.827001701701701109e+01
2.043325325325329178e+00
1.052926926926923690e+00
4.042533533533525514e+00
1.012042042042060885e-01
9.537621821821826984e+01
2.430545545545537145e+00
1.561941941941960676e+00
5.897959959959977461e+00
1.665862862862860894e+00
2.572955955955928964e+00
5.703647647647612118e+00
1.964634634634598864e-01
4.574644644644753622e-01
4.979979979979966796e-03
4.911951951951829543e-01
4.328191191191188558e+00
1.072521751751752106e+02
9.255085385385386587e+01
2.831241241241244655e+00
2.923793793793776352e-01
2.762881881881911639e+00
2.414088088088068851e+00
3.437527527527533433e+00
2.880790790790738187e-01
3.809390390390421821e+00
2.495195195195223578e-02
5.849252252252235884e+00
2.859770770770786008e+00
2.489080080080078972e+00
1.999114114114118657e+00
4.518812812812802449e+00
3.521191191191148651e-01
1.122867007007005640e+02
2.785495495495489138e+00
1.184638438438437191e+01
2.511094094094072471e+00
3.680531531531560319e+00
2.164783783783799098e+00
2.828107107107104223e+00
1.848704704704681179e+00
1.244066666666673093e+01
2.094300300300295348e+00
2.911785785785796499e+00
3.448834834834793917e+00
8.262262262262307089e-02
6.715355355355259181e-01
9.924714714714607533e-01
3.835675675675643159e+00
2.712014014014020979e+00
4.994869869869859258e+00
2.256246246246219611e-01
1.161601601601613271e-01
2.765715715715716949e-01
2.863563563563511702e-02
1.094133133133136981e+00
5.893393393393321633e-02
4.491961961962008809e-01
2.706788788788802691e+00
3.314704704704700688e+00
1.704904904904921970e-01
2.145975975975939753e-01
1.158368268268268331e+01
2.019376376376397886e+00
1.754513613613611867e+01
7.054754754754762047e-02
1.088988988989000699e-02
3.383780780780761610e+00
2.000840840840859003e-01
5.557457457457515987e-02
1.782512512512508085e+00
6.938301301301321722e+00
5.299599599599580380e-02
3.176632632632616637e+00
3.040725725725730300e+00
4.381972972972961067e+00
1.420450450450432833e-01
2.440440440440399816e-01
