4.255756756756722048e+00
2.807426426426414157e+00
0.000000000000000000e+00
1.423735735735719432e+00
5.528087087087072860e+00
9.625035035035119924e-01
2.600950950950965956e-01
2.663070070070077122e+00
2.473313313313302564e-01
2.579537537537537784e+00
1.061245265265267079e+02
2.602882882882831539e-01
3.659259259259197566e-02
1.557380380380380958e+00
2.505044044044046014e+00
9.141515515515498791e+00
2.783383383383409085e-02
9.168768768768592592e-02
5.376854654654656684e+01
1.395401401401397568e+00
1.997997997998010242e-03
1.138444444444440817e+00
3.206993993993991321e+00
2.424984984985014969e-01
5.993793793793849439e-02
5.313313313313410696e-02
3.147649649649644221e+00
7.291291291291328303e-02
6.820620620620745922e-02
1.806605605605613007e+00
8.245968968968975688e+00
1.716716716716680802e-01
4.679059059058995884e-01
1.670521521521535879e+00
2.440330330330333197e+00
2.255563563563560692e+00
1.176589099099098803e+02
5.346995495495500705e+01
2.861241241241309630e-01
3.740738738738745628e+00
1.456849249249253475e+01
1.272586586586603286e+00
3.176715715715717092e+00
1.240515515515519640e+00
2.990173173173192200e+00
3.707307307307319832e-02
3.860900900900860466e-01
0.000000000000000000e+00
4.100098098098120758e+00
2.246703403403397203e+01
2.839314314314331789e+00
2.668768768768794639e-02
1.589549549549549301e-01
1.200495495495508491e+00
3.568359359359350336e+00
9.502902902902813365e-01
2.634780780780793918e+00
8.187777777777809352e-01
6.017523523523539808e+00
1.755514514514534330e+00
6.758144244244306265e+01
1.832723723723738818e+00
4.824787887887897142e+01
9.909909909909858997e-03
2.513115115115136078e+00
1.665165165165189143e-01
8.338452452452465025e+00
2.571101101101097353e+00
2.502492492492470744e-01
1.419009009009009892e-01
4.138241241241228607e+00
6.688288288288241068e-02
2.634028028028048141e+00
3.972139139139120090e+00
2.530640640640591799e-01
7.566137237237238367e+01
2.911309309309303650e+00
2.418953953953970171e+00
4.450337737737735466e+01
3.991141141141141824e-01
1.553846846846831387e+00
1.783533533533544491e+00
1.619829829829819157e-01
7.594359359359382111e+00
6.419210210210256840e+00
3.702253253253245724e+00
1.253249249249236863e+00
3.659537537537535634e+00
1.284990990990985793e+00
2.614964964964917038e-01
2.293633633633622160e-01
2.210263263263238187e+00
6.437037037037102172e-02
2.885281281281287580e+00
2.487572572572571694e+00
4.924304304304187863e-01
3.524694694694661568e+00
2.514924924924926586e+00
2.147109109109081260e+00
8.711323923923923473e+01
5.084278278278255847e+00
1.284384384384383918e-02
1.864904904904884364e-01
2.028405105105102635e+01
2.518738738738686700e-01
2.111285285285273261e+00
1.118915915915927872e+00
1.212457457457453147e+00
2.508408408408382972e-01
3.624886886886901749e+00
3.975195195195184716e-01
9.843243243243271490e-02
9.977777777777750712e-02
4.129383383383386175e+00
3.062434434434437414e+00
3.363833833833836384e-01
0.000000000000000000e+00
3.649726726726706616e+00
2.265302302302290460e+00
1.130283283283285911e+01
8.398128128128117709e+00
1.445976976976966366e+00
4.410510510510603499e-01
2.136277277277248920e+00
3.064423423423399129e+00
4.802192192192145659e-01
1.889398398398369316e+00
1.324834834834809627e-01
1.879118718718720515e+01
1.094594594594587925e-02
7.985985985985748908e-03
4.754754754754635798e-02
1.210070070070083659e-01
2.422977977977978092e+00
1.952311311311315078e+00
2.477129429429422913e+01
2.500250250250257711e-01
6.059313313313325899e+00
1.634348348348319213e+00
1.088988988988995842e-02
1.925688688688705907e+00
2.226524524524524651e+00
5.700400400400251755e-02
3.000459459459442702e+00
2.423213213213256112e-01
2.688855855855852184e+00
2.069732732732741720e+00
4.774794794794892661e-01
2.351524524524516213e+00
4.319019019019106065e-02
3.804834834834871060e+00
1.516931931931939648e+00
3.064964964964994598e-02
3.879555555555552537e+00
7.649023023023024059e+00
1.346282282282296405e+00
3.132842842842862741e+00
9.934030030030029934e+00
1.848245245245232482e+00
2.037787787787829763e-01
1.438678678678677603e-01
1.000000000000009128e-03
2.299849849849882055e-01
2.244954854854853110e+01
3.195473473473495307e+00
9.516214914914918666e+01
1.419009009009008782e-01
2.225496496496505383e+00
1.670219619619620843e+01
1.883879879879859054e+00
2.091511511511460752e-01
2.562906906906884608e+00
1.861096096096103381e+00
1.997997997998005038e-03
1.492798798798796955e+00
1.309422722722726995e+01
2.568699699699704908e+00
2.397147147147105084e-01
2.154594594594617663e-01
1.428354354354330447e+00
1.563273273273257102e-01
3.071337337337320950e+00
1.151411411411424751e-01
2.947985985985981383e+00
1.104123123123131656e+00
1.342473473473467127e+00
2.954701701701674121e+00
2.197935935935914742e+00
2.169975975975964477e+00
2.451961961961938441e-01
3.249119119119123766e+00
3.040667667667655838e+00
1.828059059059089053e+00
2.698374374374392204e+00
2.929129129129059983e-02
3.985160160160141185e+00
1.578978978978980152e-02
2.880463463463458496e+00
1.454964964964965968e-01
2.905536236236232028e+01
1.437905005005001513e+01
1.475736736736727783e+00
2.342632632632663803e-01
0.000000000000000000e+00
2.525658658658646694e+00
0.000000000000000000e+00
5.965563563563587302e+00
8.219319319319352835e-02
1.191621621621615085e-01
4.735915915915891450e-01
8.872396796796785168e+01
2.492882882882843099e-01
1.054612612612606748e+00
4.304784784784863594e-01
3.275249249249242212e+00
7.303158158158153412e+01
3.960715315315322016e+01
3.882606006006007249e+01
1.289103103103099057e+00
2.682632632632645286e+00
7.101561561561617886e-01
3.499339339339305188e-01
7.517051051051067745e+00
0.000000000000000000e+00
3.226211711711708574e+01
1.544170170170182654e+00
3.788694694694688891e+00
1.133764764764767730e+00
8.344197197197198435e+00
1.624094094094080010e+00
1.186786786786788762e-02
1.528162162162153281e+00
3.058889889889871316e+00
3.653787787787752261e+00
1.230417117117121073e+01
5.924584584584644098e+00
1.419987187187187239e+01
2.362637637637622134e+00
2.559739739739746778e+00
1.867837837837822201e+00
1.721267267267246437e+00
1.747126126126100853e+00
2.912912912912934624e-02
2.578648648648624309e-01
2.876379379379399470e+00
3.127921921921969162e+00
2.773221921921928868e+01
2.667704704704709773e+00
1.452422422422401160e+00
1.210014014014014982e+00
1.842000000000004523e+00
3.224135135135151931e+00
3.231451451451441415e-01
1.779979979979965099e-01
3.285985985985922508e-01
1.596928828828829872e+01
1.797872872872873451e+00
6.349567567567604875e+00
5.094933933933949888e+00
3.126801801801780911e+00
8.963963963964092715e-03
0.000000000000000000e+00
2.192510510510528032e+00
1.174248448448450688e+01
7.172763763763774136e+01
2.068954954954956627e+00
8.860199199199191966e+00
1.697076076076054374e+00
9.879529529529418319e-01
1.846096096096094374e+00
2.814154154154183907e+00
1.022125525525530598e+01
5.327627627627519458e-02
9.609911911911943605e+00
7.501001001001043889e-02
3.654554554554517720e-02
3.710869869869878546e+00
2.193693693693666291e-01
8.548048048048045855e-02
3.866985985986005403e+00
2.738477477477497146e+00
2.594097997997987548e+01
1.571737737737742613e+00
2.632907907907933609e+00
8.767301301301277050e+00
3.000203203203204882e+00
3.793749249249245992e+01
2.731837837837824079e+00
2.863550550550563845e+00
2.508888888888856639e-01
3.050265265265281300e+00
2.353110510510505904e+01
3.403497497497504742e+00
0.000000000000000000e+00
3.800014014013990415e+00
1.515550550550555098e+00
1.191164464464464068e+01
2.387937937937995303e-01
3.071452452452442916e+00
2.110070070070091952e-01
1.652454454454438837e+00
1.836954954954949981e+00
1.070570570570557933e+00
2.477207207207225981e+00
1.884584584584602512e-02
1.697603603603579758e+00
2.453603603603659311e-01
2.524424424424377977e-01
1.322873873873878559e+00
2.289640640640655977e+00
8.033633633633839588e-02
6.692192192192217282e-02
1.814476476476496458e+00
4.939729729729799290e-01
0.000000000000000000e+00
1.000000000000015416e-03
1.811394394394383767e+00
4.361116116116160235e+00
3.477068068068108087e+00
7.334934934934994599e-02
6.078824824824830664e+00
1.361519519519506005e+00
1.161170270270267579e+01
7.228663663663648542e+00
9.012802802802854174e+00
2.428591591591597432e+00
2.371362062062060261e+01
1.279889889889895382e+00
2.512935935935945331e+00
0.000000000000000000e+00
2.347058058058062446e+00
2.232978978978951812e+00
3.029864864864852070e+00
2.051571571571587094e-01
2.785804804804817181e+00
1.523773773773800189e+00
2.198508508508520143e-01
1.246555555555556305e+00
1.766210210210193310e+00
2.174564564564526459e-01
3.084647647647664748e+00
7.951051051051095941e-02
1.791061061061061666e-01
1.432142142142130703e-01
1.000000000000015200e-03
1.062639399399389077e+02
1.749823823823801305e+00
3.315934134134137423e+01
4.834344344344397859e-01
3.915841841841837478e+00
5.270340340340340823e+00
4.045567567567599276e+00
1.333643643643626642e-01
1.268246246246243825e+00
7.983783783783635069e-02
1.142010410410408916e+01
6.944444444444283771e-02
4.288415415415402165e+00
3.592559559559597826e+00
2.349349349349363902e-02
2.423043043042999445e-01
2.268478478478511695e-01
3.287687687687612659e-02
3.258568568568602775e-01
1.672772772772798330e-02
4.719309309309394074e-01
1.476443443443441250e+00
4.307241241241233531e+00
6.167523323323312923e+01
2.477177177177132816e-01
1.935495495495532514e-01
8.927927927927950189e-03
3.294644644644593723e-01
9.586986986987172665e-02
2.644622622622615715e+00
6.470770770770939428e-02
1.774090090090096439e+00
3.194994994994941884e-01
2.211550550550571703e+00
1.568229229229211041e+00
1.614455555555553445e+01
3.626560560560539770e+00
9.963963963964114420e-03
9.877777777777910218e-02
1.846441441441443398e+00
2.256668668668655009e+00
2.082056056056075022e+00
3.937193193193183838e+00
1.916276276276245027e-01
1.723567067067065750e+01
5.656183083083080021e+01
1.736267267267268766e+00
2.902802802802842419e-01
1.803481481481511439e+00
2.795336336336323946e+00
3.196276276276299733e+00
1.835754754754759022e+00
2.181771771771753854e-01
2.299997997997990318e+00
6.924538538538518750e+00
2.368710710710730361e+00
3.978937937937923941e+00
5.453540640640633086e+01
1.999276276276266584e+00
6.539304004004023341e+01
1.721440440440420216e+00
2.046725725725707434e+00
9.845517517517501815e+00
2.317775775775800184e+00
2.217076076076062829e+00
1.997997997997982920e-03
7.871508508508496149e+00
3.720390390390440061e-01
1.225399399399398792e+00
4.524111911911928274e+01
4.126140140140151402e+00
5.068431831831824042e+01
3.704703703703706719e+00
3.090280280280321423e-01
3.539378378378366996e+00
2.795357357357365569e+00
3.773612612612618822e+00
1.663763763763753400e-01
2.764994994995024769e-01
6.937638738738743882e+01
5.072671671671673543e+00
1.257752752752753800e+01
8.606106106106052589e-02
1.158180180180176988e+00
1.186137137137146746e+00
9.575694694694673714e+00
9.664664664664442129e-02
1.825085085085053627e-01
0.000000000000000000e+00
5.721137137137152884e+00
2.477891891891891074e+00
3.069339339339343109e-01
2.019601601601606333e+01
1.004826826826822561e+00
2.823363363363373124e-01
2.488468468468424399e-01
2.784184184184175681e+00
4.047282282282287369e+00
7.220214914914900817e+01
1.082796896896899952e+01
6.482982982983093168e-02
2.997997997998018936e-03
3.223573573573543238e-01
9.391490490490532750e+00
3.053312312312336019e+00
0.000000000000000000e+00
5.994344344344294528e-01
2.562564564564579150e+00
2.176963963963954640e+00
1.913272272272264818e+00
3.039713713713716903e+00
4.764674674674679977e+00
3.211581581581584466e+00
2.982480480480500074e+00
4.258058058058079853e-02
1.000000000000014766e-03
3.424635635635673747e+00
4.243963963963928721e-01
0.000000000000000000e+00
4.238078078077997524e-01
2.576806806806851147e-01
4.541291291291343346e-01
3.658362362362354236e+00
2.620161161161178143e+00
1.467390390390401311e+00
2.996746746746788981e-01
1.000000000000006309e-03
4.165115115115058941e-01
6.073875875875892838e+00
2.820937937937913365e+00
5.367654654654656632e+00
1.662128128128158355e+00
1.032751751751751712e+00
1.559638638638638719e+00
2.085460460460463850e+00
3.730553553553572321e+00
7.754472372372364930e+01
2.501930930930939656e+00
2.180146146146143771e+00
6.775965965965921045e-01
3.334269269269281466e+00
8.409607607607590296e+00
1.743109109109128640e+00
5.775325325325406656e-01
1.997997997997991593e-03
2.325601601601617219e+00
1.335300300300287457e+00
3.751580580580586410e+00
2.497017017016970875e-01
8.524924924925106340e-02
1.187267267267297088e-01
2.726788788788753415e+00
5.672572572572485983e-02
1.000000000000019103e-03
1.423131131131128324e+00
2.042329529529521537e+01
3.578471471471445398e+00
2.672198398398387909e+01
4.070870870870846314e-02
3.052452452452435461e-01
2.924134134134133145e+00
1.449919919919893940e-01
3.493072072072108902e+00
3.437184184184192581e+00
0.000000000000000000e+00
4.461063063063074985e+00
5.739689189189193996e+01
1.148145145145155199e+00
2.400571571571548546e+00
9.893243243243215801e+00
2.859096096096098272e+00
2.230520520520515859e+00
3.425819819819826861e+00
6.257357357357269667e-02
8.318588588588593513e-01
5.789147147147183148e+00
4.712052052052118079e-01
5.055372372372371359e+00
2.561577577577571763e+00
8.397463463463447297e+00
2.372772772772749686e-02
2.859098098098074026e+00
2.170120120120162255e-01
5.599269269269290250e-01
8.966339339339340242e+00
4.481906906906912980e+01
1.265880880880881953e+01
8.532752752752830183e-01
7.498298298298258779e-02
1.871405705705702971e+01
1.949135135135165342e+00
3.601751751751814945e-01
3.201546546546544647e+01
1.728962962962968586e+00
1.673883883883900414e-01
2.505263263263257212e+00
2.908212212212204939e+00
7.314014014013953124e-02
2.687430430430417960e+00
1.464624624624638327e-01
4.241956956956976832e+00
1.000000000000014115e-03
2.457915915915923399e+00
1.387197197197202136e+00
1.127207207207235468e-01
1.711643643643640544e+01
1.538088088088082894e-01
9.565354354354361988e+00
1.920139139139150020e+00
2.113663663663613301e-01
3.180891891891901579e+00
0.000000000000000000e+00
4.058244244244272103e+00
1.176847847847850348e+00
1.411899309309306147e+02
2.366864864864871798e+00
2.291971371371370125e+01
1.371478878878881247e+01
2.403920920920919801e+00
7.714714714714857036e-02
2.571910910910914172e+00
4.291333333333336775e+00
2.303238238238249913e+00
3.318476476476445836e+00
2.524954954955002662e-01
3.535681481481485378e+01
1.435607607607603198e+00
2.026786786786738681e-01
3.835738738738672549e+00
2.006729729729725520e+00
2.910220220220266496e-01
8.772037437437427343e+01
4.005996996997038373e+00
1.833339339339342233e+00
5.811493493493510520e+00
2.687743743743746805e+00
2.781381081081071827e+01
5.754454454454565465e-02
6.703903903903990491e-02
2.353584584584603512e+00
1.536376376376389574e+00
7.857742742742739495e+01
2.937192192192177753e+00
1.872752752752786520e-01
1.958524524524512200e+00
3.798808808808807669e+00
7.943943943943860761e-03
1.070806406406405209e+01
7.903944544544543760e+01
1.562326326326333614e+00
4.039789789789712260e-01
2.960660660660633381e-01
1.251405805805811156e+01
1.706466466466431964e-01
1.039177527527528042e+02
4.342642642642564887e-02
6.022632632632544114e-01
4.673273273273278322e-02
2.968387387387390497e+00
2.659609609609598357e-01
3.958658658658623097e-02
1.629552552552532063e+00
3.096176176176179684e-01
6.153654354354357281e+01
2.699879879879907851e-01
2.304175175175197321e+00
2.903303303303275684e-01
2.394144144144135511e-01
1.762160160160156197e+00
3.415746746746757267e+00
3.729879879879821059e-01
6.083554554554569727e+00
9.540240240240147052e-02
2.848158158158174746e+00
2.148241241241214627e+00
7.198552552552556882e+00
2.623294294294316487e+00
5.823343343343360345e+00
1.073619619619621268e+00
6.602502502502435866e-02
1.382350350350351587e+00
2.346136136136168782e-01
5.576606606606649974e-01
9.309561061061059206e+01
9.643490090090091371e+01
1.445064064064062626e+00
3.215075075075031208e-01
2.003469469469454367e+00
9.982835935935926841e+01
3.467997997998039761e+00
3.296542542542539866e+00
4.695275275275191396e-01
2.441889889889890863e+00
3.726556556556535060e-01
2.741820820820833227e+00
1.252530330330331338e+02
3.611721721721737888e-01
1.195485485485485722e-01
4.084091091091027081e+00
6.875188388388390592e+01
2.011838838838859722e+00
3.644278278278267891e+00
2.185345345345398593e-01
6.847165165165158385e+00
2.448588588588564985e-01
1.575975975975995452e-02
2.239799799799768731e-01
3.826224424424454185e+01
7.585855855855865748e+00
1.564518078078080521e+02
3.473873873873880441e-02
6.405115115115170843e-01
2.959729729729744463e+00
1.907778778778780548e+00
1.799549549549556704e-01
2.125098098098098465e+00
2.674958958958949751e+00
3.387537537537552712e-01
1.831504904904907249e+01
3.751651651651693314e-02
3.601951951952019337e-01
3.685435435435463702e+00
7.198798798798866638e-02
3.215475475475493283e-01
1.946672672672683735e+00
2.533179179179168017e+00
1.710311411411413829e+01
1.053227227227221618e+00
3.302622622622581328e-01
2.782227227227223931e+00
3.588768768768759720e-01
2.018654654654650660e+00
8.920490490490469160e-01
0.000000000000000000e+00
1.605949449449446931e+01
2.193543543543533814e-01
2.429609609609658660e-01
1.381781781781790328e-02
2.268958958958924854e-01
4.027627627627706347e-02
2.028248248248246899e+00
2.136446446446431946e-01
5.178648648648693786e-01
1.282242242242211117e-01
2.279154154154173995e+00
1.926572572572572195e+00
4.079996996997100389e+00
2.804919919919899751e+00
4.133387387387364775e+00
4.100287287287307514e+00
4.016909509509525833e+01
1.036261021021020667e+02
3.011240240240236066e+00
2.271549549549556790e+00
1.647605105105105494e+01
2.378408408408450858e-01
6.423477477477508302e+00
1.772772772772758867e-02
7.073336336336314645e+00
1.716952952952941924e+00
1.000000000000013031e-03
2.476918918918933343e+00
2.620820820820782271e-01
2.534934934935007336e-02
8.625225225225173986e+00
5.805664764764772912e+01
3.285985985985950264e-01
1.728997997997989255e+00
2.879338338338341963e+00
6.027264264264269755e+00
1.717298298298288728e+00
2.145112112112121050e+00
3.558058058058066742e-01
2.404258258258257008e+00
1.534324324324309041e-01
2.081375375375400516e+00
4.564755755755760980e+00
1.628650650650646625e+00
2.666357357357358016e+00
5.183483483483433130e-01
2.501821821821786918e-01
3.080599599599602723e+00
2.779379379379393611e-01
8.962337337337327625e+00
7.191162162162128446e+00
1.589320320320319446e+00
6.399597597597625587e+00
1.084654654654665651e-01
3.928988988989058906e-01
2.885885885885918212e-01
1.848294294294310580e+00
4.093161161161214423e+00
1.013313313313336655e-01
2.714300300300295010e+00
2.581580580580589590e+00
1.073400510510512191e+02
1.659219219219228436e-01
1.147913313313311434e+01
2.023563563563525736e-01
3.455365365365320462e-01
1.221541141141137565e+01
4.499398398398405163e+00
2.390212212212211806e+00
2.775255255255202891e-01
6.660824324324306644e+01
5.067726726726744957e+00
3.074488488488511528e+00
2.683103103103073317e-01
3.497577577577581365e-01
1.036198198198198028e+00
4.068058058058044324e+00
1.050904004004003589e+01
1.088988988988998964e-02
1.092952952952972873e-01
1.291121121121130200e+00
1.500070070070071315e+00
3.229572572572573463e+00
7.718953953953938907e+00
3.749415415415385144e+00
2.591042042042040805e+00
4.514514514514489374e-01
1.000000000000010646e-03
3.112712712712659147e-02
3.693514514514499858e+00
3.291002002001973903e+00
3.764623623623609472e+00
1.618208208208182231e-01
3.803107107107094542e+00
1.268029929929930688e+01
3.998698698698670562e-01
3.645472172172173941e+01
3.371265265265259714e+00
4.570445445445452393e+00
1.927553553553553289e+00
8.580635635635612601e+00
2.996240240240239938e+00
2.993993993994004208e-03
2.011336336336366770e+00
4.198780780780777988e+00
1.985075075075096174e-01
2.740014014014025001e+00
1.256567567567576926e+00
3.908033133133123727e+01
7.841913913913871603e+00
1.942389389389377552e+00
1.831945945945940624e+00
1.398388388388406012e-01
2.400030030029998152e-01
6.083583583583478116e-02
3.079429429429452747e-01
2.264078078078076928e+00
5.738918918918846090e-01
6.248908908908864523e-01
2.632771771771772240e+00
1.745631931931932357e+01
2.809838938938950648e+01
1.659414414414411398e+00
3.987987987988065620e-03
1.458168168168184342e-01
2.187817317317316324e+01
1.468639639639638172e+00
2.894938938938964146e+00
3.367630630630603417e+00
3.929929929929984467e-02
1.228713713713702971e+00
2.099489489489544114e-01
5.647547547547436542e-02
2.273231831831830263e+01
3.018124124124130780e+00
2.751354354354348164e+00
3.988108108108090466e-01
3.412654654654667663e+00
3.387217217217159959e-01
3.583658658658645191e+00
7.792866866866885012e+00
2.151308308308319983e+00
2.010641641641631061e+00
9.348348348348226033e-02
3.040523523523495975e+00
1.593913813813815139e+01
2.660866866866877345e+00
1.431471471471455592e+00
1.000000000000001756e-03
2.938018018018064281e-01
1.715858858858858138e+00
4.361694694694720376e+00
1.501220220220225832e+00
2.163603603603556080e-01
7.432398398398382788e+00
6.407493693693692194e+01
4.195437437437430361e+00
5.486140140140101984e+00
6.286233233233209816e+00
1.224030030030039073e+00
2.478878878878846836e-01
7.324013513513524742e+01
5.923893193193173801e+01
1.709234234234266792e+00
1.875994994994999665e+00
4.131045045045016906e+00
2.621403403403413268e+00
2.540863863863837224e+00
1.155710710710715405e+00
0.000000000000000000e+00
1.263813813813820797e-01
2.157818818818800999e+00
2.024397797797796272e+01
3.383998998998973384e+00
4.933364764764770172e+01
2.303098898898896607e+01
1.236795395395394159e+01
1.252826826826819451e+00
1.636556556556584552e-01
3.102401401401396086e+00
1.985566566566591584e+00
1.586986986986952189e-02
8.215541041041039705e+01
9.876656656656718214e-01
1.318628628628629507e+00
1.173952952952937112e+00
3.228079079079023472e+00
1.580755755755784309e+00
3.186265265265283197e+00
5.223269269269270154e+00
1.253603603603592187e-01
1.000000000000013248e-03
5.174678078078079579e+01
2.161900900900888711e+00
5.271699099099098618e+01
3.041381381381361715e-01
2.249040040040062749e+00
0.000000000000000000e+00
3.150546046046041582e+01
0.000000000000000000e+00
1.165362462462461579e+01
4.979979979979970266e-03
4.921261261261157816e-01
3.021845245245247824e+01
2.438706706706716965e+00
2.691726726726721086e+00
8.213649349349361728e+01
3.772180180180207287e+00
3.690380380380375858e+00
1.863363363363318426e-01
2.315288288288291696e+00
4.872672672672734295e-02
3.311957957957930354e+00
2.242471171171171918e+01
2.295465465465495458e-01
2.966851351351347432e+01
1.156002542542543665e+02
2.153294294294288314e+00
1.000000000000004358e-03
3.495421421421411878e+00
5.315748848848871688e+01
4.968815815815823989e+00
1.484889889889877024e+00
6.635932532532549999e+01
1.772772772772756439e-02
1.530017017017002878e+00
5.542642642642701956e-02
3.408128128128184442e-01
6.772144044044041777e+01
2.073463463463414702e-01
9.205491491491498479e+00
6.197938938938955644e+00
2.888519519519507472e+00
1.455714714714723801e+00
3.049199199199250088e-01
4.810120120120167098e-01
1.257398398398418049e+00
7.425366366366340287e+00
2.900855855855827947e+00
3.018247247247252574e+00
1.552912912912942922e-01
1.037034034034016727e+00
1.540237837837836743e+01
4.489588188188186990e+01
1.887767767767756233e+00
1.005583583583590235e+00
3.779400400400362514e+00
9.009009009009157076e-02
8.764107107107101058e+01
2.434785785785790413e+00
1.466817817817818170e+00
5.344207207207204213e+00
1.555434434434444402e+00
2.306084084084075059e+00
5.106849849849842471e+00
1.869129129129112055e-01
4.546446446446520961e-01
3.987987987988036130e-03
4.826216216216248633e-01
4.084630630630628367e+00
9.857044944944944120e+01
8.296162862862865950e+01
2.621751751751770332e+00
2.910570570570588655e-01
2.552429429429409424e+00
2.287437437437435328e+00
3.249078078078061260e+00
2.795075075075124094e-01
3.476210210210179063e+00
1.800000000000025538e-02
5.354773773773751522e+00
2.627303303303321513e+00
2.201723723723721271e+00
1.863107107107085492e+00
4.198192192192176542e+00
3.395455455455514415e-01
1.032571281281283291e+02
2.516795795795789381e+00
1.072962862862864064e+01
2.295131131131109559e+00
3.433224224224220578e+00
1.925580580580575463e+00
2.528338338338338875e+00
1.719039039039026884e+00
1.150193293293299313e+01
1.936362362362376022e+00
2.527770770770776387e+00
3.157847847847841560e+00
6.941941941942106342e-02
6.620280280280208540e-01
8.609629629629603764e-01
3.522660660660584142e+00
2.584095095095108263e+00
4.603725725725745122e+00
2.278178178178123792e-01
1.087327327327341359e-01
2.737687687687750948e-01
2.662162162162224829e-02
1.026487487487495853e+00
4.766666666666773827e-02
4.207697697697606043e-01
2.476479479479485768e+00
3.043256256256238412e+00
1.612612612612612795e-01
2.095195195195169169e-01
1.061797297297300702e+01
1.870909909909932001e+00
1.585002402402403732e+01
6.045045045045163018e-02
4.979979979979967664e-03
3.159853853853865413e+00
1.869259259259304085e-01
5.024124124124079716e-02
1.612566566566555171e+00
6.357674674674648863e+00
4.459459459459455544e-02
2.895466466466482203e+00
2.921317317317345008e+00
4.011011011011017757e+00
1.334374374374406036e-01
2.054834834834801949e-01
