3.270654654654657101e+00
2.089663663663656301e+00
0.000000000000000000e+00
1.129920920920922001e+00
4.355786786786799425e+00
8.667607607607651365e-01
2.501451451451417451e-01
2.080223223223196527e+00
2.479439439439473092e-01
1.977808808808821928e+00
7.720213213213185099e+01
2.343493493493537527e-01
1.961961961961981860e-02
1.266772772772780664e+00
1.889585585585610517e+00
6.536327327327333236e+00
1.681981981981968410e-02
6.602502502502452519e-02
4.101686186186186234e+01
1.186293293293283924e+00
0.000000000000000000e+00
9.105625625625491937e-01
2.492449449449453347e+00
2.387897897897889865e-01
2.368568568568545779e-02
4.310610610610576127e-02
2.313096096096104670e+00
4.980480480480571626e-02
3.152952952953021193e-02
1.395216216216220495e+00
6.162793793793776231e+00
1.405805805805781794e-01
4.000420420420331413e-01
1.221919919919909114e+00
1.855270270270273913e+00
1.679401401401386940e+00
8.523420820820804522e+01
3.974886286286281489e+01
2.648948948948983140e-01
2.829916916916923153e+00
1.081388288288289345e+01
1.100209209209205508e+00
2.456382382382388929e+00
9.983873873873960747e-01
2.191130130130142462e+00
2.267367367367362913e-02
3.942442442442483097e-01
0.000000000000000000e+00
2.857220220220215712e+00
1.731530930930930978e+01
2.189567567567549222e+00
1.587787787787780028e-02
1.269259259259235273e-01
9.226726726726786065e-01
2.721160160160186248e+00
7.425575575575584786e-01
1.922001001000989584e+00
5.559919919919825704e-01
4.641152152152160149e+00
1.369390390390394563e+00
5.099861761761765422e+01
1.413479479479465839e+00
3.524124824824830426e+01
2.993993993993999871e-03
1.985499499499474130e+00
1.089309309309292456e-01
5.735121121121147247e+00
1.903500500500466597e+00
2.498888888888871063e-01
1.297207207207228263e-01
3.242560560560574068e+00
4.392792792792882955e-02
2.169160160160144013e+00
2.914089089089067830e+00
1.894294294294292802e-01
5.316017317317319169e+01
2.069160160160141260e+00
1.850820820820805679e+00
3.371397597597597695e+01
3.597407407407343105e-01
1.158064064064063592e+00
1.435128128128120073e+00
1.326746746746748362e-01
6.181920920920897622e+00
4.808627627627650725e+00
2.958184184184194709e+00
1.014509509509507801e+00
2.602098098098108547e+00
1.001687687687687456e+00
2.466736736736774849e-01
1.622882882882862032e-01
1.715585585585605921e+00
8.170270270270230117e-02
2.184240240240229003e+00
1.927634634634649125e+00
4.843803803803751751e-01
2.619710710710709822e+00
1.905196196196194069e+00
1.595754754754752591e+00
6.426349249249254569e+01
3.701216216216240973e+00
3.987987987988037865e-03
1.372052052052045723e-01
1.563011211211198770e+01
2.506446446446389809e-01
1.662540540540537348e+00
9.105225225225203056e-01
9.415965965965944484e-01
2.496246246246307809e-01
2.693474474474483404e+00
3.182182182182131669e-01
7.951051051051072349e-02
7.029429429429305543e-02
3.223054054054043327e+00
2.237164164164192837e+00
2.354184184184159312e-01
0.000000000000000000e+00
2.764075075075084431e+00
1.716954954954956980e+00
8.536333333333230300e+00
6.282354354354362513e+00
1.184428428428428326e+00
3.296516516516525552e-01
1.543273273273259028e+00
2.339186186186188010e+00
4.479789789789854204e-01
1.484646646646659907e+00
1.034144144144157479e-01
1.311075675675674113e+01
4.991991991992077334e-03
3.987987987988050875e-03
3.012912912912876773e-02
6.226626626626551725e-02
1.889871871871874554e+00
1.535165165165156109e+00
1.885873573573573125e+01
2.501691691691654285e-01
4.505712712712724333e+00
1.336541541541548916e+00
6.957957957957830973e-03
1.513639639639650980e+00
1.786012012011995331e+00
2.662162162162236972e-02
2.268914914914915482e+00
2.376936936936919764e-01
2.163898898898897638e+00
1.545904904904920052e+00
4.316436436436387747e-01
1.675136136136130771e+00
2.353553553553549074e-02
2.942841841841822514e+00
1.185977977977998421e+00
1.590590590590576850e-02
2.795881881881880471e+00
5.976589589589603513e+00
1.088871871871885055e+00
2.400774774774781406e+00
7.383703703703706545e+00
1.475975975975965859e+00
1.552412412412449982e-01
1.102342342342353954e-01
0.000000000000000000e+00
1.849349349349319882e-01
1.608652052052055481e+01
2.408798798798782226e+00
7.037182182182182544e+01
1.041801801801811866e-01
1.693607607607621635e+00
1.270452352352350545e+01
1.477475475475457989e+00
1.822042042042074095e-01
1.951004004003994652e+00
1.339737737737725531e+00
0.000000000000000000e+00
1.194684684684699238e+00
9.631538538538519489e+00
2.059089089089097602e+00
2.000300300300328071e-01
1.841151151151119159e-01
1.171536536536525563e+00
1.059729729729712994e-01
2.292593593593602819e+00
8.265465465465485217e-02
2.203553553553575739e+00
9.253493493493532007e-01
1.009815815815808815e+00
2.111245245245229274e+00
1.677552552552552090e+00
1.603931931931940058e+00
2.179439439439422588e-01
2.514061061061036551e+00
2.454821821821804306e+00
1.443690690690681899e+00
2.111713713713713858e+00
1.188988988988959328e-02
2.949452452452451023e+00
1.092592592592593094e-02
2.227398398398395596e+00
4.603703703703793809e-02
2.301967067067069195e+01
1.083333133133136705e+01
1.235176176176184137e+00
2.024984984984996572e-01
0.000000000000000000e+00
1.962277277277262533e+00
0.000000000000000000e+00
4.335316316316353280e+00
5.024824824824838249e-02
9.407807807807692935e-02
4.948448448448517500e-01
6.433681081081081743e+01
2.490240240240276792e-01
7.937037037037029119e-01
4.156906906906875365e-01
2.485471471471450755e+00
5.474067667667659975e+01
2.974806606606609094e+01
3.004388688688692355e+01
1.018392392392408974e+00
2.049166166166165315e+00
6.620180180180303964e-01
3.249129129129116889e-01
5.493393393393425583e+00
0.000000000000000000e+00
2.242234534534532386e+01
1.165989989989998143e+00
2.814561561561544245e+00
8.437387387387339510e-01
6.038434434434443610e+00
1.178512512512511101e+00
2.993993993993998570e-03
1.187759759759770439e+00
2.152162162162162495e+00
2.744256256256267346e+00
9.336310310310294014e+00
4.480219219219204518e+00
1.064375575575573940e+01
1.847598598598606090e+00
1.835173173173171968e+00
1.444675675675694659e+00
1.266287287287289898e+00
1.341400400400404980e+00
1.088988988989001046e-02
2.277277277277248158e-01
2.091585585585578055e+00
2.461752752752761619e+00
1.999196496496500330e+01
2.052902902902900006e+00
1.183078078078087181e+00
9.192232232232392386e-01
1.485831831831826433e+00
2.574824824824839986e+00
3.033463463463458298e-01
1.379199199199203640e-01
2.890680680680714487e-01
1.186486386386384950e+01
1.511761761761762246e+00
4.719044044044010455e+00
3.947824824824842871e+00
2.378276276276284573e+00
1.000000000000002840e-03
0.000000000000000000e+00
1.636465465465457125e+00
8.607421421421511454e+00
5.361864064064063484e+01
1.646057057057066730e+00
6.942028028028008890e+00
1.318051051051060796e+00
7.766006006005899964e-01
1.489652652652656561e+00
2.007033033033026381e+00
7.787421421421445444e+00
2.654954954954986610e-02
7.512340340340344369e+00
3.596796796796719597e-02
2.257957957957996628e-02
2.736392392392393180e+00
2.060810810810853322e-01
4.764564564564627985e-02
2.735438438438403619e+00
2.115042042042052817e+00
1.993037837837837500e+01
1.232938938938951789e+00
1.893554554554567559e+00
6.543076076076075331e+00
2.209732732732749838e+00
2.795541441441441322e+01
2.129128128128136677e+00
2.146309309309297308e+00
2.491601601601629301e-01
2.290192192192171738e+00
1.794556356356353533e+01
2.673497497497488773e+00
0.000000000000000000e+00
2.852126126126130590e+00
1.143381381381375350e+00
8.691535535535573231e+00
1.996996996996976692e-01
2.274850850850842932e+00
1.906546546546557253e-01
1.313294294294310438e+00
1.356494494494497438e+00
8.537147147147274850e-01
1.882313313313294767e+00
6.985985985985999555e-03
1.336763763763778368e+00
1.878948948948927777e-01
2.454684684684657059e-01
1.086998998999004318e+00
1.801519519519519941e+00
5.024124124124086654e-02
4.319019019019134514e-02
1.469495495495494186e+00
4.927797797797909829e-01
0.000000000000000000e+00
0.000000000000000000e+00
1.385875875875870022e+00
3.048367367367360803e+00
2.588300300300307111e+00
4.518018018018120363e-02
4.597677677677689090e+00
1.008063063063074916e+00
8.955505505505497510e+00
5.332273273273270497e+00
6.771541541541535203e+00
1.994135135135133741e+00
1.831075775775771319e+01
1.001683683683682657e+00
1.857427427427450706e+00
0.000000000000000000e+00
1.894730730730733059e+00
1.677563563563571281e+00
2.445443443443441112e+00
1.558178178178161732e-01
2.196655655655650019e+00
1.179654654654650692e+00
2.039789789789766827e-01
1.066879879879898851e+00
1.284407407407418988e+00
2.048358358358337572e-01
2.341559559559566850e+00
5.645645645645541028e-02
1.375375375375369469e-01
1.205205205205212293e-01
0.000000000000000000e+00
7.666278878878858904e+01
1.371795795795807127e+00
2.544708508508509581e+01
4.431131131131123002e-01
2.991117117117113811e+00
3.622194194194188199e+00
3.071149149149142943e+00
8.070070070070209378e-02
1.034400400400419695e+00
1.106836836836813526e-01
8.193467467467456800e+00
4.027627627627715368e-02
3.278901901901865479e+00
2.658545545545539124e+00
1.186786786786784599e-02
2.271671671671629533e-01
1.894354354354335912e-01
2.534934934934997622e-02
2.856246246246194609e-01
4.979979979979972868e-03
4.708258258258318230e-01
1.243447447447450838e+00
3.169783783783779008e+00
4.602531031031049480e+01
2.390420420420457936e-01
1.799549549549556704e-01
1.997997997997995930e-03
3.096196196196199790e-01
5.845445445445508065e-02
1.993192192192197565e+00
2.760360360360322035e-02
1.381232232232246560e+00
2.777077077077038658e-01
1.698936936936931597e+00
1.264386386386393113e+00
1.179341941941941307e+01
2.795186186186184418e+00
1.997997997998056212e-03
7.618718718718815730e-02
1.369231231231213153e+00
1.702075075075099031e+00
1.534881881881864807e+00
3.219038038038055660e+00
1.625465465465479320e-01
1.250549149149149386e+01
3.989703203203205106e+01
1.295794794794803417e+00
2.628178178178132152e-01
1.461968968968973215e+00
1.924562562562563972e+00
2.470428428428423917e+00
1.367709709709697519e+00
2.188898898898916368e-01
1.850148148148140992e+00
4.960568568568579195e+00
1.802656656656655532e+00
2.916162162162179605e+00
4.032042442442445918e+01
1.552498498498497081e+00
4.892975275275274782e+01
1.274185185185178870e+00
1.564395395395405064e+00
7.396262262262260023e+00
1.744059059059073213e+00
1.625525525525524762e+00
0.000000000000000000e+00
5.620687687687652812e+00
3.052642642642647286e-01
9.802192192192229481e-01
3.431325625625628817e+01
2.906177177177161397e+00
3.916186486486495255e+01
2.868482482482453300e+00
2.718508508508533650e-01
2.799049049049026738e+00
2.096267267267276413e+00
2.833726726726736977e+00
1.038388388388375300e-01
2.560760760760806276e-01
5.060845945945954583e+01
3.696744744744739020e+00
9.265933933933874656e+00
6.343943943943898545e-02
9.040900900901127635e-01
9.154304304304256013e-01
6.737803803803808833e+00
6.257357357357257177e-02
1.510750750750763649e-01
1.000000000000003490e-03
4.277447447447453754e+00
1.902028028028026396e+00
2.712712712712742058e-01
1.505928528528531274e+01
8.518618618618682969e-01
1.461201201201221267e-01
2.477477477477448009e-01
2.254939939939955895e+00
3.056918918918919648e+00
5.377544144144133753e+01
7.904394394394376633e+00
3.380880880880804407e-02
1.000000000000018452e-03
2.939289289289345186e-01
6.893423423423450380e+00
2.276763763763772097e+00
0.000000000000000000e+00
5.507337337337454564e-01
1.938642642642639080e+00
1.604582582582565253e+00
1.508046046046059407e+00
2.330636636636624903e+00
3.548243243243248024e+00
2.558849849849863300e+00
2.026673673673687226e+00
2.829529529529547366e-02
0.000000000000000000e+00
2.476719719719735924e+00
3.392742742742685391e-01
0.000000000000000000e+00
3.595225225225247567e-01
2.255295295295257629e-01
3.488478478478420075e-01
2.717386386386368091e+00
2.014108108108100037e+00
1.156753753753772429e+00
2.724264264264298352e-01
0.000000000000000000e+00
3.925585585585621429e-01
4.523105105105105217e+00
2.196873873873906202e+00
4.159105105105122213e+00
1.301403403403423198e+00
7.965945945946086848e-01
1.094627627627604793e+00
1.599580580580600708e+00
2.774939939939930600e+00
5.733322422422423870e+01
1.906078078078065507e+00
1.691505505505493057e+00
6.620600600600603514e-01
2.573791791791791184e+00
6.176370370370334761e+00
1.347949949949950543e+00
5.278218218218174718e-01
0.000000000000000000e+00
1.789626626626602324e+00
1.119909909909916346e+00
2.966421421421432836e+00
2.343373373373333624e-01
6.430330330330169541e-02
8.968068068068284215e-02
2.073288288288282821e+00
3.785685685685680896e-02
1.000000000000019103e-03
1.119026026026025189e+00
1.587952452452455887e+01
2.823074074074069184e+00
2.137678778778775879e+01
1.575975975976001350e-02
2.652872872872911736e-01
2.326076076076066368e+00
1.018608608608625454e-01
2.451662662662640546e+00
2.560534534534543383e+00
0.000000000000000000e+00
3.324046046046051917e+00
4.258673273273274873e+01
9.541121121121137749e-01
1.834784784784791123e+00
7.527553553553541832e+00
2.214389389389372909e+00
1.801662662662652847e+00
2.504527527527514508e+00
3.751651651651684294e-02
7.071261261261182485e-01
4.358568568568556678e+00
4.580130130130198318e-01
3.916142142142126747e+00
1.946374374374399085e+00
6.333216216216231764e+00
7.973973973974209095e-03
2.154248248248260111e+00
1.684544544544579747e-01
5.742322322322316319e-01
6.781880880880879481e+00
3.251444144144137738e+01
9.619729729729717960e+00
6.887967967967939531e-01
3.920720720720721753e-02
1.379515315315316393e+01
1.587810810810796447e+00
3.369689689689636669e-01
2.350734134134131281e+01
1.326470470470460850e+00
1.409149149149136193e-01
1.763797797797796552e+00
2.219952952952915393e+00
5.044544544544436737e-02
1.959395395395395312e+00
1.132132132132104563e-01
3.005596596596609604e+00
0.000000000000000000e+00
1.845114114114100312e+00
1.079411411411404620e+00
8.606106106105951281e-02
1.251577777777777456e+01
1.368918918918916316e-01
7.414004004004030257e+00
1.443398398398411331e+00
1.795295295295250004e-01
2.325297297297295174e+00
0.000000000000000000e+00
3.181375375375387726e+00
9.425645645645561732e-01
1.026095165165163650e+02
1.870962962962958720e+00
1.710098798798799535e+01
1.048345345345349244e+01
1.932003003003005537e+00
4.683383383383328546e-02
1.911966966966963000e+00
3.166440440440439374e+00
1.701172172172148223e+00
2.348315315315306240e+00
2.494724724724697029e-01
2.621094494494499827e+01
1.116070070070070974e+00
1.876876876876876765e-01
3.048286286286274738e+00
1.610847847847851844e+00
2.370670670670701752e-01
6.493424324324324459e+01
2.933306306306293632e+00
1.408783783783795540e+00
4.617424424424390494e+00
2.146415415415419137e+00
1.983670070070075298e+01
1.886586586586564904e-02
3.525925925925987164e-02
1.839002002002006586e+00
1.228206206206199358e+00
5.864249649649651275e+01
2.312699699699698019e+00
1.353813813813831424e-01
1.559890890890878179e+00
2.776607607607604944e+00
1.997997997997997665e-03
7.734744744744718403e+00
5.826658558558558099e+01
1.273328328328323655e+00
3.760060060060091969e-01
2.561151151151185856e-01
9.302251251251240305e+00
1.706466466466435572e-01
7.451514914914912424e+01
3.118518518518477445e-02
6.094204204204161091e-01
1.976976976976995218e-02
2.283077077077084294e+00
2.571831831831884463e-01
1.188988988988970777e-02
1.364793793793788623e+00
2.734684684684641764e-01
4.551645945945950444e+01
2.538168168168237204e-01
1.755730730730717504e+00
2.715915915915865231e-01
2.155705705705723840e-01
1.209535535535523065e+00
2.549101101101098443e+00
3.173993993994028706e-01
4.597173173173188410e+00
5.306006006005885983e-02
2.274938938938957378e+00
1.621703703703687882e+00
5.692494494494527935e+00
2.000227227227226123e+00
4.467067067067073793e+00
9.218568568568427102e-01
4.119219219219178579e-02
1.110216216216207030e+00
1.955535535535549707e-01
4.914534534534459320e-01
6.607629429429421464e+01
6.987298398398404231e+01
1.156641641641644069e+00
2.848568568568612958e-01
1.453768768768741726e+00
7.324828228228248861e+01
2.650120120120135425e+00
2.520586586586575084e+00
3.982622622622565278e-01
1.804154154154169243e+00
3.389199199199181556e-01
1.984389389389414005e+00
9.206582482482494356e+01
3.300540540540556345e-01
6.565765765765589623e-02
3.166712712712717259e+00
5.014843443443439241e+01
1.527853853853848642e+00
2.578625625625607043e+00
2.125765765765736670e-01
5.132665665665641974e+00
2.279829829829814469e-01
1.997997997998026722e-03
2.133493493493530402e-01
2.815574474474481192e+01
5.794766766766842991e+00
1.148844034034036810e+02
1.961961961961960696e-02
6.136356356356302832e-01
2.141897897897917957e+00
1.498799799799809040e+00
1.583493493493516868e-01
1.601664664664661286e+00
1.893579579579574235e+00
2.982732732732685244e-01
1.364161161161161218e+01
2.534934934934963274e-02
2.928358358358360003e-01
2.688602602602618408e+00
4.944744744744673792e-02
3.045985985985963929e-01
1.515709709709715414e+00
1.893889889889876166e+00
1.229866466466465980e+01
9.146086086086041567e-01
3.080160160160101968e-01
2.111762762762765089e+00
2.571021021020991060e-01
1.534880880880896026e+00
7.131071071071173328e-01
0.000000000000000000e+00
1.183096996996998485e+01
2.151141141141166280e-01
2.372412412412349958e-01
4.979979979979972000e-03
1.597237237237270902e-01
1.961961961961929818e-02
1.676550550550561569e+00
1.989779779779805857e-01
5.084144144144149280e-01
9.485885885885776692e-02
1.833784784784769251e+00
1.452631631631632114e+00
2.886504504504527446e+00
2.037733733733716690e+00
3.039868868868880636e+00
3.077315315315332089e+00
3.002790390390384090e+01
7.885452552552543182e+01
2.222572572572560912e+00
1.609413413413407490e+00
1.205274274274276358e+01
2.296246246246214096e-01
4.743381381381378326e+00
5.979979979979971154e-03
5.427978978978978297e+00
1.252889889889900799e+00
2.000000000000026062e-03
1.794423423423427089e+00
2.167207207207247077e-01
1.186786786786798824e-02
6.397511511511488003e+00
4.291574674674678391e+01
2.922072072072092741e-01
1.269304304304302189e+00
2.204403403403424999e+00
4.454993993993980439e+00
1.319125125125128362e+00
1.615019019019024338e+00
3.096356356356389505e-01
1.800634634634638021e+00
1.233873873873858468e-01
1.620726726726721800e+00
3.371610610610646486e+00
1.257119119119118889e+00
1.997048048048023494e+00
4.508368368368305124e-01
2.387787787787828131e-01
2.383814814814813499e+00
2.421921921921931509e-01
7.163885885885899363e+00
5.482809809809825019e+00
1.227347347347343076e+00
5.061882882882865253e+00
7.198798798798874965e-02
3.456966966966951160e-01
2.693763763763808439e-01
1.405066066066052999e+00
3.128767767767776320e+00
6.170570570570639568e-02
1.997594594594592987e+00
1.822548548548550418e+00
7.828435935935938517e+01
1.283673673673697557e-01
8.527190190190191643e+00
1.768108108108085441e-01
3.199139139139213772e-01
9.125375375375433862e+00
3.522373373373414385e+00
1.768355355355362368e+00
2.475625625625673121e-01
4.847986586586582547e+01
3.783726726726716283e+00
2.301297297297291156e+00
2.208258258258269102e-01
3.161671671671658079e-01
8.570410410410380653e-01
3.030764764764747543e+00
7.861765765765725611e+00
1.000000000000002189e-03
6.602502502502442805e-02
1.021555555555556438e+00
1.245261261261275010e+00
2.209872872872885807e+00
5.732703703703695197e+00
2.782049049049031719e+00
1.912347347347319149e+00
3.692752752752723189e-01
0.000000000000000000e+00
1.769369369369389391e-02
2.867373373373353740e+00
2.261952952952937856e+00
2.868242242242247553e+00
1.172322322322336685e-01
2.826157157157153765e+00
9.479817817817808745e+00
3.622342342342416699e-01
2.655725225225220143e+01
2.594112112112115565e+00
3.476393393393414133e+00
1.409795795795803164e+00
6.481363363363335850e+00
2.331591591591603230e+00
1.000000000000019103e-03
1.548539539539553589e+00
3.190056056056028932e+00
1.488478478478512113e-01
2.156550550550527134e+00
1.024915915915914022e+00
3.005298798798790472e+01
6.125941941941936975e+00
1.594824824824824683e+00
1.408302302302299580e+00
9.537337337337387089e-02
2.376936936936918654e-01
4.483583583583642534e-02
2.401391391391356489e-01
1.778322322322313687e+00
4.668128128128132825e-01
5.764754754754729538e-01
1.927489489489496277e+00
1.290448348348343899e+01
2.017245445445438179e+01
1.265696696696691381e+00
1.997997997997994196e-03
1.304144144144123163e-01
1.615709609609609387e+01
1.125695695695698273e+00
2.375737737737765087e+00
2.445947947947929357e+00
2.371771771771779072e-02
1.018865865865865583e+00
1.851001001000990298e-01
2.929129129129070391e-02
1.638379379379376388e+01
2.326897897897916234e+00
2.145321321321311370e+00
3.761271271271310335e-01
2.668499499499495276e+00
3.051531531531556651e-01
2.534802802802847754e+00
6.048403403403402656e+00
1.621825825825830236e+00
1.612170170170164507e+00
7.968268268268262344e-02
2.079741741741746974e+00
1.136367267267265113e+01
2.077688688688667185e+00
1.108942942942946042e+00
1.000000000000018886e-03
2.272142142142175580e-01
1.347561561561557486e+00
3.163358358358381750e+00
1.081089089089078747e+00
2.106096096096094217e-01
5.587658658658632760e+00
4.836401001000995592e+01
3.126776776776788225e+00
4.115298298298283974e+00
4.408294294294334392e+00
9.722552552552587990e-01
2.440030030029978203e-01
5.333508508508506907e+01
4.259632432432433546e+01
1.364118118118109013e+00
1.397839839839842391e+00
3.129990990990985544e+00
1.902708708708714003e+00
1.915850850850849163e+00
8.580300300300321981e-01
0.000000000000000000e+00
1.003313313313325544e-01
1.662356356356329945e+00
1.487574974974976172e+01
2.514852852852847764e+00
3.539480080080091540e+01
1.704972472472470102e+01
9.328044044044064620e+00
1.099249249249248050e+00
1.198708708708675491e-01
2.376938938938960355e+00
1.640362362362369097e+00
3.993993993994047163e-03
5.973643943943989143e+01
6.949459459459494948e-01
1.016482482482497174e+00
9.701011011010932661e-01
2.539049049049046936e+00
1.228137137137144119e+00
2.388062062062067614e+00
4.066088088088074315e+00
7.628328328328325136e-02
0.000000000000000000e+00
3.812746046046046189e+01
1.675981981981974123e+00
3.847966966966971114e+01
2.687387387387421001e-01
1.690320320320316316e+00
1.000000000000016284e-03
2.339669469469475516e+01
0.000000000000000000e+00
8.361683683683706292e+00
0.000000000000000000e+00
4.730800800800749051e-01
2.308232732732737702e+01
1.768027027027011089e+00
1.960426426426444158e+00
6.303761161161174442e+01
2.761648648648646009e+00
2.745011011011002644e+00
1.351301301301298108e-01
1.760260260260270382e+00
2.363763763763738687e-02
2.559901901901911803e+00
1.671294394394391247e+01
1.700390390390401907e-01
2.187297597597594390e+01
8.366984084084063511e+01
1.770168168168186229e+00
0.000000000000000000e+00
2.559610610610625780e+00
4.040636136136137679e+01
3.693488488488479771e+00
1.170188188188191925e+00
4.582106706706701260e+01
6.957957957957791942e-03
1.164335335335337840e+00
2.762162162162109733e-02
2.838968968968974549e-01
4.996466266266267553e+01
1.990690690690680165e-01
6.969188188188187638e+00
4.616983983983972806e+00
2.211033033033022566e+00
1.092011011011003951e+00
2.814304304304309778e-01
3.532602602602634145e-01
1.009278278278269880e+00
5.411544544544527824e+00
2.097551551551537496e+00
2.315901901901909810e+00
1.219579579579564282e-01
8.365075075075122379e-01
1.165931731731730103e+01
3.220404704704696996e+01
1.400834834834831844e+00
9.035665665665778556e-01
2.838324324324335457e+00
7.283183183183314369e-02
6.344576376376369353e+01
1.782978978978955631e+00
1.216847847847852382e+00
4.096383383383398247e+00
1.196800800800812858e+00
1.783620620620588682e+00
3.825523523523493452e+00
1.597397397397420371e-01
4.357067067067145749e-01
0.000000000000000000e+00
4.581531531531576329e-01
3.119517517517522709e+00
7.594873973973975012e+01
6.209209809809809144e+01
2.041302302302311578e+00
2.605915915915895664e-01
1.913631631631639518e+00
1.630961961961939544e+00
2.393576576576591730e+00
2.613763763763816694e-01
2.527594594594599453e+00
5.002002002002102661e-03
4.056469469469410782e+00
1.840774774774763145e+00
1.522504504504494705e+00
1.476907907907930806e+00
3.116530530530524423e+00
3.004314314314286971e-01
7.477894894894897959e+01
1.881665665665688714e+00
8.291242242242232052e+00
1.695689689689688917e+00
2.580703703703674634e+00
1.457847847847832723e+00
2.060926926926930580e+00
1.284864864864866840e+00
8.300142142142155066e+00
1.436919919919923183e+00
1.869213213213201108e+00
2.362681681681673140e+00
2.952952952952930463e-02
6.341921921921944705e-01
8.811451451451312034e-01
2.587581581581574142e+00
1.913144144144147685e+00
3.394191191191207935e+00
2.154934934934905899e-01
8.687087087087029535e-02
2.475255255255305875e-01
1.684784784784759681e-02
8.702052052052057229e-01
2.460760760760729790e-02
3.833903903903992938e-01
1.968054054054077184e+00
2.235689689689679405e+00
1.405805805805781517e-01
1.973723723723697920e-01
7.807396396396400817e+00
1.416966966966952901e+00
1.134769669669669945e+01
4.335435435435358587e-02
5.969969969969802712e-03
2.432204204204198028e+00
1.417717717717741077e-01
2.818718718718752139e-02
1.281332332332342450e+00
4.772831831831773286e+00
1.780580580580574945e-02
2.166864864864869400e+00
2.227246246246274541e+00
3.095865865865865096e+00
9.525825825826059190e-02
1.385255255255271323e-01
