2.678627627627647723e+00
1.642583583583586027e+00
0.000000000000000000e+00
9.975445445445442205e-01
3.382019019019019801e+00
7.600950950950856599e-01
2.437757757757728350e-01
1.684643643643651156e+00
2.449159159159109977e-01
1.590768768768778596e+00
6.095798398398400764e+01
2.078708708708676411e-01
6.957957957957946332e-03
1.070689689689668489e+00
1.583513513513507664e+00
5.257284284284297726e+00
2.644944944944928669e-02
4.574174174174228807e-02
3.211747447447453396e+01
9.666926926926812103e-01
0.000000000000000000e+00
7.702762762762745963e-01
1.976391391391385755e+00
2.370120120120149942e-01
1.192192192192175447e-02
3.194294294294348219e-02
1.916787787787785691e+00
3.538538538538555517e-02
1.981381381381358206e-02
1.120903903903909260e+00
4.946359359359417063e+00
1.215205205205189820e-01
3.526986986986995753e-01
1.029963963963972384e+00
1.523494494494495033e+00
1.390550550550532893e+00
6.672253653653649508e+01
3.230242242242245965e+01
2.526676676676704036e-01
2.313956956956950695e+00
8.595726726726741873e+00
9.854464464464534057e-01
1.953558558558557756e+00
8.561141141141039856e-01
1.761697697697683918e+00
1.092592592592604023e-02
3.936126126126080482e-01
0.000000000000000000e+00
2.247596596596582508e+00
1.365268168168175933e+01
1.772866866866859903e+00
1.092792792792809768e-02
1.168918918918944033e-01
7.579659659659497839e-01
2.170664664664665011e+00
5.685845845845773905e-01
1.538544544544551362e+00
5.628258258258206359e-01
3.727004004004002446e+00
1.111666666666677239e+00
3.874036236236236874e+01
1.190780780780787085e+00
2.715209009009007701e+01
3.987987987988030059e-03
1.565498498498496316e+00
8.104804804804770224e-02
4.545103103103118158e+00
1.569783783783802011e+00
2.490930930930966014e-01
1.094844844844844872e-01
2.556127127127105325e+00
1.865765765765783207e-02
1.751066066066054638e+00
2.292542542542527872e+00
1.610760760760763521e-01
3.972854054054054984e+01
1.722740740740752008e+00
1.543037037037031212e+00
2.782116216216216387e+01
3.779039039039019388e-01
9.755255255255245173e-01
1.161317317317317688e+00
1.169189189189178968e-01
4.754180180180177295e+00
3.894228228228218125e+00
2.337040040040007316e+00
8.825035035035017073e-01
2.067059059059063841e+00
8.948568568568567860e-01
2.397897897897868225e-01
1.248588588588567388e-01
1.330561561561570683e+00
8.422022022021963261e-02
1.815806806806809837e+00
1.637464464464473579e+00
4.822642642642556710e-01
2.089742742742738635e+00
1.564105105105093374e+00
1.332838838838815265e+00
4.953607807807818375e+01
2.883609609609581792e+00
3.987987987988036997e-03
1.156906906906888938e-01
1.195624924924929644e+01
2.481111111111135858e-01
1.419770770770763635e+00
7.505305305305320918e-01
8.296376376376379813e-01
2.487277277277258336e-01
2.303453453453460753e+00
2.920800800800799069e-01
6.516516516516525359e-02
5.469069069068970695e-02
2.638897897897923617e+00
1.764034034034032361e+00
1.654404404404363205e-01
0.000000000000000000e+00
2.265759759759766290e+00
1.427353353353344456e+00
6.999033033033036588e+00
5.155298298298311543e+00
9.403743743743955275e-01
3.357707707707687783e-01
1.290517517517517865e+00
1.844483483483504882e+00
4.090920920920979587e-01
1.221841841841839749e+00
9.406906906907064325e-02
1.069134634634636072e+01
0.000000000000000000e+00
4.979979979979966796e-03
1.961961961961987411e-02
4.215115115115180416e-02
1.555405405405413388e+00
1.256900900900898455e+00
1.474819819819818534e+01
2.498498498498555875e-01
3.498493493493493922e+00
1.085243243243234179e+00
1.000000000000002189e-03
1.317135135135141466e+00
1.433969969969979719e+00
1.390790790790764030e-02
1.875490490490488327e+00
2.306306306306313558e-01
1.736979979979981659e+00
1.303897897897889679e+00
3.830440440440396332e-01
1.335845845845849533e+00
2.061961961961936846e-02
2.324240240240246003e+00
1.021531531531525205e+00
6.957957957957886484e-03
2.296130130130156211e+00
4.857046046046089138e+00
8.382892892892990222e-01
1.959653653653645966e+00
5.841160160160126402e+00
1.281607607607593957e+00
1.274544544544529423e-01
9.009009009009137647e-02
0.000000000000000000e+00
1.707927927927944400e-01
1.234079579579581853e+01
1.940582582582584870e+00
5.592637137137139547e+01
8.524924924925113279e-02
1.389128128128126916e+00
1.001406906906908212e+01
1.191923923923905004e+00
1.414454454454426025e-01
1.578529529529530961e+00
1.087682682682691970e+00
0.000000000000000000e+00
9.732922922922839781e-01
7.675521521521504908e+00
1.625237237237246779e+00
1.853933933933901712e-01
1.539009009009034423e-01
9.452392392392418019e-01
7.384084084084002741e-02
1.912311311311320594e+00
6.737337337337336030e-02
1.841972972972980349e+00
6.256806806806788357e-01
9.306256256256280057e-01
1.730013013013017797e+00
1.365379379379398239e+00
1.329040040040027737e+00
2.041141141141127047e-01
1.906590590590590661e+00
2.108643643643637322e+00
1.248812812812812645e+00
1.714237237237240752e+00
6.957957957957782401e-03
2.396505505505482247e+00
4.987987987988050029e-03
1.813613613613600961e+00
1.985785785785764909e-02
1.768637337337339233e+01
8.632493493493498704e+00
1.018354354354354951e+00
1.881511511511491652e-01
0.000000000000000000e+00
1.547278278278274133e+00
0.000000000000000000e+00
3.285836836836857788e+00
2.253753753753787170e-02
6.630130130130122701e-02
3.711861861861816547e-01
5.223984984984966928e+01
2.484844844844872891e-01
6.316416416416330559e-01
3.917097097097168024e-01
1.926105105105113457e+00
4.323086886886886759e+01
2.412599299299299815e+01
2.318578778778778116e+01
8.309949949949984038e-01
1.616087087087082930e+00
6.247397397397416174e-01
3.078988988989027620e-01
4.532656656656681271e+00
0.000000000000000000e+00
1.746441841841844678e+01
9.757817817818003059e-01
2.221629629629638725e+00
7.701321321321357161e-01
4.823385385385356550e+00
9.835695695695600982e-01
1.000000000000008694e-03
1.009223223223205901e+00
1.721700700700706355e+00
2.176938938938948631e+00
7.139865865865871797e+00
3.432319319319335538e+00
8.484802802802814625e+00
1.550467467467462557e+00
1.545096096096102212e+00
1.171142142142130416e+00
1.065980980980972381e+00
1.086328328328319381e+00
8.927927927927948454e-03
2.218058058058087756e-01
1.722620620620599841e+00
2.055161161161147554e+00
1.619119719719720152e+01
1.713867867867881589e+00
1.026261261261262936e+00
8.036466466466521963e-01
1.239829829829820484e+00
1.978552552552582000e+00
2.428818818818793135e-01
1.100690690690712681e-01
2.673343343343388412e-01
9.065391391391342424e+00
1.207937937937923367e+00
3.788073073073084718e+00
3.195778778778790574e+00
1.966726726726732100e+00
0.000000000000000000e+00
0.000000000000000000e+00
1.307558558558565620e+00
6.916447447447464647e+00
4.164954454454449717e+01
1.373082082082094812e+00
5.459154154154138183e+00
1.125964964964973003e+00
6.776586586586564875e-01
1.251042042042036284e+00
1.610184184184180411e+00
6.371581581581600595e+00
1.581581581581559606e-02
6.110749749749757598e+00
1.696396396396382747e-02
2.449349349349317154e-02
2.122232232232231119e+00
1.891711711711731303e-01
2.539939939939953734e-02
2.285467467467481750e+00
1.810159159159199227e+00
1.541516916916920188e+01
1.086525525525519287e+00
1.589611611611616127e+00
5.320021021021019259e+00
1.926142142142147851e+00
2.162986886886888982e+01
1.844096096096116133e+00
1.755360360360345817e+00
2.476466466466464567e-01
1.771906906906911994e+00
1.415207707707706497e+01
2.169080080080088013e+00
0.000000000000000000e+00
2.322266266266270307e+00
9.808068068068211964e-01
7.055905905905873965e+00
1.615165165165149408e-01
1.870436436436431427e+00
1.695135135135145132e-01
1.060523523523533074e+00
1.123141141141155597e+00
7.102252252252173603e-01
1.528318318318331759e+00
1.000000000000005659e-03
1.110104104104101985e+00
1.525165165165189018e-01
2.424984984985015246e-01
9.165425425425289818e-01
1.390873873873852196e+00
3.473873873873884605e-02
2.929129129129062065e-02
1.175466466466451809e+00
4.885995995995963681e-01
0.000000000000000000e+00
0.000000000000000000e+00
1.125504504504509562e+00
2.444920920920912177e+00
2.072047047047065771e+00
3.394094094094166070e-02
3.639833833833828525e+00
8.525585585585623294e-01
6.943518518518480676e+00
4.270040040039993379e+00
5.365386386386393980e+00
1.603506506506508389e+00
1.398586286286292868e+01
8.931541541541540008e-01
1.552856856856858814e+00
0.000000000000000000e+00
1.482319319319304940e+00
1.358384384384391463e+00
1.974729729729739258e+00
1.135645645645626534e-01
1.818256256256258752e+00
9.802092092092105080e-01
1.831021021021033979e-01
8.928688688688707353e-01
1.050360360360363732e+00
1.825825825825854454e-01
1.851354354354361131e+00
3.473873873873923462e-02
1.218968968968956873e-01
9.406906906907064325e-02
0.000000000000000000e+00
6.116965265265258012e+01
1.150091091091082651e+00
1.992502802802798811e+01
4.169849849849786572e-01
2.424886886886885584e+00
2.984260260260267916e+00
2.730468468468465471e+00
5.565165165165052857e-02
8.371481481481348741e-01
7.408508508508407364e-02
6.451181181181193658e+00
2.724324324324317245e-02
2.804303303303288253e+00
2.131505505505502107e+00
1.997997997997985088e-03
2.044594594594569825e-01
1.440590590590559439e-01
8.927927927927951923e-03
2.529409409409440479e-01
1.000000000000006309e-03
4.668418418418517901e-01
1.042613613613604384e+00
2.602533533533528676e+00
3.662254754754759034e+01
2.362642642642602264e-01
1.654844844844843288e-01
1.997997997997994196e-03
2.879949949949967003e-01
4.210610610610578119e-02
1.678718718718716918e+00
1.391391391391355072e-02
1.297727727727731484e+00
2.660160160160158216e-01
1.455858858858861016e+00
1.019510510510500678e+00
9.530440440440372640e+00
2.129640640640642957e+00
0.000000000000000000e+00
5.821421421421367481e-02
1.119814814814826809e+00
1.347585585585605372e+00
1.289924924924944039e+00
2.601727727727747741e+00
1.464624624624635552e-01
1.038629829829826612e+01
3.089689089089091567e+01
1.089198198198213063e+00
2.485685685685733448e-01
1.201556556556562683e+00
1.456390390390412293e+00
2.000659659659632883e+00
1.178305305305323181e+00
2.144934934934918103e-01
1.587058058058060883e+00
3.712880880880869316e+00
1.503269269269249087e+00
2.230185185185179719e+00
3.029620620620618254e+01
1.226412412412421826e+00
3.893976676676688697e+01
1.031337337337334237e+00
1.296902902902885790e+00
5.693605605605614350e+00
1.439787787787764506e+00
1.393795795795797821e+00
0.000000000000000000e+00
4.424902902902903001e+00
2.824374374374335472e-01
8.386976976977031928e-01
2.697993093093090167e+01
2.613202202202175695e+00
3.066008208208211627e+01
2.288431431431415142e+00
2.558358358358395201e-01
2.153742742742752458e+00
1.751855855855849686e+00
2.269909909909911594e+00
8.433033033033149328e-02
2.508708708708663471e-01
4.186910310310314287e+01
3.057054054054056280e+00
7.622597597597563279e+00
3.843843843843820079e-02
8.223523523523641465e-01
8.081101101101106909e-01
5.692787787787795040e+00
4.934534534534602140e-02
1.206556556556560994e-01
0.000000000000000000e+00
3.249491491491483419e+00
1.566160160160149140e+00
2.333483483483496934e-01
1.214978578578580581e+01
6.981081081081077500e-01
1.199509509509530253e-01
2.487277277277258614e-01
1.812417417417422572e+00
2.444793793793797132e+00
4.267050650650647725e+01
6.924979979979991818e+00
1.381781781781795705e-02
0.000000000000000000e+00
2.587147147147139115e-01
5.425467467467483651e+00
1.913311311311311158e+00
0.000000000000000000e+00
5.227927927927858986e-01
1.548423423423409551e+00
1.334156156156159234e+00
1.311645645645646230e+00
1.805988988988986854e+00
2.868387387387388188e+00
1.990425425425416783e+00
1.691192192192197297e+00
1.186786786786784426e-02
0.000000000000000000e+00
1.979566566566567154e+00
2.778118118118160229e-01
0.000000000000000000e+00
3.214074074074068643e-01
2.115055055055099775e-01
2.877357357357393508e-01
2.152804804804790528e+00
1.630700700700687511e+00
9.914374374374295140e-01
2.621081081081111375e-01
0.000000000000000000e+00
3.677147147147155626e-01
3.630932932932915858e+00
1.807777777777779482e+00
3.385560560560558319e+00
1.100958958958962564e+00
6.689519519519404600e-01
9.036466466466620551e-01
1.310109109109113268e+00
2.160522522522513977e+00
4.557162562562565711e+01
1.515318318318313651e+00
1.385224224224215872e+00
6.499649649649795746e-01
2.019017017016995652e+00
4.907873873873875858e+00
1.137327327327314785e+00
5.084874874874953932e-01
0.000000000000000000e+00
1.502757757757767987e+00
9.049769769769755445e-01
2.509500500500505549e+00
2.310660660660647236e-01
4.119219219219184130e-02
5.480480480480527661e-02
1.687874874874888187e+00
2.534934934934963621e-02
0.000000000000000000e+00
9.520550550550558322e-01
1.195030730730731250e+01
2.224706706706719217e+00
1.599957357357354049e+01
3.987987987988032661e-03
2.368358358358395310e-01
1.822853853853841910e+00
7.843343343343381346e-02
2.011974974974964692e+00
2.139514514514536447e+00
0.000000000000000000e+00
2.804219219219227011e+00
3.382445145145150178e+01
8.426796796796787170e-01
1.514530530530517227e+00
5.809640640640616915e+00
1.729974974974973767e+00
1.463501501501487168e+00
2.048679679679664467e+00
2.153753753753772857e-02
6.322612612612571459e-01
3.396267267267278012e+00
4.511661661661609535e-01
3.103318318318321722e+00
1.601101101101108259e+00
4.887582582582602697e+00
6.981981981982078068e-03
1.853211211211206466e+00
1.421961961961979437e-01
5.879899899899888593e-01
5.559634634634621264e+00
2.610060060060064302e+01
7.513248248248217465e+00
5.804114114114146128e-01
2.368568568568529473e-02
1.075290890890889095e+01
1.252992992992998600e+00
3.319259259259236816e-01
1.858140740740741137e+01
1.092162162162169992e+00
1.122112112112124971e-01
1.525868868868881734e+00
1.848798798798812593e+00
4.135635635635669799e-02
1.650069069069082683e+00
9.721621621621670539e-02
2.489479479479483892e+00
0.000000000000000000e+00
1.578614614614600731e+00
9.306026026026208431e-01
5.202702702702719645e-02
1.023609509509510396e+01
1.205205205205212432e-01
5.862747747747754090e+00
1.177827827827833573e+00
1.639509509509493035e-01
1.853723723723735395e+00
0.000000000000000000e+00
2.541176176176168422e+00
7.659449449449455827e-01
7.946266566566555412e+01
1.438789789789805207e+00
1.365589189189189590e+01
8.026197197197227240e+00
1.562550550550550588e+00
2.918718718718685615e-02
1.612172172172150475e+00
2.675055055055084008e+00
1.430078078078058645e+00
2.058376376376395367e+00
2.390030030030012576e-01
2.100623423423415659e+01
9.515375375375354494e-01
1.772772772772761019e-01
2.548351351351347382e+00
1.321711711711717196e+00
2.029579579579561810e-01
5.328841941941936255e+01
2.327557557557568213e+00
1.114724724724724059e+00
3.690037037037054990e+00
1.766429429429408726e+00
1.552902202202225368e+01
1.591391391391382137e-02
2.071571571571576009e-02
1.456272272272260082e+00
9.781051051051029566e-01
4.415998698698702185e+01
1.915281281281275394e+00
9.450950950950823271e-02
1.267917917917906312e+00
2.222116116116120477e+00
0.000000000000000000e+00
6.172702702702702382e+00
4.609836536536530360e+01
1.144813813813799763e+00
3.443393393393368029e-01
2.305815815815811243e-01
7.286025025025040236e+00
1.458168168168183509e-01
5.895008208208213318e+01
1.481781781781761967e-02
6.671761761761803022e-01
6.969969969969879928e-03
1.934633633633631389e+00
2.522442442442469068e-01
8.927927927927953658e-03
1.202863863863873339e+00
2.597597597597612884e-01
3.570012712712717473e+01
2.496406406406451173e-01
1.392331331331322142e+00
2.540690690690635134e-01
2.121871871871880144e-01
1.082399399399391005e+00
2.050089089089091932e+00
2.851921921921946601e-01
3.626501501501497415e+00
3.697697697697638342e-02
1.853728728728719632e+00
1.273075075075068785e+00
4.708657657657651541e+00
1.627754754754759059e+00
3.380127127127153575e+00
8.158628628628744606e-01
2.629729729729758658e-02
9.642122122122249728e-01
1.653733733733729339e-01
4.655795795795705239e-01
5.104441941941936278e+01
5.399225325325328839e+01
9.822142142142196164e-01
2.249469469469444483e-01
1.255677677677685677e+00
5.535078478478484953e+01
2.028218218218200697e+00
1.991028028028044572e+00
3.525195195195132691e-01
1.419981981981989438e+00
3.091361361361405491e-01
1.634688688688674674e+00
7.191594494494503920e+01
3.022772772772766570e-01
4.085285285285264467e-02
2.427886886886894580e+00
4.010980880880877919e+01
1.270289289289288304e+00
2.155754754754763969e+00
2.052612612612595977e-01
4.154028028028033503e+00
2.086786786786817283e-01
1.000000000000005008e-03
2.009169169169150726e-01
2.221712512512515403e+01
4.413796796796833455e+00
8.790053453453444376e+01
8.927927927927950189e-03
5.973003003003043432e-01
1.809768768768761138e+00
1.204138138138138414e+00
1.451691691691709973e-01
1.316863863863866779e+00
1.620187187187191791e+00
2.656846846846822041e-01
1.042570370370368771e+01
1.381781781781782348e-02
2.313903903903876125e-01
2.117209209209182763e+00
3.843843843843822161e-02
3.062652652652641527e-01
1.197556556556567564e+00
1.629698698698694992e+00
9.932185185185183229e+00
8.190190190190087538e-01
2.824064064064047974e-01
1.730360360360351013e+00
2.473933933933907536e-01
1.242105105105116847e+00
6.499079079079188581e-01
0.000000000000000000e+00
9.300750750750742313e+00
2.056846846846828447e-01
2.387897897897889588e-01
1.000000000000007177e-03
1.472862862862866218e-01
5.969969969970013481e-03
1.343045045045061725e+00
1.736406406406402203e-01
5.208408408408347068e-01
7.283183183183300491e-02
1.434777777777770602e+00
1.207989989989981083e+00
2.340274274274283250e+00
1.696982982982986110e+00
2.429074074074081491e+00
2.450584584584590608e+00
2.419062062062063845e+01
6.186547947947961745e+01
1.786645645645652536e+00
1.372738738738730202e+00
9.361667667667665782e+00
2.193463463463425078e-01
3.805380380380359195e+00
4.979979979979966796e-03
4.181791791791846791e+00
1.019198198198205452e+00
1.000000000000013031e-03
1.464891891891905606e+00
1.704054054054025269e-01
1.997997997997991593e-03
5.062344344344324121e+00
3.325815315315308140e+01
2.603753753753700328e-01
1.099785785785780234e+00
1.834100100100092057e+00
3.544084084084133668e+00
1.086232232232231087e+00
1.358989989989993319e+00
2.366666666666634167e-01
1.554965965965978469e+00
1.072232232232251392e-01
1.451642642642638314e+00
2.793790790790765755e+00
1.094169169169170841e+00
1.398533533533523610e+00
3.975385385385477588e-01
2.317357357357358316e-01
1.923414414414388318e+00
2.092882882882856621e-01
5.804719719719666493e+00
4.492566566566551955e+00
1.003907907907894970e+00
3.925248248248265792e+00
5.202702702702721033e-02
3.106286286286302767e-01
2.607007007006960642e-01
1.112063063063046142e+00
2.530076076076072322e+00
4.754754754754672574e-02
1.680117117117109649e+00
1.601884884884866356e+00
6.017908108108188969e+01
1.142132132132152172e-01
6.752349349349347385e+00
1.479589589589584975e-01
3.070090090090050738e-01
7.175609609609601591e+00
2.858650650650653713e+00
1.440831831831830057e+00
2.032382382382359742e-01
3.855696796796793535e+01
2.870836836836836437e+00
1.958905905905877098e+00
1.924924924924944492e-01
2.838268268268288042e-01
7.431061061061026152e-01
2.449798798798791921e+00
6.000786786786802551e+00
1.000000000000001972e-03
3.751651651651646130e-02
8.393933933933915847e-01
1.024591591591603956e+00
1.788515515515509691e+00
4.672939939939928067e+00
2.298673673673650608e+00
1.566484484484463424e+00
3.458688688688749124e-01
0.000000000000000000e+00
8.927927927927950189e-03
2.348663663663657530e+00
1.902980980981020531e+00
2.431322322322320151e+00
9.022922922922764488e-02
2.223481481481472066e+00
7.491046046046032636e+00
3.401151151151156071e-01
2.089426026026030314e+01
2.049339339339317778e+00
2.768637637637632487e+00
1.185943943943956747e+00
5.384676676676721563e+00
1.890064064064050475e+00
0.000000000000000000e+00
1.288534534534546028e+00
2.537911911911903129e+00
1.230630630630606681e-01
1.673163163163170264e+00
8.560840840840874266e-01
2.467437237237237468e+01
5.199831831831827955e+00
1.224083083083103318e+00
1.247010010009992120e+00
6.883583583583513521e-02
2.294934934934917681e-01
2.344744744744717280e-02
2.601591591591568275e-01
1.460623623623612755e+00
4.080990990991010259e-01
5.154534534534661594e-01
1.578513513513509769e+00
1.037758458458459998e+01
1.582155155155160386e+01
1.040454454454461830e+00
1.000000000000004574e-03
1.049439439439451560e-01
1.283926226226227207e+01
9.213843843843962933e-01
1.902525525525542438e+00
1.948918918918901122e+00
9.957957957958113795e-03
8.468608608608622079e-01
1.668988988989004996e-01
1.478978978979019615e-02
1.292387887887892362e+01
1.795402402402415776e+00
1.744590590590598067e+00
3.544294294294314529e-01
2.067919919919937399e+00
2.826576576576607103e-01
2.055185185185208319e+00
4.830301301301263450e+00
1.324315315315297781e+00
1.254301301301298022e+00
5.291691691691564892e-02
2.076071071071103447e+00
8.924170170170167893e+00
1.630776776776783343e+00
9.405715715715727843e-01
0.000000000000000000e+00
9.535635635635721086e-02
1.147390390390382375e+00
2.579238238238213299e+00
9.345175175175105542e-01
2.013603603603618675e-01
4.307355355355326765e+00
3.842381081081069993e+01
2.638589589589570572e+00
3.141828828828828080e+00
3.552275275275253996e+00
7.974844844844827252e-01
2.423213213213256667e-01
4.060331031031029170e+01
3.467253653653656897e+01
1.122350350350340698e+00
1.248450450450446114e+00
2.419022022022002449e+00
1.553963963963976402e+00
1.629880880880873573e+00
7.052882882882856030e-01
0.000000000000000000e+00
7.702102102102142966e-02
1.318040040040040051e+00
1.159564764764764355e+01
2.009859859859853604e+00
2.710861161161163935e+01
1.396804304304306399e+01
7.344582582582598107e+00
1.007533533533527592e+00
1.222442442442425031e-01
1.931409409409414080e+00
1.319150150150140144e+00
2.997997997998003757e-03
4.522719719719719222e+01
5.863733733733769160e-01
8.351571571571517749e-01
8.694904904904936505e-01
2.020011011010999891e+00
1.047681681681694732e+00
1.863134134134146969e+00
3.178940940940948146e+00
5.080580580580655592e-02
0.000000000000000000e+00
2.861207907907919790e+01
1.334869869869871994e+00
2.994777877877877259e+01
2.391941941941899408e-01
1.371566566566554624e+00
0.000000000000000000e+00
1.782736136136139038e+01
0.000000000000000000e+00
6.260832832832846861e+00
0.000000000000000000e+00
4.562562562562612611e-01
1.787997097097086652e+01
1.478073073073090660e+00
1.634357357357357765e+00
4.897517817817826113e+01
2.339241241241239333e+00
2.356994994995000869e+00
9.897397397397275642e-02
1.439626626626634431e+00
1.093793793793798597e-02
1.981727727727741639e+00
1.338167367367362637e+01
1.330430430430412370e-01
1.693156956956956094e+01
6.763459359359366374e+01
1.399209209209209437e+00
0.000000000000000000e+00
2.141656656656637736e+00
3.331836936936932858e+01
2.951966966966985240e+00
9.619429429429515732e-01
3.520698298298299278e+01
1.997997997998030191e-03
9.416356356356451185e-01
1.390790790790760734e-02
2.443633633633681967e-01
3.950546846846847160e+01
1.915105105105090466e-01
5.313563563563553416e+00
3.844938938938967432e+00
1.778372372372359012e+00
9.211901901901898837e-01
2.536736736736774911e-01
3.706296296296321402e-01
9.129239239239245185e-01
4.240726726726721907e+00
1.720326326326310218e+00
1.837543543543544322e+00
9.721621621621670539e-02
6.797977977977969211e-01
9.121376376376375106e+00
2.561301201201198552e+01
1.107984984984980548e+00
7.999459459459478117e-01
2.324833833833842789e+00
5.202702702702720339e-02
5.197539439439445630e+01
1.494909909909909462e+00
9.708478478478410612e-01
3.329350350350376964e+00
9.703803803803977557e-01
1.461127127127127112e+00
3.161767767767758919e+00
1.477477477477440182e-01
4.312342342342413426e-01
0.000000000000000000e+00
4.438828828828731421e-01
2.457509509509488765e+00
5.862848048048031302e+01
4.843414514514516611e+01
1.662492492492475105e+00
2.542252252252308886e-01
1.564676676676676648e+00
1.343642642642633112e+00
1.902158158158157253e+00
2.495645645645596100e-01
2.077596596596571921e+00
2.997997997998055799e-03
3.249988988989001459e+00
1.580166166166176556e+00
1.379498498498508807e+00
1.231089089089104194e+00
2.546289289289283442e+00
2.832782782782769515e-01
5.838201301301295132e+01
1.610204204204206624e+00
6.629684684684680640e+00
1.356242242242228002e+00
2.082829829829824231e+00
1.291917917917916991e+00
1.721195195195210248e+00
1.045120120120109686e+00
6.798008008008002534e+00
1.265364364364374827e+00
1.515255255255272715e+00
1.947758758758754150e+00
1.389789789789788732e-02
6.066336336336404234e-01
7.642512512512457112e-01
1.992103103103074702e+00
1.555120120120127014e+00
2.724969969969951666e+00
2.094054054054078906e-01
6.343943943943884667e-02
2.246226226226176736e-01
1.872572572572526323e-02
7.501131131131122398e-01
1.190990990991009149e-02
3.284544544544588107e-01
1.585781781781800515e+00
1.833679679679658836e+00
1.176216216216217358e-01
1.734444444444438738e-01
6.162793793793801989e+00
1.152422422422423320e+00
9.085403403403422118e+00
2.829729729729707488e-02
2.993993993994002473e-03
1.949512512512527440e+00
7.932232232232118430e-02
1.186786786786806110e-02
1.046569569569569591e+00
3.865207207207188134e+00
7.957957957957825790e-03
1.735828828828849701e+00
1.793632632632636392e+00
2.559342342342332710e+00
6.802302302302364045e-02
9.452452452452667075e-02
