5.117579579579571103e+00
3.323712712712726169e+00
1.000000000000019103e-03
1.721187187187167789e+00
6.740569569569555775e+00
1.085884884884902535e+00
2.697607607607642177e-01
3.101531531531533936e+00
2.493123123123098528e-01
3.379110110110069787e+00
1.347040240240243349e+02
2.879579579579568671e-01
5.733633633633582888e-02
1.872747747747765867e+00
2.901011011010984131e+00
1.114161261261259028e+01
3.290790790790808912e-02
1.178918918918926972e-01
6.687828828828848771e+01
1.602396396396392531e+00
7.943943943943859026e-03
1.340990990990988063e+00
3.973122122122133337e+00
2.466176176176182455e-01
9.742842842842658335e-02
8.805905905905790643e-02
3.649718718718710786e+00
7.672372372372300575e-02
8.828728728728715835e-02
2.075647647647636429e+00
1.005847947947949450e+01
1.815365365365321781e-01
5.024904904904843317e-01
1.999300300300304478e+00
2.903782782782807992e+00
2.669739739739758644e+00
1.503868488488483592e+02
6.516830730730723076e+01
3.043393393393383772e-01
4.394664664664651887e+00
1.856725125125117870e+01
1.583681681681672115e+00
3.864778778778753754e+00
1.410602602602595290e+00
3.695533533533509996e+00
5.948948948948902526e-02
4.007347347347386401e-01
1.997997997998016313e-03
5.035239239239254871e+00
2.832601701701702623e+01
3.274423423423424850e+00
3.628728728728708441e-02
1.836196196196164809e-01
1.378398398398397839e+00
4.315971971971953813e+00
1.144030030030034784e+00
3.272650650650661852e+00
8.973513513513642348e-01
7.495190190190187174e+00
2.027072072072081621e+00
8.007392492492489566e+01
2.304243243243250472e+00
5.862769469469463246e+01
2.349349349349373270e-02
2.945099099099091067e+00
2.032222222222264951e-01
1.025197397397399612e+01
2.996497497497497164e+00
2.502012012011969877e-01
1.521831831831850224e-01
5.163653653653659248e+00
8.133633633633693960e-02
3.417647647647612974e+00
4.841564564564571072e+00
2.915615615615562151e-01
9.651164964964968362e+01
2.915981981981989435e+00
2.764862862862838444e+00
5.600217617617595778e+01
3.695605605605538080e-01
1.863731731731747665e+00
2.130181181181170835e+00
1.898318318318306663e-01
9.509407407407415747e+00
7.231611611611632462e+00
4.637363363363367519e+00
1.442129129129108067e+00
4.417207207207195729e+00
1.515885885885894346e+00
2.801801801801788172e-01
2.682432432432453329e-01
2.827798798798810243e+00
5.299099099099031235e-02
3.475067067067044935e+00
2.885580580580591636e+00
4.990540540540457926e-01
4.206900900900943263e+00
3.085900900900889088e+00
2.556510510510485279e+00
1.033030450450450104e+02
5.868095095095141822e+00
2.057957957957910408e-02
2.144114114114074598e-01
2.448130730730710169e+01
2.634624624624661293e-01
2.523840840840839039e+00
1.378260260260254055e+00
1.479361361361378746e+00
2.541401401401418569e-01
4.408178178178170370e+00
4.562622622622696800e-01
1.223433433433418066e-01
1.289239239239233226e-01
5.073197197197208297e+00
3.682634634634626813e+00
4.053233233233272115e-01
0.000000000000000000e+00
4.487081081081077727e+00
2.657303303303307995e+00
1.368529329329327382e+01
1.094643743743741560e+01
1.677605605605596795e+00
4.971201201201194686e-01
2.577208208208237483e+00
3.642533533533486079e+00
5.101761761761854919e-01
2.235970970970957872e+00
1.520190190190165436e-01
2.361477277277283093e+01
1.884584584584603553e-02
5.993993993993835569e-03
7.073273273273318618e-02
1.606986986987016253e-01
2.887481481481482870e+00
2.286756756756770592e+00
2.930046646646650998e+01
2.575125125125095615e-01
7.587903903903886693e+00
1.896308308308317203e+00
2.940340340340355518e-02
2.380954954954959124e+00
2.691728728728711495e+00
9.421221221221241782e-02
3.589912912912902598e+00
2.435195195195175855e-01
3.238257257257295407e+00
2.381765765765771370e+00
5.832652652652705605e-01
2.841040040040059278e+00
6.045245245245205873e-02
4.867425425425428998e+00
1.766569569569552245e+00
4.020520520520531882e-02
4.807421421421422814e+00
9.236540540540477906e+00
1.635713713713706774e+00
3.818072072072068224e+00
1.190108008008004781e+01
2.194801801801820051e+00
2.766556556556561963e-01
1.477477477477436851e-01
1.000000000000009128e-03
2.523283283283263567e-01
2.860401801801797106e+01
3.886264264264254642e+00
1.209649559559558298e+02
1.569069069069045086e-01
2.730660660660653605e+00
1.951613713713710752e+01
2.344798798798790163e+00
2.454844844844844276e-01
3.082806806806804190e+00
2.191791791791815491e+00
8.927927927927950189e-03
1.769544544544517928e+00
1.608423923923924903e+01
3.286057057057034658e+00
2.727097097097154199e-01
2.516586586586647689e-01
1.761275275275281826e+00
1.927967967967943175e-01
3.555938938938937532e+00
1.263253253253233122e-01
3.518365365365335062e+00
1.242033033033034917e+00
1.566100100100098480e+00
3.545419419419421292e+00
2.764819819819833491e+00
2.494003003003006924e+00
2.624284284284256197e-01
3.910715715715720187e+00
4.024851851851872553e+00
2.060351351351360716e+00
3.200275275275290099e+00
4.043643643643675401e-02
4.861471471471475070e+00
3.809709709709672293e-02
3.562097097097168596e+00
1.539029029029009010e-01
3.393554154154152513e+01
1.796164664664663846e+01
1.791262262262280913e+00
2.856056056056015535e-01
0.000000000000000000e+00
3.052698698698718793e+00
0.000000000000000000e+00
6.640827827827859409e+00
1.045825825825816013e-01
1.497637637637653785e-01
5.819279279279224726e-01
1.079519199199199875e+02
2.494084084084113306e-01
1.287119119119124910e+00
4.515615615615721778e-01
3.809972972973027172e+00
8.754927727727728382e+01
4.845532132132140646e+01
4.839677977977969903e+01
1.554024024024030615e+00
3.070469469469446988e+00
7.830020020019992089e-01
3.771361361361406650e-01
9.760244244244240974e+00
2.000000000000037338e-03
4.011410510510506811e+01
1.766441441441464866e+00
4.529655655655652424e+00
1.383954954954944805e+00
9.913003003002982538e+00
1.963342342342337732e+00
2.061961961961936499e-02
1.839578578578574986e+00
3.589915915915886657e+00
4.579469469469479748e+00
1.495659959959964169e+01
7.148087087087065861e+00
1.781697897897896254e+01
2.934350350350352965e+00
3.003152152152153143e+00
2.230137137137157666e+00
2.049315315315297426e+00
2.164862862862837023e+00
3.935835835835881785e-02
2.794214214214237879e-01
3.499450450450458217e+00
3.857715715715701599e+00
3.332595595595599747e+01
3.604927927927909170e+00
1.770061061061055430e+00
1.290441441441435133e+00
2.214185185185179705e+00
3.934588588588598057e+00
3.585815815815896479e-01
2.275305305305335701e-01
3.656256256256225634e-01
1.890740840840843973e+01
2.218655655655645820e+00
7.775462462462479074e+00
6.315064064064077165e+00
3.856858858858891015e+00
1.883383383383354856e-02
1.000000000000001322e-03
2.690095095095081490e+00
1.454604704704703266e+01
9.053994294294295742e+01
2.574931931931930595e+00
1.091842742742740313e+01
2.095413413413419246e+00
1.110725725725730806e+00
2.297566566566564106e+00
3.368294294294321034e+00
1.233949049049053670e+01
8.039039039038968493e-02
1.177643043043039128e+01
1.318298298298324622e-01
4.467567567567527070e-02
4.412970970970959250e+00
2.384844844844783707e-01
1.121921921921942428e-01
4.799773773773781116e+00
3.275863863863868186e+00
3.212069569569566596e+01
1.922527527527546853e+00
3.179766766766812136e+00
1.032966566566561184e+01
3.900614614614626330e+00
4.503529529529532738e+01
3.321611611611601234e+00
3.361172172172173678e+00
2.516226226226254137e-01
3.804355355355360846e+00
2.881008008007993837e+01
4.141108108108160657e+00
1.000000000000018019e-03
4.795446446446441691e+00
1.741232232232236665e+00
1.482299799799799800e+01
2.786976976977045828e-01
3.920691691691693848e+00
2.195945945945975419e-01
2.040215215215201106e+00
2.179209209209199472e+00
1.343852852852856605e+00
2.962844844844841230e+00
4.713313313313423347e-02
2.099469469469478433e+00
3.014764764764756855e-01
2.585365365365417389e-01
1.520187187187181932e+00
2.834088088088088320e+00
9.799799799799871480e-02
9.840940940941046711e-02
2.146895895895871043e+00
4.955865865865854980e-01
1.997997997998030191e-03
2.993993993994002473e-03
2.122065065065053435e+00
5.461743743743743273e+00
4.221095095095092731e+00
8.690190190190341668e-02
7.432955955955962146e+00
1.526244244244247428e+00
1.483495495495492023e+01
8.218889889889924305e+00
1.041606206206206231e+01
2.825878878878879341e+00
2.997702802802813693e+01
1.411225225225214652e+00
3.042068068068099596e+00
0.000000000000000000e+00
2.761286286286296576e+00
2.631044044044033914e+00
3.650825825825789739e+00
2.437297297297274512e-01
3.475297297297290200e+00
1.912670670670671980e+00
2.335005005005026391e-01
1.495054054054067327e+00
2.069640640640631357e+00
2.223213213213177386e-01
3.813415415415456700e+00
9.009009009009127933e-02
2.050190190190156192e-01
1.676456456456431321e-01
1.000000000000015200e-03
1.381310460460459808e+02
2.245119119119124651e+00
3.996120020020030239e+01
4.979409409409444875e-01
4.520468468468473056e+00
6.391836836836833236e+00
5.011845845845812164e+00
1.637077077077062348e-01
1.494642642642622032e+00
6.965265265265180306e-02
1.385242742742742728e+01
9.607107107107203114e-02
5.250245245245266368e+00
4.373107107107093938e+00
2.929129129129058595e-02
2.467327327327331621e-01
2.581601601601541396e-01
5.745645645645757610e-02
3.422442442442482635e-01
2.344744744744736362e-02
4.765995995996082368e-01
1.811622622622611534e+00
5.105356356356365310e+00
7.422236336336332840e+01
2.558988988989044921e-01
2.019169169169129918e-01
8.927927927927946719e-03
3.488228228228231198e-01
1.137447447447429150e-01
3.144334334334327075e+00
8.954354354354467083e-02
2.118664664664664965e+00
3.434974974975008033e-01
2.693200200200173811e+00
1.904727727727729247e+00
1.972363863863861155e+01
4.497726726726803292e+00
1.981581581581564819e-02
1.295045045045065124e-01
2.298761761761763722e+00
2.832439439439432327e+00
2.458401401401392850e+00
5.026885885885893579e+00
2.009169169169149893e-01
2.076254554554560983e+01
6.902837537537530466e+01
2.070269269269253254e+00
3.137667667667680127e-01
2.141795795795794710e+00
2.760799799799834364e+00
3.788603603603593939e+00
2.255700700700690398e+00
2.289129129129088835e-01
2.742984984984980557e+00
8.441879879879865101e+00
2.782402402402408548e+00
4.811205205205211222e+00
6.691998798798826442e+01
2.461255255255241803e+00
8.425271571571565232e+01
2.167193193193200695e+00
2.440251251251252640e+00
1.229059359359363235e+01
2.753769769769768061e+00
2.702771771771784071e+00
1.997997997998060982e-03
9.609270270270307890e+00
3.304374374374386969e-01
1.382724724724729626e+00
5.686992192192192874e+01
4.814100100100128898e+00
6.278370570570564269e+01
4.500919919919926571e+00
3.296636636636581241e-01
4.427261261261230985e+00
3.352368368368358720e+00
4.485799799799772281e+00
1.995725725725738531e-01
2.892292292292327205e-01
8.651241141141154856e+01
6.273992992992973861e+00
1.659335235235231565e+01
1.041801801801809785e-01
1.323449449449466853e+00
1.541191191191200849e+00
1.176652052052053321e+01
1.082232232232255009e-01
1.933673673673694249e-01
2.997997997998029344e-03
7.059022022022011456e+00
2.987662662662675661e+00
3.214714714714694277e-01
2.404905905905901875e+01
1.140739739739743408e+00
3.096436436436443840e-01
2.517357357357418168e-01
3.547945945945939705e+00
4.963474474474455889e+00
9.023861961961976874e+01
1.254267367367365082e+01
7.582682682682678754e-02
1.386586586586580419e-02
3.599099099099136723e-01
1.101954154154157983e+01
3.544983983983971410e+00
0.000000000000000000e+00
6.277157157157220446e-01
3.111794794794792818e+00
2.626253253253240327e+00
2.177083083083079185e+00
3.655337337337317027e+00
5.551853853853841336e+00
3.920671671671676073e+00
3.481185185185167175e+00
7.733733733733572091e-02
5.000000000000091177e-03
4.050896896896913013e+00
4.831501501501430651e-01
0.000000000000000000e+00
4.544094094094173197e-01
2.733483483483453158e-01
5.535635635635673957e-01
4.372866866866842450e+00
3.134002002001985865e+00
1.744053053053045588e+00
3.221881881881912268e-01
3.995995995996082066e-03
4.305405405405473007e-01
7.285096096096098428e+00
3.336474474474498741e+00
6.311046046046063118e+00
2.014196196196217592e+00
1.216123123123124206e+00
1.785729729729750748e+00
2.414538538538530510e+00
4.292326326326315389e+00
9.440372872872879384e+01
2.995457457457456840e+00
2.565244244244237581e+00
7.002542542542609105e-01
4.023993993993976837e+00
1.031738538538538208e+01
1.997879879879874476e+00
6.086946946946967252e-01
2.993993993994002040e-03
2.742193193193195988e+00
1.606811811811827972e+00
4.503709709709708520e+00
2.678578578578539315e-01
1.057057057057037008e-01
1.484184184184149102e-01
3.202108108108114415e+00
7.795695695695827043e-02
1.186786786786778007e-02
1.715296296296284551e+00
2.604056656656632285e+01
4.332827827827820499e+00
3.330364364364368157e+01
6.841841841841823924e-02
3.557057057057128047e-01
3.671221221221222741e+00
1.871861861861876530e-01
4.071029029029037183e+00
3.879629629629632870e+00
0.000000000000000000e+00
5.183866866866885914e+00
6.921302702702706711e+01
1.312454454454470953e+00
2.805157157157131209e+00
1.216291391391388110e+01
3.368950950950942325e+00
2.762887887887898408e+00
4.152507507507496420e+00
7.535135135135161144e-02
9.056286286286392428e-01
7.368278278278243221e+00
4.742142142142058980e-01
6.261519519519497479e+00
2.973387387387385505e+00
1.040508208208206753e+01
3.631131131131192652e-02
3.365776776776767676e+00
2.592482482482514894e-01
5.571311311311408776e-01
1.098948848848847781e+01
5.535074174174176420e+01
1.509572972972968152e+01
9.674234234234161400e-01
1.143213213213219170e-01
2.220231631631634528e+01
2.336805805805799441e+00
3.790640640640645653e-01
3.844909109109104861e+01
2.104850850850859878e+00
1.938818818818778822e-01
3.066832832832833144e+00
3.312426426426421155e+00
9.108808808808956103e-02
3.292828828828810117e+00
1.631381381381372953e-01
5.166731731731699639e+00
3.987987987988054345e-03
2.956514514514491765e+00
1.629128128128112696e+00
1.186856856856837866e-01
2.086117217217216790e+01
1.749979979979958689e-01
1.141152252252249433e+01
2.207966966966978362e+00
2.234534534534527994e-01
3.932998998999001294e+00
0.000000000000000000e+00
4.897239239239263853e+00
1.434110110110113911e+00
1.803457357357357864e+02
2.852551551551565812e+00
2.737032432432432216e+01
1.695641541541546360e+01
2.832854854854842230e+00
1.173333333333349965e-01
3.188307307307324923e+00
5.402257257257251588e+00
2.596304304304315913e+00
4.071010010010015279e+00
2.581451451451420298e-01
4.332394694694694692e+01
1.643333333333332424e+00
2.156196196196175086e-01
4.643865865865842935e+00
2.600978978978978784e+00
3.190370370370345099e-01
1.062121911911912662e+02
4.710683683683703826e+00
2.147273273273284655e+00
7.351597597597598011e+00
3.227122122122088488e+00
3.469102202202203244e+01
1.200950950950960272e-01
8.937637637637624310e-02
2.847751751751747218e+00
1.904610610610629751e+00
1.003350460460459459e+02
3.748947947947967485e+00
2.264164164164139681e-01
2.360429429429427017e+00
4.722852852852850170e+00
1.381781781781787032e-02
1.311154854854856033e+01
9.443081081081079731e+01
1.992023023023023809e+00
4.046666666666707823e-01
3.198228228228254255e-01
1.554803603603596152e+01
1.911651651651638251e-01
1.302902692692692312e+02
6.814214214214189824e-02
6.067077077077025482e-01
8.287787787787784244e-02
3.564334334334335441e+00
2.669419419419444828e-01
6.232832832832885944e-02
2.191039039039027081e+00
3.289079079079066936e-01
7.592170370370385513e+01
2.799579579579536959e-01
2.928014014014038491e+00
3.003913913913859313e-01
2.400550550550564766e-01
1.982229229229255152e+00
4.064602602602610304e+00
3.977837837837815971e-01
7.573973973973996188e+00
1.226136136136151272e-01
3.438709709709691698e+00
2.575700700700700008e+00
8.636889889889939553e+00
3.194088088088069988e+00
6.844626626626663324e+00
1.325433433433431007e+00
7.451351351351441499e-02
1.716602602602576022e+00
2.527387387387382001e-01
5.857097097097063720e-01
1.188679909909903785e+02
1.167938168168166442e+02
1.721339339339331254e+00
3.945815815815905125e-01
2.447794794794778017e+00
1.210898848848846967e+02
4.196550550550597336e+00
4.094345345345351106e+00
5.440980980981032777e-01
2.956913913913897574e+00
4.133373373373341875e-01
3.257398398398369199e+00
1.505115175175176319e+02
3.869019019018972161e-01
1.564304304304312276e-01
5.005749749749752731e+00
8.203658558558551306e+01
2.428110110110115905e+00
4.425669669669662021e+00
2.274264264264310997e-01
8.781319319319244698e+00
2.610730730730700389e-01
2.534934934934986867e-02
2.330600600600609695e-01
4.718950950950954137e+01
9.174200200200193223e+00
1.858580290290288985e+02
4.574174174174180235e-02
6.555185185185162799e-01
3.460967967967961023e+00
2.201479479479478751e+00
1.856696696696714666e-01
2.592863863863863028e+00
3.168739739739736994e+00
3.610450450450501392e-01
2.273954254254258345e+01
5.469069069068972777e-02
4.014834834834737354e-01
4.399635635635616993e+00
9.188988988989203743e-02
3.218248248248296584e-01
2.215197197197212642e+00
2.994833833833818293e+00
2.122910910910912463e+01
1.302836836836830159e+00
3.533033033032947912e-01
3.326812812812812492e+00
4.011511511511450245e-01
2.353769769769774367e+00
1.135850850850828042e+00
1.000000000000003924e-03
1.939050050050047957e+01
2.292492492492522738e-01
2.440180180180193947e-01
2.629729729729756577e-02
2.484344344344319999e-01
4.392792792792896139e-02
2.474434434434430230e+00
2.459609609609653136e-01
5.050110110110038741e-01
1.455645645645636810e-01
2.970559559559533103e+00
2.321947947947929247e+00
4.845804804804783927e+00
3.318203203203204943e+00
4.849112112112126560e+00
4.978841841841830984e+00
4.718014714714704638e+01
1.247666736736736937e+02
3.794288288288257149e+00
2.416191191191191301e+00
2.122018518518515151e+01
2.511451451451465200e-01
7.938878878878884215e+00
3.222322322322347665e-02
8.762636636636603527e+00
2.025353353353391839e+00
2.000000000000035170e-03
2.920407407407420219e+00
2.789789789789713925e-01
4.301801801801764108e-02
1.085514114114120865e+01
7.021720620620614284e+01
3.523343343343373624e-01
2.090562562562562565e+00
3.417843843843836105e+00
6.780015015015020907e+00
2.205429429429421440e+00
2.556390390390393730e+00
4.170670670670621472e-01
2.773482482482474420e+00
1.659529529529513436e-01
2.555310310310323185e+00
5.563313313313287267e+00
1.966177177177184987e+00
3.336159159159175047e+00
5.752072072072130782e-01
2.593223223223263263e-01
3.796362362362410980e+00
3.113303303303267544e-01
1.076090290290286156e+01
8.547058058058055963e+00
1.934152152152147197e+00
8.329677677677679526e+00
1.245145145145156590e-01
4.363913913913964326e-01
2.981851851851811674e-01
2.099125125125125280e+00
4.938357357357324950e+00
1.227927927927900675e-01
3.287714714714738307e+00
3.186048048048062409e+00
1.320930690690691165e+02
1.808658658658635343e-01
1.440878778778776770e+01
2.444574574574545356e-01
3.724474474474434582e-01
1.522193693693693106e+01
5.398158158158147479e+00
2.845530530530552493e+00
3.078258258258244617e-01
8.206833933933936009e+01
6.143612612612612267e+00
3.680746746746784925e+00
3.072212212212166449e-01
3.758758758758797280e-01
1.184928928928924652e+00
4.806052052052068646e+00
1.238115115115112630e+01
2.629729729729759699e-02
1.324364364364392366e-01
1.555721721721704087e+00
1.746217217217232776e+00
3.906148148148119503e+00
9.645855855855812067e+00
4.595339339339338025e+00
3.191534534534494760e+00
4.901571571571634034e-01
1.000000000000016067e-03
5.153553553553483907e-02
4.562897897897877364e+00
3.794477477477470551e+00
4.724811811811809648e+00
1.956586586586625542e-01
4.764182182182201686e+00
1.521181081081080322e+01
4.094084084084124164e-01
4.394587887887895050e+01
3.970345345345371868e+00
5.710793793793762063e+00
2.362569569569567651e+00
1.074668868868870319e+01
3.717868868868849930e+00
5.969969969969877305e-03
2.413298298298301781e+00
5.242281281281284677e+00
2.251911911911946285e-01
3.198569569569575055e+00
1.504773773773771417e+00
4.812733333333309815e+01
9.677227227227289674e+00
2.408043043043039955e+00
2.166156156156155976e+00
1.566436436436444146e-01
2.486446446446415048e-01
8.233433433433262616e-02
3.797687687687736902e-01
2.657572572572559633e+00
6.748158158158146236e-01
6.492522522522489181e-01
3.231406406406414522e+00
2.158335335335334904e+01
3.555158958958957527e+01
1.923053053053048300e+00
4.979979979979968531e-03
1.613573573573575670e-01
2.696757757757754703e+01
1.622747747747742331e+00
3.572342342342318844e+00
3.938366366366389926e+00
5.311911911912008816e-02
1.428382382382379134e+00
2.224104104104068225e-01
8.955955955955736958e-02
2.809748948948949021e+01
3.478413413413400157e+00
3.309319319319309116e+00
4.165365365365388817e-01
4.095140140140132168e+00
3.592222222222171135e-01
4.243449449449450128e+00
9.356363363363367824e+00
2.669167167167171506e+00
2.466288288288294162e+00
1.255005005004983798e-01
4.075106106106082926e+00
2.000580780780773082e+01
3.315056056056081779e+00
1.763358358358341649e+00
2.000000000000033001e-03
3.131771771771790780e-01
2.051645645645645999e+00
5.418632632632615298e+00
1.793127127127130072e+00
2.288158158158171973e-01
9.172528528528545166e+00
7.983676676676671491e+01
5.223291291291289440e+00
6.430689689689698341e+00
7.796110110110113567e+00
1.437759759759755118e+00
2.545375375375441562e-01
9.282209609609613210e+01
7.656368268268266775e+01
2.092193193193199630e+00
2.012126126126164483e+00
5.291168168168175256e+00
3.023483483483491607e+00
3.117189189189212062e+00
1.344270270270254919e+00
0.000000000000000000e+00
1.481061061061071660e-01
2.479879879879863136e+00
2.466985085085083540e+01
3.904078078078061509e+00
6.060270370370367488e+01
2.805303303303299600e+01
1.460069869869868242e+01
1.613195195195169074e+00
1.968908908908945099e-01
3.854920920920934524e+00
2.543314314314295999e+00
3.525925925925997573e-02
9.712801101101095469e+01
1.024683683683702107e+00
1.545591591591594316e+00
1.358725725725737243e+00
4.065659659659664804e+00
1.814974974974961075e+00
3.826061061061008850e+00
6.663745745745739413e+00
1.535685685685670987e-01
2.997997997998006793e-03
6.314962862862854820e+01
2.569619619619633699e+00
6.359379679679682340e+01
3.384254254254251970e-01
2.777150150150129004e+00
3.987987987988060416e-03
3.784080280280280562e+01
0.000000000000000000e+00
1.413481481481481872e+01
9.909909909909858997e-03
5.116696696696781954e-01
3.836943843843841506e+01
2.855185185185189045e+00
3.212171171171161799e+00
1.050421481481481578e+02
4.530965965965974895e+00
4.776263263263230030e+00
2.273423423423457657e-01
2.846657657657661211e+00
7.379679679679582160e-02
4.074716716716711318e+00
2.638601301301307700e+01
2.621531531531551829e-01
3.495397797797799200e+01
1.387949889889888766e+02
2.695649649649647817e+00
1.000000000000009995e-03
4.110908908908910142e+00
6.482379879879879070e+01
5.555983983983953323e+00
1.774125125125147751e+00
8.114723023023024950e+01
3.387687687687668259e-02
1.727204204204200400e+00
9.747547547547429081e-02
3.730720720720757111e-01
8.335879679679673870e+01
2.216076076076095858e-01
1.110457957957956765e+01
7.730813813813817603e+00
3.498277277277298314e+00
1.723942942942951140e+00
3.168418418418388338e-01
5.928828828828780484e-01
1.511406406406415437e+00
8.540906906906869267e+00
3.496771771771749027e+00
3.601224224224223835e+00
1.745495495495487381e-01
1.213930930930937846e+00
1.823546646646645542e+01
5.366351851851857191e+01
2.288227227227225491e+00
1.225684684684688719e+00
4.724698698698714949e+00
1.109139139139125874e-01
1.032433743743746248e+02
2.801207207207210281e+00
1.800694694694713549e+00
6.485296296296274576e+00
1.862256256256230813e+00
2.867673673673686974e+00
6.286336336336315611e+00
2.067967967967936638e-01
4.523223223223148959e-01
9.983983983984074870e-03
5.006906906906976040e-01
4.876202202202231994e+00
1.216212752752753232e+02
1.039891361361359969e+02
3.180551551551536793e+00
2.973523523523531886e-01
3.073917917917952547e+00
2.679663663663679696e+00
3.822048048048028335e+00
2.999549549549536120e-01
4.234353353353357718e+00
3.284784784784794409e-02
6.512677677677650934e+00
3.093569569569545319e+00
2.866857857857880720e+00
2.227973973973948585e+00
5.009600600600613518e+00
3.498498498498558984e-01
1.268452192192190182e+02
3.040086086086104533e+00
1.343661461461463880e+01
2.702728728728738705e+00
4.162533533533571806e+00
2.340151151151131703e+00
3.028225225225223305e+00
2.084718718718701069e+00
1.361632032032030892e+01
2.326592592592585884e+00
3.240815815815801137e+00
3.915947947947956198e+00
9.447347347347281876e-02
6.895685685685688515e-01
1.198193193193190398e+00
4.291210210210229192e+00
2.984975975975979079e+00
5.504232232232254773e+00
2.341811811811863320e-01
1.240990990991013149e-01
2.924794794794749464e-01
3.552952952953037508e-02
1.183257257257248174e+00
7.253653653653679978e-02
4.592972972972995116e-01
3.044315315315291315e+00
3.791164164164170902e+00
1.811201201201203537e-01
2.197027027027047275e-01
1.296363763763758392e+01
2.265355355355362921e+00
1.974520420420424216e+01
8.039039039039186374e-02
1.575975975976007595e-02
3.640171171171144859e+00
2.147067067067075230e-01
6.170570570570635405e-02
1.924467467467473325e+00
7.818796796796794624e+00
6.065565565565700368e-02
3.522669669669652226e+00
3.532619619619606244e+00
4.851865865865870653e+00
1.658598598598595153e-01
2.743523523523531682e-01
