6.505623623623630003e+00
3.829624624624605733e+00
5.979979979980019726e-03
2.037777777777774801e+00
8.550985985986022442e+00
1.310179179179179920e+00
2.761231231231209282e-01
3.995081081081145236e+00
2.507417417417437400e-01
4.100064064064107505e+00
1.657818718718718003e+02
3.046136136136193273e-01
6.430330330330170929e-02
2.283121121121127306e+00
3.544558558558524197e+00
1.246345445445443367e+01
4.472172172172132754e-02
1.358508508508501356e-01
8.132432632632631453e+01
1.981802802802800967e+00
1.381781781781799695e-02
1.648118118118114594e+00
4.793747747747744370e+00
2.511741741741744249e-01
1.377247247247263551e-01
1.104654654654628754e-01
4.652730730730717745e+00
9.789989989990131869e-02
1.419569569569583412e-01
2.551665665665672655e+00
1.227470070070068964e+01
2.028878878878885295e-01
5.290300300300408987e-01
2.495557557557557704e+00
3.447309309309309011e+00
3.387949949949929263e+00
1.907242152152151675e+02
8.422371871871874305e+01
3.310300300300311749e-01
5.465676676676676671e+00
2.246359459459464603e+01
1.845858858858836493e+00
4.769209209209203770e+00
1.695697697697692519e+00
4.377061061061067626e+00
7.711211211211214944e-02
4.827927927927963547e-01
1.000000000000007827e-03
6.127161161161190250e+00
3.338472872872872443e+01
4.152627627627615503e+00
3.966266266266210705e-02
1.994354354354368752e-01
1.607157157157155680e+00
5.097831831831840077e+00
1.353184184184176742e+00
3.901107107107109506e+00
9.155935935935802794e-01
9.115107107107103701e+00
2.337611611611590146e+00
9.912372672672664464e+01
2.847701701701703225e+00
7.272500400400375042e+01
4.051051051051100804e-02
3.481651651651640034e+00
2.231411411411362844e-01
1.293952852852851265e+01
3.578005005005011174e+00
2.502462462462419768e-01
1.666456456456438529e-01
6.002607607607593820e+00
8.706106106106206721e-02
3.888293293293293207e+00
6.112971971971953522e+00
3.297297297297273055e-01
1.198117717717718165e+02
3.560755755755698804e+00
3.233792792792776982e+00
6.706180380380374118e+01
3.734084084084011712e-01
2.269240240240244066e+00
2.638443443443444281e+00
2.137927927927981975e-01
1.182060160160161999e+01
9.599428428428295135e+00
5.505936936936928205e+00
1.781927927927921651e+00
5.367333333333331069e+00
1.777040040040056335e+00
3.021901901901847820e-01
2.978498498498508007e-01
3.461715715715760755e+00
5.028128128128027396e-02
4.440274274274285560e+00
3.581610610610652667e+00
5.155775775775648384e-01
5.171713713713716132e+00
3.689175175175170018e+00
3.128034034034036015e+00
1.290086326326325832e+02
7.380054054054053125e+00
3.659259259259184383e-02
2.515855855855866352e-01
2.951210910910903706e+01
2.727577577577637302e-01
2.936522522522537315e+00
1.439245245245259541e+00
1.782465465465464804e+00
2.544544544544568021e-01
5.351121121121123814e+00
4.940240240240147962e-01
1.518528528528529375e-01
1.360860860860870214e-01
6.160619619619572163e+00
4.221020020020028518e+00
4.746246246246250688e-01
1.997997997998054911e-03
5.572610610610616355e+00
3.266082082082054416e+00
1.622968068068068703e+01
1.318727727727733701e+01
1.994644644644649745e+00
5.100610610610699647e-01
3.164850850850826625e+00
4.428088088088112606e+00
5.405235235235166247e-01
2.709375375375382422e+00
1.657397397397390171e-01
2.874638938938942445e+01
2.664964964964980365e-02
5.993993993993835569e-03
9.544244244244112774e-02
2.381921921921900664e-01
3.640615615615612644e+00
2.840479479479486091e+00
3.659476076076074946e+01
2.627537537537504297e-01
9.406875875875863713e+00
2.456619619619617723e+00
3.887887887887830213e-02
3.039990990990959041e+00
3.459536536536538254e+00
1.272532532532540395e-01
4.411253253253271112e+00
2.422162162162203314e-01
4.030131131131105882e+00
2.897540540540533449e+00
6.932182182182207164e-01
3.352063063063062565e+00
7.682782782782808517e-02
6.102154154154137089e+00
2.174444444444432190e+00
3.637537537537592625e-02
5.815670670670669118e+00
1.124771571571582740e+01
2.032975975975964467e+00
4.290925925925934692e+00
1.457004404404409392e+01
2.768318318318313320e+00
3.227607607607627105e-01
1.688888888888897544e-01
2.993993993994003774e-03
2.673213213213148087e-01
3.446747247247251522e+01
4.751045045045016124e+00
1.482567637637638711e+02
1.733523523523510523e-01
3.345775775775731820e+00
2.318143243243245877e+01
2.755894894894896474e+00
2.775925925925972204e-01
3.754296296296309343e+00
2.727396396396417622e+00
2.168168168168183377e-02
2.109120120120131503e+00
2.119172972972978641e+01
4.013156156156154175e+00
2.954744744744717821e-01
2.851921921921865000e-01
2.105239239239272031e+00
2.161401401401421285e-01
4.188762762762798353e+00
1.939359359359316692e-01
4.404451451451440569e+00
1.979457457457461267e+00
1.855002002002000161e+00
4.183346346346346500e+00
3.374949949949987094e+00
3.127573573573547705e+00
2.793813813813834090e-01
4.680757757757777249e+00
4.909307307307289037e+00
2.601926926926914074e+00
3.837956956956945387e+00
5.252752752752654075e-02
5.795470470470474034e+00
5.865365365365478312e-02
4.515774774774763856e+00
1.878948948948896414e-01
4.189425325325328231e+01
2.304024724724722617e+01
2.197047047047078649e+00
3.415765765765823025e-01
0.000000000000000000e+00
3.664395395395381616e+00
1.997997997998057079e-03
8.824603603603607738e+00
1.272532532532540395e-01
1.740600600600616388e-01
7.915235235235286160e-01
1.315715795795796055e+02
2.496246246246307254e-01
1.484343343343337729e+00
4.561951951952050721e-01
4.703260260260268666e+00
1.111662502502500303e+02
5.918548548548544375e+01
5.778451051051042242e+01
1.892698698698694892e+00
3.707009009009005762e+00
8.927517517517495893e-01
4.100490490490476536e-01
1.043254254254254398e+01
0.000000000000000000e+00
4.766382982982982952e+01
2.080131131131138567e+00
5.658565565565555566e+00
1.637596596596602838e+00
1.272779779779781784e+01
2.307105105105093035e+00
2.634934934934917219e-02
2.262131131131139394e+00
4.345681681681644370e+00
5.237818818818817945e+00
1.833192092092089709e+01
8.600875875875837906e+00
2.205124224224225316e+01
3.765147147147137829e+00
3.571785785785759337e+00
2.633382382382373432e+00
2.430953953953951086e+00
2.493015015015033864e+00
6.859259259259239960e-02
3.091761761761738780e-01
4.367718718718758275e+00
4.717496496496506708e+00
4.290885885885892748e+01
4.332708708708701728e+00
2.199068068068056991e+00
1.577075075075078381e+00
2.845013013013059755e+00
4.732697697697716421e+00
3.825525525525552695e-01
2.570800800800825958e-01
3.996386386386413525e-01
2.304799999999999471e+01
2.632062062062097141e+00
9.604827827827792319e+00
7.936934934934941843e+00
4.404335335335345825e+00
3.537937937937877392e-02
3.987987987988024854e-03
3.291838838838836878e+00
1.695331931931935898e+01
1.085845385385385242e+02
3.148999999999985366e+00
1.314562762762762560e+01
2.453266266266283857e+00
1.295494494494474624e+00
2.844904904904931087e+00
4.246873873873862948e+00
1.460285785785782764e+01
1.217007007007020747e-01
1.417572572572565726e+01
1.929819819819828530e-01
3.096596596596549317e-02
5.298638638638599296e+00
2.620250250250228952e-01
1.537037037037008724e-01
5.489005005004974791e+00
3.927573573573561738e+00
4.047327227227221869e+01
2.173867867867864234e+00
3.772827827827802682e+00
1.216945245245241303e+01
4.161126126126108993e+00
5.645273073073067849e+01
4.082878878878883455e+00
4.190116116116118228e+00
2.553573573573613698e-01
4.699158158158168952e+00
3.467171471471466759e+01
5.020753753753736781e+00
1.000000000000010212e-03
5.511778778778759325e+00
2.094080080080079398e+00
1.873461161161165833e+01
2.834664664664663380e-01
4.599913913913938224e+00
2.195945945945976807e-01
2.333245245245256339e+00
2.578535535535530610e+00
1.620043043043069231e+00
3.553749749749710585e+00
7.654354354354286905e-02
2.341189189189198938e+00
3.748658658658675091e-01
2.661451451451432026e-01
1.952232232232235409e+00
3.587169169169158955e+00
1.190750750750780573e-01
1.144784784784759063e-01
2.627998998999008684e+00
4.971601601601706721e-01
7.981981981982060742e-03
1.186786786786799691e-02
2.599794794794811459e+00
6.224367367367383608e+00
5.185667667667654968e+00
1.076176176176185662e-01
9.188366366366340188e+00
1.727380380380372227e+00
1.840738138138137359e+01
1.023230130130130888e+01
1.298266866866867808e+01
3.473099099099107523e+00
3.520788688688672607e+01
1.680198198198197268e+00
3.896659659659667874e+00
1.997997997998030625e-03
3.374017017017017395e+00
3.317773773773776025e+00
4.690383383383364801e+00
2.779079079079066483e-01
4.035153153153149930e+00
2.264750750750767594e+00
2.418698698698680261e-01
1.850791791791785323e+00
2.420736736736718520e+00
2.291211211211254262e-01
4.660400400400413368e+00
1.094844844844844872e-01
2.262262262262239310e-01
1.751981981982013437e-01
2.993993993994003774e-03
1.687602292292292532e+02
2.730741741741746775e+00
4.910422122122120925e+01
5.405295295295226010e-01
5.828934934934927092e+00
7.578562562562569660e+00
6.125336336336351550e+00
2.025915915915880994e-01
1.748134134134143869e+00
5.205505505505372832e-02
1.682006506506510135e+01
1.104844844844828228e-01
6.488050050050091500e+00
5.487489489489520089e+00
4.426426426426329636e-02
2.691391391391403931e-01
2.990350350350330366e-01
9.022922922922742284e-02
3.647627627627604285e-01
4.301801801801780067e-02
4.812952952952996855e-01
2.230665665665652497e+00
6.223223223223183886e+00
9.124367267267255954e+01
2.729679679679644089e-01
2.143493493493519031e-01
1.961961961961982900e-02
3.737357357357283805e-01
1.425365365365346138e-01
3.971578578578589536e+00
1.378468468468476704e-01
2.425955955955972687e+00
3.726726726726776184e-01
3.336917917917939125e+00
2.120016016016000648e+00
2.431431731731726842e+01
5.765764764764745642e+00
2.179179179179162318e-02
1.511391391391383454e-01
2.763282282282314206e+00
3.596169169169193491e+00
2.943290290290325739e+00
6.248762762762726908e+00
2.095925925925918032e-01
2.603128728728725605e+01
8.495971671671672709e+01
2.499121121121123945e+00
3.291791791791756627e-01
2.697816816816807961e+00
3.533539539539589658e+00
4.604652652652644562e+00
2.704013013012996680e+00
2.348588588588619575e-01
3.471039039039042873e+00
1.019974974974978288e+01
3.554812812812814471e+00
5.858832832832879589e+00
8.004051451451448429e+01
2.927413413413409327e+00
1.001649379379376086e+02
2.592503503503505335e+00
2.756823823823800090e+00
1.440154754754753519e+01
3.502454454454459132e+00
3.223645645645671021e+00
4.987987987987989313e-03
1.209332332332340343e+01
3.300870870870864504e-01
1.619021021021011641e+00
7.061960360360362188e+01
5.546325325325295985e+00
7.529246846846838537e+01
5.626516516516486988e+00
3.434774774774850270e-01
5.323554554554553953e+00
4.169094094094096370e+00
5.431325325325328635e+00
2.564784784784805982e-01
3.048798798798824095e-01
1.075659639639640091e+02
7.874182182182074996e+00
1.946704004003995792e+01
1.226736736736729200e-01
1.361579579579591526e+00
1.732263263263272846e+00
1.409127527527527235e+01
1.227927927927901647e-01
1.968738738738712302e-01
7.973973973974094603e-03
8.502316316316322897e+00
3.444332332332323166e+00
3.479879879879841931e-01
3.103897397397405911e+01
1.426824824824815208e+00
3.122602602602611577e-01
2.656486486486515086e-01
4.033516516516496786e+00
6.054075075075021850e+00
1.113263473473473510e+02
1.554135735735735224e+01
1.092432432432449835e-01
2.368568568568536065e-02
3.757257257257309302e-01
1.352143743743743265e+01
4.323487487487469139e+00
0.000000000000000000e+00
6.841591591591633659e-01
3.956321321321352613e+00
3.222584584584512246e+00
2.491370370370331599e+00
4.623462462462426537e+00
6.617296296296300007e+00
4.705969969969981292e+00
4.193343343343348018e+00
1.046486486486500195e-01
7.002002002001932700e-03
4.718765765765775555e+00
5.420050050050017054e-01
2.997997997997990747e-03
4.882582582582671860e-01
2.923843843843828005e-01
6.392452452452457301e-01
5.469657657657649885e+00
3.823409409409410653e+00
2.074212212212225293e+00
3.306776776776827464e-01
9.957957957957959405e-03
4.531361361361435081e-01
8.572767767767732749e+00
4.167297297297248626e+00
8.246765765765744050e+00
2.466141141141165782e+00
1.470578578578569218e+00
2.230672672672668000e+00
3.042216216216209634e+00
5.032210210210204870e+00
1.208203423423421299e+02
3.608054054054074644e+00
3.223785785785779012e+00
7.254574574574544910e-01
4.962431431431377327e+00
1.296865365365368561e+01
2.328223223223212290e+00
6.333273273273201109e-01
9.941941941942228356e-03
3.377731731731689280e+00
1.835833833833809825e+00
5.688522522522521996e+00
2.863053053053116193e-01
1.276276276276304134e-01
1.959029029029014657e-01
3.802044044044033733e+00
7.854454454454472268e-02
1.961961961961969717e-02
2.204863863863867124e+00
3.082151551551553226e+01
5.126355355355364907e+00
4.150177577577571952e+01
8.825025025024887948e-02
4.105845845845901287e-01
4.307160160160164786e+00
2.056766766766779664e-01
4.886968968968998794e+00
4.530584584584601338e+00
0.000000000000000000e+00
6.456287287287281629e+00
8.567585785785789199e+01
1.590698698698705060e+00
3.317483483483488982e+00
1.442763363363367368e+01
4.372362362362366639e+00
3.376346346346376759e+00
5.098073073073080330e+00
9.564664664664596083e-02
1.092107107107114894e+00
8.738687687687662020e+00
4.855375375375242664e-01
7.394161161161175500e+00
3.617103103103084916e+00
1.220936036036038530e+01
7.671471471471473513e-02
4.145049049048999734e+00
3.091761761761783189e-01
5.861811811811817874e-01
1.361921821821820622e+01
6.767443243243241113e+01
1.891262962962960614e+01
1.127377377377371426e+00
1.370610610610619173e-01
2.777041341341341507e+01
2.863165165165172610e+00
4.813033033032964036e-01
4.623656656656653041e+01
2.447639639639652920e+00
2.415715715715764100e-01
3.726420420420454516e+00
4.042431431431393385e+00
1.145545545545528787e-01
4.038340340340273116e+00
1.825825825825854731e-01
6.076711711711660691e+00
1.284384384384367091e-02
3.685579579579592480e+00
1.921199199199197238e+00
1.400400400400380885e-01
2.511129429429426807e+01
1.829489489489529996e-01
1.403757257257248092e+01
2.793059059059066040e+00
2.486306306306338698e-01
4.836977977977968912e+00
0.000000000000000000e+00
5.984099099099085883e+00
1.778750750750748288e+00
2.279278518518518410e+02
3.581100100100096828e+00
3.249496896896897624e+01
2.141712312312314737e+01
3.442680680680723970e+00
1.505415415415410907e-01
3.746197197197240758e+00
6.429680680680669447e+00
3.314972972972987986e+00
4.976108108108095784e+00
2.712942942942885849e-01
5.069804404404417397e+01
2.074793793793796581e+00
2.152462462462514381e-01
5.560826826826831493e+00
3.232282282282287422e+00
3.593273273273309698e-01
1.306934994994995236e+02
5.608238238238239859e+00
2.628410410410409792e+00
8.433212212212200853e+00
4.029955955955966118e+00
4.144664964964954379e+01
1.131341341341353945e-01
1.011171171171185712e-01
3.423532532532527206e+00
2.207074074074086845e+00
1.271910130130129204e+02
4.635878878878843423e+00
2.602112112112148212e-01
2.928687687687700159e+00
5.543857857857847904e+00
2.057957957957919776e-02
1.605646246246245212e+01
1.187374144144143457e+02
2.319978978978991080e+00
4.225655655655710108e-01
3.413403403403451608e-01
1.742612712712713119e+01
2.028018018018057367e-01
1.536659199199199861e+02
9.383983983983890109e-02
5.612802802802880908e-01
1.200390390390377315e-01
4.537983983984024583e+00
2.858358358358397133e-01
8.941541541541575544e-02
2.631729729729722411e+00
3.522672672672748084e-01
9.244151151151153556e+01
2.830340340340356531e-01
3.435901901901886824e+00
3.159069069069022073e-01
2.634624624624608002e-01
2.446712712712713511e+00
4.923984984984985935e+00
4.359899899899981612e-01
9.584373373373392013e+00
1.556066066066076337e-01
4.121439439439432029e+00
3.026381381381398672e+00
1.019538938938936390e+01
3.975465465465465975e+00
8.394033033033085900e+00
1.557058058058048200e+00
8.298198198198174225e-02
2.057751751751772940e+00
2.820060060060083362e-01
6.091601601601697169e-01
1.498886376376375722e+02
1.438421761761762525e+02
2.069419419419431083e+00
4.882922922923002007e-01
2.776394394394375631e+00
1.448012562562561811e+02
4.983389389389395241e+00
4.968346346346375064e+00
6.076626626626658867e-01
3.626080080080092305e+00
4.371481481481527265e-01
3.856175175175158287e+00
1.878425225225225290e+02
3.918718718718740557e-01
2.043563563563544350e-01
6.115131131131158249e+00
1.000898808808808695e+02
2.870924924924916688e+00
5.451354354354344345e+00
2.286196196196138564e-01
1.094147547547547994e+01
2.912732732732724594e-01
3.659259259259185770e-02
2.448508508508533965e-01
5.843373973973974955e+01
1.074643343343343105e+01
2.329748778778775318e+02
6.430330330330182032e-02
6.731761761761739793e-01
4.111927927927913728e+00
2.605004004004001228e+00
1.986696696696649000e-01
3.175970970970980023e+00
3.767173173173167910e+00
3.778808808808731268e-01
2.628465865865861417e+01
7.314014014013947573e-02
4.639599599599525392e-01
5.034215215215207095e+00
1.057057057057038257e-01
3.246866866866919277e-01
2.727658658658675517e+00
3.778501501501508208e+00
2.647170570570571257e+01
1.607629629629599100e+00
3.743703703703706864e-01
4.071061061061058695e+00
4.103643643643603012e-01
2.996987987988012136e+00
1.138158158158157018e+00
1.000000000000003924e-03
2.338637637637638278e+01
2.471511511511554071e-01
2.469969969969920687e-01
3.380880880880813427e-02
2.978128128128174068e-01
5.733633633633582888e-02
2.898400400400408916e+00
2.697727727727777247e-01
6.878188188188084640e-01
1.651471471471497587e-01
3.630349349349374144e+00
2.715638638638639524e+00
5.922277277277264496e+00
3.952831831831823628e+00
6.085796796796784314e+00
6.097088088088100655e+00
5.670034734734730364e+01
1.519763873873872058e+02
4.565831831831812515e+00
2.910601601601592758e+00
2.632516816816814043e+01
2.545445445445459476e-01
9.663068068068096039e+00
5.204804804804705198e-02
1.091183983983992611e+01
2.520226226226199628e+00
5.987987987987924282e-03
3.655653653653649471e+00
3.043473473473545798e-01
4.934534534534577160e-02
1.327628728728715579e+01
8.692900100100104055e+01
3.683193193193117776e-01
2.490733733733732524e+00
3.990384384384402239e+00
8.495649649649637425e+00
2.670472472472461778e+00
3.003877877877872304e+00
4.776516516516523536e-01
3.433827827827813373e+00
1.913663663663636438e-01
2.976775775775776900e+00
6.871485485485507638e+00
2.351821821821821423e+00
4.407705705705763144e+00
6.334324324324334121e-01
2.711691691691739958e-01
4.380534534534548108e+00
3.454604604604574192e-01
1.280099099099096271e+01
1.070499799799804386e+01
2.175716716716698862e+00
1.012613313313316965e+01
1.474584584584592295e-01
4.669529529529471423e-01
3.222412412412434257e-01
2.701250250250264884e+00
5.999377377377373755e+00
1.518418418418428506e-01
4.079868868868890885e+00
3.888973973973977483e+00
1.604813153153153564e+02
2.067247247247220865e-01
1.752089089089085405e+01
2.782292292292314895e-01
4.722462462462471700e-01
1.863030830830832230e+01
6.782896896896958516e+00
3.495430430430463975e+00
3.294324324324303666e-01
9.943566666666653475e+01
7.816671671671668875e+00
4.388848848848834194e+00
3.401511511511514652e-01
3.917177177177088021e-01
1.451922922922948000e+00
5.919065065065085562e+00
1.491983183183182682e+01
3.200700700700766926e-02
1.565265265265288197e-01
1.968643643643627428e+00
2.150747747747730809e+00
4.743702702702700336e+00
1.196923523523524224e+01
5.545771771771790704e+00
3.725036036036020626e+00
5.426376376376417232e-01
6.957957957957843116e-03
7.639139139139110302e-02
5.373602602602615796e+00
4.765839839839854264e+00
5.591049049049039432e+00
2.261681681681661504e-01
5.815459459459484393e+00
1.902878778778778823e+01
4.296696696696657991e-01
5.468339339339343042e+01
5.042552552552570511e+00
6.916906906906862496e+00
2.890063063063048610e+00
1.402548348348355844e+01
4.520547547547547396e+00
1.672772772772774044e-02
2.756055055055031122e+00
6.477917917917925372e+00
2.703713713713647993e-01
3.908442442442430664e+00
1.906202202202205820e+00
6.239694794794801425e+01
1.180429929929922572e+01
2.833596596596593020e+00
2.707878878878856810e+00
1.887867867867859817e-01
2.536966966966999193e-01
1.114614614614622690e-01
3.988028028027943983e-01
3.161388388388373549e+00
7.963103103103088554e-01
6.092032032032067557e-01
3.751844844844853810e+00
2.564579979979975022e+01
4.479803603603608764e+01
2.351537537537530920e+00
1.284384384384380795e-02
1.849469469469451066e-01
3.260143243243241784e+01
2.144709709709702317e+00
4.100980980980945212e+00
4.979118118118082137e+00
8.092692692692624035e-02
1.746767767767744006e+00
2.506016016016057169e-01
1.176136136136116950e-01
3.537244644644642477e+01
4.149122122122102851e+00
4.149276276276273379e+00
4.307817817817808370e-01
4.845607607607610667e+00
3.790660660660712389e-01
5.154897897897884995e+00
1.110731231231241267e+01
3.166141141141169069e+00
2.903105105105103334e+00
1.377177177177199285e-01
4.409439439439451824e+00
2.363346346346351368e+01
3.918232232232243817e+00
2.086811811811807083e+00
7.975975975976145119e-03
3.072302302302336585e-01
2.478213213213199317e+00
6.609884884884888123e+00
2.179793793793806778e+00
2.326076076076099286e-01
1.123043843843845657e+01
9.646214814814818794e+01
6.123888888888915361e+00
8.282408408408400646e+00
9.246794794794755745e+00
1.667867867867863563e+00
2.501841841841839220e-01
1.130529619619618416e+02
9.548543443443435308e+01
2.552106106106120542e+00
2.685161161161162990e+00
6.399957957957977506e+00
3.632821821821826003e+00
3.740050050050051311e+00
1.618484484484482566e+00
2.993993993994000739e-03
1.744124124124158959e-01
3.059254254254246241e+00
2.888325825825826954e+01
4.663686686686679295e+00
7.197451351351361382e+01
3.328189389389392261e+01
1.759717517517510643e+01
1.900266266266298354e+00
2.265775775775820677e-01
4.518245245245230635e+00
3.043710710710685774e+00
5.527827827827716534e-02
1.150242642642641897e+02
1.023930930930948113e+00
1.702732732732726184e+00
1.624791791791793782e+00
4.680413413413383239e+00
2.185748748748768122e+00
4.617524524524545981e+00
8.499441441441474510e+00
1.886286286286249503e-01
1.976976976977013606e-02
7.774736036036030384e+01
3.041896896896875369e+00
7.812558058058058919e+01
3.730480480480519723e-01
3.395009009008985057e+00
1.186786786786797783e-02
4.700833333333327602e+01
0.000000000000000000e+00
1.701274374374374432e+01
2.439939939939883562e-02
5.459829829829722092e-01
4.780805905905961595e+01
3.474455455455459418e+00
3.862728728728704208e+00
1.275492442442442353e+02
5.549331331331340600e+00
6.005242242242258222e+00
2.568968968969007616e-01
3.649016016016020547e+00
1.040190190190202202e-01
4.672555555555559792e+00
3.303118218218220647e+01
3.001861861861870873e-01
4.379004004004006845e+01
1.694429699699702496e+02
3.214328328328313944e+00
5.979979979980070033e-03
5.240165165165152850e+00
7.797960560560564147e+01
7.084243243243244947e+00
2.235962962962986467e+00
9.842886386386344100e+01
5.753553553553451827e-02
2.128778778778769976e+00
1.278978978978979886e-01
3.985235235235323192e-01
1.047265155155154019e+02
2.212342342342314694e-01
1.340897097097092860e+01
9.813676676676692523e+00
4.081252252252250301e+00
2.078804804804806228e+00
3.480580580580613370e-01
5.773563563563534062e-01
1.727684684684675620e+00
1.068114214214219082e+01
4.165084084084079485e+00
4.414853853853855092e+00
1.886846846846825243e-01
1.497107107107111590e+00
2.259320720720717901e+01
6.698960360360364064e+01
2.710620620620620258e+00
1.523753753753752660e+00
5.584493493493500438e+00
1.318678678678667504e-01
1.318020610610609253e+02
3.542548548548524856e+00
2.102147147147136241e+00
7.879932932932931067e+00
2.193668668668644184e+00
3.483223223223179232e+00
7.357841841841859853e+00
2.229549549549529608e-01
4.596396396396496553e-01
3.164564564564491256e-02
5.296486486486445822e-01
5.921723723723757438e+00
1.500321391391390762e+02
1.305859669669670495e+02
3.789496496496500555e+00
3.237507507507581539e-01
3.773307307307309344e+00
3.128434434434433253e+00
4.693868868868872113e+00
3.192952952952888279e-01
5.055878878878895755e+00
5.670770770770750674e-02
7.754983983983870566e+00
3.847798798798789832e+00
3.251120120120133627e+00
2.761391391391411876e+00
6.268539539539506933e+00
4.073893893893824614e-01
1.568441261261262412e+02
3.762137137137119502e+00
1.653330930930929910e+01
3.344995995996017601e+00
4.957804804804815113e+00
2.833788788788782043e+00
3.823901901901902711e+00
2.518988988988978495e+00
1.728249749749724629e+01
2.923294294294280782e+00
3.880677677677687232e+00
4.725340340340365763e+00
1.297967967967959269e-01
6.940910910910951248e-01
1.307373373373365011e+00
5.175345345345329306e+00
3.798449449449447179e+00
6.685599599599598264e+00
2.381451451451421231e-01
1.405795795795816150e-01
3.263813813813797871e-01
3.538738738738817641e-02
1.394734734734731418e+00
1.137897897897924698e-01
4.994624624624547926e-01
3.870226226226215704e+00
4.687282282282260404e+00
1.929509509509511889e-01
2.338658658658642475e-01
1.604368868868872511e+01
2.568243243243233387e+00
2.443069469469468658e+01
1.061831831831821782e-01
3.100700700700727286e-02
4.509859859859874476e+00
2.530750750750769829e-01
8.606106106106020670e-02
2.292598598598592829e+00
9.481472472472441737e+00
8.437537537537662113e-02
3.955654654654675362e+00
4.296914914914910177e+00
5.948354354354365547e+00
2.036936936936958042e-01
3.579579579579652560e-01
