1.016566566566576624e+00
6.780320320320342153e-01
0.000000000000000000e+00
5.693073073073114942e-01
1.236336336336344210e+00
5.537527527527570381e-01
2.239799799799770119e-01
6.790330330330361930e-01
2.322762762762777267e-01
6.424374374374368646e-01
1.959022522522524667e+01
1.094844844844844872e-01
0.000000000000000000e+00
3.278758758758786862e-01
4.546656656656697937e-01
1.802161161161147218e+00
0.000000000000000000e+00
0.000000000000000000e+00
1.038016716716722421e+01
4.432232232232299896e-01
0.000000000000000000e+00
3.270180180180222163e-01
8.348378378378373821e-01
2.044084084084064890e-01
0.000000000000000000e+00
0.000000000000000000e+00
7.485345345345358892e-01
0.000000000000000000e+00
0.000000000000000000e+00
6.563143143143002067e-01
1.653407407407387009e+00
3.306306306306260739e-02
2.121621621621592457e-01
2.718468468468456245e-01
7.381811811811728186e-01
6.380570570570509581e-01
2.043561361361362927e+01
1.044021121121117623e+01
2.249439439439464283e-01
7.818048048048077403e-01
2.903338338338314895e+00
4.115895895895832490e-01
7.846556556556520956e-01
6.124814814814737440e-01
7.476856856856846090e-01
0.000000000000000000e+00
3.740360360360346359e-01
0.000000000000000000e+00
8.568208208208294430e-01
4.233329329329341917e+00
6.604944944944957097e-01
0.000000000000000000e+00
3.006906906906892801e-02
2.402792792792750876e-01
8.372112112112058968e-01
1.719259259259280637e-01
6.625585585585596071e-01
2.097477477477519003e-01
1.402466466466472772e+00
6.724794794794755060e-01
1.253943243243242556e+01
3.831051051051023171e-01
8.855702702702735962e+00
0.000000000000000000e+00
5.294234234234286296e-01
2.997997997998106973e-03
1.598129129129126635e+00
6.254354354354326739e-01
2.496246246246307532e-01
1.672772772772776473e-02
9.887647647647520577e-01
0.000000000000000000e+00
7.895195195195157112e-01
9.184034034033961014e-01
5.979979979980080441e-03
1.323059359359356790e+01
6.303043043043098370e-01
6.850630630630707429e-01
8.080014014014023971e+00
3.279469469469462051e-01
6.116296296296319657e-01
6.187107107107149284e-01
2.842742742742712658e-02
1.728874874874873235e+00
1.250336336336336673e+00
8.936796796796750986e-01
5.001501501501577351e-01
8.175205205205250403e-01
3.528998998999011150e-01
2.144934934934918103e-01
6.977977977977990916e-03
4.916976976976959457e-01
1.581581581581547810e-02
7.476416416416521438e-01
5.649839839839881916e-01
4.218738738738708749e-01
7.870220220220226492e-01
6.918568568568556065e-01
4.056916916916999960e-01
1.449148148148147364e+01
1.176775775775778854e+00
0.000000000000000000e+00
1.088988988988995842e-02
3.729052052052030941e+00
2.348588588588618742e-01
6.770250250250163804e-01
4.742552552552484202e-01
2.807417417417432670e-01
2.471111111111149450e-01
8.464804804804928473e-01
2.440030030029977370e-01
1.000000000000002623e-03
1.997997997998037130e-03
1.014313313313307541e+00
7.345075075075019333e-01
1.672772772772785840e-02
0.000000000000000000e+00
9.318028028028014775e-01
5.952092092092018394e-01
2.248846846846840553e+00
1.848509509509504545e+00
3.230970970970988287e-01
1.537747747747736093e-01
4.523663663663651802e-01
7.301591591591672925e-01
2.639829829829789531e-01
6.864444444444417481e-01
8.927927927927946719e-03
3.375828828828821848e+00
0.000000000000000000e+00
0.000000000000000000e+00
0.000000000000000000e+00
0.000000000000000000e+00
6.654724724724706553e-01
4.905305305305291408e-01
4.630816816816846426e+00
2.447687687687753744e-01
1.305808808808794907e+00
5.779039039038984527e-01
0.000000000000000000e+00
4.549809809809718386e-01
6.275145145145121228e-01
0.000000000000000000e+00
7.226016016015965882e-01
2.185345345345398593e-01
6.523633633633518780e-01
5.077707707707723728e-01
2.142442442442450690e-01
6.266876876877004454e-01
1.997997997997974246e-03
9.463403403403494174e-01
6.614644644644616100e-01
0.000000000000000000e+00
9.109219219219195640e-01
1.720159159159135864e+00
5.621651651651692339e-01
7.727627627627666751e-01
1.867858858858870486e+00
5.470370370370258861e-01
1.772772772772757133e-02
1.575975975975999616e-02
0.000000000000000000e+00
6.688288288288245231e-02
3.995544544544542553e+00
7.905055055055135727e-01
1.759712412412413585e+01
4.979979979979972000e-03
6.704434434434448642e-01
2.890474474474470590e+00
7.041101101101182591e-01
2.629729729729742005e-02
6.211671671671511463e-01
4.465985985985921336e-01
0.000000000000000000e+00
2.196806806806776979e-01
2.713213213213228503e+00
6.217397397397411707e-01
6.688288288288242456e-02
2.153753753753788122e-02
4.236296296296345743e-01
6.957957957957924648e-03
8.142832832832788137e-01
1.094844844844844872e-01
7.294114114114090830e-01
1.166876876876859898e-01
4.855715715715739900e-01
7.767177177177203573e-01
4.054834834834838420e-01
4.690100100100141334e-01
1.190750750750778353e-01
7.118298298298235682e-01
8.902852852852830567e-01
6.348888888888902793e-01
7.470420420420426089e-01
1.000000000000000238e-03
9.566236236236284052e-01
0.000000000000000000e+00
7.405115115115080693e-01
0.000000000000000000e+00
6.025151151151146856e+00
3.038477477477480981e+00
5.964324324324298265e-01
5.557457457457530559e-02
0.000000000000000000e+00
7.201581581581562030e-01
0.000000000000000000e+00
1.211597597597579012e+00
0.000000000000000000e+00
1.000000000000007827e-03
1.635255255255254614e-01
1.596821921921920762e+01
2.480390390390345978e-01
9.956256256256136583e-02
2.986726726726717795e-01
7.739359359359394563e-01
1.340560060060063741e+01
7.009560560560563758e+00
7.385504504504489809e+00
2.187247247247216531e-01
5.556096096096219128e-01
4.238238238238282718e-01
2.419969969969992807e-01
1.450472472472472241e+00
0.000000000000000000e+00
5.669684684684693998e+00
5.531341341341394768e-01
8.725065065064949721e-01
3.355335335335371538e-01
1.904872872872848122e+00
4.886066066066065972e-01
0.000000000000000000e+00
2.610390390390415760e-01
7.592582582582629858e-01
7.819549549549389411e-01
2.382768768768777079e+00
1.321691691691681436e+00
2.642933933933949486e+00
6.593103103103085116e-01
6.006356356356375992e-01
3.969119119119198236e-01
4.995425425425453758e-01
4.001341341341270730e-01
0.000000000000000000e+00
1.502942942942932791e-01
7.403993993994087974e-01
8.051831831831780528e-01
5.406609609609627221e+00
6.307447447447560585e-01
2.738228228228259953e-01
4.821641641641676301e-01
7.295165165165237164e-01
7.303693693693691369e-01
1.142232232232248124e-01
1.088988988988995842e-02
2.181771771771754409e-01
2.928554554554555267e+00
4.112322322322319867e-01
1.359709709709700176e+00
1.189856856856859935e+00
7.806866866866865040e-01
0.000000000000000000e+00
0.000000000000000000e+00
5.505975975975962999e-01
2.437071071071030826e+00
1.174878478478480126e+01
6.031491491491492996e-01
1.840198198198219393e+00
5.746166166166128964e-01
3.262682682682677138e-01
5.584084084084126598e-01
7.178428428428441643e-01
2.046328328328330670e+00
0.000000000000000000e+00
2.093579579579564864e+00
0.000000000000000000e+00
1.000000000000008911e-03
9.199109109109145921e-01
8.848448448448295589e-02
0.000000000000000000e+00
9.205155155155140267e-01
6.634304304304200484e-01
4.799273273273310103e+00
5.953653653653602218e-01
4.833773773773775151e-01
1.797754754754761874e+00
7.171561561561503595e-01
6.952813813813860655e+00
7.063663663663658498e-01
7.768958958958916972e-01
2.370120120120150498e-01
7.268168168168189780e-01
4.504731731731741462e+00
7.852012012011978515e-01
0.000000000000000000e+00
8.923033033032956585e-01
5.904494494494429979e-01
2.168891891891896240e+00
2.068768768768768779e-02
7.776606606606644156e-01
7.785285285285245549e-02
6.456526526526461529e-01
5.700690690690627394e-01
3.688638638638652711e-01
5.287067067067066084e-01
0.000000000000000000e+00
6.891681681681726124e-01
4.574174174174219093e-02
2.209799799799753994e-01
7.007607607607636568e-01
5.842992992992945833e-01
0.000000000000000000e+00
1.997997997998016313e-03
7.265325325325220351e-01
4.643433433433376001e-01
0.000000000000000000e+00
0.000000000000000000e+00
6.070360360360286256e-01
8.973033033032858929e-01
8.350660660660683687e-01
0.000000000000000000e+00
1.266217217217207924e+00
2.243783783783800112e-01
2.274872872872877316e+00
1.470416416416426175e+00
2.001382382382387082e+00
6.361931931931912310e-01
4.515029029029036245e+00
6.590500500500467984e-01
5.976986986987036232e-01
0.000000000000000000e+00
6.127467467467484497e-01
7.564634634634506138e-01
7.687507507507449489e-01
7.943943943943876373e-03
7.407107107107187005e-01
3.235735735735698615e-01
1.011051051051052169e-01
5.252392392392405407e-01
4.516826826826903507e-01
1.003313313313326793e-01
7.583243243243094067e-01
0.000000000000000000e+00
1.961961961961953410e-02
1.769369369369347064e-02
0.000000000000000000e+00
1.919052952952957369e+01
6.116176176176316703e-01
6.023897897897870557e+00
2.750460460460500411e-01
8.756456456456441773e-01
1.100735735735741905e+00
9.328118118118124968e-01
1.997997997998018482e-03
3.986936936936970599e-01
2.997997997998013732e-03
2.268843843843835195e+00
1.000000000000000021e-03
1.007325325325339138e+00
7.599019019018994348e-01
0.000000000000000000e+00
1.338528528528515338e-01
3.006906906906893148e-02
0.000000000000000000e+00
1.599549549549589833e-01
0.000000000000000000e+00
3.846066066065985667e-01
2.883503503503560550e-01
9.474054054053945295e-01
1.138003003002995150e+01
1.959069069069089841e-01
7.198798798798872189e-02
0.000000000000000000e+00
1.861331331331340933e-01
0.000000000000000000e+00
7.373323323323400791e-01
0.000000000000000000e+00
6.562792792792813135e-01
2.490930930930966569e-01
6.839289289289319784e-01
5.555135135135106372e-01
3.130716716716730463e+00
8.230990990990988410e-01
0.000000000000000000e+00
1.997997997998002869e-03
5.431021021021057438e-01
4.919059059059005534e-01
3.462242242242265511e-01
9.691431431431486443e-01
4.483583583583653637e-02
3.137366366366393766e+00
9.845791791791798531e+00
5.480830830830863976e-01
1.891801801801837046e-01
4.721651651651542769e-01
6.685835835835963747e-01
7.734154154154184724e-01
5.990440440440397696e-01
1.571321321321301756e-01
7.337517517517595511e-01
1.312557557557558097e+00
6.824074074074065743e-01
7.528468468468517694e-01
9.613546546546530180e+00
3.515545545545589734e-01
1.278921021021025517e+01
7.031931931931912905e-01
4.452742742742671345e-01
1.865215215215217937e+00
6.286946946946879722e-01
6.857717717717710659e-01
0.000000000000000000e+00
1.456739739739739692e+00
1.994354354354368475e-01
6.271861861861907084e-01
8.419290290290266654e+00
9.580320320320323546e-01
9.319900900900860208e+00
8.900870870871008256e-01
1.438678678678680378e-01
8.995295295295282489e-01
6.237067067067074699e-01
8.532132132132119740e-01
5.969969969969962306e-03
2.346096096096096095e-01
1.334175975975968598e+01
1.170367367367368905e+00
2.564663663663643067e+00
2.993993993993999871e-03
6.309249249249302416e-01
4.218898898898857941e-01
1.842188188188183640e+00
1.000000000000010212e-03
6.688288288288239680e-02
0.000000000000000000e+00
1.237187187187183568e+00
7.082972972972951808e-01
1.159509509509532577e-01
3.948302302302299172e+00
4.520820820820868335e-01
9.951951951951941433e-03
2.423213213213256945e-01
7.176296296296250654e-01
9.367747747747755538e-01
1.380481981981980155e+01
2.150709709709704320e+00
0.000000000000000000e+00
0.000000000000000000e+00
1.092212212212202022e-01
1.922269269269285763e+00
8.177347347347387885e-01
0.000000000000000000e+00
4.093133133133030066e-01
5.873813813813839602e-01
6.686876876876872711e-01
5.098248248248175019e-01
7.951101101101257784e-01
1.044374374374376080e+00
8.417767767767649900e-01
6.958368368368385015e-01
0.000000000000000000e+00
0.000000000000000000e+00
8.322042042041983834e-01
7.313713713713612674e-02
0.000000000000000000e+00
2.066136136136104418e-01
1.565205205205176808e-01
1.119949949949923806e-01
8.064854854854818234e-01
6.840680680680666370e-01
7.343883883883893793e-01
2.110070070070091675e-01
0.000000000000000000e+00
2.512392392392405749e-01
1.344192192192188440e+00
8.067957957957955228e-01
1.210998998998997545e+00
3.749809809809818151e-01
2.958448448448465773e-01
2.482592592592567649e-01
6.473213213213293571e-01
7.642672672672577994e-01
1.478476776776780532e+01
6.716616616616550850e-01
5.693653653653648616e-01
4.929699699699796600e-01
8.529539539539530146e-01
1.766393393393403732e+00
3.708448448448400936e-01
3.578208208208238372e-01
0.000000000000000000e+00
7.444704704704686593e-01
2.324914914914862352e-01
9.234894894894968287e-01
1.866826826826800401e-01
1.000000000000012164e-03
2.993993993993999004e-03
6.072762762762650146e-01
2.993993993994001606e-03
0.000000000000000000e+00
3.876256256256315202e-01
4.283718718718753315e+00
8.979449449449343756e-01
4.595490490490547586e+00
0.000000000000000000e+00
1.788898898898911294e-01
7.600620620620687218e-01
1.997997997997977716e-03
8.292042042042034877e-01
7.932642642642723230e-01
0.000000000000000000e+00
9.511981981981902923e-01
1.061062162162163958e+01
3.716566566566508745e-01
6.377597597597609580e-01
2.035926926926945768e+00
7.577567567567567997e-01
7.167707707707725584e-01
7.801781781781692571e-01
0.000000000000000000e+00
4.992382382382405948e-01
1.291872872872876554e+00
3.648598598598587484e-01
1.157351351351338042e+00
6.727437437437442380e-01
1.810680680680665011e+00
0.000000000000000000e+00
6.288038038038064048e-01
4.483583583583658494e-02
6.587577577577561350e-01
1.923690690690696536e+00
7.793088088088062193e+00
2.391630630630633192e+00
2.862772772772796404e-01
0.000000000000000000e+00
3.528002002001993986e+00
7.159459459459451836e-01
3.986736736736659625e-01
5.871866866866922052e+00
6.466976976977074631e-01
1.381781781781792756e-02
7.724024024024055413e-01
6.901351351351323604e-01
0.000000000000000000e+00
7.908218218218276974e-01
2.057957957957905204e-02
8.836086086085958025e-01
0.000000000000000000e+00
6.806086086086065023e-01
5.391151151151115650e-01
1.997997997998035395e-03
3.296783783783785449e+00
2.629729729729750679e-02
1.955899899899880445e+00
6.877407407407374329e-01
7.029429429429301379e-02
7.929899899899989224e-01
0.000000000000000000e+00
9.625695695695668519e-01
3.664174174174174570e-01
2.540082182182181469e+01
6.312502502502504997e-01
4.375274274274276287e+00
2.623686686686670377e+00
7.008478478478489260e-01
0.000000000000000000e+00
5.943173173173156298e-01
9.797397397397331620e-01
5.894394394394395498e-01
8.831101101101068718e-01
2.252612612612561738e-01
6.616607607607616792e+00
6.893433433433459046e-01
8.116016016016035228e-02
8.650400400400432011e-01
7.106096096096128356e-01
4.873573573573646012e-02
1.716342242242243188e+01
8.248758758758812926e-01
5.681821821821728680e-01
1.309801801801814491e+00
6.598088088088015501e-01
4.903766766766773699e+00
0.000000000000000000e+00
0.000000000000000000e+00
7.205365365365457020e-01
2.729409409409433995e-01
1.327182882882883419e+01
7.787567567567552640e-01
1.478978978979033146e-02
5.292602602602645145e-01
7.863253253253179587e-01
0.000000000000000000e+00
2.238912912912911946e+00
1.499958958958955435e+01
5.643153153153253054e-01
1.864864864864884675e-01
1.248088088088107478e-01
2.374956956956946641e+00
3.843843843843811753e-02
1.833853753753753324e+01
0.000000000000000000e+00
6.012362362362401180e-01
0.000000000000000000e+00
7.365255255255376277e-01
2.492882882882843099e-01
0.000000000000000000e+00
7.049969969970081296e-01
1.940250250250294961e-01
1.086649749749753902e+01
2.394234234234256520e-01
6.403103103103050531e-01
2.502252252252207820e-01
1.546736736736731288e-01
3.623883883883954327e-01
8.159219219219316921e-01
1.798148148148122072e-01
1.341903903903896911e+00
0.000000000000000000e+00
7.057097097097048133e-01
7.169769769769667178e-01
1.619158158158154226e+00
6.634604604604569245e-01
1.114191191191197694e+00
7.217197197197138259e-01
1.000000000000010429e-03
5.638508508508512929e-01
3.751651651651650293e-02
2.716386386386421825e-01
1.483297397397393524e+01
1.842475775775774238e+01
5.631791791791778135e-01
6.716516516516597701e-02
6.435895895895890062e-01
1.786779279279279464e+01
8.007067067067102917e-01
7.547337337337377550e-01
2.549409409409437166e-01
7.011311311311293482e-01
1.090990990991007742e-01
7.183713713713579807e-01
2.133749449449447155e+01
1.536726726726707071e-01
1.000000000000009995e-03
9.905845845845822062e-01
1.245946946946948763e+01
4.878898898898898495e-01
8.736576576576682296e-01
1.219579579579563589e-01
1.526910910910894037e+00
1.445195195195185245e-01
0.000000000000000000e+00
1.399159159159178711e-01
6.672846846846899993e+00
1.477715715715698153e+00
2.663458258258259193e+01
0.000000000000000000e+00
4.622042042041991095e-01
6.496676676676576001e-01
4.833293293293273729e-01
4.483583583583643922e-02
6.705695695695680358e-01
6.726986986986870365e-01
1.597667667667696245e-01
3.420567567567560197e+00
0.000000000000000000e+00
4.963663663663687997e-02
8.226836836836879385e-01
1.000000000000002840e-03
1.276536536536568844e-01
4.761101101101001820e-01
5.794344344344383169e-01
3.491967967967940734e+00
6.092302302302160522e-01
2.147327327327363811e-01
6.649399399399301691e-01
2.430330330330339184e-01
4.292252252252234945e-01
3.718748748748769151e-01
0.000000000000000000e+00
2.841945945945933083e+00
1.240990990991014398e-01
2.117957957958002957e-01
0.000000000000000000e+00
2.724324324324317245e-02
0.000000000000000000e+00
6.097377377377417584e-01
7.868268268268129029e-02
3.365575575575576184e-01
2.993993993993999438e-03
7.800540540540599199e-01
5.425575575575447562e-01
9.202462462462415171e-01
7.432782782782879627e-01
9.174184184184033253e-01
8.854254254254426693e-01
7.585151151151169557e+00
1.865884084084084904e+01
7.865935935935947088e-01
5.315765765765743112e-01
3.217428428428453557e+00
1.534324324324309041e-01
1.341418418418422576e+00
0.000000000000000000e+00
1.538713713713721898e+00
6.892362362362414174e-01
0.000000000000000000e+00
6.774674674674584507e-01
3.866066066066049106e-02
0.000000000000000000e+00
1.791861861861858474e+00
1.096351351351352044e+01
1.201711711711697106e-01
5.455245245245287089e-01
7.658878878878910834e-01
1.275835835835845256e+00
4.990210210210174191e-01
6.403243243243228466e-01
2.654954954955005691e-02
6.014564564564565119e-01
1.381781781781803685e-02
7.469129129129179478e-01
1.057971971971978453e+00
7.169399399399403183e-01
6.986046046046096025e-01
2.270370370370390911e-01
1.896736736736755191e-01
7.088498498498523315e-01
7.951051051051090390e-02
1.810654654654651807e+00
1.447829829829841319e+00
2.820740740740692587e-01
1.388779779779784729e+00
1.997997997998004170e-03
2.386936936936897846e-01
2.412162162162189982e-01
6.622012012012007398e-01
9.051991991991812370e-01
1.997997997998046237e-03
5.453833833833756639e-01
6.933233233233245807e-01
1.917155755755758406e+01
1.672772772772784799e-02
2.290909909909920827e+00
2.912912912913000890e-02
1.057917917917895606e-01
2.548922922922921330e+00
9.509799799799660835e-01
6.455065065065003216e-01
6.530330330330401389e-02
1.197100500500502918e+01
1.123985985985993308e+00
7.225335335335303366e-01
5.491491491491536786e-02
1.901651651651613539e-01
5.318028028028040088e-01
9.870350350350401980e-01
1.825091091091107787e+00
0.000000000000000000e+00
2.993993993994002473e-03
1.810360360360391829e-01
5.000260260260337430e-01
7.004894894894871937e-01
1.534140140140163755e+00
9.114784784784888405e-01
7.285795795795920737e-01
2.167667667667637077e-01
0.000000000000000000e+00
0.000000000000000000e+00
8.747107107107042756e-01
6.893843843843988628e-01
9.222482482482567967e-01
5.969969969969968378e-03
9.239299299299110757e-01
2.266337337337355429e+00
1.436136136136139108e-01
6.551601601601611868e+00
7.812022022022029333e-01
1.075981981981985136e+00
6.588428428428413364e-01
1.779640640640650640e+00
7.418258258258245696e-01
0.000000000000000000e+00
6.306446446446478671e-01
9.742522522522527595e-01
2.344744744744710341e-02
7.188738738738682521e-01
6.688718718718746903e-01
8.060625625625592150e+00
1.783609609609614788e+00
3.247537537537588670e-01
4.084674674674689809e-01
4.995995995996041321e-03
1.982142142142147012e-01
0.000000000000000000e+00
2.330070070070078825e-01
6.106406406406402754e-01
1.189539539539560403e-01
2.943883883883879338e-01
6.389959959959871094e-01
3.085109109109113845e+00
5.340074074074085075e+00
4.134634634634662409e-01
0.000000000000000000e+00
1.088988988989000005e-02
3.834056056056084572e+00
4.713613613613635844e-01
8.306756756756832338e-01
8.047547547547598823e-01
0.000000000000000000e+00
4.428688688688656172e-01
7.029429429429315257e-02
0.000000000000000000e+00
4.187547547547533888e+00
7.617107107107189412e-01
6.759429429429312242e-01
2.476466466466490102e-01
8.272152152152236759e-01
2.141851851851828969e-01
7.767147147147079878e-01
1.640254254254265964e+00
7.143453453453421087e-01
4.559859859859790587e-01
0.000000000000000000e+00
8.517897897897831472e-01
3.129340340340323046e+00
5.937957957957987754e-01
4.895855855855787420e-01
0.000000000000000000e+00
5.985985985986074127e-03
6.261201201201219702e-01
1.006388388388403055e+00
2.616526526526581908e-01
1.283273273273261295e-01
1.523497497497496411e+00
1.152618118118120982e+01
9.941201201201061988e-01
1.127165165165170402e+00
1.181196196196187875e+00
1.796496496496541306e-01
2.289129129129089668e-01
1.426533633633634857e+01
9.903374374374388722e+00
5.077937937937928581e-01
6.437097097097147502e-01
1.002212212212223230e+00
6.478818818818868897e-01
7.649829829829726258e-01
1.998538538538529308e-01
0.000000000000000000e+00
1.088988988988995842e-02
5.507527527527558142e-01
3.830409409409405885e+00
7.305595595595656411e-01
8.645195195195203297e+00
4.563390390390398288e+00
2.409559559559540709e+00
5.147167167167251423e-01
1.981381381381333573e-02
7.899079079079159849e-01
5.828738738738811209e-01
0.000000000000000000e+00
1.436701801801810596e+01
3.980050050050094601e-01
2.734884884884840051e-01
7.262572572572559837e-01
8.236286286286224056e-01
7.497047047046907498e-01
7.537887887887897431e-01
1.119821821821814778e+00
1.000000000000008044e-03
0.000000000000000000e+00
9.235317317317310426e+00
5.535955955955949026e-01
9.001839839839846036e+00
1.540540540540568382e-01
4.858448448448517420e-01
0.000000000000000000e+00
6.088759759759782675e+00
0.000000000000000000e+00
2.371306306306302680e+00
0.000000000000000000e+00
4.001951951951996378e-01
5.374578578578559807e+00
6.784134134134175431e-01
6.780680680680649663e-01
1.412881281281278056e+01
9.508438438438346907e-01
9.004994994995039193e-01
1.997997997997972078e-03
5.922032032032041871e-01
0.000000000000000000e+00
8.333083083083003828e-01
4.319230230230228784e+00
1.291591591591629076e-02
5.570884884884888422e+00
2.103116716716726486e+01
6.372442442442474153e-01
0.000000000000000000e+00
7.116786786786846175e-01
1.016901201201204508e+01
1.076554554554549847e+00
5.392732732732673506e-01
1.094156756756757964e+01
0.000000000000000000e+00
3.685635635635665652e-01
0.000000000000000000e+00
7.300400400400414158e-02
1.161726826826827796e+01
1.124714714714700192e-01
1.879287287287279673e+00
1.262188188188184457e+00
7.849029029028870008e-01
3.786966966967016957e-01
2.004714714714721790e-01
1.520740740740744723e-01
4.901181181181190061e-01
1.404210210210202092e+00
7.280680680680817751e-01
7.930950950950959033e-01
1.769369369369397718e-02
2.817407407407416242e-01
3.017678678678695103e+00
8.135894894894907026e+00
6.095445445445546451e-01
5.561271271271255312e-01
9.034114114113988014e-01
1.997997997998013711e-03
1.703271871871871213e+01
6.236826826826766812e-01
3.051681681681671643e-01
1.184130130130125025e+00
4.507007007006975097e-01
6.233223223223220977e-01
1.159229229229227220e+00
4.210610610610576732e-02
3.366196196196185597e-01
0.000000000000000000e+00
3.438118118118144717e-01
9.445795795795631777e-01
1.741050150150153186e+01
1.469933033033033709e+01
7.292992992993040380e-01
2.383573573573514182e-01
7.458308308308302381e-01
5.507097097097044536e-01
8.038138138138184452e-01
2.106096096096094217e-01
8.603343343343333727e-01
0.000000000000000000e+00
1.114594594594609189e+00
7.116506506506511398e-01
6.746796796796709073e-01
6.645785785785849331e-01
9.574664664664650493e-01
2.406366366366318454e-01
1.886343543543544143e+01
6.240590590590542330e-01
2.130750750750758815e+00
6.441301301301289861e-01
8.723513513513547757e-01
4.728358358358402680e-01
6.203423423423415350e-01
5.826406406406519078e-01
2.135789789789819704e+00
7.346896896896942808e-01
5.876646646646563887e-01
7.361551551551559491e-01
0.000000000000000000e+00
4.687847847847970151e-01
5.513223223223187031e-01
8.156096096096108194e-01
7.012922922922991686e-01
1.006628628628637889e+00
1.528088088088106478e-01
2.993993993994002040e-03
1.432142142142135421e-01
0.000000000000000000e+00
5.247827827827806768e-01
0.000000000000000000e+00
1.090930930930908288e-01
7.014994994995057409e-01
6.771481481481490539e-01
1.575975975975994064e-02
1.079789789789795812e-01
2.066925925925914065e+00
6.123933933933901619e-01
2.918779779779790307e+00
1.000000000000003924e-03
0.000000000000000000e+00
7.999639639639706257e-01
4.979979979979967664e-03
0.000000000000000000e+00
5.275435435435433806e-01
1.402089089089090912e+00
0.000000000000000000e+00
7.548188188188044156e-01
6.481071071071063949e-01
9.188348348348254202e-01
6.957957957957753778e-03
4.979979979979967664e-03
