1.391892592592592415e+01
8.848599599599690890e+00
7.289689689689732299e-02
4.363798798798788958e+00
1.862224524524516056e+01
2.770698698698693896e+00
3.548488488488552028e-01
8.479354354354345702e+00
2.820700700700692898e-01
8.494979979980042728e+00
3.831101441441444422e+02
4.022682682682628963e-01
1.607507507507490996e-01
5.074421421421413392e+00
8.257600600600659035e+00
2.675537137137138544e+01
1.394534534534545567e-01
2.200390390390415951e-01
1.680460300300299252e+02
4.233379379379361929e+00
9.471471471471615278e-02
3.192658658658643844e+00
1.154554454454460632e+01
2.970880880880891750e-01
2.872492492492527139e-01
2.661691691691696615e-01
1.047488088088088887e+01
2.529559559559567683e-01
3.561611611611548156e-01
5.481140140140104755e+00
3.164063663663671377e+01
3.227197197197145262e-01
6.492702702702857209e-01
5.437923923923943192e+00
7.775595595595614640e+00
7.288490490490456608e+00
3.989523153153151043e+02
1.972796336336334662e+02
4.652252252252182529e-01
1.163162562562561675e+01
5.036805905905882241e+01
4.199250250250286420e+00
1.148972672672669049e+01
3.577713713713707833e+00
9.758108108108128675e+00
2.250520520520578327e-01
8.573403403403435652e-01
2.170770770770748953e-02
1.364843443443445103e+01
7.756171171171162371e+01
8.933059059059061724e+00
1.064084084084060827e-01
2.885355355355358475e-01
3.836523523523531320e+00
1.149202302302293432e+01
2.786405405405421032e+00
8.231233233233213653e+00
1.879118118118117575e+00
2.137383483483480973e+01
5.132579579579577000e+00
2.358024134134136318e+02
6.376160160160206480e+00
1.745944654654653618e+02
1.547977977977973152e-01
7.779085085085059248e+00
3.669939939940027873e-01
2.772461961961961663e+01
7.866836836836818669e+00
2.686516516516554987e-01
2.272222222222240740e-01
1.326130630630631302e+01
1.891391391391378518e-01
9.625766766766778559e+00
1.297768868868869419e+01
4.165755755755717882e-01
2.937587927927930878e+02
8.277191191191253239e+00
7.055694694694690128e+00
1.601804954954955349e+02
8.604864864864714136e-01
4.940936936936902057e+00
5.880149149149207943e+00
3.887347347347399618e-01
2.766205805805809348e+01
2.344527627627619282e+01
1.334978478478474173e+01
3.474001001000995181e+00
1.109462862862863375e+01
3.862321321321294576e+00
4.793893893893831359e-01
3.877617617617588053e-01
7.267325325325304952e+00
1.560420420420458310e-01
1.028877177177177238e+01
8.502160160160167734e+00
5.880890890890906331e-01
1.104344744744744844e+01
8.166261261261258397e+00
6.813907907907935879e+00
2.974546446446447590e+02
1.732770970970971902e+01
1.414374374374355314e-01
4.540840840840795201e-01
7.166355355355369738e+01
4.356576576576516313e-01
6.279069069069059594e+00
3.667590590590618760e+00
3.557498498498483208e+00
3.128708708708669017e-01
1.229160160160160409e+01
1.007068068068071920e+00
2.971521521521544584e-01
2.524394394394430807e-01
1.450705705705700410e+01
9.723149149149154624e+00
9.833913913913878702e-01
5.160660660660552901e-02
1.270147947947947209e+01
7.465351351351355191e+00
3.956072672672662804e+01
2.831049749749752920e+01
4.443093093093111179e+00
1.017624624624649865e+00
6.430707707707741250e+00
9.850582582582482871e+00
6.345185185185276966e-01
6.067585585585593577e+00
2.629389389389396037e-01
6.857936936936941663e+01
1.708968968968937185e-01
6.977977977977840862e-03
1.931321321321350371e-01
6.443453453453400481e-01
8.327781781781830261e+00
6.601246246246243565e+00
8.377128528528547236e+01
3.516266266266193652e-01
2.169524124124128406e+01
5.085089089089092518e+00
1.976976976976955458e-01
6.839370370370387420e+00
7.683653653653633953e+00
3.070180180180210883e-01
1.019894494494495873e+01
2.656476476476454240e-01
8.763112112112075636e+00
6.577750750750794850e+00
1.309360360360385389e+00
8.074397397397392595e+00
1.641561561561556415e-01
1.389454454454459231e+01
4.647346346346349577e+00
1.175475475475484810e-01
1.315954854854854794e+01
2.639719119119126134e+01
4.187406406406467774e+00
1.044638138138134664e+01
3.444048048048048116e+01
5.782361361361355812e+00
5.193983983983967434e-01
2.427187187187212214e-01
4.068768768768703248e-02
3.528438438438483149e-01
7.662470170170176686e+01
1.031033633633635738e+01
3.273322122122119708e+02
2.641981981981979533e-01
7.625256256256265353e+00
5.044718218218217487e+01
5.589517517517512246e+00
3.786526526526610703e-01
7.986860860860825362e+00
5.851904904904888127e+00
1.189379379379387341e-01
4.399637637637614063e+00
5.020927027027007483e+01
8.839391391391249186e+00
4.971551551551556258e-01
3.768878878878898497e-01
4.509755755755767481e+00
4.039469469469558760e-01
9.163817817817802691e+00
4.647347347347362545e-01
9.755411411411529343e+00
3.173568568568579717e+00
4.030864864864833308e+00
9.605444444444396268e+00
6.831580580580507878e+00
6.746386386386389766e+00
3.822932932932875394e-01
1.087333933933929053e+01
1.159742742742749932e+01
5.419345345345341514e+00
8.698500500500506050e+00
1.745975975975955219e-01
1.377281581581581804e+01
1.929679679679709992e-01
9.487614614614638953e+00
4.220370370370273849e-01
9.809801701701711352e+01
4.881410410410411771e+01
4.866650650650634624e+00
6.197307307307216018e-01
4.167967967967954601e-02
8.367369369369392018e+00
2.363763763763733136e-02
2.041046046046044893e+01
2.559319319319296460e-01
3.103413413413406707e-01
1.615647647647623142e+00
2.928996536536532744e+02
2.739199199199173762e-01
3.082568568568551548e+00
5.189109109109170115e-01
1.108836736736738793e+01
2.616656966966969549e+02
1.329444824824823002e+02
1.343088828828828980e+02
4.031954954954998449e+00
8.980602602602569817e+00
1.756052052052048174e+00
6.040670670670584830e-01
2.432750250250265722e+01
7.434134134134021132e-02
1.028235855855856897e+02
4.897083083083074051e+00
1.249795895895910114e+01
3.514937937937957280e+00
3.112499999999995737e+01
5.061980980980993472e+00
1.326036036036041532e-01
4.951141141141169655e+00
1.019139639639640116e+01
1.139861861861858827e+01
4.019076576576570403e+01
1.995226326326321953e+01
4.861246246246242464e+01
7.662348348348345439e+00
8.150286286286306137e+00
5.728639639639633074e+00
5.408491491491507652e+00
5.422298298298325214e+00
1.331691691691695434e-01
4.627317317317378165e-01
9.054486486486526431e+00
1.127787287287288720e+01
1.024549849849850318e+02
9.385091091091089410e+00
4.762661661661642398e+00
3.330861861861865503e+00
6.318956956956954585e+00
1.069749249249251832e+01
8.612152152152156015e-01
4.736566566566663417e-01
6.677047047047049988e-01
4.809448348348345093e+01
5.175484484484524472e+00
2.111277977977975340e+01
1.781683183183181285e+01
9.405564564564542707e+00
1.382532532532504965e-01
3.603903903903953737e-02
7.075405405405422954e+00
3.982682682682685282e+01
2.402884464464459597e+02
7.215974974974975531e+00
2.986404604604603463e+01
5.454313313313258860e+00
2.860934934934924456e+00
6.767543543543544260e+00
9.889823823823805427e+00
3.281698798798795025e+01
2.913213213213264874e-01
3.112355755755758580e+01
5.770560560560581420e-01
1.358818818818798846e-01
1.309600700700701559e+01
3.581851851851851065e-01
2.557027027027004018e-01
1.308310610610609359e+01
9.076102102102101554e+00
8.972733533533529737e+01
4.789588588588607365e+00
8.719194194194217928e+00
2.918968868868872590e+01
9.009539539539566988e+00
1.230943053053055962e+02
9.158936936936992623e+00
9.568274274274251923e+00
3.185705705705657032e-01
9.448765765765758218e+00
7.390280980980986669e+01
1.068937237237236104e+01
4.676676676676744943e-02
1.230782582582578755e+01
4.434320320320358277e+00
4.130846246246240838e+01
4.125265265265160575e-01
1.049581581581583478e+01
2.527397397397365686e-01
5.553391391391394372e+00
5.643970970970969780e+00
3.207420420420393992e+00
8.023332332332403283e+00
2.863853853853801090e-01
5.345387387387407152e+00
6.717097097097020075e-01
3.274264264264281632e-01
3.898042042042058508e+00
6.855922922922916385e+00
1.890720720720747428e-01
2.648088088088121905e-01
5.652988988988978392e+00
5.348048048047945313e-01
6.823223223223097433e-02
5.880080080079944788e-02
5.412656656656675835e+00
1.465927727727729213e+01
1.126453553553554521e+01
2.721561561561580134e-01
1.925088088088074301e+01
4.208492492492454495e+00
4.243924924924920106e+01
2.439248248248249240e+01
3.132714614614614845e+01
8.026840840840771207e+00
8.417878178178155224e+01
3.746487487487470958e+00
8.221287287287330159e+00
5.241241241241307441e-02
7.524025025025008695e+00
7.279403403403373218e+00
1.025500500500507783e+01
4.015915915915853618e-01
9.635473473473469497e+00
4.784606606606577550e+00
3.535165165165111145e-01
3.817318318318301262e+00
5.149159159159206745e+00
2.773543543543555701e-01
1.074737937937941545e+01
1.871541541541521803e-01
3.466206206206157714e-01
2.528728728728741326e-01
4.879079079079157166e-02
3.908997127127128692e+02
5.738332332332334751e+00
1.179484234234234634e+02
6.372372372372323568e-01
1.261233733733733686e+01
1.623654354354350815e+01
1.435409609609610371e+01
3.391981981981943006e-01
3.588307307307327498e+00
1.912362362362348966e-01
4.170841541541542341e+01
2.116096096096087564e-01
1.537754154154155906e+01
1.097485685685684409e+01
1.838528528528548811e-01
3.683633633633625060e-01
4.283793793793806426e-01
2.246446446446503653e-01
4.340090090090039654e-01
1.211571571571588429e-01
5.481701701701682250e-01
5.323581581581585453e+00
1.299023823823823953e+01
1.850372632632630712e+02
3.712092092092129092e-01
2.575485485485511927e-01
8.707707707707655620e-02
4.447247247247235191e-01
3.030460460460454031e-01
8.515813813813830180e+00
2.922912912912922767e-01
5.359429429429428460e+00
6.725995995996048027e-01
7.668843843843858643e+00
4.582636636636651772e+00
5.684328228228226720e+01
1.290281681681684489e+01
1.151891891891897585e-01
2.529209209209233311e-01
5.922418418418424757e+00
7.682690690690598068e+00
6.109099099099061903e+00
1.424879279279284461e+01
2.775625625625579573e-01
6.061042542542530498e+01
1.969866076076075103e+02
5.459288288288240309e+00
4.451111111111155094e-01
5.926013013013006869e+00
8.460094094094216643e+00
1.046228828828830970e+01
6.211777777777792942e+00
2.559309309309271696e-01
7.360940940940834842e+00
2.440512412412413212e+01
7.396962962962982502e+00
1.303961361361364446e+01
1.849088478478477100e+02
6.243625625625598197e+00
2.223739609609610852e+02
5.592102102102121108e+00
6.563201201201215085e+00
3.351860160160160973e+01
7.220314314314330240e+00
6.981587587587583243e+00
7.690690690690545062e-02
2.792254854854852297e+01
8.951331331331315866e-01
3.675513513513536168e+00
1.631473213213211579e+02
1.159331131131129489e+01
1.871312642642645017e+02
1.203197097097096169e+01
4.088088088088004945e-01
1.177291491491492437e+01
9.073028028028055303e+00
1.193688788788791832e+01
4.201601601601524516e-01
3.778528528528461439e-01
2.420651591591591512e+02
1.811855355355359265e+01
4.277614614614619626e+01
1.991901901901939054e-01
3.482065065065105713e+00
4.167594594594619117e+00
3.084447147147155377e+01
2.285965965965923719e-01
3.382062062062111130e-01
8.719119119118952377e-02
1.818129029029027421e+01
7.862765765765746373e+00
4.501691691691708797e-01
7.135170670670643744e+01
2.906712712712725466e+00
5.865765765765795781e-01
3.145055055055061555e-01
9.617880880880894878e+00
1.291099399399406700e+01
2.666996166166164812e+02
3.587466966966972137e+01
2.537317317317260845e-01
1.070170170170147289e-01
4.705905905905936049e-01
3.189721921921924874e+01
1.000437437437438426e+01
2.385985985986046817e-02
1.089128128128139306e+00
7.945067067067096644e+00
6.777311311311335906e+00
5.627077077077058398e+00
9.745823823823812404e+00
1.569744744744745368e+01
1.034844744744743572e+01
9.389763763763776083e+00
2.679499499499457538e-01
5.763163163163081970e-02
1.120051951951947800e+01
9.356386386386364995e-01
6.742942942942957429e-02
6.281631631631623414e-01
3.757597597597612804e-01
1.358184184184201060e+00
1.263448548548544892e+01
8.059730730730722215e+00
4.623173173173177553e+00
4.302172172172264442e-01
9.657957957957781503e-02
4.746456456456455975e-01
2.108623523523525378e+01
9.288182182182190161e+00
1.972880480480480614e+01
5.401608608608572837e+00
2.738488488488504125e+00
4.462491491491500817e+00
6.671481481481508879e+00
1.175323323323325830e+01
2.643531501501498155e+02
8.198699699699705690e+00
6.588587587587581673e+00
9.653863863863652028e-01
1.129426826826828290e+01
2.807834834834830673e+01
5.454340340340300131e+00
7.889709709709656904e-01
8.090890890890972686e-02
6.830291291291263001e+00
4.006485485485489662e+00
1.348969969969969185e+01
4.350560560560476908e-01
1.941531531531559551e-01
4.146026026025956268e-01
9.059329329329367297e+00
2.023003003003026878e-01
8.715715715715910417e-02
4.299150150150158112e+00
7.220608108108120859e+01
1.223901201201200628e+01
9.809740540540531128e+01
2.168318318318338545e-01
7.535205205205186552e-01
8.683701701701755482e+00
3.331601601601651974e-01
1.081654354354352598e+01
1.029383683683686890e+01
5.883883883883987004e-02
1.365954554554562073e+01
1.949044554554557180e+02
3.368624624624640962e+00
7.153603603603619021e+00
3.469730830830826562e+01
9.727815815815853639e+00
7.375519519519507128e+00
1.069921021021018959e+01
1.701331331331306096e-01
2.191682682682677630e+00
1.955121021021016148e+01
4.974324324324400082e-01
1.637020220220220779e+01
8.672306306306325041e+00
2.742617417417416803e+01
2.429539539539569415e-01
9.466656656656670776e+00
5.667527527527476128e-01
7.804394394394480461e-01
3.336381481481479483e+01
1.608476716716716055e+02
4.093560960960956407e+01
2.300134134134139252e+00
3.953633633633605871e-01
6.007517317317317662e+01
6.260897897897861775e+00
6.814354354354306142e-01
1.010971161161160268e+02
5.219770770770770341e+00
3.912202202202164081e-01
8.332959959959962859e+00
8.965313313313343357e+00
2.545985985985992905e-01
9.265311311311316800e+00
2.243233233233197510e-01
1.464809109109107510e+01
1.117017017017033487e-01
9.033526526526554079e+00
4.007981981981970421e+00
2.717187187187235509e-01
5.737650150150139439e+01
2.628518518518568325e-01
3.304848248248238463e+01
6.018513513513484625e+00
3.319919919919873674e-01
1.005858558558564475e+01
4.861161161161134392e-02
1.317480380380386151e+01
3.443176176176160119e+00
5.384855395395380810e+02
7.505071071071074407e+00
7.376780780780792668e+01
4.819648648648623634e+01
8.461272272272223560e+00
2.878388388388388175e-01
8.640038038038058588e+00
1.528510810810812437e+01
7.712982982982953040e+00
1.132539939939942109e+01
3.433783783783810328e-01
1.032824564564563445e+02
4.683074074074098370e+00
2.709989989989979864e-01
1.284143943943944066e+01
7.356706706706668264e+00
4.384574574574575667e-01
3.333969079079080871e+02
1.305768368368369003e+01
5.929358358358332914e+00
2.094705705705704446e+01
9.446297297297295614e+00
9.672785385385365942e+01
2.920120120120089924e-01
2.550770770770786622e-01
8.661076076076058783e+00
5.011681681681688261e+00
2.983863643643645673e+02
1.037182282282280177e+01
4.644864864864748366e-01
6.362740740740767897e+00
1.208969269269272218e+01
1.066966966966974295e-01
3.495060860860836982e+01
2.832956046046049892e+02
4.764302302302339420e+00
4.795305305305217480e-01
4.863663663663790326e-01
3.911219219219213983e+01
2.627777777777843826e-01
3.592485075075079521e+02
2.907347347347298272e-01
1.357791791791814084e+00
2.658488488488443546e-01
1.020558758758760298e+01
3.504374374374431556e-01
2.652872872872902854e-01
6.097566566566563040e+00
5.056786786786860999e-01
1.918053873873878103e+02
3.487387387387365090e-01
7.696662662662753007e+00
4.312462462462355872e-01
3.649199199199184562e-01
5.053329329329322661e+00
1.140557557557557899e+01
5.754064064064108308e-01
1.972678578578579334e+01
4.164984984985065641e-01
9.625616616616605725e+00
6.733434434434482974e+00
2.442090690690693933e+01
9.124455455455505515e+00
1.857723523523524278e+01
3.332624624624648479e+00
1.885675675675686780e-01
4.496947947947982804e+00
3.820040040040081353e-01
6.799059059058973897e-01
3.385517657657652535e+02
3.314637637637636089e+02
4.452560560560540281e+00
8.562622622622663160e-01
5.698577577577597530e+00
3.660160580580585474e+02
1.094779879879880014e+01
1.122534234234238326e+01
1.126348348348359840e+00
7.879345345345358353e+00
5.587737737737783483e-01
9.266552552552564492e+00
4.218566756756765699e+02
4.781881881881994145e-01
3.829009009009056719e-01
1.325451351351354390e+01
2.381938888888887220e+02
6.481480480480493078e+00
1.154232132132131738e+01
2.487637637637584720e-01
2.298113613613602269e+01
3.687187187187200843e-01
1.143053053053065399e-01
3.023583583583563383e-01
1.318423283283286764e+02
2.351048148148148442e+01
5.829774334334310879e+02
1.705355355355375191e-01
7.962232232232193674e-01
9.397666666666683710e+00
5.794769769769727574e+00
2.232432432432455427e-01
7.313271271271281293e+00
8.495606606606655120e+00
4.419199199199216888e-01
6.349544944944940283e+01
1.753543543543566174e-01
6.909609609609593806e-01
1.159877377377379482e+01
2.311301301301273425e-01
5.574914914914951281e-01
5.822539539539540066e+00
8.941347347347255337e+00
5.664759759759767377e+01
3.236447447447428960e+00
4.548738738738641874e-01
9.210460460460469179e+00
9.309409409409564740e-01
6.094008008008001021e+00
2.513624624624636095e+00
3.260760760760737093e-02
5.427803203203207971e+01
3.245145145145152399e-01
2.834294294294246175e-01
9.983883883884044075e-02
4.884844844844798417e-01
1.373843843843866042e-01
7.049400400400373634e+00
3.619969969970004420e-01
1.236435435435420560e+00
3.236226226226187608e-01
8.269443443443430297e+00
6.577075075075047295e+00
1.322192292292291071e+01
9.427422422422425896e+00
1.338266166166172688e+01
1.341911111111110699e+01
1.279937527527526981e+02
3.938340400400401222e+02
1.046091091091094505e+01
6.936832832832844353e+00
5.722080180180181230e+01
3.321291291291295633e-01
2.157103403403402808e+01
1.895645645645684108e-01
2.455792392392391932e+01
5.846685685685678813e+00
9.170370370370485580e-02
8.011160160160175181e+00
4.106856856856897497e-01
1.511831831831860762e-01
2.596212012012014370e+01
2.364964714714715228e+02
4.405175175175183311e-01
5.663988988988987394e+00
9.765500500500493786e+00
1.954342142142139593e+01
5.855835835835833336e+00
7.081335335335336545e+00
8.099829829829873207e-01
7.304331331331333388e+00
3.306376376376387594e-01
6.942136136136170421e+00
1.567300300300304627e+01
4.686787787787850768e+00
9.461442442442420386e+00
9.499649649649571925e-01
3.753083083083105786e-01
1.052198198198203194e+01
4.256696696696653515e-01
2.952158458458454149e+01
2.508148048048045098e+01
4.525375375375396025e+00
2.250193293293294161e+01
2.831841841841870600e-01
6.093683683683775998e-01
3.891001001001000437e-01
5.922188188188145297e+00
1.439779179179191182e+01
2.566916916916853197e-01
8.783206206206191524e+00
8.934633633633604077e+00
3.818847037037033374e+02
3.344704704704686282e-01
4.369174674674672332e+01
3.749169169169127569e-01
1.004969969969978782e+00
4.204439139139146420e+01
1.433414714714715643e+01
8.118045045045068520e+00
4.290590590590551145e-01
2.402202432432430896e+02
1.637862862862863267e+01
9.673884884884870416e+00
4.614214214214308885e-01
5.356686686686802368e-01
3.047876876876888907e+00
1.324277677677672926e+01
3.338171471471478213e+01
1.254394394394373891e-01
3.143933933933881208e-01
4.110672672672699868e+00
4.629207207207175045e+00
9.774664664664687308e+00
2.732388088088086775e+01
1.245676376376365546e+01
8.400514514514497932e+00
9.999909909909973083e-01
6.955555555555503755e-02
2.256866866866928945e-01
1.247727627627627633e+01
9.759969969969962023e+00
1.274562862862865131e+01
4.645435435435370519e-01
1.369359259259262984e+01
4.353625025025021245e+01
4.725555555555452925e-01
1.279346136136134078e+02
1.203662662662648764e+01
1.649242042042043366e+01
6.142649649649646548e+00
3.159702302302281041e+01
1.034699299299296626e+01
8.661361361361492872e-02
5.982609609609606416e+00
1.615224724724722449e+01
4.722592592592647631e-01
9.888487487487504168e+00
4.261346346346355674e+00
1.545352942942941468e+02
2.734907607607607360e+01
6.409851851851825266e+00
5.908810810810783742e+00
3.279699699699771265e-01
3.053413413413435529e-01
2.298578578578515941e-01
9.992282282282398675e-01
7.169983983983962972e+00
1.603168168168189300e+00
1.507645645645642185e+00
8.606412412412366209e+00
5.933530630630634306e+01
1.042233483483481535e+02
4.650538538538539157e+00
8.508408408408331403e-02
2.773393393393388529e-01
7.653852052052037891e+01
4.488587587587598904e+00
8.759982982982965183e+00
1.116033433433435818e+01
2.266776776776745495e-01
3.789442442442423786e+00
3.183803803803799681e-01
2.599469469469510297e-01
8.150772272272294572e+01
8.757898898898829998e+00
9.486517517517505382e+00
4.638238238238179267e-01
1.090755255255255562e+01
4.653403403403456595e-01
1.164644944944944704e+01
2.595451151151150526e+01
7.147886886886862357e+00
6.628602602602544636e+00
2.683313313313284154e-01
9.633753753753776294e+00
5.509305705705713763e+01
9.259945945945995405e+00
4.498831831831815897e+00
9.258458458458537765e-02
6.123553553553475748e-01
5.308827827827812484e+00
1.431684084084086273e+01
4.554157157157161073e+00
2.788988988989018480e-01
2.716449549549550113e+01
2.225260920920917442e+02
1.416541941941941829e+01
1.763122922922926605e+01
2.010021821821822030e+01
3.576623623623704340e+00
2.954864864864856777e-01
2.417238188188185575e+02
2.137828818818814511e+02
5.710360360360348331e+00
5.366017017016938340e+00
1.365501201201198533e+01
8.021268268268237023e+00
8.460906906906894065e+00
3.560258258258261144e+00
3.223123123123099176e-02
2.702342342342367587e-01
6.951074074074107045e+00
6.192772972972969114e+01
1.095911511511516956e+01
1.635990230230232214e+02
7.724715315315302178e+01
4.190489189189205632e+01
4.522767767767764902e+00
4.106236236236162074e-01
9.935750750750820259e+00
6.472468468468432157e+00
1.814834834834843091e-01
2.995507927927937999e+02
2.625988988989017781e+00
3.809993993993972872e+00
3.830968968968953448e+00
1.034602902902904020e+01
4.714372372372377384e+00
1.075223623623625180e+01
1.956716116116121285e+01
3.223523523523551537e-01
9.468568568568529187e-02
1.881257327327329563e+02
6.750212212212199248e+00
1.689873013013013860e+02
4.753413413413472566e-01
7.241974974974977108e+00
7.841241241241234117e-02
1.139972102102102127e+02
1.583783783783779958e-02
3.773533433433432549e+01
8.524924924925107728e-02
7.309459459459419772e-01
1.045933053053054635e+02
7.646674674674674321e+00
8.144428428428426514e+00
2.785412252252254461e+02
1.238539039039037704e+01
1.239182982982988968e+01
3.782412412412482494e-01
7.969305305305307563e+00
2.249199199199210519e-01
1.116909109109111142e+01
8.023761661661693267e+01
4.396036036035994021e-01
9.139304704704707660e+01
4.481653483483482887e+02
6.926965965965965921e+00
5.706806806806864751e-02
1.124979979979978673e+01
1.852531591591587414e+02
1.643443943943952945e+01
4.702688688688710705e+00
2.400598758758759459e+02
1.701261261261236557e-01
4.763218218218201905e+00
3.012952952953036334e-01
4.987577577577570476e-01
2.402956136136134830e+02
2.694484484484506170e-01
2.974379479479462773e+01
2.142931431431436451e+01
8.910859859859852961e+00
3.936460460460477151e+00
5.176796796796805378e-01
1.304411411411398047e+00
3.759646646646652712e+00
2.489827327327335027e+01
9.287817817817838772e+00
9.963309309309295259e+00
2.259599599599632358e-01
3.315115115115148114e+00
4.907634534534543036e+01
1.457470830830833393e+02
5.978017017017009493e+00
2.991839839839831594e+00
1.262931231231231166e+01
2.428778778778738212e-01
3.159562872872874664e+02
7.633752752752758219e+00
4.543369369369389510e+00
1.780796196196191161e+01
4.888507507507505956e+00
7.149908908908963134e+00
1.691230130130129439e+01
3.109329329329282299e-01
4.901811811811713215e-01
1.843063063063030416e-01
7.859049049049101621e-01
1.353160360360362446e+01
3.517070300300299550e+02
3.194522712712710586e+02
9.199372372372385698e+00
4.033733733733807503e-01
8.366843843843865258e+00
7.011592592592561957e+00
9.965836836836833967e+00
3.904054054054009737e-01
1.169053453453446778e+01
3.089639639639698010e-01
1.692776976976976400e+01
8.076337337337358591e+00
7.287317317317270948e+00
5.770832832832898163e+00
1.448340140140139454e+01
5.790230230230202224e-01
3.703244624624619519e+02
8.021835835835828377e+00
3.779324424424426354e+01
7.058934934934952388e+00
1.108836736736740924e+01
5.758185185185156207e+00
8.296128128128172463e+00
5.668959959959946282e+00
3.824402602602577872e+01
6.313784784784694182e+00
8.139065065065009819e+00
1.035083483483485800e+01
3.446926926926905388e-01
8.557277277277310912e-01
3.170581581581577435e+00
1.227329529529524521e+01
8.762533533533538588e+00
1.488183583583582958e+01
2.893843843843795227e-01
1.974374374374405772e-01
4.679429429429335929e-01
1.119939939939943729e-01
3.080762762762775608e+00
2.337837837837881128e-01
6.131191191191295298e-01
8.889905905905861161e+00
9.151038038038041833e+00
3.091211211211167265e-01
2.930040040040033378e-01
3.555056656656660863e+01
5.612966966966954629e+00
5.474723223223226398e+01
2.577137137137084366e-01
9.668368368368299159e-02
1.053053353353353927e+01
3.869659659659608342e-01
1.730680680680685701e-01
4.581362362362377816e+00
2.088378278278274891e+01
2.576446446446410965e-01
9.072506506506442747e+00
8.908239239239239993e+00
1.310155255255244100e+01
3.620500500500462571e-01
7.689639639639599400e-01
