1.824580580580591693e+00
1.111074074074068108e+00
0.000000000000000000e+00
7.538198198198160505e-01
2.291402402402417326e+00
6.455405405405424402e-01
2.363123123123149760e-01
1.182505505505508037e+00
2.436826826826875292e-01
1.085826826826819191e+00
4.060086186186187973e+01
1.671261261261302311e-01
1.997997997997986823e-03
7.136376376376372122e-01
1.081612612612608437e+00
3.561237237237229625e+00
1.000000000000011513e-03
1.865765765765755799e-02
2.179483683683686124e+01
7.366956956957119163e-01
0.000000000000000000e+00
5.453443443443396488e-01
1.431598598598592620e+00
2.328088088088113849e-01
0.000000000000000000e+00
4.979979979979967664e-03
1.250366366366354676e+00
2.465165165165134065e-02
2.993993993994003774e-03
8.459009009009001989e-01
3.347831831831805438e+00
7.985085085085016909e-02
2.856116116116139136e-01
6.793113113113113943e-01
1.063699699699690138e+00
9.838508508508576611e-01
4.516576376376362845e+01
2.046725825825829403e+01
2.459489489489467828e-01
1.524799799799809730e+00
5.584283283283279609e+00
6.822882882882902456e-01
1.357008008008014910e+00
7.260650650650577465e-01
1.193766766766787502e+00
3.993993993994008999e-03
4.173573573573617912e-01
0.000000000000000000e+00
1.583209209209210488e+00
8.812906906906951221e+00
1.182793793793791570e+00
3.987987987988031793e-03
8.116016016016086576e-02
5.383543543543577448e-01
1.524287287287289461e+00
3.901001001001042634e-01
1.176811811811806052e+00
4.397497497497555585e-01
2.540506506506500894e+00
8.261971971972027484e-01
2.547082882882878607e+01
8.761871871871724782e-01
1.720187687687689504e+01
0.000000000000000000e+00
1.053543543543545180e+00
1.974774774774741906e-02
2.964345345345331229e+00
1.043034034034034940e+00
2.499939939939961886e-01
6.430330330330193134e-02
1.675389389389388750e+00
7.943943943943857292e-03
1.281806806806815358e+00
1.556263263263262031e+00
8.238238238238163036e-02
2.608510410410410785e+01
1.202216216216227984e+00
1.100935935935923871e+00
1.678373873873876221e+01
4.344094094094039793e-01
7.278188188188154939e-01
8.712662662662487012e-01
1.067617617617594716e-01
3.191637637637682712e+00
2.512664664664673975e+00
1.585371371371357974e+00
6.533443443443488485e-01
1.402101101101100644e+00
6.191221221221150373e-01
2.306306306306313558e-01
5.723223223223090211e-02
9.437657657657483323e-01
6.714214214214266063e-02
1.265352352352356879e+00
1.128962962962961614e+00
4.656806806806824683e-01
1.306512512512511659e+00
1.135569569569564452e+00
8.708938938938759478e-01
3.231821221221208873e+01
1.991902902902901396e+00
0.000000000000000000e+00
6.688288288288241068e-02
7.791068068068049968e+00
2.449159159159110255e-01
1.028199199199196112e+00
5.856336336336338544e-01
5.687477477477476118e-01
2.475435435435400233e-01
1.572746746746738422e+00
2.599349349349311944e-01
2.818718718718758384e-02
2.534934934934982703e-02
1.720306306306305988e+00
1.205991991991990808e+00
8.692192192192116362e-02
0.000000000000000000e+00
1.669187187187178623e+00
9.904484484484352702e-01
4.684297297297301377e+00
3.326643643643623527e+00
6.701761761761870773e-01
2.467527527527468567e-01
9.052122122122112646e-01
1.247821821821817334e+00
3.417947947947975185e-01
9.174164164164114732e-01
4.664564564564460669e-02
7.055886886886876042e+00
0.000000000000000000e+00
4.979979979979966796e-03
4.979979979979966796e-03
1.291191191191177166e-02
1.113071071071070950e+00
8.943213213213192514e-01
9.331258258258227301e+00
2.489529529529506680e-01
2.351499499499485779e+00
8.191991991992105815e-01
0.000000000000000000e+00
9.504854854854822843e-01
9.961021021021150279e-01
1.997997997998000701e-03
1.280399399399402505e+00
2.262012012011974660e-01
1.122068068068076796e+00
8.816466466466591489e-01
2.943223223223278562e-01
9.923273273273404138e-01
6.957957957957885617e-03
1.646584584584590560e+00
7.997187187187169144e-01
4.979979979979972868e-03
1.531758758758752004e+00
3.245887887887886070e+00
6.735245245245262691e-01
1.411766766766749059e+00
3.757931931931913994e+00
8.519059059058995409e-01
7.323123123122998734e-02
6.343943943943895769e-02
0.000000000000000000e+00
1.368918918918915484e-01
8.168427427427477738e+00
1.319845845845831755e+00
3.570364364364368726e+01
5.202702702702719645e-02
1.001436436436446531e+00
5.717041041041078131e+00
8.769229229229132949e-01
8.397997997998127295e-02
1.106910910910897217e+00
8.356376376376415394e-01
0.000000000000000000e+00
6.678028028027928054e-01
5.060243243243194300e+00
1.175076076076066345e+00
1.341691691691687671e-01
7.495295295295341387e-02
6.967017017016968738e-01
3.006906906906893842e-02
1.377353353353337972e+00
7.649549549549622407e-02
1.248508508508503034e+00
3.767707707707694809e-01
7.405835835835828940e-01
1.164842842842843673e+00
8.852032032032018938e-01
9.585215215215264761e-01
1.799549549549556704e-01
1.222697697697694208e+00
1.410877877877889652e+00
9.042152152152056477e-01
1.197511511511504256e+00
1.997997997997982920e-03
1.648946946946949987e+00
1.000000000000014983e-03
1.228398398398415914e+00
5.979979979980085646e-03
1.119874074074075310e+01
5.905947947947939092e+00
7.788858858858832557e-01
1.234334334334340755e-01
0.000000000000000000e+00
1.117307307307312980e+00
0.000000000000000000e+00
2.278896896896886126e+00
2.993993993994002040e-03
2.724324324324317245e-02
2.768478478478415550e-01
3.317123023023026462e+01
2.496246246246307532e-01
3.834844844844837453e-01
3.617217217217295055e-01
1.406403403403396757e+00
2.782965065065062760e+01
1.487475275275273212e+01
1.462584484484485436e+01
5.587717717717585186e-01
1.105055055055065294e+00
5.715895895895896084e-01
2.696036036035996952e-01
2.836390390390409966e+00
0.000000000000000000e+00
1.152809009009009955e+01
7.822402402402385269e-01
1.558773773773765692e+00
5.710340340340408494e-01
3.355389389389412447e+00
7.407917917917761219e-01
0.000000000000000000e+00
6.413993993994061560e-01
1.248298298298299747e+00
1.481975975975976079e+00
4.452930930930920184e+00
2.333359359359349128e+00
5.448716716716743846e+00
1.081623623623603647e+00
1.094672672672676761e+00
8.021291291291275938e-01
8.213273273273387076e-01
8.449909909909866235e-01
0.000000000000000000e+00
1.964394394394375076e-01
1.204130130130115939e+00
1.431317317317319260e+00
1.085527827827825575e+01
1.138788788788794637e+00
6.695035035034991866e-01
6.471611611611588488e-01
9.060280280280273990e-01
1.375845845845868443e+00
2.105605605605637975e-01
4.854754754754808665e-02
2.347377377377357355e-01
5.759225225225240941e+00
8.098888888889019810e-01
2.502884884884880368e+00
2.194993993993973103e+00
1.337558558558565203e+00
0.000000000000000000e+00
0.000000000000000000e+00
9.539529529529330310e-01
4.477771771771733356e+00
2.510889689689686932e+01
9.602752752752621301e-01
3.638076076076081300e+00
8.514344344344271232e-01
5.020600600600525487e-01
8.799559559559668731e-01
1.151690690690681862e+00
4.114064064064066883e+00
4.979979979979968531e-03
3.949755755755763875e+00
1.000000000000008911e-03
1.284384384384364489e-02
1.466093093093094879e+00
1.509259259259269070e-01
1.088988988988998097e-02
1.634380380380357822e+00
1.232235235235237258e+00
9.485200200200203824e+00
8.043833833833847757e-01
1.114137137137138689e+00
3.275078078078085042e+00
1.352509509509507435e+00
1.398762662662654854e+01
1.228819819819827019e+00
1.157936936936948547e+00
2.464024024024086823e-01
1.302108108108103179e+00
8.754313313313325295e+00
1.433627627627620971e+00
0.000000000000000000e+00
1.545949949949940505e+00
8.145385385385373045e-01
4.542600600600601446e+00
7.875075075075020636e-02
1.264178178178184453e+00
1.445195195195186910e-01
8.240320320320289049e-01
8.344204204204052067e-01
5.475895895895923626e-01
9.991371371371253751e-01
0.000000000000000000e+00
8.662222222222373258e-01
1.073133133133130218e-01
2.379169169169122189e-01
7.708498498498576046e-01
9.460410410410343696e-01
1.088988988988999138e-02
7.943943943943857292e-03
8.987887887887978655e-01
4.816316316316370250e-01
0.000000000000000000e+00
0.000000000000000000e+00
8.344724724724834619e-01
1.572503503503513755e+00
1.359373373373380378e+00
4.979979979979966796e-03
2.393060060060088645e+00
5.584994994994937345e-01
4.525993993994006814e+00
2.833592592592586445e+00
3.742753753753759405e+00
1.092417417417419045e+00
9.253018018018041246e+00
7.442902902902933659e-01
1.058599599599602037e+00
0.000000000000000000e+00
9.970880880880892416e-01
1.063418418418428768e+00
1.410632632632621730e+00
6.487087087087066439e-02
1.251165165165159410e+00
6.471381381381426934e-01
1.559069069069054791e-01
6.944604604604692755e-01
7.800100100100100242e-01
1.706466466466433907e-01
1.359701701701712340e+00
9.909909909909858997e-03
7.734934934934982464e-02
6.602502502502456683e-02
0.000000000000000000e+00
3.787809709709708983e+01
8.540030030029945873e-01
1.242042642642647365e+01
3.682072072072040680e-01
1.671564564564568700e+00
2.080202202202180217e+00
1.755445445445439567e+00
2.061961961961934764e-02
6.084234234234338068e-01
3.922522522522448041e-02
4.317772772772780598e+00
1.088988988988997403e-02
1.835817817817832376e+00
1.387258258258276422e+00
0.000000000000000000e+00
1.876826826826798744e-01
9.899799799799648137e-02
2.993993993994003341e-03
2.240990990991008902e-01
0.000000000000000000e+00
4.446806806806740120e-01
6.720470470470509827e-01
1.722391391391392856e+00
2.336956856856855680e+01
2.306176176176207293e-01
1.477477477477439904e-01
0.000000000000000000e+00
2.473473473473433715e-01
1.478978978979005564e-02
1.167542542542545858e+00
1.997997997998034528e-03
9.645745745745700761e-01
2.596756756756783413e-01
9.831821821821832286e-01
7.639709709709733287e-01
5.865383383383403704e+00
1.457296296296288318e+00
0.000000000000000000e+00
1.961961961961972839e-02
8.346726726726703127e-01
8.993173173173311108e-01
8.500900900901000590e-01
1.789140140140141444e+00
1.079789789789800669e-01
6.843154154154149182e+00
2.018188288288290266e+01
8.045755755755844563e-01
2.266546546546499008e-01
7.975165165165225556e-01
1.024298298298307319e+00
1.423198198198185827e+00
8.663993993993999165e-01
1.940250250250292186e-01
1.067858858858860893e+00
2.550160160160161116e+00
1.086069069069063753e+00
1.514413413413401299e+00
1.941487287287291963e+01
8.193823823823859209e-01
2.674962662662667157e+01
8.345205205205259436e-01
8.419489489489393463e-01
3.653383383383360883e+00
1.078048048048060092e+00
9.974834834834861441e-01
0.000000000000000000e+00
2.819190190190207890e+00
2.798668668668653492e-01
7.114524524524559190e-01
1.762593693693695585e+01
1.696399399399394659e+00
1.996811911911903437e+01
1.481768768768761069e+00
2.064104104104086679e-01
1.531421421421412798e+00
1.234798798798805830e+00
1.443690690690700995e+00
4.301801801801790476e-02
2.421421421421473263e-01
2.861031231231232752e+01
2.094618618618629302e+00
4.984548548548535685e+00
1.381781781781801603e-02
7.322512512512582283e-01
6.205905905905944042e-01
3.387926926926931870e+00
1.961961961961969023e-02
9.999599599599712230e-02
0.000000000000000000e+00
2.210677677677667763e+00
1.083085085085093935e+00
1.775355355355386633e-01
7.925669669669649586e+00
5.485035035035135120e-01
6.459759759759647890e-02
2.454844844844866758e-01
1.291750750750755294e+00
1.761911911911941298e+00
2.862681581581575685e+01
4.353283283283285066e+00
2.993993993993997703e-03
0.000000000000000000e+00
1.906606606606582599e-01
3.510185185185186629e+00
1.346893893893890803e+00
0.000000000000000000e+00
4.774484484484582958e-01
1.071371371371369507e+00
9.411601601601626843e-01
8.289479479479585633e-01
1.260775775775780483e+00
2.033088088088109036e+00
1.301928928928918427e+00
1.086268268268276271e+00
1.000000000000016501e-03
0.000000000000000000e+00
1.435546546546581093e+00
1.902132132132126896e-01
0.000000000000000000e+00
2.691511511511497923e-01
1.935495495495532237e-01
2.034174174174134264e-01
1.423866866866862146e+00
1.176290290290282314e+00
8.090430430430353148e-01
2.221651651651669057e-01
0.000000000000000000e+00
3.226576576576660194e-01
2.404546546546542096e+00
1.252131131131120290e+00
2.463582582582592995e+00
7.378718718718630942e-01
4.933723723723700827e-01
6.275015015015042996e-01
8.957947947947888512e-01
1.350260260260244705e+00
2.798336536536530517e+01
1.147562562562552069e+00
9.743243243243249196e-01
6.031301301301301709e-01
1.366798798798796843e+00
3.326635635635642352e+00
7.479539539539443727e-01
4.468228228228313670e-01
0.000000000000000000e+00
1.078206206206219875e+00
5.890950950950896159e-01
1.620762762762769427e+00
2.117957957958006288e-01
1.284384384384359978e-02
2.249349349349381855e-02
1.164998998998992397e+00
1.672772772772799371e-02
0.000000000000000000e+00
6.853513513513490585e-01
7.930205205205192343e+00
1.544362362362353247e+00
1.024429029029030325e+01
1.000000000000019320e-03
2.219419419419439987e-01
1.223388388388388925e+00
3.237537537537556187e-02
1.394753753753760206e+00
1.434420420420412068e+00
0.000000000000000000e+00
1.775077077077078291e+00
2.249020920920919053e+01
6.050950950950981788e-01
1.057507507507511768e+00
3.737068068068075011e+00
1.269498498498496497e+00
1.024386386386402448e+00
1.461299299299311460e+00
5.969969969969919805e-03
5.455595595595625902e-01
2.214395395395378330e+00
4.188328328328257411e-01
2.055923923923924868e+00
1.160944944944949819e+00
3.300047047047053983e+00
0.000000000000000000e+00
1.199025025024998081e+00
9.721621621621669151e-02
6.165635635635666745e-01
3.658577577577580620e+00
1.691472572572573085e+01
4.453567567567589869e+00
4.434324324324405708e-01
2.993993993993999438e-03
6.846954954954930450e+00
9.409969969969887993e-01
3.407807807807763933e-01
1.178001801801802273e+01
8.143013013012897483e-01
6.802302302302340453e-02
1.110337337337343300e+00
1.240839839839837033e+00
5.969969969969831335e-03
1.145825825825813826e+00
6.430330330330148725e-02
1.679875875875886937e+00
0.000000000000000000e+00
1.055965965965962150e+00
7.470240240240220153e-01
2.344744744744731504e-02
6.585080080080094156e+00
8.033633633633818771e-02
3.557395395395415161e+00
9.403633633633545763e-01
1.324834834834806574e-01
1.365234234234212973e+00
0.000000000000000000e+00
1.738056056056050958e+00
5.527207207207117667e-01
5.266695295295301804e+01
9.829159159159147618e-01
8.707954954954981730e+00
5.100721721721725999e+00
1.060439439439431419e+00
1.088988988989000178e-02
1.096451451451455839e+00
1.825608608608616512e+00
1.029618618618616699e+00
1.393947947947940191e+00
2.370120120120149942e-01
1.395740240240241725e+01
7.617127127127186759e-01
1.385825825825847679e-01
1.670893893893896420e+00
9.467327327327403896e-01
1.453483483483500316e-01
3.375412912912915431e+01
1.562582582582602075e+00
8.142192192192276856e-01
2.504203203203221761e+00
1.188524524524511961e+00
1.003834834834833423e+01
2.000000000000019124e-03
5.979979979980017991e-03
1.084774774774770689e+00
6.484114114114045702e-01
2.765787087087086960e+01
1.278228228228220908e+00
5.252752752752667953e-02
9.092922922922952456e-01
1.541290290290286524e+00
0.000000000000000000e+00
3.974553553553529017e+00
2.897681381381378785e+01
8.264094094094118770e-01
2.877997997998023028e-01
1.899399399399411825e-01
4.770965965965963562e+00
1.049439439439451421e-01
3.654832732732737810e+01
2.993993993994001606e-03
6.712502502502530888e-01
0.000000000000000000e+00
1.293911911911909129e+00
2.507207207207189370e-01
2.993993993994004208e-03
9.296406406406442224e-01
2.274874874874845965e-01
2.220369969969969048e+01
2.443153153153186652e-01
1.022115115115120876e+00
2.502142142142103065e-01
2.031141141141103723e-01
6.952682682682602699e-01
1.417467467467466768e+00
2.396936936936980567e-01
2.434208208208227031e+00
8.927927927927948454e-03
1.252607607607590268e+00
9.192982982982869089e-01
3.168287287287305798e+00
1.107185185185190157e+00
2.251946946946939754e+00
7.510090090090065784e-01
6.957957957957796279e-03
7.191731731731739741e-01
1.028768768768776182e-01
3.894664664664611586e-01
3.110773373373375250e+01
3.652085285285281202e+01
7.689359359359240198e-01
1.424804804804808145e-01
8.836896896896722087e-01
3.738408308308309813e+01
1.440267267267276052e+00
1.427381381381384706e+00
2.968068068068013821e-01
1.053815815815811074e+00
2.557397397397467298e-01
1.187456456456442044e+00
4.678854354354373868e+01
2.503253253253211463e-01
1.685585585585606949e-02
1.649595595595605424e+00
2.524879979979978728e+01
9.007787787787852052e-01
1.495097097097078054e+00
1.815375375375410660e-01
2.751898898898911039e+00
1.866826826826802344e-01
0.000000000000000000e+00
1.856696696696714666e-01
1.356615615615614345e+01
2.888383383383372749e+00
5.298526326326322788e+01
1.997997997998010242e-03
5.306846846846956511e-01
1.177361361361355607e+00
8.667827827827794263e-01
1.049439439439451421e-01
9.452942942942907933e-01
1.143844844844852160e+00
2.338568568568583639e-01
6.891562562562508099e+00
2.993993993993999871e-03
1.480550550550541744e-01
1.357223223223205322e+00
1.284384384384371948e-02
2.039349349349376672e-01
8.304064064063977346e-01
1.089509509509510199e+00
6.644433433433449387e+00
6.857357357357368732e-01
2.495645645645616917e-01
1.166325325325332729e+00
2.520310310310272528e-01
8.379949949950069588e-01
4.702562562562612736e-01
0.000000000000000000e+00
5.561592592592663031e+00
1.783543543543542609e-01
2.322762762762777544e-01
0.000000000000000000e+00
8.706106106106233089e-02
1.000000000000013682e-03
9.298838838838834331e-01
1.395825825825845745e-01
4.453623623623552130e-01
3.380880880880793998e-02
1.044111111111118984e+00
9.001261261261305213e-01
1.597572572572589555e+00
1.075962962962951019e+00
1.637036036036029873e+00
1.578760760760757886e+00
1.590975175175185719e+01
4.021399699699698260e+01
1.186340340340353405e+00
1.062731731731727303e+00
6.527557557557562617e+00
1.989579579579551505e-01
2.442423423423428108e+00
0.000000000000000000e+00
2.640036036036028655e+00
8.357347347347253708e-01
0.000000000000000000e+00
1.036971971971981432e+00
1.182772772772777981e-01
0.000000000000000000e+00
3.308119119119092844e+00
2.245261061061043151e+01
2.070700700700729979e-01
8.129389389389456433e-01
1.333067067067058575e+00
2.514557557557560052e+00
8.056926926927081567e-01
9.385525525525461044e-01
1.289879879879900215e-01
1.083085085085087718e+00
7.114214214214242826e-02
1.011880880880871469e+00
1.926361361361366820e+00
8.813323323323348779e-01
1.090644644644637840e+00
3.384604604604644074e-01
2.277277277277319767e-01
1.289587587587604611e+00
1.484924924924917455e-01
3.665055055055052247e+00
2.789379379379377077e+00
7.184904904904825251e-01
2.613439439439439571e+00
2.057957957957912143e-02
2.595855855855853100e-01
2.498958958959002774e-01
8.502802802802656990e-01
1.762983983983977376e+00
1.575975975975996840e-02
1.102467467467458384e+00
1.136983983983976376e+00
3.794080680680678341e+01
7.367367367367239073e-02
4.616318318318319847e+00
8.787087087087198933e-02
2.287867867867902638e-01
4.750469469469469352e+00
1.780907907907921528e+00
1.012934934934939246e+00
1.491601601601606208e-01
2.443434134134142965e+01
2.044426426426424470e+00
1.359178178178190421e+00
1.212552552552541574e-01
2.512412412412368679e-01
6.458328328328332146e-01
1.683641641641641762e+00
3.745116116116149030e+00
0.000000000000000000e+00
2.153753753753766959e-02
5.307417417417426009e-01
7.785925925925828439e-01
1.279662662662674144e+00
2.961536536536538478e+00
1.462409409409406891e+00
1.031214214214214664e+00
2.767587587587615472e-01
0.000000000000000000e+00
1.000000000000011947e-03
1.592743743743747054e+00
1.381344344344356267e+00
1.630664664664646768e+00
4.944744744744671711e-02
1.540706706706693296e+00
4.748202202202211453e+00
2.556186186186214515e-01
1.304201301301312022e+01
1.391846846846850783e+00
1.821104104104104726e+00
9.085155155155018036e-01
3.603614614614631950e+00
1.274708708708712335e+00
0.000000000000000000e+00
8.439349349349324347e-01
1.784804804804785094e+00
8.643343343343203034e-02
1.112287287287289539e+00
7.506776776776783455e-01
1.555281081081082739e+01
3.559282282282276721e+00
8.064804804804941440e-01
7.856926926926810495e-01
4.620520520520603885e-02
2.226666666666702044e-01
7.943943943943874639e-03
2.527787787787785234e-01
1.023537537537544839e+00
2.555585585585604669e-01
3.828568568568526120e-01
1.091122122122126559e+00
6.499288288288327387e+00
1.091281681681685178e+01
7.266126126126158935e-01
0.000000000000000000e+00
6.773873873873950680e-02
7.586717717717707643e+00
7.074324324324323676e-01
1.215124124124140170e+00
1.310553553553544637e+00
0.000000000000000000e+00
6.618758758758730432e-01
1.352142142142140901e-01
7.943943943943862496e-03
8.542373373373376211e+00
1.316505505505510820e+00
1.150925925925924576e+00
3.088718718718698741e-01
1.456218218218227500e+00
2.429609609609640064e-01
1.408886886886869583e+00
3.245500500500483110e+00
9.881041041041077611e-01
8.522672672672518823e-01
2.153753753753785347e-02
1.406188188188199240e+00
6.077399399399347146e+00
1.129435435435440116e+00
6.502522522522535819e-01
0.000000000000000000e+00
7.189789789789712005e-02
8.358888888888894586e-01
1.678507507507503327e+00
6.516306306306223206e-01
1.815375375375410105e-01
2.909888888888889191e+00
2.361215015015017116e+01
1.770061061061062091e+00
2.239324324324325488e+00
2.294308308308325106e+00
4.896636636636700901e-01
2.355945945945976672e-01
2.760647447447457381e+01
2.172163063063059596e+01
8.364504504504505222e-01
9.737037037037125087e-01
1.785212212212213378e+00
1.097412412412397398e+00
1.125856856856869870e+00
4.480150150150198907e-01
0.000000000000000000e+00
5.024124124124087348e-02
9.562102102102014722e-01
7.320877877877864037e+00
1.372294294294279071e+00
1.716575475475472246e+01
9.027213213213187259e+00
4.793755755755714887e+00
7.011281281281338540e-01
9.831131131130972645e-02
1.325161161161172219e+00
9.309769769769803416e-01
0.000000000000000000e+00
2.898931931931928219e+01
4.864374374374290655e-01
5.436596596596612319e-01
7.534914914914836448e-01
1.400218218218217903e+00
8.481491491491521817e-01
1.272578578578593023e+00
2.134323323323321642e+00
1.581581581581542259e-02
0.000000000000000000e+00
1.794893093093093128e+01
9.382782782782789210e-01
1.966558058058058123e+01
2.124184184184172430e-01
9.636726726726768666e-01
0.000000000000000000e+00
1.149734434434432373e+01
0.000000000000000000e+00
4.264338338338342638e+00
0.000000000000000000e+00
4.390010010009934294e-01
1.142845945945946973e+01
1.048203203203212253e+00
1.116135135135128742e+00
3.093694394394404412e+01
1.553792792792802802e+00
1.563016016015990273e+00
4.624624624624704139e-02
1.054092092092087762e+00
1.000000000000000454e-03
1.244034034034019909e+00
8.582178178178191175e+00
5.689589589589622715e-02
1.090112412412413967e+01
4.371543043043037358e+01
1.007980980980974994e+00
0.000000000000000000e+00
1.315214214214210253e+00
2.066353853853851419e+01
1.966873873873864031e+00
7.392982982983030693e-01
2.385427627627629121e+01
0.000000000000000000e+00
6.924434434434447727e-01
1.000000000000008694e-03
1.808878878878865115e-01
2.353084784784784489e+01
1.619529529529520062e-01
3.614148148148170758e+00
2.453592592592605648e+00
1.181324324324333874e+00
6.701171171171207419e-01
2.328878878878840597e-01
2.457397397397428351e-01
6.329879879879763971e-01
2.708658658658655405e+00
1.227645645645658812e+00
1.255105105105105201e+00
6.257357357357247463e-02
4.685745745745809043e-01
5.778197197197225243e+00
1.656575675675675186e+01
8.108188188188235612e-01
6.632372372372340452e-01
1.575886886886870064e+00
2.057957957957902775e-02
3.200075875875884179e+01
1.056485485485486153e+00
7.137487487487476079e-01
2.166196196196179979e+00
7.329479479479611426e-01
1.030154154154166557e+00
2.111122122122131906e+00
1.018768768768794214e-01
4.060120120120050968e-01
0.000000000000000000e+00
4.174644644644731617e-01
1.674506506506499903e+00
3.647061861861860166e+01
3.005199299299292903e+01
1.187951951951945029e+00
2.456216216216252635e-01
1.044887887887894218e+00
9.283793793793796434e-01
1.306217217217206406e+00
2.312022022021992529e-01
1.445524524524515853e+00
0.000000000000000000e+00
2.092086086086094809e+00
1.111505505505499647e+00
1.020970970970973335e+00
9.044394394394471570e-01
1.762876876876873888e+00
2.539079079079125667e-01
3.899152252252257966e+01
1.073182182182174760e+00
4.454149149149159825e+00
1.011918918918906174e+00
1.481496496496498061e+00
8.632792792792780556e-01
1.166001001000998016e+00
8.152232232232407005e-01
4.195189189189184376e+00
9.342132132132182631e-01
1.089287287287284967e+00
1.249592592592599694e+00
1.000000000000007610e-03
5.667377377377276204e-01
6.427977977978036606e-01
1.514329329329322515e+00
1.133153153153162451e+00
1.886096096096079533e+00
1.949699699699706801e-01
3.380880880880770406e-02
1.921421421421385944e-01
1.284384384384393979e-02
6.273713713713631179e-01
1.000000000000007393e-03
2.419429429429388323e-01
1.158977977977973861e+00
1.280414414414418278e+00
7.451351351351441499e-02
1.583493493493514925e-01
3.870468468468467815e+00
8.427327327327266415e-01
6.086957957957987553e+00
2.993993993994002907e-03
0.000000000000000000e+00
1.350651651651646468e+00
3.796496496496466755e-02
1.997997997998009374e-03
7.540130130130087149e-01
2.709367367367382151e+00
1.000000000000010863e-03
1.254888888888887166e+00
1.236940940940948863e+00
1.772771771771742166e+00
3.935835835835811702e-02
4.610610610610499371e-02
