3.763177577577560129e+01
2.417855355355354519e+01
2.617117117117102043e-01
1.144077477477476990e+01
4.933395995995999783e+01
7.127348348348309770e+00
5.466446446446450169e-01
2.344713513513514869e+01
4.287517517517446808e-01
2.221174574574572702e+01
1.037334580580579541e+03
5.927267267267193329e-01
3.542012012011998001e-01
1.300656156156149912e+01
2.138297697697700173e+01
6.658109209209209212e+01
3.136526526526532965e-01
4.092812812812767209e-01
3.873764624624627118e+02
1.130861861861864170e+01
3.388378378378419375e-01
8.487052052052055373e+00
2.979627327327327180e+01
3.885155155155087248e-01
5.370430430430284119e-01
5.118798798798857019e-01
2.718550750750754119e+01
4.946196196196227524e-01
1.006629629629628653e+00
1.441845245245249707e+01
8.148504704704639323e+01
5.282382382382438957e-01
1.049312312312326023e+00
1.417168168168186071e+01
2.022521621621623211e+01
1.942417017017013947e+01
1.139900894894894009e+03
5.345293893893905306e+02
1.047433433433423433e+00
3.071766466466467804e+01
1.425526916916913365e+02
1.052408808808813134e+01
2.726771171171174046e+01
9.413415415415423482e+00
2.669335935935935566e+01
3.593983983983984887e-01
1.862964964964952674e+00
1.610110110110105353e-01
3.628503103103100358e+01
1.911712112112113289e+02
2.263491691691689667e+01
2.571761761761808263e-01
5.328098098098027480e-01
9.713069069069016237e+00
3.172682982983009126e+01
6.831225225225219688e+00
2.145000400400402185e+01
5.671598598598567520e+00
6.626908208208213580e+01
1.420797897897885598e+01
6.863546056056052294e+02
1.532224224224219711e+01
4.598047477477480243e+02
3.909169169169167124e-01
2.011590590590575900e+01
4.929319319319396819e-01
7.798882782782818879e+01
2.134767767767771574e+01
3.706296296296240911e-01
3.938088088088166905e-01
3.759525125125124134e+01
3.115415415415344613e-01
2.562976876876874499e+01
3.635685585585589763e+01
6.105405405405301966e-01
7.783579409409413756e+02
2.558485885885849953e+01
1.909408108108103974e+01
4.225459829829836167e+02
2.884922922922942057e+00
1.257339139139135753e+01
1.627562962962960569e+01
6.996016016015885741e-01
8.121241241241283149e+01
5.747831831831872762e+01
3.569780080080079898e+01
9.269796796796798688e+00
2.932581681681682895e+01
9.992631631631624600e+00
1.003529529529520126e+00
4.789089089089120788e-01
1.930004604604604168e+01
5.082232232232160030e-01
2.710360660660660415e+01
2.349262562562563517e+01
6.962502502502523338e-01
3.027857357357356705e+01
2.209075675675676464e+01
1.825373273273280716e+01
8.281859129129120447e+02
4.854538938938929959e+01
4.159219219219152386e-01
9.938688688688630535e-01
1.974676896896896778e+02
8.574084084084094837e-01
1.713138138138135602e+01
8.805131131131187061e+00
9.803946946946933139e+00
4.163673673673625730e-01
3.252320920920923442e+01
2.595610610610616487e+00
5.826976976976971923e-01
5.643073073073163748e-01
3.936504704704702107e+01
2.426231231231232854e+01
2.640415415415430012e+00
2.252252252252210929e-01
3.326302602602599734e+01
1.853963863863863537e+01
9.792358258258283854e+01
7.423917317317317099e+01
1.117446146146146191e+01
2.161380380380379052e+00
1.771075275275278926e+01
2.643682382382378648e+01
7.997547547547538827e-01
1.652375475475472655e+01
4.833613613613546578e-01
1.899843713713716227e+02
4.169119119119006900e-01
1.606646646646665011e-01
4.048588588588564741e-01
1.449366366366336312e+00
2.335083583583576683e+01
1.743442842842844342e+01
2.437696996996992311e+02
6.160510510510546212e-01
5.410294494494495154e+01
1.375997497497495736e+01
5.059109109109062308e-01
1.811476676676678466e+01
2.029441241241230998e+01
5.312002002001942058e-01
2.682962762762763020e+01
4.055875875875888381e-01
2.474058358358357879e+01
1.724089489489486127e+01
3.107865865865885979e+00
1.909768468468466907e+01
3.268808808808809085e-01
3.943735535535532932e+01
1.220190090090078883e+01
4.124634634634661290e-01
3.176786586586588612e+01
7.095702602602598574e+01
1.052406506506504513e+01
2.732671271271271607e+01
8.809158258258270280e+01
1.529489089089087095e+01
7.914104104104097148e-01
4.675185185185150583e-01
3.092642642642645101e-01
4.970330330330375856e-01
1.982770550550547171e+02
2.969555855855871940e+01
8.423148568568566361e+02
5.778078078077976132e-01
2.066079079079073821e+01
1.353839869869870540e+02
1.564456256256258193e+01
6.855205205205139318e-01
2.249492092092090090e+01
1.585304804804802892e+01
3.254984984984991003e-01
1.198978478478470500e+01
1.275468138138129035e+02
2.331946546546544852e+01
9.525025025025090075e-01
4.606486486486414123e-01
1.166219219219221159e+01
8.715335335335409050e-01
2.424182082082088741e+01
9.345255255255232596e-01
2.566412712712719113e+01
8.549923923923865132e+00
1.090481681681681358e+01
2.487641041041034384e+01
1.858343943943951615e+01
1.736194894894893892e+01
6.915035035035120847e-01
2.939746346346343131e+01
2.826186786786772487e+01
1.545223823823828901e+01
2.194155255255257231e+01
4.580170170170140831e-01
3.622189689689687242e+01
3.748608608608514636e-01
2.418738538538537242e+01
1.000070070070065098e+00
2.327210360360365087e+02
1.421355355355352970e+02
1.205156556556552694e+01
2.080506506506492048e+00
2.774514514514543340e-01
2.053360760760759618e+01
2.108058058058032147e-01
5.298900400400418675e+01
4.977217217217132506e-01
5.167637637637744197e-01
3.628031031031056397e+00
9.189970290290294770e+02
3.739009009008983919e-01
7.681871871871832624e+00
1.041063063063074168e+00
2.974927427427431681e+01
6.828528908908906487e+02
3.388731881881886352e+02
3.294300040040043882e+02
9.983156156156132610e+00
2.220433033033033610e+01
4.179775775775786961e+00
1.334532532532542559e+00
6.120649149149125634e+01
3.796896896896871931e-01
2.908451121121122469e+02
1.171800000000002839e+01
3.468129229229234056e+01
9.295684684684655252e+00
8.208403203203204157e+01
1.190862362362366689e+01
3.467697697697652570e-01
1.430494094094087920e+01
2.739777777777781154e+01
2.975269969969964023e+01
1.093505485485492272e+02
5.210317117117122621e+01
1.257644834834833887e+02
1.987510710710701645e+01
2.184581881881879539e+01
1.720660360360363583e+01
1.469235135135136616e+01
1.452861161161161441e+01
2.435985985986024727e-01
8.931351351351384249e-01
2.432825525525546695e+01
2.871419219219217212e+01
2.515321191191192440e+02
2.557685085085062937e+01
1.319599799799797601e+01
8.620583583583618648e+00
1.776025425425421744e+01
2.969459259259263462e+01
1.071366366366368394e+00
9.936166166166177094e-01
1.656614614614628112e+00
1.368028218218217376e+02
1.461058858858857157e+01
5.988031731731733487e+01
4.776627627627632222e+01
2.483242242242249631e+01
4.334284284284349864e-01
2.538368368368387196e-01
1.938941041041036328e+01
1.149651121121127488e+02
5.812097557557557366e+02
2.050510510510508766e+01
7.880471171171161870e+01
1.310905005005000667e+01
7.209867867867906455e+00
1.693686786786784992e+01
2.468768168168174881e+01
9.126070370370356954e+01
6.273313313313235717e-01
8.855997897897894688e+01
1.329800800800794658e+00
5.821371371371314440e-01
3.255016216216219505e+01
4.653503503503557681e-01
4.109049049049097735e-01
3.401890390390386898e+01
2.276837037037039480e+01
2.067356986986987977e+02
1.244849949949947110e+01
2.312406306306314008e+01
8.185872072072069727e+01
2.846037737737744067e+01
3.789745795795790855e+02
2.535918618618613252e+01
2.392671271271286670e+01
6.084774774774759365e-01
2.536139239239241050e+01
1.709225035035034921e+02
3.208733733733734539e+01
1.945735735735747152e-01
3.357247147147146649e+01
1.293684084084073938e+01
1.135405535535535506e+02
5.042882882882953055e-01
2.775136636636637633e+01
3.370760760760734831e-01
1.350633233233235764e+01
1.415045045045043715e+01
8.510712712712754424e+00
2.019856056056056914e+01
5.189899899899925728e-01
1.405896896896898518e+01
1.449894894894867114e+00
4.197187187187108037e-01
1.047697097097099039e+01
1.955675475475469938e+01
3.316776776776740876e-01
4.861571571571536854e-01
1.391002802802808525e+01
7.345655655655595195e-01
3.007767767767725586e-01
2.597947947947928937e-01
1.417923323323320695e+01
3.556530630630632572e+01
2.960841541541535449e+01
5.205755755755755443e-01
5.334265265265258193e+01
1.122183583583578859e+01
1.144376426426420608e+02
6.324233333333337725e+01
8.626844344344345927e+01
2.087722422422419655e+01
2.551239179179183907e+02
9.926144144144107173e+00
2.035588188188190628e+01
2.358508508508481705e-01
1.956434534534530201e+01
1.870722922922916709e+01
2.611112512512512751e+01
4.655205205205314445e-01
2.814599199199203028e+01
1.233204404404399490e+01
7.642032032032044508e-01
9.710533533533505235e+00
1.402879179179173086e+01
5.097117117117058172e-01
2.784443843843829569e+01
3.139419419419370860e-01
5.719159159159243888e-01
4.352212212212147047e-01
2.652592592592640242e-01
1.147493463463462604e+03
1.500767067067060445e+01
2.760776756756758346e+02
7.020370370370443425e-01
3.310053053053059102e+01
3.834641541541540022e+01
3.655513013013015211e+01
5.869179179179077055e-01
9.391020020019988479e+00
6.046736736736756379e-01
1.000363133133131583e+02
4.893753753753712910e-01
3.760439039039051323e+01
2.813173773773767294e+01
5.154824824824736362e-01
4.682392392392426550e-01
6.302212212212172648e-01
4.611911911911917850e-01
5.060070070069999648e-01
2.883643643643576393e-01
1.090900900900886983e+00
1.316692492492503952e+01
3.707841641641641672e+01
4.402018788788786310e+02
7.220660660660688235e-01
4.117987987988029897e-01
3.181331331331362922e-01
5.492992992993077639e-01
6.142382382382378658e-01
2.095467367367369249e+01
5.020930930930862512e-01
1.346856656656651907e+01
1.679675675675682767e+00
1.923374874874877705e+01
1.067374274274274804e+01
1.478386086086087232e+02
3.163166966966971216e+01
2.828168168168136432e-01
6.306086086086134523e-01
1.503230830830831977e+01
2.031855655655655468e+01
1.592585185185182794e+01
3.882636536536536909e+01
4.765055055054976951e-01
1.687905685685686308e+02
5.359022602602603911e+02
1.350449949949934947e+01
6.482232232232306712e-01
1.495756356356360683e+01
2.850906406406438265e+01
2.783311911911914294e+01
1.610681681681680999e+01
3.508458458458487694e-01
1.956641741741735885e+01
6.268756556556551374e+01
1.999960260260257883e+01
3.428362162162163429e+01
5.062182532532538062e+02
1.651501601601603042e+01
6.239522302302301568e+02
1.452676476476464451e+01
1.613181981981984592e+01
8.740184484484485949e+01
2.080248048048045106e+01
1.819221621621626284e+01
3.316066066066015172e-01
7.032439939939948204e+01
2.771073073073073267e+00
9.859694694694741912e+00
4.390219719719722775e+02
3.443355655655648917e+01
5.461113783783777080e+02
3.240584884884884787e+01
5.535195195195268258e-01
3.120017417417427907e+01
2.392006606606603114e+01
3.240227927927933393e+01
1.038600600600592339e+00
4.484114114114082228e-01
6.254820410410402474e+02
4.284633233233236638e+01
1.221436716716717257e+02
3.060320320320357723e-01
9.097192192192270710e+00
1.309101401401392550e+01
7.755808408408405796e+01
4.534514514514577099e-01
7.765505505505434503e-01
3.469829829829860768e-01
4.620093193193196157e+01
1.952239639639643087e+01
8.053093093093136590e-01
2.126975055055054611e+02
8.809860860860919018e+00
1.446036036036006944e+00
5.973473473473468465e-01
2.824584484484492464e+01
3.471312012012015202e+01
7.530218198198231221e+02
8.066765765765758545e+01
5.852602602602606785e-01
3.994024024024060981e-01
8.778508508508465757e-01
8.112031531531533801e+01
2.643687187187192933e+01
1.934234234234265271e-01
2.111833833833836938e+00
2.180467567567572473e+01
1.752300600600603531e+01
1.563879279279258938e+01
2.878432332332331356e+01
4.578146746746746487e+01
2.775950550550560436e+01
2.587474474474472075e+01
5.977287287287238460e-01
3.552812812812777277e-01
3.075175975975960441e+01
1.749828828828805305e+00
3.493353353353328417e-01
8.855355355355322144e-01
4.596906906906850221e-01
3.450270270270335615e+00
3.295766666666661848e+01
2.061658358358359422e+01
1.244991991991991931e+01
7.648388388388358550e-01
3.614204204204251036e-01
6.801151151151124674e-01
5.920167567567570188e+01
2.824719719719710653e+01
5.650347747747750304e+01
1.434446946946935242e+01
7.189999999999953317e+00
1.245949149149145363e+01
1.893519619619619476e+01
3.236585985985977487e+01
6.584332592592589890e+02
2.175245545545546477e+01
2.028200600600602854e+01
1.826588588588612616e+00
3.176682082082077230e+01
6.946709809809802039e+01
1.555764764764763086e+01
1.397017017017000873e+00
3.449839839839781708e-01
1.908643643643647536e+01
1.170582382382381681e+01
3.377690990990992503e+01
8.961491491491492267e-01
3.074174174174240104e-01
9.822562562562489052e-01
2.278339939939944614e+01
3.663093093093095498e-01
3.340990990990919118e-01
1.097985085085081103e+01
2.080773063063064114e+02
3.142854754754754154e+01
2.500311491491495133e+02
4.428738738738836611e-01
1.569680680680666462e+00
2.408563563563562226e+01
6.380590590590643485e-01
2.852480480480485170e+01
2.879212812812815159e+01
3.363963963963980119e-01
3.754473073073070566e+01
4.849205465465465750e+02
9.271281281281282816e+00
1.974006206206203373e+01
8.349146746746740178e+01
2.612916116116085163e+01
2.103367767767771923e+01
2.941675075075083612e+01
3.805485485485418096e-01
5.502486486486485084e+00
5.213876976976983002e+01
6.506486486486386944e-01
4.281285485485480535e+01
2.229343743743742934e+01
6.938595895895893761e+01
5.922372372372403104e-01
2.528598698698704794e+01
1.199498498498497101e+00
1.185935935935938934e+00
8.507521521521509555e+01
4.456777757757757854e+02
1.100372682682687469e+02
6.108362362362353970e+00
8.705785785785880027e-01
1.430647397397397071e+02
1.633119219219216589e+01
1.322679679679666043e+00
2.567161041041040903e+02
1.322659359359360920e+01
6.084084084084085964e-01
2.318445545545552022e+01
2.577761361361360670e+01
5.571621621621530851e-01
2.315488588588588215e+01
2.878628628628586150e-01
3.602208908908901464e+01
4.479469469469406495e-01
2.384003903903901644e+01
9.959045045044957689e+00
4.084504504504450351e-01
1.378135225225223905e+02
5.466376376376455015e-01
9.687774674674673747e+01
1.571287787787786883e+01
5.433223223223256904e-01
2.880269469469476107e+01
3.044534534534498182e-01
3.475445045045042747e+01
9.012102102102019785e+00
1.636639739739744073e+03
2.004944944944945817e+01
1.975803443443444678e+02
1.457834274274274549e+02
2.155090990990991529e+01
4.305095095095036739e-01
2.274481081081078671e+01
4.045065765765767196e+01
2.002851651651648623e+01
3.055567167167170695e+01
5.018328328328381938e-01
2.265248428428423892e+02
1.146808008008009416e+01
4.730770770770867384e-01
3.590979979979979220e+01
1.780282282282279382e+01
6.832352352352343283e-01
8.121845895895895637e+02
3.549953153153151675e+01
1.642173973973979884e+01
5.325130730730769102e+01
2.612698998998996558e+01
2.655376206206206007e+02
1.030404404404402952e+00
4.657647647647724098e-01
2.244341341341357321e+01
1.274791891891888440e+01
8.337802512512513431e+02
2.615161461461465819e+01
9.912762762762650226e-01
1.718202202202200013e+01
3.301729129129125795e+01
3.201191191191213870e-01
9.953280880880897996e+01
7.150596936936927932e+02
1.256417217217218685e+01
5.853433433433488098e-01
7.561471471471583605e-01
9.655037237237226577e+01
3.596346346346339651e-01
1.007370670670670961e+03
7.459289289289200431e-01
2.845540540540520968e+00
4.592382382382418915e-01
2.673890990990982175e+01
4.721011011011053138e-01
6.206596596596551940e-01
1.744239739739736450e+01
1.102432432432428167e+00
3.965030820820833810e+02
4.664324324324290449e-01
2.013121321321321489e+01
6.636846846846962134e-01
5.786926926927031811e-01
1.268722222222227458e+01
2.897771971971953775e+01
7.993233233233164592e-01
5.210983483483488499e+01
8.241781781781757354e-01
2.540968868868866792e+01
1.796394794794795757e+01
5.454166866866878394e+01
2.218626226226223253e+01
5.267621121121180039e+01
9.073452452452464456e+00
3.568168168168197041e-01
1.115387887887883345e+01
4.801071071071158491e-01
7.940100100100020430e-01
8.713199709709701892e+02
1.002264610610609338e+03
1.143676776776774595e+01
2.462645645645683778e+00
1.605370470470469613e+01
1.051823426426426522e+03
2.873337937937937880e+01
2.853845645645638740e+01
2.512051051051025219e+00
2.057633533533533310e+01
6.865655655655601430e-01
2.387447347347346849e+01
1.234712310310309931e+03
6.401951951951984077e-01
5.905395395395460767e-01
3.654948948948953102e+01
6.707977167167158541e+02
1.725583983983985803e+01
3.180978378378377158e+01
3.941881881881847405e-01
6.814264864864895799e+01
4.344414414414377590e-01
3.148388388388342340e-01
5.051351351351437424e-01
3.590364574574585959e+02
5.958159259259198848e+01
1.473606422422421929e+03
4.916626626626630636e-01
1.328578578578587965e+00
2.492446246246242936e+01
1.514246146146144056e+01
3.503563563563514283e-01
1.878267067067067941e+01
2.274637237237235610e+01
5.499599599599707123e-01
1.729393363363363676e+02
3.903173173173167809e-01
1.199659659659648492e+00
2.850309809809808570e+01
5.095225225225177290e-01
1.072371371371382942e+00
1.622466766766767066e+01
2.276472772772773823e+01
1.597801071071070851e+02
8.567570570570532951e+00
7.435145145145148904e-01
2.358941941941939646e+01
1.840840840840883841e+00
1.659600900900897713e+01
7.127466466466544581e+00
2.042752752752771406e-01
1.325567527527526579e+02
4.162752752752687524e-01
4.457847847847913325e-01
2.284874874874882056e-01
6.783383383383316811e-01
3.070610610610655100e-01
1.737432132132136786e+01
4.422852852852746097e-01
2.182532532532526659e+00
7.749219219219369847e-01
2.097989389389363524e+01
1.750783083083081948e+01
3.653080080080086844e+01
2.341731131131133736e+01
3.640020220220212366e+01
3.665921421421427340e+01
3.058776086086085115e+02
1.148555097097098951e+03
2.862576776776773002e+01
2.319127027027006349e+01
1.427758858858860833e+02
4.424494494494447538e-01
6.069103303303305097e+01
5.315895895895887957e-01
6.812179079078984500e+01
1.428609209209194475e+01
3.229339339339344361e-01
1.982948348348350720e+01
4.701641641641535196e-01
3.626626626626591188e-01
5.975854254254259246e+01
6.458419599599590128e+02
5.573283283283203549e-01
1.350956756756761301e+01
2.634950450450455861e+01
4.628546446446447504e+01
1.482129129129129375e+01
1.788563763763759695e+01
1.916210210210239850e+00
1.960516416416412611e+01
7.977017017017200562e-01
1.998876776776780773e+01
4.346874574574583505e+01
1.200195295295292475e+01
2.354837937937930903e+01
1.995694694694681859e+00
6.507437437437422201e-01
2.827917717717718205e+01
5.533723723723720234e-01
8.153352052052051135e+01
6.658270170170168001e+01
1.215029829829829566e+01
5.572825425425428847e+01
4.730040040040144333e-01
8.414924924924984673e-01
4.633343343343421239e-01
1.571438338338327334e+01
3.817930430430435962e+01
4.709979979980070675e-01
2.293185185185181751e+01
2.278740140140135750e+01
1.098166957957958175e+03
5.447277277277325913e-01
1.102861871871872381e+02
4.660410410410503190e-01
2.046757757757775131e+00
1.049601591591588914e+02
3.949160260260271826e+01
2.012082782782782076e+01
7.150620620620606882e-01
6.062500940940950613e+02
4.693673973973974256e+01
2.569567667667667976e+01
6.458568568568529011e-01
1.076286286286301630e+00
7.867152152152153910e+00
3.632498798798799555e+01
9.305062562562564210e+01
3.283993993994041016e-01
5.460720720720636523e-01
1.064641341341342518e+01
1.191407707707702812e+01
2.656426526526521670e+01
6.423375875875873930e+01
3.122932132132123328e+01
2.226867367367367478e+01
1.915761761761773263e+00
2.960740740740747112e-01
4.381241241241193851e-01
3.024832332332333706e+01
2.620730330330319902e+01
3.536272972972970763e+01
1.108265265265277355e+00
3.645147947947954492e+01
1.038647787787787138e+02
6.037977977977991850e-01
3.558181181181172974e+02
3.150768768768766748e+01
4.385573273273261918e+01
1.776598498498500689e+01
8.657506106106065147e+01
2.844520320320328111e+01
2.167117117117139669e-01
1.578793493493497380e+01
4.240600200200200476e+01
6.513543543543458547e-01
2.496948848848844094e+01
1.049157157157147857e+01
4.404254994994998924e+02
7.144197197197208027e+01
1.573360060060059773e+01
1.431008508508508648e+01
6.116326326326265717e-01
4.614114114114227228e-01
4.968268268268346555e-01
2.649152152152133954e+00
1.862682582582579371e+01
3.912935935935913712e+00
3.298421421421421140e+00
2.224126726726723646e+01
1.632614734734733588e+02
2.820860480480475871e+02
1.187616716716727261e+01
2.932832832832854009e-01
5.379429429429334331e-01
1.992387967967968621e+02
1.213876076076089205e+01
2.489553153153152820e+01
2.885661461461456057e+01
5.865205205205270556e-01
9.962752752752770391e+00
5.238178178178097832e-01
4.717087087087049047e-01
2.185279179179182449e+02
2.448314414414394946e+01
2.455256756756755721e+01
5.390500500500452485e-01
2.938427527527522187e+01
7.675825825825982607e-01
3.408278478478483464e+01
7.559067667667657986e+01
1.884505205205207190e+01
1.528433533533529598e+01
4.987187187187124282e-01
2.807782482482508613e+01
1.450078108108110655e+02
2.352992892892905985e+01
1.070815215215224292e+01
3.560520520520525922e-01
1.320325325325340415e+00
1.518842542542540563e+01
4.119349949949950940e+01
1.157925325325321708e+01
4.182052052052093738e-01
7.088660560560572321e+01
6.113712852852853530e+02
3.611346046046046609e+01
4.475349649649649564e+01
5.060901401401365973e+01
9.016466466466484420e+00
4.926346346346430205e-01
7.421262802802793885e+02
5.711339239239241579e+02
1.617791291291292666e+01
1.743030730730701805e+01
3.845331531531542879e+01
2.395248348348343725e+01
2.264447047047046624e+01
9.065496496496601608e+00
1.974684684684645530e-01
4.669339339339276251e-01
1.835377777777780395e+01
1.475199819819820561e+02
3.096330930930932368e+01
4.538813983983981757e+02
2.186547077077073027e+02
1.150328308308315002e+02
1.271590990990989667e+01
7.254564564564672802e-01
2.728923523523526740e+01
1.807283183183182373e+01
4.873153153153063633e-01
7.921976956956948470e+02
5.928183183183057814e+00
9.845319319319314033e+00
9.378844844844866913e+00
2.979595895895894841e+01
1.211154054054047080e+01
2.938242442442441416e+01
4.920919819819803820e+01
4.758278278278235129e-01
3.672392392392395122e-01
5.120999549549545691e+02
1.809994994994996986e+01
4.393332042042042076e+02
6.911571571571565320e-01
1.827976976976982471e+01
3.385055055055018469e-01
3.429699449449443023e+02
1.309849849849831216e-01
1.069632732732732450e+02
1.884484484484464373e-01
1.189059059059045076e+00
2.914767557557559599e+02
2.007748248248249467e+01
2.263045145145143522e+01
6.480202012012005071e+02
3.247496196196196649e+01
3.626206606606603344e+01
5.055055055054931135e-01
2.131002702702705065e+01
3.950350350350250728e-01
2.927136236236228584e+01
2.333659549549549865e+02
7.009169169169088276e-01
2.268417207207209003e+02
1.197149055055056124e+03
1.930019919919924831e+01
2.511171171171202587e-01
2.889263263263270076e+01
4.992553933933926942e+02
4.516222022022044058e+01
1.314922722722706361e+01
6.285369039039030667e+02
4.968458458458376859e-01
1.276869169169173190e+01
5.314584584584630678e-01
7.364824824824862670e-01
5.919866646646646586e+02
2.674914914914952591e-01
6.836940340340353828e+01
5.509149949949949132e+01
2.308349749749756086e+01
1.048122222222223598e+01
8.567687687687575160e-01
4.078744744744688511e+00
9.848658658658667520e+00
6.175368568568566019e+01
2.746518318318319984e+01
2.584867467467469382e+01
3.552322322322383208e-01
8.970482482482477593e+00
1.284004754754753890e+02
3.990157747747747976e+02
1.517451751751752376e+01
7.487718718718791244e+00
3.558132832832835390e+01
4.166716716716685753e-01
8.698444544544544215e+02
2.248866866866863035e+01
1.205262762762759898e+01
4.941896496496492119e+01
1.345036836836834127e+01
1.961718018018018839e+01
4.432172072072069113e+01
5.301401401401356628e-01
6.217467467467452380e-01
6.413373373373237873e-01
1.398772772772766793e+00
3.595758758758753260e+01
9.308008878878874839e+02
7.249162222222216769e+02
2.425702202202203495e+01
5.600590590590609485e-01
2.086471771771772765e+01
1.915313213213207888e+01
2.559326226226225032e+01
4.619529529529420864e-01
3.061484284284280477e+01
8.958828828828820923e-01
4.669536136136140669e+01
2.210861561561555177e+01
1.639568968968955431e+01
1.499547847847851756e+01
3.644039039039041228e+01
1.122581581581590937e+00
1.018825571571571118e+03
1.959585085085088707e+01
9.628697797797804014e+01
1.770734234234211968e+01
3.131686386386383703e+01
1.452920020020016878e+01
2.299521621621622458e+01
1.476314714714714604e+01
1.175908698698705450e+02
1.710563263263259515e+01
2.099529729729724892e+01
2.616432032032033561e+01
8.199709709709667171e-01
1.487082082082077150e+00
1.192868268268280652e+01
3.446792892892894855e+01
2.248344944944942014e+01
3.881664464464466846e+01
3.926516516516496691e-01
2.922342342342320043e-01
8.791151151151013199e-01
4.512942942943019564e-01
7.518425425425403930e+00
3.889299299299379675e-01
6.924644644644544211e-01
2.485059359359360798e+01
2.353429329329325981e+01
5.786696696696800313e-01
4.109179179179256458e-01
9.223436036036022756e+01
1.457377877877875250e+01
1.503815215215214209e+02
5.496396396396444617e-01
2.944584584584633014e-01
2.868468368368371557e+01
6.753443443443424288e-01
4.770150150150212487e-01
1.261341641641638134e+01
5.398428328328322578e+01
5.861591591591628347e-01
2.614544044044045279e+01
2.293358658658666371e+01
3.372222122122116161e+01
7.285005005004960843e-01
1.948644644644665469e+00
