6.237123123123136992e+00
3.736511511511507955e+00
2.997997997998113045e-03
1.971110110110121161e+00
8.060126126126144541e+00
1.271254254254249094e+00
2.769759759759737316e-01
3.733162162162194875e+00
2.510330330330325932e-01
3.836875875875925601e+00
1.599883263263267565e+02
3.049439439439496913e-01
6.083583583583484361e-02
2.205098098098121184e+00
3.351154154154157627e+00
1.216670570570568621e+01
4.278178178178169283e-02
1.358508508508501356e-01
7.779453353353352441e+01
1.908678678678670471e+00
1.478978978979021350e-02
1.582673673673671066e+00
4.666312312312332011e+00
2.497597597597595032e-01
1.288558558558564049e-01
1.086166166166158825e-01
4.457238238238259598e+00
9.707807807807844469e-02
1.264034034034048071e-01
2.461200200200201138e+00
1.313547347347342864e+01
2.024774774774781849e-01
5.198388388388254233e-01
2.299413413413407437e+00
3.219168168168169419e+00
3.231185185185200481e+00
1.815227817817814469e+02
7.888880480480489155e+01
3.248588588588628423e-01
5.277061061061044889e+00
2.107044144144153108e+01
1.747211211211186388e+00
4.538428428428430195e+00
1.620983983983969701e+00
4.217943943943954999e+00
7.534234234234116201e-02
4.617837837837889259e-01
1.000000000000007827e-03
5.858487487487509249e+00
3.192183283283271678e+01
3.828738738738708847e+00
3.500300300300365763e-02
1.886806806806816672e-01
1.539923923923910865e+00
4.873791791791799888e+00
1.293404404404394192e+00
3.665228228228248231e+00
8.910850850850799976e-01
8.826935935935940947e+00
2.287380380380353184e+00
9.575586686686678206e+01
2.623397397397387643e+00
6.938756256256242239e+01
3.480880880880855843e-02
3.316031031031017928e+00
2.182052052052084468e-01
1.217407007007003372e+01
3.376674674674680521e+00
2.512412412412440288e-01
1.631381381381372120e-01
5.794087087087069321e+00
8.380180180180278604e-02
3.702985985986036788e+00
5.859198198198211749e+00
3.195745745745766087e-01
1.135094734734733350e+02
3.709975975976034235e+00
3.119444444444464448e+00
6.365494594594566280e+01
3.739389389389426444e-01
2.088149149149158390e+00
2.482985985986005950e+00
2.094844844844859499e-01
1.037330430430427874e+01
8.925575575575578569e+00
5.231626626626607823e+00
1.621656656656662365e+00
5.163462462462438118e+00
1.730441441441419759e+00
3.100520520520466672e-01
2.956546546546532372e-01
3.388090090090093653e+00
5.022122122122224530e-02
4.255414414414408597e+00
3.326077077077050248e+00
5.059939939939985809e-01
4.991349349349353481e+00
3.578522522522494143e+00
2.890528528528509611e+00
1.216093443443444926e+02
6.849600600600565414e+00
3.006906906906893495e-02
2.517197197197189040e-01
2.777451351351345465e+01
2.701961961961965586e-01
2.836639639639650490e+00
1.463378378378391576e+00
1.730990990990991074e+00
2.585585585585589152e-01
4.961599599599574972e+00
4.928068068067958940e-01
1.495365365365370625e-01
1.394414414414394954e-01
5.938292292292293162e+00
4.091465465465458529e+00
4.765345345345401995e-01
1.000000000000014766e-03
5.142856856856839798e+00
3.206645645645664455e+00
1.483469569569567703e+01
1.266727727727730013e+01
1.908646646646658951e+00
5.130220220220192973e-01
3.004382382382388084e+00
4.251059059059119072e+00
5.353633633633596567e-01
2.643453453453457946e+00
1.598948948948926974e-01
2.809939039039037922e+01
2.657757757757696002e-02
5.993993993993835569e-03
8.905505505505512120e-02
2.188058058058031108e-01
3.447633633633648831e+00
2.748009009009008796e+00
3.511331231231228855e+01
2.600280280280320988e-01
8.822233233233218286e+00
2.273744744744738089e+00
3.424924924924949848e-02
2.872079079079074226e+00
3.220344344344308496e+00
1.263003003003013158e-01
4.241693693693686207e+00
2.406366366366319565e-01
3.798701701701709510e+00
2.763392392392387542e+00
7.017797797797662440e-01
3.169645645645697840e+00
7.682782782782815456e-02
5.798021021020950627e+00
2.083766766766770306e+00
4.312912912912914704e-02
5.607523523523511244e+00
1.091615915915917689e+01
1.876766766766784889e+00
4.076019019019009981e+00
1.363673473473475894e+01
2.732834834834834581e+00
3.140770770770798803e-01
1.653153153153138211e-01
1.000000000000009128e-03
2.634064064064064459e-01
3.362232132132135121e+01
4.560618618618638820e+00
1.416983053053051265e+02
1.667297297297295755e-01
3.213490490490489737e+00
2.165999199199200831e+01
2.654200200200183879e+00
2.696676676676733608e-01
3.567847847847864795e+00
2.622344344344338385e+00
1.976976976977002504e-02
2.074285285285300429e+00
2.091256056056057133e+01
3.824237237237238407e+00
2.885275275275203111e-01
2.828698698698745018e-01
2.065644644644643702e+00
2.107037037037007010e-01
4.043383383383383212e+00
1.836976976977013898e-01
4.170630630630586921e+00
1.841643643643639416e+00
1.774411411411421557e+00
4.096378378378382479e+00
3.300376376376341625e+00
2.925124124124139691e+00
2.803833833833822009e-01
4.590569569569577624e+00
4.781780780780797713e+00
2.458781781781786968e+00
3.728231231231244003e+00
4.963963963963886894e-02
5.666360360360346959e+00
5.317617617617648174e-02
4.221947947947990443e+00
1.890040040040067704e-01
3.988500100100098678e+01
2.125772972972967523e+01
2.071678678678676278e+00
3.460010010009955117e-01
0.000000000000000000e+00
3.535209209209192238e+00
1.997997997998057079e-03
7.938357357357344490e+00
1.292042042042063077e-01
1.701651651651652219e-01
7.636386386386427860e-01
1.257986016016016606e+02
2.497657657657662567e-01
1.452607607607599993e+00
4.542292292292356981e-01
4.447693693693697270e+00
1.057701801801800627e+02
5.741119119119121450e+01
5.640351751751749276e+01
1.828322322322301519e+00
3.443178178178186499e+00
8.664004004003968973e-01
3.976576576576518751e-01
9.966025025025011530e+00
2.000000000000037338e-03
4.555451651651651446e+01
2.008094094094069693e+00
5.416775775775758639e+00
1.568024024024011309e+00
1.197492092092094396e+01
2.217657657657664760e+00
2.444744744744727777e-02
2.139333333333355736e+00
4.282233233233239567e+00
5.079657657657651093e+00
1.756074774774773317e+01
8.140374374374394151e+00
2.087041641641638989e+01
3.544910910910892721e+00
3.313548548548546524e+00
2.530399399399398952e+00
2.308647647647636525e+00
2.363914914914903687e+00
6.257357357357257177e-02
2.996116116116123718e-01
4.122198198198180563e+00
4.646117117117110951e+00
4.090823423423424288e+01
3.776469469469497131e+00
2.070116116116109684e+00
1.463012012012031571e+00
2.704762762762738415e+00
4.504839839839814175e+00
3.745425425425354948e-01
2.458168168168124446e-01
3.997597597597637442e-01
2.171975375375379969e+01
2.571350350350337877e+00
8.944810810810858825e+00
7.668878878878841121e+00
4.343385385385424513e+00
3.440940940940900861e-02
1.997997997997974246e-03
3.132771771771750480e+00
1.593030430430430222e+01
1.035820800800801038e+02
2.973847847847847614e+00
1.241391991991988064e+01
2.413722722722700276e+00
1.256770770770763601e+00
2.727642642642655435e+00
3.961160160160118515e+00
1.434572372372372051e+01
1.184414414414395461e-01
1.349811211211208573e+01
1.809799799799823028e-01
2.693793793793779548e-02
4.989730730730700614e+00
2.606106106106078069e-01
1.395105105105116927e-01
5.275869869869862505e+00
3.692743743743729379e+00
3.909398398398400332e+01
2.136478478478459397e+00
3.614643643643610460e+00
1.160009409409406622e+01
4.120375375375421534e+00
5.321911011011011539e+01
3.799949949949975370e+00
3.988160160160171941e+00
2.527927927927953178e-01
4.512651651651654383e+00
3.310947947947952485e+01
4.720702702702714859e+00
0.000000000000000000e+00
5.163681681681690172e+00
2.080626626626610243e+00
1.774923623623624280e+01
2.913613613613611486e-01
4.432366366366347066e+00
2.170930930930906888e-01
2.327094094094090515e+00
2.510566566566577951e+00
1.566996996996991465e+00
3.384607607607605484e+00
6.896396396396441142e-02
2.334013013013010784e+00
3.584934934934985162e-01
2.652372372372383547e-01
1.821167167167161649e+00
3.456127127127119447e+00
1.102342342342354647e-01
1.144784784784758785e-01
2.536058058058057618e+00
4.965625625625593731e-01
5.987987987988007549e-03
6.957957957957856127e-03
2.468687687687688648e+00
5.967547547547553677e+00
4.904239239239272408e+00
1.029429429429425114e-01
8.601190190190221685e+00
1.667842842842830464e+00
1.708708608608611357e+01
9.823370370370403393e+00
1.242968968968966870e+01
3.333408408408413681e+00
3.425291091091084184e+01
1.570956956956931050e+00
3.628658658658665548e+00
1.000000000000009562e-03
3.202538538538490354e+00
3.160418418418426967e+00
4.315303303303290150e+00
2.673833833833795803e-01
3.956372372372376489e+00
2.140463463463458282e+00
2.382452452452412106e-01
1.785327327327328018e+00
2.339992992992993237e+00
2.294244244244261210e-01
4.357684684684655529e+00
1.087327327327339693e-01
2.232532532532589542e-01
1.641381381381362969e-01
1.997997997998053176e-03
1.628451051051051763e+02
2.568624624624622044e+00
4.730638338338337689e+01
5.293183183183276519e-01
5.481791791791789770e+00
7.309152152152107895e+00
5.840890890890903187e+00
1.925475475475505460e-01
1.717789789789768928e+00
4.920720720720646313e-02
1.587156556556556986e+01
1.082232232232252511e-01
6.237618618618649080e+00
5.113639639639635526e+00
4.716216216216282536e-02
2.627777777777840496e-01
2.889709709709682994e-01
8.449049049048995563e-02
3.659969969969992243e-01
3.566666666666691576e-02
4.803543543543493111e-01
2.173579579579568488e+00
5.949243243243208745e+00
8.767399099099091586e+01
2.650400400400350076e-01
2.066846846846817354e-01
2.249349349349375263e-02
3.737997997997990485e-01
1.370430430430412128e-01
3.740831831831820775e+00
1.170900900900896241e-01
2.451529529529537843e+00
3.656796796796825122e-01
3.272941941941954536e+00
2.096703703703702182e+00
2.304224124124118944e+01
5.430444444444447960e+00
1.981581581581564819e-02
1.514424424424409832e-01
2.665279279279296087e+00
3.336826826826828629e+00
2.735990990991019167e+00
6.072391391391409599e+00
2.073583583583570866e-01
2.510745845845844926e+01
8.076550450450457674e+01
2.356697697697706761e+00
3.248118118118182296e-01
2.527970970970981668e+00
3.499630630630631067e+00
4.399065065065073554e+00
2.659360360360381481e+00
2.333333333333289517e-01
3.210021021021004284e+00
9.457903903903934761e+00
3.337246246246261983e+00
5.456782782782777730e+00
7.816573573573576539e+01
2.838979979979989299e+00
9.594668768768734424e+01
2.550921921921890156e+00
2.733941941941934850e+00
1.390799399399397807e+01
3.231994994994995540e+00
3.117243243243234208e+00
4.987987987987993650e-03
1.157314314314316483e+01
3.260000000000052300e-01
1.533136136136157068e+00
6.732627627627624634e+01
5.435321321321326060e+00
7.242723323323330931e+01
5.398069069069062920e+00
3.341091091091059617e-01
5.031034034034005842e+00
3.951981981982011671e+00
5.332752752752754510e+00
2.568838838838802263e-01
2.986786786786739256e-01
1.027479659659659887e+02
7.549962962962971424e+00
1.828739039039030700e+01
1.146906906906916962e-01
1.309788788788777358e+00
1.637387387387373439e+00
1.351615115115111188e+01
1.178918918918926695e-01
1.969809809809839884e-01
3.993993993994015071e-03
8.213099099099109068e+00
3.235002002001985399e+00
3.441871871871922672e-01
2.933699899899902519e+01
1.435446446446433155e+00
3.034544544544571787e-01
2.596756756756782858e-01
3.843483483483451923e+00
5.936589589589579496e+00
1.072446906906909305e+02
1.499991091091088080e+01
1.055645645645631875e-01
1.389789789789797579e-02
3.758428428428381984e-01
1.300220420420423828e+01
4.145396396396318295e+00
0.000000000000000000e+00
6.794294294294260794e-01
3.610808808808848358e+00
3.121076076076046313e+00
2.426230230230235652e+00
4.273355355355328733e+00
6.233575575575604155e+00
4.526652652652657594e+00
4.013304304304323722e+00
9.417717717717860593e-02
5.000000000000091177e-03
4.566292292292296828e+00
5.279389389389507192e-01
1.000000000000002840e-03
4.822412412412395710e-01
2.888288288288250460e-01
6.215235235235216926e-01
5.094734734734747583e+00
3.654457457457480185e+00
1.992002002002012828e+00
3.286596596596588760e-01
5.985985985986085403e-03
4.517707707707806497e-01
8.375970970970964657e+00
4.006841841841838558e+00
7.446757757757743512e+00
2.300497497497513422e+00
1.407386386386377586e+00
2.090965965965982498e+00
2.855476476476467074e+00
4.823956956956947373e+00
1.160446276276274347e+02
3.471452452452453930e+00
3.153516516516527979e+00
7.155655655655628333e-01
4.824007007007021564e+00
1.242151951951951716e+01
2.208091091091090252e+00
6.203443443443411587e-01
8.927927927927948454e-03
3.210292292292289407e+00
1.748663663663670986e+00
5.484094094094058569e+00
2.744954954954947346e-01
1.226736736736728783e-01
1.798498498498508902e-01
3.667746746746730846e+00
7.597697697697812502e-02
1.865765765765743656e-02
2.100460460460468859e+00
2.894485085085088727e+01
4.935332332332341920e+00
3.886013113113114770e+01
8.084284284284312672e-02
3.924674674674608621e-01
4.189404404404409199e+00
2.036256256256220587e-01
4.735884884884879575e+00
4.507897897897906958e+00
0.000000000000000000e+00
6.045818818818848861e+00
8.238196396396415366e+01
1.524222222222244127e+00
3.284218218218201812e+00
1.367708108108106657e+01
4.164785785785798389e+00
3.212395395395378550e+00
4.813799799799849843e+00
9.643243243243157514e-02
1.032431431431432900e+00
8.414044044044016957e+00
4.811111111111031624e-01
7.062037037037047327e+00
3.422948948948931314e+00
1.170500400400398355e+01
6.099199199199147742e-02
3.941963963963977857e+00
2.855805805805827213e-01
5.626406406406362359e-01
1.289069669669667206e+01
6.300041141141137047e+01
1.706828028028033017e+01
1.046260260260245101e+00
1.434224224224222299e-01
2.625538538538544486e+01
2.727471471471468956e+00
4.671441441441511744e-01
4.392566366366364861e+01
2.383869869869887026e+00
2.287457457457413856e-01
3.558109109109110157e+00
3.859894894894901896e+00
1.122532532532556637e-01
3.874960960961016720e+00
1.799549549549556704e-01
5.767681681681653849e+00
7.943943943943874639e-03
3.643960960960956896e+00
1.839060060060038415e+00
1.285115115115082474e-01
2.425145945945946480e+01
1.771921921921907339e-01
1.314358258258259582e+01
2.612762762762757429e+00
2.348498498498528819e-01
4.500694694694623799e+00
0.000000000000000000e+00
5.594249249249237721e+00
1.678886886886917784e+00
2.148514814814813576e+02
3.364400400400368696e+00
3.124932032032028673e+01
1.953851351351350019e+01
3.325077077077095211e+00
1.376246246246247695e-01
3.703641641641645332e+00
6.247185185185208489e+00
3.207306306306338950e+00
4.760230230230227733e+00
2.665045045044998062e-01
4.952803903903905791e+01
1.991997997997981162e+00
2.162462462462493573e-01
5.308777777777783591e+00
3.131825825825813592e+00
3.493473473473451274e-01
1.240462722722721054e+02
5.395727727727725132e+00
2.489670670670693475e+00
7.932974974975000926e+00
3.834469469469458769e+00
4.126559559559563439e+01
1.192772772772757867e-01
9.743943943944119446e-02
3.329575575575578039e+00
2.145400400400409247e+00
1.181381931931931462e+02
4.427913913913930521e+00
2.507107107107105493e-01
2.765848848848841524e+00
5.443934934934902437e+00
2.153753753753769387e-02
1.537142742742743984e+01
1.150613083083081847e+02
2.242224224224243834e+00
4.204354354354387646e-01
3.408718718718688478e-01
1.710628428428428194e+01
2.001231231231227481e-01
1.462035095095094164e+02
9.088988988989100959e-02
5.765505505505597039e-01
1.166196196196223056e-01
4.273844844844818525e+00
2.801231231231247065e-01
8.407007007006890575e-02
2.448597597597590436e+00
3.566996996997086056e-01
8.724081581581593525e+01
2.805915915915954129e-01
3.204455455455456736e+00
3.160540540540534571e-01
2.614184184184121795e-01
2.170224224224228671e+00
4.765724724724740291e+00
4.270610610610655056e-01
9.063429429429433526e+00
1.625125125125098657e-01
4.003586586586606266e+00
2.838195195195194920e+00
9.706100100100114147e+00
3.814069069069084605e+00
7.984514514514494010e+00
1.477370370370367558e+00
8.051051051051215379e-02
1.975590590590607265e+00
2.768968968968975597e-01
6.121051051051000780e-01
1.414874974974973156e+02
1.379937047047047542e+02
1.981165165165173159e+00
4.822002002002082066e-01
2.703545545545542605e+00
1.425260560560560350e+02
4.989696696696723777e+00
4.732979979979991647e+00
5.954384384384365791e-01
3.507585585585608179e+00
4.279709709709739740e-01
3.702169169169156504e+00
1.818259639639640852e+02
3.907657657657681582e-01
1.859959959959933684e-01
5.694476476476470594e+00
9.565630730730740083e+01
2.822673673673702144e+00
5.145422422422431197e+00
2.252612612612559795e-01
1.062215015015011943e+01
2.916946946946968322e-01
2.818718718718769486e-02
2.389649649649602803e-01
5.708032532532539705e+01
9.859930930930993043e+00
2.199855265265259447e+02
6.170570570570644425e-02
6.698518518518576936e-01
4.081177177177147897e+00
2.550941941941945679e+00
1.921111111111124814e-01
3.004798798798788528e+00
3.624274274274252861e+00
3.708258258258305129e-01
2.556627627627628385e+01
6.443943943944055452e-02
4.442792792792854550e-01
4.897211211211235593e+00
1.079789789789799143e-01
3.226256256256273547e-01
2.608890890890895875e+00
3.646977977977982288e+00
2.528211711711715637e+01
1.540423423423446181e+00
3.711381381381424482e-01
3.884098098098098806e+00
4.029379379379324777e-01
2.797231231231227078e+00
1.170853853853855542e+00
1.000000000000003924e-03
2.241661961961959548e+01
2.396906906906863532e-01
2.456196196196221149e-01
3.287687687687643884e-02
2.803823823823824446e-01
4.483583583583657106e-02
2.809317317317324036e+00
2.691321321321292759e-01
5.839409409409405116e-01
1.696076076076097339e-01
3.334210210210197811e+00
2.623073073073066919e+00
5.639530530530513452e+00
3.773787787787790116e+00
5.766125125125106443e+00
5.784387387387321056e+00
5.610794194194193807e+01
1.470316186186187224e+02
4.323857857857857034e+00
3.002553553553508614e+00
2.460908408408412740e+01
2.586416416416380537e-01
9.163225225225232862e+00
4.448648648648566295e-02
1.015631531531529497e+01
2.444823823823839781e+00
5.987987987987924282e-03
3.480845845845803588e+00
3.164364364364362081e-01
5.380480480480448469e-02
1.265176176176172618e+01
8.342441541541542449e+01
3.676276276276296273e-01
2.414170170170185870e+00
3.785055055055076334e+00
8.015766766766770246e+00
2.540210210210228414e+00
2.845215215215191940e+00
4.505015015015051416e-01
3.251850850850836583e+00
1.797757757757787456e-01
2.860139139139136422e+00
6.765419419419361091e+00
2.237848848848860595e+00
3.984063063063074228e+00
6.192502502502506001e-01
2.681191191191192869e-01
4.227121121121139247e+00
3.376006006005933813e-01
1.228586686686683827e+01
1.022253153153151572e+01
2.189040040040016510e+00
9.451390390390429275e+00
1.373963963963981960e-01
4.557467467467551381e-01
3.221201201201239206e-01
2.554288288288305342e+00
5.655105105105118213e+00
1.458888888888857926e-01
3.957932932932894943e+00
3.633815815815827133e+00
1.539747477477479833e+02
1.976516516516488575e-01
1.723777877877876108e+01
2.689649649649630270e-01
4.136486486486586900e-01
1.774390690690695749e+01
6.454112112112119881e+00
3.373336336336335339e+00
3.310490490490536342e-01
9.486782582582597456e+01
7.495190190190229806e+00
4.439455455455452615e+00
3.344084084084096853e-01
3.830130130130173782e-01
1.386465465465480884e+00
5.540854854854829981e+00
1.427408808808805851e+01
3.566666666666701985e-02
1.539129129129102602e-01
1.855165165165172603e+00
2.059592592592612625e+00
4.568967967967960675e+00
1.149578978978973431e+01
5.263462462462437763e+00
3.608928928928940572e+00
5.259569569569509939e-01
4.979979979979968531e-03
7.812112112112139239e-02
5.222588588588606306e+00
4.535455455455458917e+00
5.475049049049037109e+00
2.135875875875922481e-01
5.464286286286392347e+00
1.801111011011012408e+01
4.245185185185235133e-01
5.237745545545543990e+01
4.678357357357354473e+00
6.719030030030011424e+00
2.799694694694668140e+00
1.255103703703709606e+01
4.285941941941931788e+00
1.672772772772771269e-02
2.591572572572574007e+00
6.212007007006946857e+00
2.695855855855781025e-01
3.743367367367376630e+00
1.792750750750750521e+00
5.762485385385384262e+01
1.131095295295292757e+01
2.754172172172176136e+00
2.615101101101102277e+00
1.708888888888862589e-01
2.498958958959001941e-01
1.037737737737710053e-01
3.957657657657618344e-01
3.034714714714708883e+00
7.555145145145165664e-01
6.260400400400384369e-01
3.657120120120124884e+00
2.450202202202200752e+01
4.230050250250257449e+01
2.227687687687692986e+00
1.381781781781780440e-02
1.864644644644650462e-01
3.183903303303304355e+01
1.980625625625628938e+00
3.991740740740717719e+00
4.668206206206195752e+00
7.429529529529570187e-02
1.681382382382395013e+00
2.436036036036013652e-01
1.120780780780798735e-01
3.399005605605594127e+01
4.012670670670666517e+00
3.904799799799838045e+00
4.302662662662663506e-01
4.545596596596594097e+00
3.709819819819857867e-01
5.010049049049056791e+00
1.063333333333332398e+01
2.982302302302294539e+00
2.756178178178164462e+00
1.389349349349325025e-01
4.147022022022081700e+00
2.284899599599597408e+01
3.661271271271282046e+00
1.977139139139137969e+00
7.989989989990009533e-03
3.052232232232178766e-01
2.361423423423425039e+00
6.241459459459466785e+00
2.137147147147135495e+00
2.279379379379328496e-01
1.088889889889887286e+01
9.308946046046044387e+01
6.000938938938933376e+00
7.886732732732743223e+00
8.996622622622627574e+00
1.609591591591597481e+00
2.498778778778738829e-01
1.070319089089088465e+02
9.209955055055065998e+01
2.516460460460465676e+00
2.578837837837808955e+00
6.323061061061035382e+00
3.449615615615648778e+00
3.605519519519517324e+00
1.548298298298294462e+00
3.987987987988039600e-03
1.688888888888892825e-01
2.957972972972955361e+00
2.753214314314312006e+01
4.405911911911856826e+00
6.837625825825831782e+01
3.260729429429428450e+01
1.732516016016022675e+01
1.776259259259279411e+00
2.143243243243188878e-01
4.303706706706699414e+00
2.861716716716715680e+00
5.424424424424435093e-02
1.125438378378379980e+02
1.008694694694692640e+00
1.704708708708704945e+00
1.583766766766776302e+00
4.455129129129130838e+00
2.053187187187178964e+00
4.237029029029020677e+00
8.088739739739731149e+00
1.810910910910912830e-01
1.192192192192194182e-02
7.362525925925926629e+01
2.924751751751746731e+00
7.483769969969964109e+01
3.610080080080100839e-01
3.250961961961965407e+00
1.284384384384381489e-02
4.397819319319316378e+01
0.000000000000000000e+00
1.646653553553553095e+01
1.865765765765771411e-02
5.486276276276257358e-01
4.632111511511506308e+01
3.342189189189183729e+00
3.694611611611644086e+00
1.244995895895899025e+02
5.319662662662667962e+00
5.505791791791814660e+00
2.515615615615586775e-01
3.407156156156176507e+00
9.951351351351350738e-02
4.520171171171195823e+00
3.189667567567560269e+01
2.805025025025035812e-01
4.110217117117113617e+01
1.606052162162162915e+02
3.036959959959966149e+00
3.993993993994047163e-03
4.935362362362370803e+00
7.552851651651698717e+01
6.709244244244259470e+00
2.120131131131124391e+00
9.462124824824823577e+01
5.110210210210278797e-02
2.077860860860851755e+00
1.093603603603590935e-01
3.894324324324246467e-01
1.003235475475475482e+02
2.219789789789813894e-01
1.298961961961961009e+01
9.225521521521493185e+00
3.865032032032087006e+00
1.971534534534525429e+00
3.420960960960928166e-01
5.850440440440454193e-01
1.669835835835822735e+00
1.010327427427427516e+01
4.008928928928956026e+00
4.173311311311315386e+00
1.891801801801836491e-01
1.411622622622614287e+00
2.145134534534534154e+01
6.366910810810816912e+01
2.601328328328335271e+00
1.426340340340341628e+00
5.442592592592641054e+00
1.289849849849833974e-01
1.255098488488487192e+02
3.359513513513508354e+00
2.034500500500505016e+00
7.558401401401309450e+00
2.122905905905896340e+00
3.422057057057077856e+00
7.127185185185171079e+00
2.182322322322297059e-01
4.632132132132220637e-01
1.978578578578540567e-02
5.224334334334245211e-01
5.528771771771793020e+00
1.467492402402401410e+02
1.227218308308307257e+02
3.701512512512532105e+00
3.207927927927923251e-01
3.572663663663635969e+00
2.998590590590578753e+00
4.526817817817772038e+00
3.163033033033058050e-01
4.921220220220238417e+00
5.171371371371315251e-02
7.320370370370348212e+00
3.739178178178182765e+00
2.992087087087100361e+00
2.719453453453458902e+00
5.882710710710696844e+00
4.002592592592513765e-01
1.488824294294295498e+02
3.588022022022006485e+00
1.559171671671670723e+01
3.168598598598608707e+00
4.742228228228211329e+00
2.724015015015019969e+00
3.613400400400383017e+00
2.444667667667668631e+00
1.666274574574579148e+01
2.732656656656644145e+00
3.638707707707697026e+00
4.542020020020035354e+00
1.284354354354329542e-01
6.812842842842833369e-01
1.309386386386393708e+00
5.104935935935915658e+00
3.640032032032029186e+00
6.581020020020002192e+00
2.374324324324261215e-01
1.399159159159179822e-01
3.160710710710752935e-01
4.235135135135113110e-02
1.366400400400399118e+00
1.005355355355332797e-01
4.928678678678616309e-01
3.579529529529523302e+00
4.415945945945952467e+00
1.879429429429395337e-01
2.277277277277248435e-01
1.527643943943937543e+01
2.461699699699715804e+00
2.295397797797788897e+01
9.884984984985080436e-02
2.439939939939879399e-02
4.197163163163159183e+00
2.467007007007053776e-01
7.868268268268155397e-02
2.193952952952952007e+00
9.171031031031027680e+00
8.043543543543550667e-02
3.899730730730718964e+00
4.080686686686675557e+00
5.736907907907895954e+00
1.971991991991999815e-01
3.427937937937983737e-01
