1.293339339339336869e+00
8.772232232232279880e-01
0.000000000000000000e+00
6.429179179179134174e-01
1.547042042042039878e+00
5.946556556556529261e-01
2.335925925925894098e-01
8.368338338338422444e-01
2.367807807807756904e-01
7.926626626626654959e-01
2.634357457457454998e+01
1.331691691691697099e-01
0.000000000000000000e+00
4.683423423423440091e-01
6.951781781781763980e-01
2.346610610610603498e+00
1.997997997998011543e-03
1.000000000000008044e-03
1.456979579579573603e+01
5.362382382382437918e-01
0.000000000000000000e+00
4.403363363363366756e-01
1.073329329329320680e+00
2.246246246246230427e-01
0.000000000000000000e+00
0.000000000000000000e+00
9.449799799799832867e-01
2.997997997998028043e-03
1.997997997997976848e-03
6.897117117116988716e-01
2.118700700700687722e+00
5.223923923924038426e-02
2.412442442442419566e-01
4.247987987987935088e-01
8.260690690690714044e-01
7.520870870870892677e-01
2.880918718718699623e+01
1.408754554554550964e+01
2.358588588588605151e-01
1.067661661661656547e+00
3.903666666666704810e+00
5.207817817817710360e-01
9.445645645645744937e-01
6.620930930930901681e-01
8.973483483483361001e-01
0.000000000000000000e+00
4.016006006006050955e-01
0.000000000000000000e+00
1.110323323323323841e+00
5.945974974975004379e+00
8.736486486486449987e-01
1.000000000000010863e-03
5.202702702702720339e-02
3.342842842842828066e-01
1.056869869869882628e+00
2.536516516516484354e-01
8.315135135135162114e-01
3.217477477477465042e-01
1.803089089089080721e+00
7.348498498498593490e-01
1.761921421421424228e+01
5.636466466466540925e-01
1.159131831831832748e+01
0.000000000000000000e+00
7.311491491491567407e-01
1.192192192192203203e-02
2.072743743743729716e+00
7.935725725725844004e-01
2.499609609609645955e-01
3.566666666666698515e-02
1.196399399399399988e+00
2.993993993994002907e-03
9.197627627627597002e-01
1.148058058058041064e+00
3.248748748748707393e-02
1.745260260260263152e+01
7.959979979979936449e-01
8.049719719719615751e-01
1.114710510510510666e+01
3.290300300300245673e-01
6.515335335335377120e-01
6.933753753753736371e-01
4.546046046046007399e-02
2.079404404404412432e+00
1.726700700700688706e+00
1.134876876876875995e+00
5.520500500500592489e-01
1.019950950950944124e+00
4.873223223223343559e-01
2.174564564564527014e-01
1.193193193193219266e-02
6.601641641641591285e-01
2.269769769769789530e-02
9.331391391391330448e-01
7.912542542542508883e-01
4.580240240240335825e-01
9.656826826826854226e-01
8.360570570570597937e-01
5.966016016016126855e-01
2.032869169169169510e+01
1.402728728728735774e+00
0.000000000000000000e+00
2.534934934935002479e-02
5.179917917917896908e+00
2.406366366366318732e-01
7.935185185185180679e-01
5.059849849849886727e-01
3.933253253253325421e-01
2.477477477477448009e-01
1.118297297297286885e+00
2.478318318318314672e-01
1.088988988988996535e-02
4.979979979979972000e-03
1.265043043043037496e+00
9.388178178178189226e-01
3.506506506506478632e-02
0.000000000000000000e+00
1.190540540540543146e+00
7.334244244244249034e-01
3.185740740740742982e+00
2.329084084084069861e+00
4.308728728728737356e-01
1.866396396396377555e-01
6.433103103103133824e-01
9.084344344344428279e-01
2.839439439439396806e-01
7.704204204204107009e-01
1.961961961961945083e-02
4.674401401401439671e+00
0.000000000000000000e+00
0.000000000000000000e+00
1.997997997998015446e-03
1.000000000000012814e-03
8.130830830830866329e-01
6.530120120120177507e-01
6.307222222222192087e+00
2.474384384384447355e-01
1.653448448448450403e+00
6.881331331331353995e-01
0.000000000000000000e+00
6.379609609609541154e-01
7.949379379379304389e-01
0.000000000000000000e+00
9.430370370370242394e-01
2.236546546546523129e-01
8.556366366366412457e-01
6.373543543543576106e-01
2.597207207207218871e-01
6.944974974974994497e-01
2.993993993994003341e-03
1.141004004004009476e+00
7.116506506506551366e-01
0.000000000000000000e+00
1.083998998998996433e+00
2.234279279279307140e+00
5.905985985986005327e-01
9.390090090090034147e-01
2.660470470470472470e+00
6.336566566566597114e-01
3.680280280280250754e-02
2.912912912912962726e-02
0.000000000000000000e+00
1.026466466466473132e-01
5.134884884884876044e+00
9.669779779779791307e-01
2.442076976976972702e+01
2.153753753753780836e-02
7.758548548548545032e-01
3.962741741741731882e+00
7.570260260260371910e-01
4.210610610610578119e-02
8.088298298298225442e-01
6.169279279279317185e-01
0.000000000000000000e+00
3.995475475475417926e-01
3.420734734734720561e+00
7.958828828828927726e-01
1.018768768768793936e-01
3.206706706706740490e-02
5.213973973973967668e-01
1.088988988988995842e-02
9.711781781781615441e-01
8.941541541541640770e-02
9.592502502502695538e-01
1.880140140140122706e-01
5.607957957958015216e-01
8.934984984984992717e-01
5.949969969970057004e-01
6.759279279279293284e-01
1.399159159159183707e-01
9.098568568568539128e-01
1.054596596596598657e+00
6.843103103103187479e-01
8.811271271271281513e-01
0.000000000000000000e+00
1.210929929929927429e+00
0.000000000000000000e+00
9.182892892893026460e-01
1.000000000000016934e-03
7.950240240240258771e+00
4.101571571571567709e+00
6.651111111111177587e-01
8.661361361361566424e-02
0.000000000000000000e+00
8.689759759759790869e-01
0.000000000000000000e+00
1.580366366366369402e+00
1.000000000000003707e-03
7.943943943943872904e-03
2.019269269269247935e-01
2.031668168168164357e+01
2.480390390390345701e-01
1.974844844844877434e-01
3.196856856856792883e-01
1.021076076076079975e+00
1.872132132132136917e+01
9.379072072072055732e+00
9.469147147147145560e+00
3.519909909909894052e-01
7.709969969969950876e-01
5.043283283283258589e-01
2.532112112112068769e-01
1.931370370370375511e+00
0.000000000000000000e+00
7.808247247247258827e+00
6.307427427427461097e-01
1.095221221221208019e+00
4.353103103103096450e-01
2.576742742742763603e+00
5.744804804804810594e-01
0.000000000000000000e+00
3.676766766766799144e-01
9.362742742742721225e-01
1.012274274274269859e+00
3.252398398398399948e+00
1.588163163163171632e+00
3.658646646646643408e+00
8.326636636636742805e-01
7.746336336336445694e-01
5.328548548548511787e-01
6.070420420420369334e-01
5.685425425425445489e-01
0.000000000000000000e+00
1.712102102102091017e-01
9.158308308308285017e-01
1.059960960960949050e+00
7.603346346346365081e+00
8.322112112112066695e-01
4.349629629629621075e-01
5.640330330330399766e-01
7.617827827827839959e-01
9.738078078077925248e-01
1.558498498498488705e-01
2.534934934934950437e-02
2.233273273273255477e-01
3.957671671671692870e+00
5.786736736736804998e-01
1.844673673673679515e+00
1.539558558558550727e+00
9.528508508508600761e-01
0.000000000000000000e+00
0.000000000000000000e+00
6.652352352352322029e-01
3.139017017016989097e+00
1.738615915915916688e+01
7.625525525525549408e-01
2.405773773773807189e+00
6.605745745745759123e-01
3.923623623623626044e-01
6.911491491491426054e-01
8.462012012012041229e-01
2.759818818818847053e+00
1.000000000000007393e-03
2.794433433433439085e+00
0.000000000000000000e+00
1.997997997998008941e-03
1.079933933933932222e+00
1.109819819819829467e-01
1.997997997998026722e-03
1.210453453453446349e+00
8.708418418418334417e-01
6.222048048048075763e+00
6.826816816816899669e-01
8.001741741741690284e-01
2.326125125125112714e+00
9.707527527527439748e-01
9.350264264264248837e+00
8.823983983984096113e-01
9.131171171171231782e-01
2.465255255255306421e-01
8.914904904905039951e-01
6.119242242242236784e+00
1.068984984984984177e+00
0.000000000000000000e+00
1.156375375375373382e+00
6.786116116116097663e-01
3.002500500500516534e+00
4.601201201201281926e-02
9.204704704704843587e-01
1.094844844844844872e-01
6.869379379379301209e-01
6.724104104104208224e-01
4.519589589589648182e-01
7.409649649649681091e-01
0.000000000000000000e+00
7.222982982982950606e-01
7.383183183183127107e-02
2.292042042042081174e-01
7.133153153153076742e-01
7.200940940940954160e-01
2.993993993994003341e-03
3.987987987988072559e-03
7.613263263263275737e-01
4.707257257257190242e-01
0.000000000000000000e+00
0.000000000000000000e+00
6.767077077077190417e-01
1.143033033033038715e+00
9.927997997997992652e-01
0.000000000000000000e+00
1.664598598598604484e+00
3.655065065065067897e-01
3.052455455455464595e+00
1.965251251251258324e+00
2.599349349349388216e+00
7.743373373373451107e-01
6.176442442442424685e+00
6.873543543543472190e-01
7.692882882882878803e-01
0.000000000000000000e+00
7.652392392392345366e-01
8.554584584584518092e-01
1.002241241241244030e+00
2.161761761761707770e-02
9.625965965965885829e-01
4.269529529529497158e-01
1.290250250250217778e-01
5.732572572572641745e-01
5.765105105105123862e-01
1.197987987988002601e-01
9.742692692692871415e-01
1.000000000000001322e-03
4.754754754754659390e-02
3.194294294294356545e-02
0.000000000000000000e+00
2.525972272272266750e+01
7.024294294294285423e-01
8.479493493493462708e+00
3.365625625625691120e-01
1.145184184184193876e+00
1.408303303303302112e+00
1.186076076076077568e+00
4.979979979979970266e-03
4.903003003003031379e-01
9.927927927927970159e-03
2.968255255255238367e+00
4.979979979979971133e-03
1.290072072072069087e+00
9.903003003002875948e-01
0.000000000000000000e+00
1.559069069069057012e-01
5.469069069068969308e-02
0.000000000000000000e+00
1.766166166166168172e-01
0.000000000000000000e+00
4.156426426426379495e-01
4.645245245245294141e-01
1.251054054054048015e+00
1.528305305305306838e+01
2.137327327327343818e-01
1.026466466466476463e-01
0.000000000000000000e+00
2.091041041041055426e-01
4.979979979979972000e-03
8.810940940940966692e-01
1.000000000000018235e-03
7.369919919919883933e-01
2.494844844844886222e-01
7.824904904904819158e-01
6.314094094094082621e-01
3.997264264264267286e+00
1.049151151151147765e+00
0.000000000000000000e+00
3.987987987988043936e-03
6.427037037037112155e-01
7.126266266266334526e-01
5.589619619619543567e-01
1.201190190190186247e+00
7.367367367367234909e-02
4.408706706706702505e+00
1.385232232232231731e+01
6.213593593593640385e-01
2.108088088088111989e-01
6.350610610610579743e-01
8.306926926926812005e-01
9.843873873873654201e-01
6.833203203203266352e-01
1.772772772772760463e-01
8.162622622622769386e-01
1.739185185185188942e+00
7.814604604604659110e-01
1.014785785785778494e+00
1.297695595595604701e+01
5.495755755755823424e-01
1.762616416416419085e+01
7.562112112111989415e-01
6.345015015014990878e-01
2.519445445445468224e+00
8.116036036036078372e-01
7.917987987987968879e-01
0.000000000000000000e+00
1.834956956956970364e+00
1.504834834834831436e-01
6.639669669669641117e-01
1.096439539539539076e+01
1.236710710710712480e+00
1.320891191191193137e+01
1.087060060060063948e+00
1.722032032032061455e-01
1.132721721721712260e+00
8.415245245245215333e-01
1.046969969969975489e+00
1.672772772772774738e-02
2.402402402402380177e-01
1.770498898898899398e+01
1.428457457457456004e+00
3.286843843843850088e+00
4.979979979979972868e-03
6.760870870870765437e-01
4.768608608608526644e-01
2.381084084084077901e+00
3.987987987988032661e-03
7.618718718718818506e-02
0.000000000000000000e+00
1.568603603603613283e+00
8.203793793793904277e-01
1.287967967967989236e-01
5.470912912912937465e+00
4.796986986986859214e-01
2.756356356356383722e-02
2.412162162162188594e-01
9.468658658658752891e-01
1.199551551551554462e+00
1.870502302302301700e+01
2.909528528528526614e+00
1.997997997997988124e-03
0.000000000000000000e+00
1.445115115115116755e-01
2.525791791791785368e+00
9.908968968968914215e-01
0.000000000000000000e+00
4.392612612612680767e-01
7.471071071071011538e-01
7.295805805805801736e-01
6.237057057057027176e-01
9.559849849849835213e-01
1.386004004004004031e+00
1.001902902902896741e+00
8.457377377377451877e-01
0.000000000000000000e+00
0.000000000000000000e+00
9.536866866866953174e-01
1.065165165165170985e-01
0.000000000000000000e+00
2.342892892892950163e-01
1.767357357357367820e-01
1.470180180180190310e-01
1.065852852852839039e+00
9.117187187187282271e-01
7.588898898898965850e-01
2.144934934934917825e-01
0.000000000000000000e+00
2.764714714714667787e-01
1.744068068068081789e+00
9.389769769769773511e-01
1.643051051051037659e+00
4.804764764764708485e-01
3.730030030030092592e-01
3.902122122122200776e-01
7.604204204204128015e-01
1.050208208208216032e+00
1.930762262262265239e+01
8.554734734734640300e-01
7.320410410410476132e-01
5.541441441441538052e-01
1.025374374374386610e+00
2.273339339339326415e+00
5.071091091091129988e-01
4.040880880880952097e-01
0.000000000000000000e+00
8.239229229229360074e-01
3.566956956956912062e-01
1.185035035035049367e+00
1.963723723723710957e-01
5.969969969969825263e-03
9.909909909909858997e-03
8.258608608608593027e-01
6.957957957957825769e-03
0.000000000000000000e+00
5.028118118118122259e-01
5.407063063063061392e+00
1.115990990990983756e+00
6.365441441441356929e+00
0.000000000000000000e+00
2.065255255255234457e-01
9.176136136136169297e-01
7.967967967968159898e-03
1.023569569569556803e+00
9.836456456456461606e-01
0.000000000000000000e+00
1.292819819819837290e+00
1.493590990990990797e+01
4.742742742742672712e-01
7.946606606606644307e-01
2.723778778778769727e+00
9.139239239239296264e-01
7.991941941941980154e-01
1.028609609609605791e+00
1.997997997997968175e-03
5.118278278278223237e-01
1.614605605605599514e+00
3.914874874874891830e-01
1.432930930930916391e+00
8.182542542542621256e-01
2.405875875875876257e+00
0.000000000000000000e+00
8.567087087087038588e-01
6.688288288288241068e-02
6.583403403403368381e-01
2.560900900900906940e+00
1.060433133133133943e+01
2.962046046046009629e+00
3.445465465465539778e-01
0.000000000000000000e+00
4.687338338338331134e+00
7.780280280280272853e-01
3.751411411411408325e-01
7.646856856856850015e+00
6.883223223223218223e-01
3.480880880880890538e-02
8.933483483483566356e-01
8.830540540540633421e-01
0.000000000000000000e+00
9.097687687687755487e-01
4.392792792792915568e-02
1.219565565565569276e+00
0.000000000000000000e+00
8.247597597597605690e-01
6.162552552552659213e-01
4.979979979979972868e-03
4.539161161161150204e+00
5.202702702702719645e-02
2.607041041041006313e+00
7.582572572572463532e-01
1.087327327327336779e-01
9.567677677677648429e-01
0.000000000000000000e+00
1.246292292292291659e+00
4.568348348348431065e-01
3.508893093093095672e+01
7.451311311311270558e-01
5.643174174174186319e+00
3.621185185185150424e+00
8.018538538538637628e-01
2.993993993993998570e-03
7.809319319319307784e-01
1.258240240240229069e+00
7.962822822822829272e-01
1.100314314314321029e+00
2.286196196196140229e-01
9.321902902902881038e+00
7.141331331331339793e-01
1.041801801801810479e-01
1.129227227227220798e+00
7.797817817817676023e-01
8.175975975976020049e-02
2.332835835835835070e+01
1.087178178178177523e+00
6.746156156156182249e-01
1.622540540540538423e+00
8.437387387387335069e-01
6.491273273273269417e+00
0.000000000000000000e+00
1.000000000000007610e-03
7.967187187187275699e-01
4.014964964964910510e-01
1.864043843843851533e+01
1.014653653653652343e+00
2.548748748748752915e-02
6.550270270270339701e-01
1.066942942942950889e+00
0.000000000000000000e+00
2.762568568568564586e+00
2.023268668668670145e+01
6.210270270270265014e-01
2.374014014013988150e-01
1.566716716716701208e-01
3.073528528528575610e+00
6.343943943943901320e-02
2.440633733733734090e+01
0.000000000000000000e+00
6.252812812812790222e-01
1.000000000000009562e-03
9.212002002002011025e-01
2.499609609609645955e-01
0.000000000000000000e+00
7.622202202202187360e-01
2.024694694694673114e-01
1.472395395395390949e+01
2.435195195195174744e-01
7.690850850850927678e-01
2.496246246246307254e-01
1.794234234234192704e-01
5.286346346346393332e-01
9.856796796796979399e-01
2.132282282282229879e-01
1.743300300300313799e+00
1.997997997997999400e-03
9.506706706706556931e-01
7.853483483483452154e-01
2.038718718718715461e+00
7.904014014013981404e-01
1.471091091091080161e+00
7.281901901901862706e-01
1.000000000000010429e-03
6.107937937937969464e-01
6.430330330330186195e-02
3.064894894894940047e-01
2.102777677677676138e+01
2.536641741741741285e+01
6.354064064064020023e-01
1.041871871871872246e-01
7.267257257257221381e-01
2.428793293293296784e+01
1.060438438438430664e+00
1.019373373373367198e+00
2.650190190190214734e-01
8.293053053052990009e-01
1.705385385385396746e-01
8.876716716716636091e-01
3.075688888888882033e+01
2.008048048048057255e-01
5.979979979980046614e-03
1.204700700700706006e+00
1.741249249249253239e+01
6.331981981982104379e-01
1.064087087087080885e+00
1.552912912912940702e-01
2.062496496496495357e+00
1.625465465465479875e-01
0.000000000000000000e+00
1.631381381381374618e-01
9.472546546546514179e+00
2.009166166166162615e+00
3.693279679679683625e+01
1.000000000000008911e-03
4.900710710710662887e-01
8.498998998998916754e-01
6.376556556556597366e-01
6.083583583583485055e-02
7.487877877877896493e-01
8.714984984984923688e-01
1.852732732732710885e-01
4.540004004004006610e+00
1.000000000000006309e-03
8.079279279279209802e-02
1.034440440440454578e+00
2.993993993993999004e-03
1.774444444444432389e-01
5.945045045045062038e-01
7.805715715715703107e-01
4.586356356356362518e+00
6.410270270270276294e-01
2.252132132132153020e-01
8.446356356356413686e-01
2.586006006006043578e-01
5.814754754754838384e-01
4.249469469469430161e-01
0.000000000000000000e+00
3.741347347347337760e+00
1.490250250250260144e-01
2.125765765765736393e-01
0.000000000000000000e+00
5.645645645645546579e-02
0.000000000000000000e+00
7.503763763763797723e-01
1.064654654654636629e-01
3.773973973973995255e-01
1.672772772772774738e-02
8.329229229229131448e-01
6.714824824824856542e-01
1.135481481481484423e+00
8.795405405405599675e-01
1.174613613613606722e+00
1.087986986986983151e+00
9.991410410410464848e+00
2.664896596596597789e+01
9.228738738738645475e-01
6.775565565565563331e-01
4.283926926926920231e+00
1.745495495495487659e-01
1.696799799799811215e+00
0.000000000000000000e+00
1.926969969969953622e+00
7.189019019018991763e-01
0.000000000000000000e+00
8.078938938939072001e-01
5.639139139139241752e-02
0.000000000000000000e+00
2.336386386386399394e+00
1.483756856856861539e+01
1.583373373373363480e-01
6.218518518518461047e-01
9.446456456456429063e-01
1.644195195195199855e+00
5.916036036036060874e-01
7.481901901901932828e-01
7.753253253253179766e-02
7.795945945945923494e-01
3.566666666666681862e-02
8.123513513513380691e-01
1.318564564564569608e+00
7.459279279279326103e-01
8.365585585585598727e-01
2.503483483483502359e-01
2.052612612612591259e-01
9.721201201201156161e-01
1.117267267267259973e-01
2.527778778778787760e+00
1.908838838838832652e+00
4.532022022022088592e-01
1.838008008008005012e+00
6.957957957957810156e-03
2.432082082082045460e-01
2.443543543543532370e-01
7.395785785785772282e-01
1.255973973973975699e+00
4.979979979979967664e-03
7.651551551551660779e-01
8.593503503503489016e-01
2.589870470470438235e+01
3.287687687687629312e-02
2.995034034034001813e+00
4.754754754754611512e-02
1.143193193193213636e-01
3.289151151151152419e+00
1.215735735735736345e+00
7.979849849850020327e-01
9.647147147147326629e-02
1.640085585585584838e+01
1.471095095095104943e+00
9.277457457457523038e-01
7.343243243243167961e-02
2.165365365365402583e-01
5.737867867867920690e-01
1.233112112112107139e+00
2.408454454454455718e+00
0.000000000000000000e+00
2.993993993994002473e-03
3.145815815815851124e-01
6.064454454454401011e-01
9.060850850850867833e-01
2.102725725725715034e+00
1.099253253253245743e+00
8.043353353353489554e-01
2.263843843843889314e-01
0.000000000000000000e+00
1.000000000000003273e-03
1.141919919919923698e+00
9.515195195195059741e-01
1.156800800800797058e+00
1.478978978979019615e-02
1.088270270270268014e+00
3.246024024024010579e+00
2.022482482482510779e-01
9.277659659659667213e+00
9.552092092092150377e-01
1.301355355355370280e+00
7.348928928928983861e-01
2.436586586586584779e+00
9.504494494494573065e-01
0.000000000000000000e+00
7.065695695695600742e-01
1.263444444444447701e+00
4.210610610610578813e-02
8.657317317317236860e-01
6.851281281281165203e-01
1.058097797797801398e+01
2.344199199199195505e+00
5.266726726726663754e-01
5.783573573573583815e-01
2.378978978978945821e-02
2.039789789789770158e-01
0.000000000000000000e+00
2.416816816816845237e-01
7.359229229229226066e-01
1.812012012012032824e-01
3.175085085085120329e-01
8.314414414414367238e-01
4.355703703703674101e+00
7.060390390390389292e+00
5.036616616616576003e-01
0.000000000000000000e+00
2.818718718718760119e-02
5.303401401401401039e+00
5.528778778778772329e-01
9.877157157157078204e-01
9.876066066065996019e-01
0.000000000000000000e+00
5.190940940940960147e-01
8.848448448448321957e-02
1.997997997998034094e-03
5.685515515515561447e+00
9.188438438438474298e-01
8.683033033032948600e-01
2.754334334334407886e-01
1.069299299299291128e+00
2.200840840840840307e-01
9.827727727727720852e-01
2.204840840840839089e+00
7.823333333333447603e-01
6.306006006006028564e-01
3.987987987988023120e-03
1.037056056056055553e+00
4.230684684684733021e+00
7.890740740740773695e-01
5.302242242242235504e-01
0.000000000000000000e+00
2.265165165165155398e-02
6.949299299299263044e-01
1.241963963963974127e+00
4.211311311311372041e-01
1.546736736736731010e-01
2.113108108108119776e+00
1.550632832832841501e+01
1.210465465465465185e+00
1.559741741741740517e+00
1.599205205205193270e+00
3.035625625625662516e-01
2.328088088088114127e-01
1.895468868868873713e+01
1.338724124124117409e+01
6.234574574574599515e-01
7.234074074073983951e-01
1.291218218218233238e+00
7.839859859859723556e-01
8.886436436436500053e-01
2.978678678678605141e-01
0.000000000000000000e+00
2.629729729729747903e-02
7.172902902902965616e-01
5.102506506506496287e+00
9.535135135135229811e-01
1.200770570570570506e+01
6.186341341341363709e+00
3.152406406406466743e+00
5.654424424424538964e-01
2.961561561561527542e-02
9.594314314314199565e-01
7.151251251251328211e-01
0.000000000000000000e+00
2.061410910910899830e+01
4.390410410410477970e-01
3.796906906906937773e-01
7.285985985985875546e-01
1.002832832832836640e+00
7.739489489489520535e-01
9.221081081080969577e-01
1.474350350350348782e+00
1.997997997998020216e-03
0.000000000000000000e+00
1.263586986986981486e+01
6.715665665665668804e-01
1.210590390390387761e+01
1.836936936936934273e-01
6.839099099099121837e-01
0.000000000000000000e+00
7.843912912912901270e+00
0.000000000000000000e+00
3.193684684684723329e+00
0.000000000000000000e+00
4.198748748748789006e-01
7.636937937937905652e+00
7.817207207207249597e-01
8.449379379379350352e-01
2.014762962962961268e+01
1.157220220220219975e+00
1.125965965965942450e+00
1.875375375375349513e-02
7.698488488488518522e-01
0.000000000000000000e+00
1.005305305305314034e+00
5.714936936936945600e+00
2.648148148148077308e-02
7.292350350350377930e+00
2.748483083083087308e+01
7.522212212212128213e-01
0.000000000000000000e+00
9.393703703703788488e-01
1.424155655655652808e+01
1.417615615615622549e+00
6.266606606606601737e-01
1.526897997997998679e+01
0.000000000000000000e+00
4.751421421421354596e-01
0.000000000000000000e+00
1.062492492492504298e-01
1.615118518518518442e+01
1.419009009009010447e-01
2.398912912912921858e+00
1.660714714714712326e+00
9.388778778778645862e-01
4.622612612612650995e-01
2.075255255255222808e-01
1.701441441441403912e-01
5.526516516516539745e-01
1.929995995996018454e+00
8.962792792792863006e-01
9.533613613613540760e-01
3.566666666666692270e-02
3.661721721721724609e-01
3.771317317317336659e+00
1.118468268268268773e+01
6.898688688688643378e-01
6.048178178178159614e-01
1.108630630630635494e+00
5.969969969969879907e-03
2.324605605605604453e+01
7.849439439439455102e-01
4.459849849849786829e-01
1.532731731731728830e+00
5.571061061061062247e-01
7.552622622622569004e-01
1.426966966966968897e+00
6.688288288288243844e-02
3.694004004004070030e-01
0.000000000000000000e+00
3.792592592592561318e-01
1.167977977977981974e+00
2.514469369369370355e+01
1.999889389389390359e+01
8.707017017017121274e-01
2.417777777777788684e-01
8.389619619619619328e-01
6.817087087087025932e-01
9.663043043043142433e-01
2.239799799799767621e-01
1.051667667667668171e+00
0.000000000000000000e+00
1.446297297297317375e+00
8.263703703703780823e-01
7.995825825825858546e-01
7.494774774774713988e-01
1.225421421421424295e+00
2.436736736736695164e-01
2.726940340340336988e+01
7.768198198198165150e-01
2.871154154154148319e+00
7.752572572572578036e-01
1.070341341341338293e+00
5.919419419419401640e-01
8.200780780780907442e-01
6.524334334334289665e-01
2.935929929929926185e+00
7.803313313313283706e-01
7.897197197197131091e-01
8.666496496496479685e-01
0.000000000000000000e+00
5.033463463463542231e-01
5.849279279279303578e-01
1.098146146146144364e+00
8.190650650650690423e-01
1.312602602602601198e+00
1.804844844844816498e-01
7.943943943943874639e-03
1.747657657657626651e-01
2.993993993994002040e-03
5.728038038038036905e-01
0.000000000000000000e+00
1.637217217217220577e-01
8.716206206206199569e-01
9.029719719719708770e-01
3.380880880880811346e-02
1.372412412412395144e-01
2.782106106106113863e+00
6.804844844844817331e-01
4.095085085085056420e+00
1.000000000000008261e-03
0.000000000000000000e+00
1.014098098098099365e+00
1.090990990990966733e-02
1.000000000000005225e-03
5.989629629629604768e-01
1.847501501501489063e+00
0.000000000000000000e+00
9.470540540540716146e-01
8.482242242242169494e-01
1.209333333333327598e+00
9.909909909909862466e-03
1.769369369369409167e-02
