3.744109109109114542e+00
2.434672672672658855e+00
0.000000000000000000e+00
1.335454454454459761e+00
4.805700700700752392e+00
9.434954954954970496e-01
2.514264264264217119e-01
2.430444444444457730e+00
2.486486486486459979e-01
2.250056056056024545e+00
9.173709209209199855e+01
2.534844844844869605e-01
3.006906906906893842e-02
1.442609609609615706e+00
2.186017017017029218e+00
8.101641641641609937e+00
2.282582582582560332e-02
7.618718718718825444e-02
4.706574974974972747e+01
1.319363363363357022e+00
1.000000000000013031e-03
1.051665665665661775e+00
2.887081081081046996e+00
2.360750750750764126e-01
4.106106106106062470e-02
5.391691691691741922e-02
2.653746746746747487e+00
6.569969969970042289e-02
5.581481481481542078e-02
1.607886886886904509e+00
7.400335335335365805e+00
1.597667667667696523e-01
4.390140140140052494e-01
1.506177177177185023e+00
2.142268268268259668e+00
1.997727727727715452e+00
1.019191421421422916e+02
4.749971771771786422e+01
2.747507507507557234e-01
3.361556556556561937e+00
1.291572272272271604e+01
1.141092092092091947e+00
2.829763763763772477e+00
1.144931931931944202e+00
2.608115115115117177e+00
2.267367367367362913e-02
3.728748748748790809e-01
0.000000000000000000e+00
3.469675675675723436e+00
2.011681581581582989e+01
2.549189189189182247e+00
2.272972972972947883e-02
1.451691691691710806e-01
1.052002002001986680e+00
3.188619619619603718e+00
8.175405405405432591e-01
2.299264264264267332e+00
6.549009009009089111e-01
5.528203203203198690e+00
1.608070070070049207e+00
6.020049149149149770e+01
1.630073073073084799e+00
4.189301901901902880e+01
9.909909909909869405e-03
2.275310310310326489e+00
1.424454454454473495e-01
7.030581581581567541e+00
2.264475475475475008e+00
2.502342342342292469e-01
1.304144144144122885e-01
3.645236236236216953e+00
5.733633633633563459e-02
2.488560560560576285e+00
3.457456456456450944e+00
2.232132132132096103e-01
6.410300600600599807e+01
2.553639639639654124e+00
2.114557557557553480e+00
3.960312212212211591e+01
3.918938938938908989e-01
1.390525525525522665e+00
1.587086086086102910e+00
1.497237237237218355e-01
6.607993993993985349e+00
5.607926926926912081e+00
3.409479479479489150e+00
1.141960960960976434e+00
3.144469469469469480e+00
1.177584584584575378e+00
2.542852852852917622e-01
2.106456456456504978e-01
2.022155155155167083e+00
7.546146146146207045e-02
2.651062062062067515e+00
2.250530530530552298e+00
4.868738738738829785e-01
3.108002002001997610e+00
2.239844844844841365e+00
1.842183183183172757e+00
7.489724324324306792e+01
4.548178178178188702e+00
9.909909909909858997e-03
1.718038038038054716e-01
1.780574474474474300e+01
2.525555555555576426e-01
1.863607607607589811e+00
1.053309309309299335e+00
1.081240240240244566e+00
2.523433433433463491e-01
3.124326326326332559e+00
3.567107107107102548e-01
9.999799799799714839e-02
8.361961961962047218e-02
3.709951951951966809e+00
2.675109109109098160e+00
2.919879879879887508e-01
1.000000000000016934e-03
3.250228228228240646e+00
2.012243243243246660e+00
1.039535535535538990e+01
7.439762762762756054e+00
1.346527527527534573e+00
3.550140140140041201e-01
1.854076076076083268e+00
2.689677677677692724e+00
4.579929929929857368e-01
1.670882882882869458e+00
1.183493493493518733e-01
1.585882082082085631e+01
9.951951951951988271e-03
2.993993993994003774e-03
4.301801801801777292e-02
9.533033033033186388e-02
2.199949949949961958e+00
1.724682682682693313e+00
2.158885285285282407e+01
2.500810810810806251e-01
5.350933933933936792e+00
1.503102102102095605e+00
1.090990990990984601e-02
1.692519519519533944e+00
2.064182182182166425e+00
4.679679679679596416e-02
2.604966966966953734e+00
2.396306306306247025e-01
2.450663663663667169e+00
1.856722722722719210e+00
4.455365365365265284e-01
1.995441441441462516e+00
3.951451451451407776e-02
3.309824824824814993e+00
1.322372372372359939e+00
2.474374374374381513e-02
3.378895895895919210e+00
6.764002002001995528e+00
1.248554554554531570e+00
2.780030030030049115e+00
8.744686686686675259e+00
1.697567567567568547e+00
1.746656656656625228e-01
1.317957957957983373e-01
0.000000000000000000e+00
2.059289289289264469e-01
1.947637737737738561e+01
2.886138138138145237e+00
8.078215315315345890e+01
1.304144144144121498e-01
1.932067067067052113e+00
1.479343143143140260e+01
1.738584584584596193e+00
1.960150150150146153e-01
2.275872872872865660e+00
1.601947947947955253e+00
1.000000000000005659e-03
1.373284284284285395e+00
1.124686586586580361e+01
2.274392392392396545e+00
2.165875875875905854e-01
2.019419419419434814e-01
1.318757757757761384e+00
1.311181181181194921e-01
2.668450450450479572e+00
9.547347347347191759e-02
2.622073073073096339e+00
1.000950950950943996e+00
1.214710710710720454e+00
2.589823823823841131e+00
2.040790790790783404e+00
1.858977977977973373e+00
2.275385385385358950e-01
2.989085085085086746e+00
2.731267267267298848e+00
1.647022022022023968e+00
2.425734734734725784e+00
1.969169169169132996e-02
3.413036036036044329e+00
1.288788788788833642e-02
2.613139139139126321e+00
1.099679679679699956e-01
2.674022222222196632e+01
1.267364664664666307e+01
1.399657657657673804e+00
2.269169169169215072e-01
0.000000000000000000e+00
2.225875875875874765e+00
0.000000000000000000e+00
5.219693693693688630e+00
6.689489489489472418e-02
1.058648648648668061e-01
4.657007007007057942e-01
7.636433933933932394e+01
2.484844844844872891e-01
9.107497497497578642e-01
4.227387387387332995e-01
2.857231231231217805e+00
6.564485985985994887e+01
3.536820620620627409e+01
3.484394294294296657e+01
1.206120120120126815e+00
2.343338338338345039e+00
6.876016016016048837e-01
3.342842842842859707e-01
6.414037037037004119e+00
0.000000000000000000e+00
2.726336136136138322e+01
1.388506506506504534e+00
3.255269269269303045e+00
1.012831831831816798e+00
7.152631631631601650e+00
1.408055055055061011e+00
5.969969969969885111e-03
1.350812812812803854e+00
2.515929929929940467e+00
3.242425425425457863e+00
1.080513513513518831e+01
5.176863863863852444e+00
1.236047647647650471e+01
2.109195195195182393e+00
2.182533533533530967e+00
1.594727727727714761e+00
1.492651651651636602e+00
1.552850850850854059e+00
1.381781781781796399e-02
2.446196196196218642e-01
2.511134134134156426e+00
2.831493493493503433e+00
2.443277377377392412e+01
2.384626626626642043e+00
1.340498498498493118e+00
1.059599599599618580e+00
1.623090090090100412e+00
2.866032032032016286e+00
3.100160160160110867e-01
1.496926926926933632e-01
3.031471471471511303e-01
1.401833533533535281e+01
1.650742742742730806e+00
5.451514514514512300e+00
4.568749749749758671e+00
2.751274274274278397e+00
1.997997997997987690e-03
0.000000000000000000e+00
1.912171171171168860e+00
1.033173173173183201e+01
6.223707207207206693e+01
1.883833833833849392e+00
7.695709709709721125e+00
1.581903903903914888e+00
8.863363363363457870e-01
1.695473473473474657e+00
2.456029029029030752e+00
9.321142142142166520e+00
4.863663663663717052e-02
8.629907907907897524e+00
4.601001001001082252e-02
2.863563563563529743e-02
3.231357357357391713e+00
2.173653653653632445e-01
6.716316316316174595e-02
3.400102102102108503e+00
2.413296296296290500e+00
2.298126626626627100e+01
1.344962962962987119e+00
2.263369369369397699e+00
7.761518518518501608e+00
2.731606606606600707e+00
3.397978978978981957e+01
2.461019019019004883e+00
2.523787787787787007e+00
2.498888888888871063e-01
2.713544544544562509e+00
2.183108108108108070e+01
2.989079079079086210e+00
0.000000000000000000e+00
3.411077077077051101e+00
1.427807807807806251e+00
1.026607207207206685e+01
2.243743743743721042e-01
2.675493493493503294e+00
2.000240240240225009e-01
1.471751751751764203e+00
1.586864864864830471e+00
9.655565565565367159e-01
2.150304304304295311e+00
1.588188188188149191e-02
1.526874874874867949e+00
2.251911911911849140e-01
2.503253253253193700e-01
1.249785785785774594e+00
2.059565565565572687e+00
7.114214214214233112e-02
4.972972972972931893e-02
1.684458458458475638e+00
4.937327327327391546e-01
0.000000000000000000e+00
0.000000000000000000e+00
1.576002002002006686e+00
3.769235235235222081e+00
3.022986986987012514e+00
5.977477477477440015e-02
5.344418418418424466e+00
1.221867867867870050e+00
9.966787787787799502e+00
6.209004004003987554e+00
7.964523523523555859e+00
2.252683683683696980e+00
2.119047647647646571e+01
1.107206206206196253e+00
2.139565565565572758e+00
0.000000000000000000e+00
2.159006006006000788e+00
1.892082082082058747e+00
2.752498498498477719e+00
1.837157157157149057e-01
2.566609609609630915e+00
1.366386386386372775e+00
2.131871871871903468e-01
1.195616616616619998e+00
1.537480480480482248e+00
2.098088088088123637e-01
2.790898898898893865e+00
6.859259259259238573e-02
1.586576576576596009e-01
1.269259259259238326e-01
0.000000000000000000e+00
8.732353953953973758e+01
1.598764764764738722e+00
2.890476076076075529e+01
4.668238238238117122e-01
3.443328328328371768e+00
4.549034034034059815e+00
3.498412412412409189e+00
1.056856856856869392e-01
1.229568568568579989e+00
9.489289289289441764e-02
9.896270270270257186e+00
5.380480480480459571e-02
3.978012012012022591e+00
3.198760760760765098e+00
1.578978978978980499e-02
2.285955955955996100e-01
2.158258258258291817e-01
2.912912912912985625e-02
3.200870870870792806e-01
9.909909909909860731e-03
4.687807807807856109e-01
1.371664664664661748e+00
3.789647647647639950e+00
5.527272672672668818e+01
2.441991991992019939e-01
1.856696696696714666e-01
6.957957957957983629e-03
3.164114114114098819e-01
6.888088088088223371e-02
2.301984984984952298e+00
5.630230230230137689e-02
1.577510510510504504e+00
2.966466466466416430e-01
1.923325325325328627e+00
1.409961961961967436e+00
1.423093993993987993e+01
3.201141141141117696e+00
4.991991991992059986e-03
9.248348348348395254e-02
1.648218218218220343e+00
1.973592592592594341e+00
1.810737737737752040e+00
3.788190190190187323e+00
1.739979979979965619e-01
1.482886386386387656e+01
4.775035835835834774e+01
1.540889889889885511e+00
2.714514514514504984e-01
1.653268268268272223e+00
2.506966966966929000e+00
2.841311311311299992e+00
1.592558558558565762e+00
2.209799799799753162e-01
2.064810810810818076e+00
5.827503503503493221e+00
2.117715715715728031e+00
3.394625625625599330e+00
4.906425225225211761e+01
1.727742742742711668e+00
5.766855955955958279e+01
1.552314314314323873e+00
1.751841841841847325e+00
8.544890890890894042e+00
2.058662662662676279e+00
1.880151151151146172e+00
1.000000000000008044e-03
6.753411411411427423e+00
3.422682682682681166e-01
1.129599599599587556e+00
4.045746446446450051e+01
3.612711711711716234e+00
4.578229229229222597e+01
3.475552552552563235e+00
2.911991991992015083e-01
3.229136136136114832e+00
2.446972972972980109e+00
3.363146146146133386e+00
1.399509509509524741e-01
2.666966966966947128e-01
6.113723223223228587e+01
4.390405405405402917e+00
1.116354654654653444e+01
7.868268268268155397e-02
9.599379379379535671e-01
1.082376376376395610e+00
8.073607607607568681e+00
7.467367367367377939e-02
1.615115115115111633e-01
1.000000000000003490e-03
5.118056056056079939e+00
2.190861861861847171e+00
2.889249249249299933e-01
1.814173773773775977e+01
9.007437437437377792e-01
2.476876876876904499e-01
2.485435435435416340e-01
2.684936936936950680e+00
3.526796796796798805e+00
6.314561261261266623e+01
9.459003003002969479e+00
5.233933933934004773e-02
2.993993993993996836e-03
3.117427427427424957e-01
8.066799799799719395e+00
2.659239239239257646e+00
0.000000000000000000e+00
5.828658658658741887e-01
2.204746746746752528e+00
1.899261261261259381e+00
1.756099099099100114e+00
2.744234234234250724e+00
4.162613613613612706e+00
2.867104104104095885e+00
2.422401401401412802e+00
3.786486486486446285e-02
0.000000000000000000e+00
2.841195195195216350e+00
3.803263263263291782e-01
0.000000000000000000e+00
3.925745745745800597e-01
2.445355355355320615e-01
4.019049049049027711e-01
3.102861861861863080e+00
2.430008008008008868e+00
1.331951951951940938e+00
2.811561561561576328e-01
0.000000000000000000e+00
4.073543543543453604e-01
5.354449449449448117e+00
2.540931931931933008e+00
4.764298298298262679e+00
1.447731731731749960e+00
8.997437437437314500e-01
1.347006006006001400e+00
1.844595595595588833e+00
3.244320320320319251e+00
6.724623523523524682e+01
2.221083083083081888e+00
1.975331331331316109e+00
6.726796796796831179e-01
2.959826826826852386e+00
7.465252252252262188e+00
1.540363363363377314e+00
5.473373373373323636e-01
1.000000000000005659e-03
2.044807807807810462e+00
1.253016016016021972e+00
3.503983983983985251e+00
2.357457457457508565e-01
7.535135135135212492e-02
1.109459459459478242e-01
2.429903903903890772e+00
4.828628628628617997e-02
1.997997997997996364e-03
1.261954954954969788e+00
1.820279379379381268e+01
3.164713713713719123e+00
2.381731531531539403e+01
3.112712712712635207e-02
2.749669669669680960e-01
2.653084084084101679e+00
1.237667667667683574e-01
3.014677677677681356e+00
2.909564564564563582e+00
0.000000000000000000e+00
3.857635635635640270e+00
5.100261361361363299e+01
1.052953953953953636e+00
2.165887887887882446e+00
8.657992992992989301e+00
2.575493493493496544e+00
2.023282282282276690e+00
2.981738738738750172e+00
5.645645645645554211e-02
7.795335335335330518e-01
5.071707707707707513e+00
4.708708708708764235e-01
4.458293293293294823e+00
2.218562562562570228e+00
7.268067067067087272e+00
2.176176176176201210e-02
2.499409409409453442e+00
1.946456456456435447e-01
5.700170170170051342e-01
7.794270270270243550e+00
3.847342542542549637e+01
1.122354654654663086e+01
8.015825825825739770e-01
7.308708708708673563e-02
1.674933533533535268e+01
1.853819819819835901e+00
3.386576576576641462e-01
2.796994894894896788e+01
1.520771771771775915e+00
1.615955955955958590e-01
2.137287287287294113e+00
2.575146146146183312e+00
6.009009009008883795e-02
2.389753753753750320e+00
1.269259259259239159e-01
3.622253253253244321e+00
1.997997997998054043e-03
2.252691691691692810e+00
1.222568568568571878e+00
9.109009009009025326e-02
1.480611411411411460e+01
1.455195195195179980e-01
8.619664664664696829e+00
1.731040040040030981e+00
1.985945945945902513e-01
2.806835835835834292e+00
0.000000000000000000e+00
3.678861861861843163e+00
1.036936936936947662e+00
1.200697387387385504e+02
2.143798798798798089e+00
2.059148548548546032e+01
1.249481381381380452e+01
2.222644644644625966e+00
6.418418418418481153e-02
2.211032032032013372e+00
3.787888888888890637e+00
2.079356356356346858e+00
2.778001001000977244e+00
2.497447447447403157e-01
3.057847847847849110e+01
1.295404404404399523e+00
1.977567567567588558e-01
3.525264264264274416e+00
1.872093093093103233e+00
2.734954954954946782e-01
7.808538838838839524e+01
3.578020020020005632e+00
1.636962962962950296e+00
5.410240240240230314e+00
2.451890890890873642e+00
2.319899699699712414e+01
2.947547547547602759e-02
5.285585585585710067e-02
2.066250250250249554e+00
1.326472472472474573e+00
6.909038938938942920e+01
2.679649649649639365e+00
1.588378378378392242e-01
1.767350350350373134e+00
3.185696696696679542e+00
3.987987987988026589e-03
9.535201201201168431e+00
7.028562862862864336e+01
1.428658658658642056e+00
3.898898898898848775e-01
2.790550550550530140e-01
1.132663463463462250e+01
1.677987987987972496e-01
8.772803503503509148e+01
3.879679679679714360e-02
5.969549549549614254e-01
3.620720720720724262e-02
2.690958958958942215e+00
2.610910910910891891e-01
2.253753753753790640e-02
1.498202202202202571e+00
2.991741741741751337e-01
5.349622322322321821e+01
2.623333333333311979e-01
2.080410410410418631e+00
2.807277277277261951e-01
2.289239239239215795e-01
1.597047047047027712e+00
2.945140140140114937e+00
3.490270270270291464e-01
5.350808808808749539e+00
7.409609609609767167e-02
2.502533533533516596e+00
1.871342342342315668e+00
6.232629629629613532e+00
2.355787787787784193e+00
5.269282282282270913e+00
1.008439439439428265e+00
5.996396396396322381e-02
1.261666666666657166e+00
2.217447447447397357e-01
5.323393393393428541e-01
7.896190590590599356e+01
8.405023623623610263e+01
1.317635635635630909e+00
3.007317317317328986e-01
1.767662662662648598e+00
8.603738838838827974e+01
3.059373373373387661e+00
2.816247247247249952e+00
4.297447447447532154e-01
2.091749749749736154e+00
3.607427427427402633e-01
2.347474474474472661e+00
1.108880430430429271e+02
3.457207207207215749e-01
1.025925925925926518e-01
3.739970970971003172e+00
5.812464764764772696e+01
1.762108108108123572e+00
3.183051051051051239e+00
2.178178178178130642e-01
5.869517517517497396e+00
2.410310310310282145e-01
6.957957957957816228e-03
2.202432432432468723e-01
3.372323123123121746e+01
6.791874874874864076e+00
1.358566156156159366e+02
2.629729729729747209e-02
6.225865865865969351e-01
2.461114114114111295e+00
1.700146146146144455e+00
1.700810810810777507e-01
1.832298298298295158e+00
2.304567567567580078e+00
3.163783783783782333e-01
1.598117517517508190e+01
3.473873873873874890e-02
3.074184184184173829e-01
3.256486486486474430e+00
6.888288288288366146e-02
3.045065065065010734e-01
1.737777777777755217e+00
2.244052052052050605e+00
1.470101201201199714e+01
9.942082082082108752e-01
3.257617617617638017e-01
2.501810810810829011e+00
3.570870870870903602e-01
1.871701701701730336e+00
8.035845845845870361e-01
0.000000000000000000e+00
1.423323723723722090e+01
2.195345345345378896e-01
2.400030030029998984e-01
5.969969969969938020e-03
1.950960960960992918e-01
3.006906906906893148e-02
1.863190190190202600e+00
2.088228228228209415e-01
5.296256256256300921e-01
1.213513513513538172e-01
2.111745745745751801e+00
1.746668668668667657e+00
3.498304304304293844e+00
2.377203203203219317e+00
3.638142142142137825e+00
3.541815815815822610e+00
3.516274174174185418e+01
9.084519619619621267e+01
2.655926926926932996e+00
2.145884884884905475e+00
1.419891391391391622e+01
2.364204204204251869e-01
5.557811811811830260e+00
8.943943943943896344e-03
6.033855855855834172e+00
1.485091091091097937e+00
2.000000000000026062e-03
2.089611611611615682e+00
2.408678678678684848e-01
1.961961961961956186e-02
7.551725725725701110e+00
5.065461361361356296e+01
3.136726726726661307e-01
1.493439439439433469e+00
2.466792792792780631e+00
5.277116116116105538e+00
1.497615615615605744e+00
1.891330330330335929e+00
3.112122122122125689e-01
2.075909909909899209e+00
1.392502502502501738e-01
1.881083083083074703e+00
3.953875875875862533e+00
1.397656656656661278e+00
2.290247247247227502e+00
4.944254254254217273e-01
2.451991991992007736e-01
2.753439439439441028e+00
2.620600600600657692e-01
8.442342342342351813e+00
6.102882882882886051e+00
1.387829829829793971e+00
5.864490490490471331e+00
9.721621621621670539e-02
3.679119119119089731e-01
2.758948948948915514e-01
1.640389389389384611e+00
3.707038038038091621e+00
8.116016016016071311e-02
2.381228228228218669e+00
2.180814814814797220e+00
9.262993693693711350e+01
1.495075075075065485e-01
1.045998398398399409e+01
1.885375375375409335e-01
3.501801801801762704e-01
1.067711311311310318e+01
4.010340340340320608e+00
2.064558558558580614e+00
2.647797797797832864e-01
5.904875175175178725e+01
4.403376376376372470e+00
2.745240240240268470e+00
2.461801801801783152e-01
3.385585585585532131e-01
9.554094094094072176e-01
3.654028028028027286e+00
9.360747747747716119e+00
7.943943943943876373e-03
8.942742742742916529e-02
1.161995995996000008e+00
1.410885885885887925e+00
2.687841841841833723e+00
6.822482482482477906e+00
3.397458458458483044e+00
2.299629629629636796e+00
3.983073073073067905e-01
0.000000000000000000e+00
2.818718718718730282e-02
3.281871871871874013e+00
2.814795795795818290e+00
3.145908908908949364e+00
1.430710710710687839e-01
3.489920920920916991e+00
1.097325125125124323e+01
3.794864864864894716e-01
3.179236336336347790e+01
2.997643643643656208e+00
4.038485485485470150e+00
1.718376376376376413e+00
7.712556556556540599e+00
2.642727727727717024e+00
2.993993993994004208e-03
1.837740740740728684e+00
3.774353353353339990e+00
1.690220220220240710e-01
2.449435435435435515e+00
1.124115115115115859e+00
3.519904204204210174e+01
6.953867867867870700e+00
1.808037037037031558e+00
1.690188188188183283e+00
1.092352352352343320e-01
2.402142142142103254e-01
5.302702702702617732e-02
2.931121121121098017e-01
1.945639639639647145e+00
5.118578578578659721e-01
5.510300300300173815e-01
2.323765765765774205e+00
1.534049049049042601e+01
2.467267567567560960e+01
1.437692692692699392e+00
2.993993993994001172e-03
1.438678678678679823e-01
1.946330630630631475e+01
1.259125125125116318e+00
2.627594594594597766e+00
2.911871871871860140e+00
3.731331331331334128e-02
1.121044044044054777e+00
2.017447447447430764e-01
4.070870870870870600e-02
2.020957957957962847e+01
2.726760760760758018e+00
2.447666666666663549e+00
3.871931931931857362e-01
2.987397397397355991e+00
3.299519519519507615e-01
3.089668668668647644e+00
7.061947947947945892e+00
1.921341341341329390e+00
1.798993993994023599e+00
8.724724724724584879e-02
2.619353353353345515e+00
1.378508308308308905e+01
2.397432432432416327e+00
1.254736736736731917e+00
1.000000000000018886e-03
2.906126126126083453e-01
1.534593593593586824e+00
3.958576576576596562e+00
1.289188188188188366e+00
2.114024024024074577e-01
6.641931931931941868e+00
5.574339739739742328e+01
3.755506506506492315e+00
4.760328328328342629e+00
5.365805805805793582e+00
1.068210210210197797e+00
2.470210210210167512e-01
6.286313313313329587e+01
5.101152152152163666e+01
1.553502502502509319e+00
1.780111111111098099e+00
3.646537537537538842e+00
2.321256256256233552e+00
2.209931931931929494e+00
1.027653653653642030e+00
0.000000000000000000e+00
1.205205205205212293e-01
1.915642642642673588e+00
1.787202102102100199e+01
2.991442442442449945e+00
4.120600300300309726e+01
2.008977177177175122e+01
1.099582682682682844e+01
1.266540540540530557e+00
1.415005005005027794e-01
2.735948948948936810e+00
1.799375375375370290e+00
1.292392392392405567e-02
6.978370170170164499e+01
8.039339339339371948e-01
1.180675675675674885e+00
1.080100100100099381e+00
2.946112112112094561e+00
1.406522522522527296e+00
2.742675675675675162e+00
4.607433433433430814e+00
1.037837837837827099e-01
1.000000000000013248e-03
4.576100700700691704e+01
1.906287287287285137e+00
4.578648048048052033e+01
2.927217217217149003e-01
2.011118118118091047e+00
1.000000000000009562e-03
2.851340040040035717e+01
0.000000000000000000e+00
9.949719719719738009e+00
3.987987987988027457e-03
4.826626626626523975e-01
2.650104404404392966e+01
2.145081081081076313e+00
2.282991991991986769e+00
7.228115515515493428e+01
3.195875875875864303e+00
3.062219219219233679e+00
1.590060060060068392e-01
2.064429429429402774e+00
3.023723723723690041e-02
2.991870870870876775e+00
1.895988288288290136e+01
2.073933933933893026e-01
2.614345445445445648e+01
1.028200970970969763e+02
1.879206206206195384e+00
0.000000000000000000e+00
3.153862862862868877e+00
4.777930330330334385e+01
4.187362362362362589e+00
1.359926926926925406e+00
5.668110310310306943e+01
1.088988988989000352e-02
1.296383383383390209e+00
4.300500500500545331e-02
3.189019019019039280e-01
5.834040640640660769e+01
2.119469469469491829e-01
8.009878878878888386e+00
5.300459459459483824e+00
2.653154154154154121e+00
1.272326326326306267e+00
2.940190190190167252e-01
3.578008008007943497e-01
1.131715715715719384e+00
6.247006006006048828e+00
2.445664664664658705e+00
2.665553553553545285e+00
1.372412412412397364e-01
9.285305305305192602e-01
1.367764364364363239e+01
3.875315915915914644e+01
1.606907907907918265e+00
9.420760760760616970e-01
3.287708708708722227e+00
7.283183183183307430e-02
7.487427927927919313e+01
2.191130130130146902e+00
1.355190190190189492e+00
4.808383383383376675e+00
1.353408408408413033e+00
2.022419419419414055e+00
4.478971971971968280e+00
1.690600600600588588e-01
4.408628628628684654e-01
1.997997997998027589e-03
4.759959959960036735e-01
3.618757757757740556e+00
8.850492792792790908e+01
7.122080180180186915e+01
2.304632632632655831e+00
2.732952952952917847e-01
2.279705705705709295e+00
1.938886886886905137e+00
2.803365365365368067e+00
2.759229229229195335e-01
2.837002002002016354e+00
1.498598598598588523e-02
4.786472472472496520e+00
2.217747747747751852e+00
1.938916916916908040e+00
1.577571571571544373e+00
3.689660660660666114e+00
3.276506506506467464e-01
8.915983383383382943e+01
2.234604604604569555e+00
9.409528528528543490e+00
1.941279279279251702e+00
3.189471471471502007e+00
1.617267267267262332e+00
2.286302302302299694e+00
1.538041041041041446e+00
1.012927527527525662e+01
1.681604604604578057e+00
2.166187187187174068e+00
2.770500500500483465e+00
5.060060060060025955e-02
6.532342342342282171e-01
8.625025025025098158e-01
3.097281281281255350e+00
2.180041041041041350e+00
4.008810810810814473e+00
2.249799799799747924e-01
9.564664664664596083e-02
2.640150150150175068e-01
2.077577577577525980e-02
9.193413413413359381e-01
3.425525525525490583e-02
4.169899899899984774e-01
2.261175175175171415e+00
2.689175175175191779e+00
1.543573573573583935e-01
2.037997997998031718e-01
9.236178178178144904e+00
1.649415415415412589e+00
1.389770870870878028e+01
5.064164164164110249e-02
5.969969969969833069e-03
2.748755755755746932e+00
1.757987987987946477e-01
3.659259259259198260e-02
1.444550550550561141e+00
5.813827827827813266e+00
3.040540540540496994e-02
2.608554554554524341e+00
2.517969969969978017e+00
3.573484484484473978e+00
1.186426426426400865e-01
1.661451451451453620e-01
