1.414860860860865044e+00
9.325075075075270892e-01
0.000000000000000000e+00
6.570530530530444002e-01
1.647898898898887632e+00
6.029739739739681248e-01
2.317357357357358316e-01
8.828898898898949188e-01
2.390030030030012298e-01
8.090760760760888903e-01
2.880328528528527698e+01
1.409159159159165398e-01
0.000000000000000000e+00
4.958948948949034041e-01
7.645315315315414084e-01
2.507446446446449428e+00
1.997997997998011543e-03
4.979979979979971133e-03
1.558692892892887905e+01
5.642182182182245986e-01
0.000000000000000000e+00
4.490690690690694598e-01
1.113083083083082458e+00
2.219979979979967433e-01
0.000000000000000000e+00
1.000000000000002840e-03
9.809399399399413300e-01
2.000000000000033869e-03
1.997997997997976848e-03
7.174234234234286856e-01
2.303789789789805198e+00
5.223923923924048834e-02
2.442542542542480988e-01
4.583373373373436643e-01
8.516016016015972578e-01
8.040310310310326836e-01
2.986464364364326229e+01
1.467732032032034439e+01
2.375475475475467557e-01
1.130150150150160737e+00
4.246413413413391957e+00
5.324994994994938224e-01
1.011113113113131012e+00
6.698598598598610732e-01
9.341411411411527643e-01
0.000000000000000000e+00
4.016286286286191443e-01
0.000000000000000000e+00
1.182676676676653660e+00
6.478252252252262089e+00
8.798158158158203568e-01
1.000000000000010863e-03
5.996396396396297401e-02
3.738098098098115440e-01
1.098997997997997578e+00
2.758808808808827506e-01
8.533513513513563131e-01
3.445505505505542798e-01
1.902461461461469217e+00
7.464654654654602206e-01
1.846538538538541019e+01
5.769629629629638989e-01
1.230092692692692680e+01
0.000000000000000000e+00
7.805705705705704434e-01
1.290390390390419063e-02
2.224234234234225838e+00
8.074014014013952689e-01
2.499939939939961608e-01
3.473873873873911666e-02
1.257563563563570463e+00
3.987987987988043936e-03
9.765725725725764583e-01
1.207750750750755442e+00
3.826526526526529554e-02
1.855959159159158034e+01
8.695155155155306348e-01
8.400510510510512674e-01
1.201577177177182953e+01
3.600460460460417345e-01
6.560870870870849636e-01
7.268848848848773470e-01
5.116616616616702362e-02
2.242618618618628989e+00
1.781875875875878368e+00
1.182864864864857868e+00
5.581201201201247963e-01
1.085913913913921336e+00
5.103283283283290839e-01
2.209799799799756770e-01
2.271771771771795984e-02
6.903743743743770978e-01
1.981781781781771432e-02
9.592932932932867196e-01
8.365955955956090317e-01
4.589379379379331936e-01
1.001373373373371845e+00
8.735845845845771063e-01
6.338438438438349642e-01
2.164935935935939781e+01
1.466991991991994704e+00
0.000000000000000000e+00
2.912912912912964114e-02
5.413979979980019230e+00
2.408318318318348472e-01
8.226366366366383298e-01
5.123653653653736928e-01
3.989129129129211915e-01
2.473313313313302564e-01
1.183527527527522549e+00
2.450160160160116396e-01
1.186786786786790324e-02
7.943943943943876373e-03
1.353728728728735842e+00
9.618238238238342452e-01
4.525625625625616377e-02
0.000000000000000000e+00
1.254556556556558178e+00
7.743333333333459745e-01
3.517851851851855560e+00
2.421960960960956477e+00
4.581671671671557200e-01
1.875985985985946236e-01
6.851131131131096286e-01
9.410890890890980520e-01
3.001671671671625741e-01
7.651871871871903652e-01
2.534934934935009071e-02
4.955783783783787477e+00
0.000000000000000000e+00
0.000000000000000000e+00
1.000000000000018452e-03
1.000000000000012814e-03
8.518938938939027983e-01
6.764354354354435994e-01
6.746685685685736011e+00
2.488048048048018268e-01
1.715282282282281523e+00
7.037107107107037907e-01
0.000000000000000000e+00
6.744324324324392217e-01
7.994094094094077452e-01
1.000000000000018235e-03
1.003561561561554072e+00
2.274264264264309054e-01
8.614084084084145942e-01
6.517187187187111208e-01
2.675655655655621579e-01
7.142802802802795670e-01
1.997997997997974246e-03
1.200518518518518540e+00
7.436976976976912290e-01
0.000000000000000000e+00
1.138485485485482895e+00
2.325329329329330008e+00
6.089989989989994523e-01
9.911101101101016386e-01
2.730820820820814898e+00
6.602472472472534770e-01
4.708608608608639418e-02
3.473873873873874890e-02
0.000000000000000000e+00
1.124714714714701302e-01
5.607668668668651435e+00
9.734374374374336059e-01
2.585933733733714845e+01
2.344744744744708259e-02
7.818368368368288079e-01
4.165791791791741083e+00
7.740450450450406805e-01
4.844744744744725051e-02
8.432162162162014640e-01
6.416436436436476765e-01
0.000000000000000000e+00
4.466836836836823865e-01
3.479677677677649239e+00
8.443833833833779279e-01
1.011051051051052169e-01
3.580680680680643074e-02
5.434044044044054056e-01
1.478978978979009901e-02
1.061119119119133147e+00
8.877177177177167366e-02
1.017910910910920119e+00
1.889879879879848845e-01
5.972432432432427385e-01
9.229729729729813092e-01
6.129879879879789328e-01
7.359099099098992403e-01
1.534324324324309041e-01
9.501961961962016590e-01
1.129726726726717922e+00
7.014154154154159659e-01
9.314104104104066195e-01
1.000000000000000238e-03
1.283218218218220130e+00
0.000000000000000000e+00
9.418168168168078447e-01
1.997997997998036696e-03
8.312622622622596325e+00
4.381945945945915355e+00
6.840480480480576331e-01
9.328228228228335750e-02
0.000000000000000000e+00
8.958498498498586038e-01
0.000000000000000000e+00
1.666489489489479059e+00
1.000000000000003707e-03
7.943943943943876373e-03
2.278418418418456659e-01
2.164688388388389839e+01
2.479439439439473647e-01
2.079499499499454507e-01
3.238748748748704887e-01
1.046196196196187866e+00
1.988594694694698717e+01
9.994180180180118001e+00
1.043670270270269818e+01
3.761001001001037514e-01
8.354964964964971541e-01
5.203273273273376631e-01
2.503493493493437194e-01
2.090905905905900752e+00
0.000000000000000000e+00
8.320070070070086032e+00
6.420410410410459789e-01
1.170157157157156957e+00
4.522232232232210047e-01
2.672450450450430726e+00
6.013113113113094377e-01
0.000000000000000000e+00
4.146436436436352069e-01
9.612862862862948665e-01
1.040719719719704228e+00
3.355065065065057972e+00
1.711117117117128883e+00
3.929260260260245552e+00
8.890830830830814824e-01
8.273933933933970142e-01
5.699689689689635408e-01
6.461461461461435185e-01
5.842242242242223771e-01
0.000000000000000000e+00
1.739979979979966174e-01
9.514544544544555338e-01
1.079101101101092031e+00
8.123893893893916029e+00
8.458078078078063999e-01
4.704514514514586132e-01
5.669049049049061928e-01
7.849109109109211335e-01
1.041437437437437552e+00
1.562472472472454244e-01
2.253753753753784395e-02
2.219979979979966322e-01
4.059329329329351310e+00
5.881021021021027861e-01
1.977603603603611981e+00
1.612542542542547697e+00
9.923303303303245837e-01
0.000000000000000000e+00
0.000000000000000000e+00
7.219859859859881768e-01
3.267085085085074780e+00
1.874241741741737499e+01
7.927017017017115030e-01
2.559204204204213351e+00
6.937117117117149734e-01
4.133873873873956661e-01
7.280270270270290389e-01
9.072852852852781869e-01
2.847610610610610049e+00
0.000000000000000000e+00
2.947384384384391431e+00
0.000000000000000000e+00
1.000000000000008911e-03
1.170489489489489499e+00
1.190750750750776965e-01
1.000000000000010429e-03
1.258258258258256435e+00
8.959179179179052044e-01
6.846369369369369018e+00
6.923753753753708606e-01
8.119879879879895457e-01
2.444246246246223997e+00
1.018725725725716069e+00
9.867926926926907427e+00
9.301211211211025676e-01
9.693983983983927022e-01
2.475435435435401066e-01
9.355965965965967746e-01
6.648007007007003644e+00
1.056935935935940485e+00
0.000000000000000000e+00
1.245792792792805193e+00
6.900770770770886520e-01
3.171168168168158275e+00
5.269969969969904439e-02
9.601821821821645564e-01
1.205205205205212571e-01
6.986636636636499587e-01
6.848148148148119896e-01
4.614184184184131343e-01
7.759179179179206409e-01
0.000000000000000000e+00
7.434414414414358685e-01
7.718718718718629856e-02
2.322762762762777267e-01
7.193453453453508839e-01
7.737047047047110881e-01
4.979979979979967664e-03
3.987987987988072559e-03
7.796406406406325429e-01
4.756096096096121828e-01
0.000000000000000000e+00
0.000000000000000000e+00
6.958538538538627805e-01
1.185775775775750329e+00
1.050865865865872717e+00
0.000000000000000000e+00
1.679445445445452156e+00
4.049139139139170118e-01
3.318121121121094141e+00
2.079452452452460687e+00
2.738381381381369994e+00
8.287937937938015809e-01
6.701628628628648165e+00
6.883173173173160464e-01
8.043773773773771341e-01
0.000000000000000000e+00
7.886426426426351721e-01
8.671931931931800008e-01
1.030169169169171672e+00
3.212312312312318174e-02
1.000110110110116635e+00
4.383003003003068110e-01
1.399159159159178989e-01
5.855345345345364105e-01
5.966316316316292445e-01
1.304144144144121775e-01
9.957867867868090972e-01
2.993993993993995968e-03
5.202702702702719645e-02
3.006906906906894189e-02
0.000000000000000000e+00
2.624143043043038048e+01
7.175145145145108705e-01
9.142520520520513116e+00
3.224054054053991925e-01
1.211374374374369900e+00
1.503271271271266141e+00
1.248269269269256743e+00
4.979979979979968531e-03
5.104884884884847152e-01
1.388388388388406974e-02
3.126417417417398870e+00
3.987987987988034395e-03
1.389450450450459229e+00
1.054482482482490102e+00
0.000000000000000000e+00
1.589549549549545693e-01
6.083583583583476034e-02
1.000000000000015200e-03
1.822572572572574157e-01
0.000000000000000000e+00
4.250790790790760498e-01
4.723193193193287454e-01
1.293407407407408893e+00
1.653408808808809738e+01
2.158708708708740875e-01
1.109819819819830161e-01
0.000000000000000000e+00
2.208678678678737128e-01
4.979979979979972000e-03
9.227847847847777674e-01
1.000000000000018235e-03
7.827877877877850166e-01
2.505205205205240926e-01
7.985495495495574803e-01
6.463573573573588860e-01
4.220614614614600413e+00
1.086844844844850444e+00
0.000000000000000000e+00
4.979979979979971133e-03
6.758978978978864571e-01
7.277937937937910551e-01
6.105085085085062424e-01
1.245448448448443823e+00
7.535135135135243023e-02
4.789229229229243323e+00
1.421316716716714268e+01
6.571101101101020081e-01
2.109979979979962339e-01
6.715225225225212036e-01
7.999749749749638372e-01
1.049360360360376498e+00
6.985925925925821067e-01
1.794234234234190761e-01
8.342362362362291117e-01
1.837511511511494611e+00
8.219359359359428296e-01
1.037976976976972665e+00
1.386728328328327464e+01
6.036096096096001951e-01
1.902789789789786212e+01
7.721401401401485343e-01
6.638718718718749079e-01
2.664578578578578938e+00
8.391221221221217830e-01
8.116396396396347024e-01
0.000000000000000000e+00
2.015090090090082331e+00
1.554054054054047618e-01
6.753573573573564692e-01
1.166587287287288888e+01
1.284598598598607033e+00
1.419125525525527109e+01
1.169511511511502455e+00
1.744934934934960213e-01
1.180439439439430416e+00
8.925835835835941312e-01
1.106183183183186536e+00
1.575975975975984003e-02
2.423213213213256945e-01
1.944919019019015138e+01
1.521869869869862946e+00
3.493291291291250822e+00
4.979979979979968531e-03
6.802302302302242198e-01
5.021731731731740034e-01
2.531658658658667349e+00
4.979979979979970266e-03
7.951051051051054308e-02
0.000000000000000000e+00
1.662474474474474384e+00
8.735235235235199180e-01
1.425375375375391163e-01
5.836737737737736964e+00
4.986616616616689202e-01
2.758558558558529480e-02
2.419609609609642831e-01
1.016022022022014415e+00
1.277119119119130675e+00
2.012289389389388106e+01
3.110341341341340105e+00
1.997997997997988124e-03
0.000000000000000000e+00
1.491851851851881405e-01
2.676167167167163630e+00
1.027905905905904360e+00
0.000000000000000000e+00
4.417357357357284409e-01
8.071321321321270892e-01
7.636906906906891779e-01
6.523603603603633783e-01
9.711251251251441508e-01
1.436890890890907269e+00
1.053688688688689590e+00
8.842352352352337297e-01
0.000000000000000000e+00
0.000000000000000000e+00
9.766876876876672275e-01
1.264584584584616256e-01
0.000000000000000000e+00
2.315585585585576422e-01
1.794234234234192982e-01
1.501251251251246588e-01
1.119858858858870265e+00
9.082632632632617886e-01
7.615365365365341921e-01
2.183583583583617871e-01
0.000000000000000000e+00
2.885745745745785240e-01
1.838425425425420201e+00
1.020744744744724652e+00
1.721683683683689736e+00
4.890350350350355924e-01
3.941251251251238208e-01
3.896486486486438472e-01
7.743893893893892821e-01
1.101435435435428989e+00
2.026057257257268773e+01
8.844114114114036695e-01
7.358218218218298690e-01
5.545625625625685284e-01
1.073087087087080560e+00
2.379672672672684453e+00
5.364524524524554305e-01
4.040390390390440900e-01
0.000000000000000000e+00
8.698848848848786952e-01
4.012032032031963569e-01
1.238195195195204157e+00
1.991231231231201937e-01
4.979979979979968531e-03
9.909909909909858997e-03
8.550470470470399320e-01
8.927927927927951923e-03
0.000000000000000000e+00
5.300930930930890517e-01
5.746239239239304908e+00
1.141339339339344505e+00
6.894936936936897354e+00
0.000000000000000000e+00
2.052612612612594589e-01
9.784314314314237482e-01
9.941941941942042740e-03
1.088242242242250857e+00
1.027814814814816735e+00
0.000000000000000000e+00
1.364526526526537387e+00
1.600585685685687309e+01
5.014284284284311610e-01
8.553053053053119026e-01
2.844280280280280682e+00
9.476306306306192528e-01
8.437827827827928395e-01
1.117588588588596110e+00
2.993993993994003774e-03
5.190730730730772624e-01
1.692579579579581273e+00
4.011671671671748207e-01
1.537655655655642661e+00
8.563983983984061465e-01
2.472283283283296829e+00
0.000000000000000000e+00
8.785215215215208540e-01
6.516516516516504542e-02
6.541091091091174592e-01
2.723834834834838237e+00
1.148337837837840780e+01
3.197311311311318516e+00
3.591501501501425664e-01
0.000000000000000000e+00
4.871866866866850110e+00
8.063263263263186209e-01
3.645865865865912658e-01
8.128980980981033611e+00
6.888618618618572720e-01
4.127627627627579454e-02
9.145065065065028920e-01
9.531601601601501494e-01
1.997997997998015880e-03
9.310370370370404380e-01
4.301801801801748149e-02
1.285151151151158855e+00
0.000000000000000000e+00
8.410450450450493998e-01
6.166186186186232154e-01
4.979979979979972868e-03
4.725579579579559208e+00
5.469069069068967226e-02
2.696170170170168578e+00
7.848638638638669729e-01
1.102342342342353398e-01
9.958858858858872232e-01
0.000000000000000000e+00
1.315479479479465308e+00
4.678178178178276636e-01
3.706464664664668618e+01
7.660080080080186038e-01
6.053340340340339409e+00
3.837776776776770760e+00
8.357147147147053756e-01
2.993993993993998570e-03
8.172212212212104365e-01
1.361504504504493340e+00
8.311651651651710271e-01
1.129825825825823360e+00
2.311871871871917783e-01
1.008568568568570001e+01
7.182572572572573089e-01
1.094844844844844872e-01
1.200440440440450951e+00
8.009149149149288327e-01
9.788788788788893580e-02
2.504480180180183524e+01
1.175724724724725112e+00
6.933733733733772331e-01
1.734292292292273219e+00
9.217607607607811726e-01
6.997664664664659639e+00
1.000000000000000888e-03
2.000000000000014787e-03
8.295375375375346749e-01
4.232092092092009095e-01
1.955766166166165476e+01
1.030800800800805606e+00
1.772772772772757133e-02
6.805675675675620928e-01
1.094533533533527336e+00
0.000000000000000000e+00
2.890756756756747592e+00
2.131155855855853076e+01
6.296206206206241829e-01
2.420460460460483743e-01
1.611601601601567180e-01
3.248882882882883738e+00
7.029429429429311094e-02
2.599800300300302069e+01
0.000000000000000000e+00
6.139219219219242962e-01
1.000000000000009562e-03
9.762302302302372503e-01
2.497657657657662567e-01
1.000000000000018886e-03
7.753653653653692635e-01
2.013523523523563785e-01
1.549204404404405544e+01
2.441601601601542382e-01
8.081251251251293510e-01
2.501061061061102819e-01
1.846486486486498269e-01
5.245465465465524169e-01
1.037721721721709178e+00
2.187687687687670524e-01
1.797546546546556989e+00
2.993993993994000739e-03
9.870940940940982067e-01
7.931821821821711804e-01
2.178969969969959397e+00
8.645425425425400379e-01
1.608467467467466827e+00
7.281441441441438567e-01
1.997997997998034528e-03
6.385655655655658736e-01
6.773873873873928475e-02
3.211351351351318106e-01
2.246980480480478803e+01
2.687638738738743172e+01
6.548588588588502013e-01
1.188098098098080008e-01
7.582522522522493480e-01
2.586520820820812716e+01
1.110404404404391476e+00
1.060487487487490554e+00
2.679979979979976168e-01
8.585405405405440726e-01
1.912292292292281648e-01
9.341551551551432464e-01
3.302788588588587260e+01
2.068768768768766975e-01
4.987987987988100336e-03
1.256295295295292602e+00
1.813733433433433362e+01
6.771031031031167213e-01
1.125176176176174270e+00
1.559069069069055347e-01
2.087946946946922289e+00
1.654844844844839402e-01
0.000000000000000000e+00
1.631381381381372120e-01
1.002428628628627827e+01
2.101152152152157893e+00
3.980630030030027200e+01
0.000000000000000000e+00
5.000390390390481166e-01
9.051981981982090142e-01
6.719009009008992672e-01
7.367367367367264053e-02
7.682942942942942999e-01
9.030780780780642836e-01
1.927927927927940155e-01
4.847929929929921222e+00
1.000000000000006309e-03
8.907207207207287758e-02
1.087825825825824211e+00
3.987987987988031793e-03
1.847427427427407176e-01
6.417347347347394093e-01
8.579319319319324011e-01
5.040171171171173192e+00
6.462282282282229007e-01
2.312312312312319595e-01
8.925065065065016512e-01
2.707127127127170740e-01
6.202502502502513781e-01
4.293863863863951469e-01
0.000000000000000000e+00
4.030145145145143992e+00
1.540540540540567271e-01
2.213213213213191255e-01
0.000000000000000000e+00
5.996396396396339729e-02
0.000000000000000000e+00
7.589339339339287172e-01
1.072232232232254029e-01
3.831991991991979263e-01
1.381781781781781654e-02
8.562632632632534158e-01
7.047677677677722796e-01
1.199173173173165852e+00
9.257627627627649236e-01
1.218004004004008323e+00
1.163086086086085880e+00
1.063920220220217949e+01
2.861759659659655242e+01
9.687947947948050142e-01
7.349219219219199628e-01
4.471878878878885466e+00
1.815375375375409550e-01
1.727802802802804960e+00
0.000000000000000000e+00
2.028202202202197491e+00
7.421531531531434522e-01
0.000000000000000000e+00
8.434504504504498623e-01
7.095795795795804828e-02
0.000000000000000000e+00
2.443901901901921914e+00
1.567546446446456798e+01
1.679879879879837834e-01
6.412872872872751318e-01
1.010413413413405515e+00
1.761849849849868699e+00
6.114594594594623400e-01
7.770110110110139967e-01
8.392392392392186706e-02
8.062382382382368151e-01
4.119219219219170253e-02
8.544594594594593362e-01
1.381570570570565870e+00
7.567907907907843734e-01
9.087477477477465815e-01
2.690850850850808884e-01
2.098088088088122527e-01
1.019565565565572207e+00
1.144694694694688153e-01
2.677037037037044431e+00
2.010790790790797811e+00
4.684894894894781059e-01
1.919622622622622066e+00
6.957957957957826636e-03
2.449889889889917682e-01
2.452042042042083814e-01
7.272892892892824923e-01
1.337051051051054706e+00
7.943943943943860761e-03
8.266656656656671265e-01
8.631101101101141815e-01
2.801310310310314478e+01
4.301801801801739128e-02
3.206185185185182362e+00
5.733633633633546112e-02
1.065295295295265871e-01
3.462649649649667261e+00
1.302401401401381609e+00
8.316696696696617153e-01
1.045355355355358784e-01
1.701515615615615573e+01
1.531998998999001937e+00
9.811921921922099887e-01
8.842342342342293660e-02
2.218918918918908467e-01
5.835545545545613999e-01
1.329568568568582521e+00
2.646241241241224174e+00
0.000000000000000000e+00
2.993993993994002907e-03
3.485715715715632657e-01
6.409159159159106833e-01
9.517397397397492353e-01
2.187974974974961739e+00
1.180242242242240502e+00
8.373493493493536777e-01
2.345025025024995990e-01
0.000000000000000000e+00
1.000000000000003273e-03
1.210861861861869171e+00
9.996346346346434153e-01
1.215122122122116899e+00
1.961961961961982207e-02
1.136282282282296885e+00
3.461117117117137099e+00
2.210670670670717708e-01
9.616618618618606007e+00
9.819839839839826778e-01
1.359386386386373990e+00
7.596506506506462975e-01
2.606059059059063543e+00
9.868408408408465560e-01
0.000000000000000000e+00
7.465895895895934276e-01
1.315681681681674098e+00
4.664564564564451649e-02
8.815825825825809314e-01
6.995825825825778832e-01
1.147427327327327795e+01
2.483453453453456916e+00
5.483633633633513416e-01
6.066006006006067208e-01
2.282582582582598149e-02
2.061061061061086053e-01
0.000000000000000000e+00
2.465885885885917284e-01
7.731591591591472357e-01
1.871471471471436443e-01
3.390720720720714620e-01
8.628578578578565139e-01
4.614117117117120692e+00
7.473887887887880055e+00
5.257227227227171396e-01
0.000000000000000000e+00
3.473873873873883911e-02
5.670616616616640293e+00
5.710290290290342963e-01
1.022537537537556052e+00
1.030588588588582377e+00
1.000000000000006960e-03
5.417917917917822734e-01
9.799799799799867317e-02
4.979979979979968531e-03
6.124222222222163836e+00
9.438698698698634315e-01
9.161391391391378036e-01
2.752972972972946852e-01
1.120979979979969343e+00
2.267457457457409398e-01
1.043585585585598885e+00
2.317546546546549457e+00
8.059209209209069469e-01
6.565975975975898438e-01
7.943943943943867700e-03
1.049940940940960576e+00
4.486690690690691596e+00
8.226696696696627065e-01
5.757167167167204225e-01
0.000000000000000000e+00
2.854754754754762827e-02
7.231521521521528939e-01
1.329805805805797991e+00
4.536276276276314245e-01
1.589549549549550689e-01
2.294940940940956686e+00
1.659385985985983680e+01
1.315614614614628808e+00
1.623914914914912355e+00
1.684055055055058814e+00
3.402352352352380205e-01
2.341051051051076803e-01
2.021196396396394590e+01
1.433708408408409873e+01
6.662462462462489521e-01
7.625335335335328146e-01
1.375930930930937102e+00
8.469339339339287953e-01
9.087157157157236265e-01
3.289169169169199325e-01
0.000000000000000000e+00
2.912912912912930113e-02
7.492992992993127155e-01
5.341737737737740410e+00
1.031902902902908981e+00
1.292377777777782377e+01
6.593245245245221042e+00
3.271094094094101568e+00
6.161011011011069405e-01
3.539739739739732743e-02
1.014296296296285149e+00
7.676816816816790512e-01
0.000000000000000000e+00
2.140007707707705720e+01
4.298538538538506093e-01
4.015905905905859385e-01
7.320810810810900460e-01
1.053616616616597224e+00
7.876226226226292759e-01
9.588758758758724188e-01
1.549833833833835106e+00
1.000000000000008044e-03
0.000000000000000000e+00
1.347440540540541676e+01
6.896556556556481254e-01
1.319824924924924581e+01
1.779859859859823368e-01
7.262252252252271445e-01
0.000000000000000000e+00
8.193864864864874420e+00
0.000000000000000000e+00
3.243438438438426275e+00
0.000000000000000000e+00
4.234264264264210320e-01
8.020145145145104237e+00
8.178518518518428371e-01
8.648838838838915910e-01
2.157807407407412370e+01
1.230532532532524703e+00
1.174875875875881936e+00
2.168168168168170887e-02
8.014394394394269705e-01
0.000000000000000000e+00
1.046044044044038168e+00
6.106505505505511522e+00
3.040540540540483810e-02
7.683022022022021780e+00
3.027079679679679458e+01
7.871021021020913055e-01
0.000000000000000000e+00
9.852392392392294029e-01
1.481404504504503272e+01
1.535057057057055641e+00
6.252242242242335157e-01
1.616475675675678403e+01
0.000000000000000000e+00
4.901811811811772612e-01
0.000000000000000000e+00
1.164964964964959881e-01
1.698229229229227855e+01
1.502942942942930571e-01
2.490053053053052246e+00
1.743038038038040582e+00
9.627377377377330792e-01
4.830480480480410788e-01
2.091831831831792998e-01
1.893753753753771585e-01
5.536156156156215591e-01
2.023229229229255299e+00
9.521731731731843951e-01
9.727237237237245093e-01
4.574174174174184399e-02
3.764114114114098797e-01
4.017961961961961315e+00
1.186768968968969773e+01
6.985685685685679713e-01
6.150700700700736379e-01
1.194153153153157065e+00
6.957957957957855259e-03
2.483742342342343434e+01
8.003683683683761041e-01
4.801091091091009844e-01
1.614993993993996124e+00
5.814824824824725846e-01
8.036876876876931641e-01
1.514973973973965160e+00
6.602502502502434478e-02
3.680990990991062084e-01
0.000000000000000000e+00
3.873913913913925589e-01
1.222153153153161087e+00
2.619236836836834925e+01
2.147993893893886863e+01
9.078538538538561964e-01
2.424984984985015246e-01
8.675225225225350334e-01
7.108288288288362455e-01
1.009211211211222370e+00
2.274264264264311830e-01
1.111397397397405618e+00
0.000000000000000000e+00
1.497932932932943606e+00
8.475305305305309567e-01
8.357817817817820849e-01
7.664844844844816985e-01
1.298247247247230174e+00
2.457687687687732381e-01
2.870493093093096348e+01
8.152762762762910675e-01
3.117688688688696530e+00
8.554334334334376955e-01
1.097176176176165141e+00
6.406346346346263321e-01
8.561231231231168914e-01
6.575165165165272052e-01
3.126385385385358706e+00
8.002822822822882598e-01
8.304294294294325418e-01
9.152092092092088960e-01
0.000000000000000000e+00
5.118748748748694899e-01
5.907577577577531880e-01
1.214410410410405650e+00
8.855715715715958281e-01
1.414281281281285274e+00
1.820610610610565727e-01
9.909909909909869405e-03
1.720790790790813207e-01
2.993993993994002040e-03
5.800320320320287992e-01
0.000000000000000000e+00
1.759429429429399117e-01
9.075875875875963894e-01
9.579799799799931792e-01
3.935835835835852642e-02
1.458168168168184897e-01
2.854520520520549276e+00
7.127847847847936791e-01
4.236742742742723777e+00
1.000000000000008261e-03
0.000000000000000000e+00
1.046576576576586204e+00
1.286786786786769943e-02
0.000000000000000000e+00
6.228898898898828085e-01
1.959845845845868739e+00
1.000000000000010863e-03
9.876536536536605349e-01
8.927507507507375095e-01
1.303655655655662216e+00
1.575975975976001350e-02
1.769369369369419923e-02
