1.742916916916901204e+00
1.074492492492501228e+00
0.000000000000000000e+00
7.442832832832831924e-01
2.084443443443437349e+00
6.418608608608491473e-01
2.394234234234256797e-01
1.074756756756757969e+00
2.426736736736707645e-01
9.978878878878976177e-01
3.826847147147146444e+01
1.635465465465454071e-01
0.000000000000000000e+00
6.772322322322439359e-01
1.062147147147148862e+00
3.316507507507514774e+00
1.000000000000011513e-03
1.381781781781790328e-02
1.981691491491491774e+01
7.062362362362272217e-01
0.000000000000000000e+00
5.306686686686666876e-01
1.367781781781792549e+00
2.289129129129090778e-01
0.000000000000000000e+00
5.969969969969933683e-03
1.185276276276272966e+00
9.957957957957988895e-03
3.987987987988023120e-03
8.333603603603670917e-01
3.018568568568570143e+00
7.651151151150949181e-02
2.805425425425407404e-01
5.894194194194249947e-01
9.740920920920912440e-01
9.539239239239197810e-01
4.091940240240254667e+01
1.958988488488487079e+01
2.414394394394429044e-01
1.398456456456472763e+00
5.285784784784788748e+00
6.604564564564534557e-01
1.247957957957959829e+00
7.132322322322423025e-01
1.128861861861851557e+00
2.997997997998055365e-03
4.162772772772758145e-01
0.000000000000000000e+00
1.384151151151150172e+00
8.213244244244235048e+00
1.104074074074067102e+00
2.993993993993999871e-03
7.785285285285215018e-02
5.037067067067155790e-01
1.389539539539531798e+00
3.705935935935893988e-01
1.085330330330336990e+00
4.312292292292203011e-01
2.383874874874891692e+00
8.222082082082095011e-01
2.334607607607608415e+01
7.689709709709741103e-01
1.574457357357357346e+01
0.000000000000000000e+00
9.670770770770608094e-01
2.456756756756804660e-02
2.772191191191211601e+00
1.006256256256250703e+00
2.500250250250257711e-01
6.083583583583485749e-02
1.594233233233240732e+00
6.957957957957752043e-03
1.184810810810830617e+00
1.461971971971985917e+00
6.574574574574390540e-02
2.370501101101109498e+01
1.105023023023004258e+00
1.033814814814815852e+00
1.512048748748751237e+01
4.467727727727670017e-01
6.974964964964999181e-01
8.419729729729674705e-01
9.687687687687532301e-02
3.049981981982008428e+00
2.316830830830854726e+00
1.489335335335332022e+00
6.313573573573518782e-01
1.300959959959952172e+00
5.958298298298172480e-01
2.283243243243258391e-01
5.064864864864801475e-02
8.641901901901964944e-01
3.711511511511557393e-02
1.207742742742741404e+00
1.066241241241234317e+00
4.677277277277357426e-01
1.229012012012001609e+00
1.046837837837816476e+00
8.444354354354235426e-01
2.898662562562559231e+01
1.883798798798786756e+00
0.000000000000000000e+00
5.996396396396336259e-02
7.118819819819872663e+00
2.457567567567606470e-01
9.680900900900912820e-01
5.438788788788720963e-01
5.264894894894922572e-01
2.464024024024087933e-01
1.425959959959955503e+00
2.558108108108111400e-01
1.961961961961951328e-02
1.865765765765762391e-02
1.616355355355347356e+00
1.140574574574573452e+00
7.398398398398380038e-02
0.000000000000000000e+00
1.512983983983996916e+00
9.267727727727759213e-01
4.450164164164209346e+00
3.219354354354324599e+00
6.077587587587600648e-01
2.424334334334342922e-01
8.830020020019982985e-01
1.187549549549553829e+00
3.322172172172203064e-01
8.821671671671754700e-01
4.027627627627707041e-02
6.652790790790788833e+00
0.000000000000000000e+00
1.997997997998029324e-03
2.993993993993999004e-03
1.094594594594579945e-02
1.052643643643660143e+00
8.371591591591612813e-01
8.649588588588484228e+00
2.482232232232262081e-01
2.149955955955959563e+00
7.742772772772790191e-01
0.000000000000000000e+00
8.888328328328276573e-01
9.484074074074124727e-01
1.000000000000018235e-03
1.234277277277273432e+00
2.239799799799769287e-01
1.057228228228234146e+00
8.360870870870892313e-01
2.923373373373361339e-01
9.101041041040903723e-01
4.979979979979967664e-03
1.570087087087088440e+00
7.703943943943913908e-01
1.997997997997995063e-03
1.420824824824821420e+00
3.097335335335324569e+00
6.659599599599566044e-01
1.297331331331334381e+00
3.519473473473479164e+00
8.169659659659717077e-01
6.744244244244228248e-02
5.909009009008952401e-02
0.000000000000000000e+00
1.240990990991011483e-01
7.450274274274288011e+00
1.220083083083081998e+00
3.371829629629630176e+01
4.301801801801775904e-02
9.422672672672672833e-01
5.356900900900888551e+00
8.233903903903870836e-01
7.802102102102230485e-02
1.046816816816806384e+00
7.748218218218193565e-01
0.000000000000000000e+00
6.043133133133156143e-01
4.766317317317338542e+00
1.058575575575584571e+00
1.293273273273259083e-01
6.076276276276378757e-02
6.579669669669789833e-01
2.439939939939896746e-02
1.220986986986986489e+00
8.058258258258385598e-02
1.126353353353348963e+00
3.304664664664610507e-01
6.977757757757725443e-01
1.095413413413416581e+00
8.010480480480347554e-01
9.145435435435576021e-01
1.723313313313316053e-01
1.152755755755766165e+00
1.349904904904915659e+00
8.704944944944914553e-01
1.109276276276274231e+00
1.997997997997982920e-03
1.586761761761756429e+00
0.000000000000000000e+00
1.160750750750741744e+00
2.997997997998122152e-03
1.029642942942943051e+01
5.693379379379374328e+00
7.264254254254260967e-01
1.041871871871876964e-01
0.000000000000000000e+00
1.061295295295294761e+00
0.000000000000000000e+00
2.083199199199223806e+00
3.987987987988026589e-03
2.344744744744693687e-02
2.797437437437410024e-01
3.051121421421426305e+01
2.487277277277258614e-01
3.398358358358339881e-01
3.465385385385320594e-01
1.279873873873871526e+00
2.577327627627626327e+01
1.353353553553554356e+01
1.386077977977981668e+01
5.162262262262307111e-01
1.036487487487467218e+00
5.637867867867867311e-01
2.706126126126087161e-01
2.676871871871858488e+00
0.000000000000000000e+00
1.047447347347347346e+01
7.484194194194181415e-01
1.471393393393402249e+00
5.413853853853917153e-01
3.196836836836820073e+00
7.044224224224221453e-01
0.000000000000000000e+00
5.628688688688706643e-01
1.182619619619614593e+00
1.330253253253252277e+00
4.121092092092099257e+00
2.192196196196219304e+00
5.069573573573568304e+00
1.015246246246265027e+00
1.008563563563562582e+00
7.528148148148040564e-01
7.643273273273251123e-01
7.901601601601452307e-01
0.000000000000000000e+00
1.876876876876876765e-01
1.135418418418421505e+00
1.356417417417402627e+00
1.024221221221221967e+01
1.040175175175171107e+00
6.467017017017022695e-01
6.207477477477416627e-01
8.705965965965841713e-01
1.232447447447436062e+00
1.906446446446461440e-01
4.963963963963936854e-02
2.317827827827882992e-01
5.241751751751747790e+00
7.495575575575602612e-01
2.455078078078089643e+00
2.052992992992996424e+00
1.236155155155152174e+00
0.000000000000000000e+00
0.000000000000000000e+00
8.914374374374354204e-01
4.132704704704704746e+00
2.354599099099102943e+01
9.369279279279161265e-01
3.416990990990981469e+00
7.833723723723744481e-01
4.718908908908999167e-01
8.253313313313286326e-01
1.098517517517513031e+00
3.817742742742733508e+00
3.987987987988029191e-03
3.715385385385385764e+00
1.000000000000008911e-03
6.957957957957807554e-03
1.381167167167188348e+00
1.451691691691705532e-01
8.927927927927946719e-03
1.525842842842834113e+00
1.158788788788805091e+00
8.534713713713699690e+00
7.683753753753749249e-01
1.052372372372391451e+00
3.033327327327322465e+00
1.271930930930931014e+00
1.315162262262260562e+01
1.166777777777772584e+00
1.067839839839841209e+00
2.460210210210179715e-01
1.177979979979976166e+00
8.270489489489499135e+00
1.367207207207224329e+00
0.000000000000000000e+00
1.491022022022020277e+00
7.523233233233294071e-01
4.258633633633657212e+00
7.323123123122993183e-02
1.160210210210197657e+00
1.445195195195186633e-01
7.851711711711581998e-01
7.966246246246380114e-01
5.207767767767681466e-01
9.397537537537455909e-01
0.000000000000000000e+00
8.228328328328341490e-01
9.706306306306129728e-02
2.372412412412347738e-01
7.473613613613696582e-01
9.053203203203089577e-01
9.909909909909862466e-03
8.927927927927953658e-03
8.726546546546506411e-01
4.788018018017919375e-01
0.000000000000000000e+00
0.000000000000000000e+00
8.113783783783685699e-01
1.514257257257260125e+00
1.311841841841840717e+00
3.987987987988066488e-03
2.238937937937936162e+00
5.140650650650672171e-01
4.242297297297302983e+00
2.650292292292295571e+00
3.467239239239217952e+00
9.981871871871899060e-01
8.612958958958934375e+00
7.422212212212309090e-01
9.866646646646496377e-01
0.000000000000000000e+00
9.423733733733975493e-01
1.001292292292303765e+00
1.290329329329339414e+00
5.285585585585738516e-02
1.191774774774776446e+00
6.075195195195202125e-01
1.552912912912944587e-01
6.703623623623590211e-01
7.320730730730774516e-01
1.643153153153161239e-01
1.244738738738732087e+00
6.957957957957765921e-03
6.888088088088237249e-02
5.645645645645547966e-02
0.000000000000000000e+00
3.400687587587596283e+01
8.225565565565444714e-01
1.152637337337337797e+01
3.645755755755817340e-01
1.561238238238243481e+00
1.883997997998003937e+00
1.678821821821831151e+00
1.575975975975994758e-02
5.703213213213302879e-01
2.767767767767803644e-02
4.013760760760757940e+00
9.909909909909865935e-03
1.734827827827814195e+00
1.310264264264252132e+00
0.000000000000000000e+00
1.820120120120133356e-01
8.606106106105969322e-02
2.993993993994003341e-03
2.174604604604653824e-01
0.000000000000000000e+00
4.391891891891973598e-01
6.180230230230165933e-01
1.570004004004008857e+00
2.180063163163167772e+01
2.272592592592629357e-01
1.432142142142132091e-01
0.000000000000000000e+00
2.373073073073084516e-01
1.088988988988996015e-02
1.122640640640648391e+00
2.993993993994003774e-03
9.237347347347397708e-01
2.524594594594542496e-01
9.342612612612706258e-01
7.080820820820767914e-01
5.297624624624631906e+00
1.340620620620619263e+00
0.000000000000000000e+00
1.478978978979001227e-02
7.714414414414352272e-01
8.564104104104210968e-01
7.590100100100042324e-01
1.646212212212220471e+00
1.034144144144158173e-01
6.318932932932937341e+00
1.885605005005006163e+01
7.911991991992098905e-01
2.212162162162179257e-01
7.831951951951990898e-01
1.080082082082071127e+00
1.352695695695692146e+00
8.257007007007060029e-01
1.876876876876876765e-01
1.000666666666675475e+00
2.412201201201209066e+00
9.955095095095007895e-01
1.383209209209206092e+00
1.816971271271271959e+01
7.470140140140191232e-01
2.403574674674665701e+01
8.316076076076159840e-01
7.914204204204097204e-01
3.368659659659664740e+00
9.953653653653675715e-01
9.720990990990975300e-01
0.000000000000000000e+00
2.656213213213236113e+00
2.726196196196232768e-01
7.073903903903869805e-01
1.624802002001996826e+01
1.567590590590576483e+00
1.847047247247244783e+01
1.407157157157169936e+00
1.949699699699656563e-01
1.386856856856856224e+00
1.145839839839837948e+00
1.392478478478478499e+00
3.566666666666677699e-02
2.443153153153185264e-01
2.670413813813812709e+01
1.962112112112102125e+00
4.642162162162179584e+00
7.943943943943872904e-03
7.080020020019918148e-01
5.836386386386415159e-01
3.155458458458459958e+00
1.284384384384375938e-02
9.585885885885821189e-02
0.000000000000000000e+00
2.062240240240219791e+00
1.009715715715707729e+00
1.687037037037000253e-01
7.427890890890934017e+00
5.664774774774857802e-01
6.578578578578493652e-02
2.446196196196234185e-01
1.191398398398410219e+00
1.643815815815803161e+00
2.641086186186181450e+01
4.159313313313331761e+00
1.997997997997998099e-03
0.000000000000000000e+00
1.808318318318298812e-01
3.277272272272265141e+00
1.272362362362365884e+00
0.000000000000000000e+00
4.618528528528505483e-01
1.002902902902910398e+00
8.899049049049039262e-01
7.817797797797884085e-01
1.206601601601611451e+00
1.864850850850847674e+00
1.233588588588583557e+00
1.064003003003004766e+00
1.000000000000005659e-03
0.000000000000000000e+00
1.326573573573561315e+00
1.652232232232233866e-01
0.000000000000000000e+00
2.599499499499478006e-01
1.930720720720673356e-01
1.878148148148154062e-01
1.338592592592593444e+00
1.102801801801804205e+00
7.961751751751589001e-01
2.225885885885845461e-01
0.000000000000000000e+00
3.184744744744721356e-01
2.267498498498502268e+00
1.191454454454449419e+00
2.261028028028039927e+00
6.824074074074196750e-01
4.716856856856836977e-01
5.578688688688655528e-01
8.657057057057028215e-01
1.347061061061079146e+00
2.631778778778804906e+01
1.085604604604599288e+00
9.177577577577522572e-01
5.999249249249299920e-01
1.323401401401382405e+00
3.039514514514521704e+00
6.937197197197136900e-01
4.380600600600539907e-01
0.000000000000000000e+00
1.044314314314321646e+00
5.559299299299308439e-01
1.534888888888881642e+00
2.106096096096094217e-01
1.088988988988996882e-02
1.961961961961952716e-02
1.097583583583591205e+00
1.961961961961963472e-02
0.000000000000000000e+00
6.503493493493427424e-01
7.336614614614641816e+00
1.419853853853862313e+00
9.268627627627507692e+00
1.000000000000019320e-03
2.185345345345399148e-01
1.157528528528540379e+00
2.555955955955957828e-02
1.302481481481474690e+00
1.342352352352347955e+00
0.000000000000000000e+00
1.651622622622604286e+00
2.062434734734734931e+01
5.906516516516525650e-01
1.035553553553550721e+00
3.553092092092050791e+00
1.170231231231234847e+00
9.677707707707677853e-01
1.368102102102115802e+00
3.987987987988028324e-03
5.321431431431412618e-01
2.060178178178168729e+00
4.186186186186089397e-01
1.895340340340336827e+00
1.048151151151140770e+00
3.075615615615590048e+00
0.000000000000000000e+00
1.122628628628631997e+00
8.606106106106016507e-02
6.238468468468487682e-01
3.444722722722730168e+00
1.528635435435430345e+01
4.119078078078099558e+00
4.221321321321396813e-01
0.000000000000000000e+00
6.143940940940945339e+00
8.885155155155219919e-01
3.485085085085092849e-01
1.080446246246244790e+01
7.677017017016932732e-01
6.021221221221356723e-02
1.061075075075081697e+00
1.119894894894877702e+00
2.993993993994001606e-03
1.110596596596590269e+00
6.430330330330162603e-02
1.572898898898910325e+00
0.000000000000000000e+00
1.018044044044033036e+00
7.162312312312298923e-01
1.478978978978998972e-02
6.208197197197155681e+00
7.114214214214245602e-02
3.321115115115115923e+00
8.832292292292334146e-01
1.324834834834807129e-01
1.227842842842854276e+00
0.000000000000000000e+00
1.602879879879898883e+00
5.324894894894792730e-01
4.783265165165164490e+01
9.574964964964870484e-01
8.047250250250245429e+00
4.944974974974996940e+00
9.755275275275259173e-01
9.909909909909862466e-03
1.028545545545539008e+00
1.650094094094080477e+00
1.013531531531538965e+00
1.327739739739731473e+00
2.343583583583550289e-01
1.291242942942941063e+01
7.550810810810907325e-01
1.240990990991012455e-01
1.542489489489489163e+00
8.822342342342336385e-01
1.234144144144150856e-01
3.133868768768773094e+01
1.417711711711693745e+00
7.815235235235176159e-01
2.242905905905911101e+00
1.144902902902912745e+00
9.014037037037013533e+00
2.000000000000019124e-03
4.987987987987919924e-03
1.022356356356359353e+00
6.356056056056037518e-01
2.581997397397399752e+01
1.225052052052043816e+00
4.791591591591489591e-02
8.608898898898911245e-01
1.385364364364358503e+00
0.000000000000000000e+00
3.692609609609589505e+00
2.659652252252251259e+01
7.583093093093093984e-01
2.746546546546506651e-01
1.810690690690666960e-01
4.444460460460465612e+00
1.003313313313326099e-01
3.420405805805808797e+01
2.993993993994003341e-03
6.295285285285247001e-01
1.000000000000010212e-03
1.202196196196204214e+00
2.499609609609645955e-01
1.997997997997974246e-03
8.748728728728728532e-01
2.201201201201201940e-01
2.053175075075071732e+01
2.457567567567606748e-01
9.619719719719707074e-01
2.502142142142103065e-01
2.026786786786738959e-01
6.790860860860802317e-01
1.315346346346343287e+00
2.314154154154132725e-01
2.259382382382375098e+00
9.909909909909865935e-03
1.154639639639631676e+00
8.735765765765756141e-01
2.903965965965980001e+00
1.018322322322321893e+00
2.048978978978997834e+00
7.480190190190126875e-01
6.957957957957796279e-03
7.118258258258249871e-01
1.026466466466476185e-01
3.719189189189174294e-01
2.901774974974976828e+01
3.316206106106109530e+01
7.420480480480365904e-01
1.400100100100115930e-01
8.544014014014121861e-01
3.433778878878886331e+01
1.306745745745753418e+00
1.273240240240233856e+00
2.892002002002051486e-01
9.949449449449504490e-01
2.392912912912970314e-01
1.128850850850859233e+00
4.389965365365363681e+01
2.363193193193149355e-01
1.092592592592604196e-02
1.577982982982974791e+00
2.378154854854856026e+01
8.277667667667684137e-01
1.395110110110117541e+00
1.810120120120157494e-01
2.633339339339341834e+00
1.815375375375411771e-01
0.000000000000000000e+00
1.820610610610565172e-01
1.269313513513530012e+01
2.645149149149179646e+00
4.892044344344339635e+01
1.997997997998002002e-03
5.334754754754709172e-01
1.154740740740722416e+00
8.000880880880825163e-01
9.168768768768606470e-02
8.742322322322362282e-01
1.093443443443440133e+00
2.216616616616639002e-01
6.250397397397422949e+00
1.997997997998012844e-03
1.411481481481484113e-01
1.277818818818814206e+00
7.943943943943876373e-03
2.006696696696713689e-01
7.821051051051161052e-01
1.033823823823825316e+00
6.393158158158156468e+00
6.921621621621597553e-01
2.457807807807775302e-01
1.087702702702711965e+00
2.513213213213246200e-01
7.891711711711795196e-01
4.936316316316401998e-01
0.000000000000000000e+00
5.058237237237247719e+00
1.734444444444442068e-01
2.277277277277320322e-01
0.000000000000000000e+00
8.361961961962052770e-02
1.000000000000013682e-03
8.913223223223171177e-01
1.272222222222244847e-01
4.229579579579607063e-01
3.006906906906892454e-02
1.024655655655644315e+00
8.642272272272266687e-01
1.484649649649653957e+00
1.040202202202203274e+00
1.501663663663671544e+00
1.491635635635643276e+00
1.438378978978977329e+01
3.778523523523524119e+01
1.125443443443445934e+00
9.333123123123129306e-01
6.067651651651620348e+00
1.891481481481508964e-01
2.192242242242243400e+00
0.000000000000000000e+00
2.513147147147154925e+00
8.123033033032897032e-01
0.000000000000000000e+00
9.891881881881745553e-01
1.011631631631648154e-01
0.000000000000000000e+00
3.138167167167184246e+00
1.992517917917919945e+01
1.995825825825812971e-01
7.851711711711658603e-01
1.266919919919917037e+00
2.295006006006022226e+00
7.611401401401449718e-01
9.119549549549386125e-01
1.204874874874888452e-01
1.006504504504505126e+00
5.821421421421368175e-02
9.689749749749720920e-01
1.838467467467473027e+00
8.542132132132057576e-01
1.070801801801792408e+00
3.197537537537568086e-01
2.185345345345402479e-01
1.195541541541533359e+00
1.401271271271298524e-01
3.462280280280289002e+00
2.649576576576585740e+00
6.479349349349364795e-01
2.408514514514511262e+00
1.769369369369398065e-02
2.564224224224202486e-01
2.455175175175222657e-01
8.124384384384396585e-01
1.683062062062055775e+00
1.478978978979000186e-02
1.063097097097099875e+00
1.050936936936924138e+00
3.640921121121133552e+01
6.773873873873975660e-02
4.190465465465467609e+00
8.167667667667846687e-02
1.907337337337313699e-01
4.364993993994001009e+00
1.677922922922937543e+00
9.545055055055127191e-01
1.372552552552585015e-01
2.238029929929930262e+01
1.850909909909919104e+00
1.276809809809818841e+00
1.147207207207228130e-01
2.474274274274299579e-01
6.348978978978964127e-01
1.640805805805818363e+00
3.435736736736736407e+00
0.000000000000000000e+00
1.381781781781782348e-02
4.787887887887823379e-01
7.553293293293409372e-01
1.163160160160163326e+00
2.793766766766762721e+00
1.368806806806805110e+00
9.714644644644626625e-01
2.645795795795778393e-01
0.000000000000000000e+00
1.000000000000011947e-03
1.487053053053068119e+00
1.317956956956952030e+00
1.505559559559557892e+00
3.294294294294247694e-02
1.424574574574579033e+00
4.583037037037049899e+00
2.415445445445406347e-01
1.228800700700694648e+01
1.304470470470469490e+00
1.705067067067075781e+00
8.740310310310216435e-01
3.306125125125087383e+00
1.220009009009003220e+00
0.000000000000000000e+00
8.113733733733762277e-01
1.624109109109107996e+00
7.214214214214313692e-02
1.037050050050057459e+00
7.311841841841847378e-01
1.436176776776780883e+01
3.224725725725736680e+00
7.635015015015131912e-01
7.332052052052129287e-01
3.845345345345376614e-02
2.219979979979966045e-01
5.969969969969911132e-03
2.526336336336310606e-01
1.006788788788787858e+00
2.380290290290305866e-01
3.918458458458456417e-01
1.019574574574567905e+00
6.158080080080066132e+00
1.030020720720727212e+01
6.718068068068098198e-01
0.000000000000000000e+00
5.380480480480440836e-02
7.261255255255260721e+00
6.644204204204339215e-01
1.136735735735734165e+00
1.268555555555567205e+00
0.000000000000000000e+00
6.322582582582516597e-01
1.248088088088105396e-01
4.979979979979967664e-03
8.073812812812818152e+00
1.177544544544547600e+00
1.093601601601607909e+00
2.989259259259312018e-01
1.405947947947942422e+00
2.357697697697651029e-01
1.327682682682700621e+00
3.126125125125108539e+00
9.604604604604671803e-01
8.088278278278278055e-01
1.575975975975996493e-02
1.316895895895891400e+00
5.766821821821809024e+00
1.016502502502509175e+00
6.351181181181262403e-01
0.000000000000000000e+00
5.264664664664538141e-02
8.180340340340442884e-01
1.537302302302305579e+00
5.940480480480413439e-01
1.772772772772761019e-01
2.781730730730736845e+00
2.183699899899898256e+01
1.651709709709708873e+00
2.073662662662643541e+00
2.157755755755748073e+00
4.607347347347354183e-01
2.383573573573513626e-01
2.566618318318318259e+01
1.937819019019017119e+01
7.715655655655646594e-01
9.013463463463453618e-01
1.709863863863878120e+00
1.021122122122126497e+00
1.053559559559552827e+00
4.094204204204246467e-01
0.000000000000000000e+00
4.844744744744725051e-02
9.056066066066050801e-01
6.882110110110111201e+00
1.254547547547547826e+00
1.616235735735734380e+01
8.429120120120126458e+00
4.352171171171146824e+00
7.399359359359349853e-01
8.642442442442546668e-02
1.253975975975965884e+00
8.959069069069049984e-01
0.000000000000000000e+00
2.733440040040036578e+01
4.977327327327237261e-01
5.247787787787767666e-01
7.481911911911776070e-01
1.317026026026026475e+00
8.030500500500405980e-01
1.171621621621633302e+00
1.958794794794784577e+00
6.957957957957828371e-03
0.000000000000000000e+00
1.693574574574571301e+01
8.922382382382466615e-01
1.823104604604604972e+01
2.005365365365401609e-01
9.123783783783648849e-01
0.000000000000000000e+00
1.088642542542544689e+01
0.000000000000000000e+00
4.069440440440403428e+00
0.000000000000000000e+00
4.327027027027071648e-01
1.079622322322319050e+01
9.989139139139051604e-01
1.034466466466477330e+00
2.871084384384386468e+01
1.487953953953967456e+00
1.481137137137126025e+00
3.222322322322383054e-02
1.007999999999990681e+00
0.000000000000000000e+00
1.211320320320332655e+00
7.905019019019023929e+00
4.762662662662695001e-02
1.013470570570570928e+01
4.012676876876880527e+01
9.437337337337418086e-01
0.000000000000000000e+00
1.196467467467466683e+00
1.970269069069062695e+01
1.881320320320301054e+00
7.210750750750800631e-01
2.181238538538537242e+01
0.000000000000000000e+00
6.473323323323341150e-01
0.000000000000000000e+00
1.636796796796774756e-01
2.223627627627628200e+01
1.631381381381376006e-01
3.358355355355357119e+00
2.261937937937934517e+00
1.083657657657656204e+00
6.226356356356286259e-01
2.302732732732765408e-01
2.462372372372355345e-01
6.044274274274199499e-01
2.555648648648642052e+00
1.137299299299306954e+00
1.179354354354355872e+00
5.821421421421368869e-02
4.341491491491396570e-01
5.344035035035033410e+00
1.501847247247251360e+01
7.902852852852746413e-01
6.479719719719695403e-01
1.514604604604605553e+00
1.381781781781804379e-02
3.028042242242286264e+01
1.041775775775783508e+00
6.450020020019929801e-01
1.982059059059061434e+00
7.201781781781860792e-01
9.767197197197158287e-01
1.922098098098085295e+00
9.009009009009176505e-02
3.864014014013968379e-01
0.000000000000000000e+00
4.114864864864787308e-01
1.571545545545549150e+00
3.430116216216217850e+01
2.752533533533527788e+01
1.097984984984970769e+00
2.426736736736708755e-01
9.975925925925791526e-01
8.780190190190250155e-01
1.217742742742746298e+00
2.319099099099162231e-01
1.327959959959963410e+00
0.000000000000000000e+00
1.927345345345360172e+00
1.049163163163178814e+00
9.675145145145326309e-01
8.589459459459370949e-01
1.632722722722723230e+00
2.516266266266207752e-01
3.685707207207198621e+01
9.851741741741778524e-01
4.196850850850832870e+00
9.336996996996967946e-01
1.420326326326316835e+00
8.130970970970970990e-01
1.063998998998995527e+00
7.903063063063118232e-01
3.949920920920932943e+00
9.106016016015821002e-01
1.021447447447459966e+00
1.178570570570561138e+00
0.000000000000000000e+00
5.536796796796726872e-01
6.333793793793770499e-01
1.436235235235231222e+00
1.055130130130112365e+00
1.728715715715710699e+00
1.949699699699706801e-01
2.724324324324317245e-02
1.936486486486437841e-01
1.381781781781776450e-02
6.086006006005972857e-01
1.000000000000007393e-03
2.162822822822800251e-01
1.104367367367358854e+00
1.137911911911903884e+00
6.083583583583474647e-02
1.577417417417432965e-01
3.638547547547569927e+00
7.906726726726646115e-01
5.639845845845900207e+00
1.997997997997970777e-03
0.000000000000000000e+00
1.300326326326317616e+00
3.135735735735709073e-02
3.987987987988062151e-03
7.034784784784874345e-01
2.448783783783784695e+00
1.000000000000010863e-03
1.233639639639639851e+00
1.152331331331343911e+00
1.639365365365352378e+00
3.006906906906893148e-02
4.219219219219150913e-02
