1.174572572572576412e+00
7.911721721721792777e-01
0.000000000000000000e+00
5.898498498498556675e-01
1.402320320320325386e+00
5.798738738738733467e-01
2.314624624624603000e-01
7.580240240240370131e-01
2.351061061061087143e-01
7.588048048047949523e-01
2.346498798798794283e+01
1.311061061061035704e-01
0.000000000000000000e+00
4.119669669669670520e-01
6.246716716716739226e-01
2.114668668668666207e+00
2.993993993994000305e-03
3.987987987988032661e-03
1.281966366366354748e+01
5.209989989989949333e-01
0.000000000000000000e+00
3.944174174174209790e-01
9.368318318318367144e-01
2.148708708708757520e-01
0.000000000000000000e+00
0.000000000000000000e+00
8.462022022022018808e-01
2.000000000000007414e-03
0.000000000000000000e+00
6.789419419419475688e-01
1.978625625625612505e+00
4.501601601601684655e-02
2.244234234234273317e-01
3.675495495495467169e-01
8.046016016016021011e-01
7.117817817817874149e-01
2.490386686686683504e+01
1.262634934934940922e+01
2.278178178178127122e-01
9.494554554554547332e-01
3.556675675675686321e+00
5.053673673673714228e-01
9.113543543543595193e-01
6.494794794794735981e-01
8.540600600600480874e-01
0.000000000000000000e+00
3.925905905905868742e-01
0.000000000000000000e+00
1.015322322322314674e+00
5.456333333333337698e+00
7.761951951951819861e-01
1.000000000000010863e-03
3.935835835835880397e-02
3.235055055055064965e-01
1.016074074074094113e+00
2.235225225225200563e-01
7.731071071071072831e-01
2.778078078078128899e-01
1.637825825825833803e+00
7.057717717717730821e-01
1.521765165165165534e+01
4.977477477477563195e-01
1.040926326326326645e+01
0.000000000000000000e+00
6.462692692692668661e-01
8.955955955956074535e-03
1.856250250250240263e+00
6.989329329329347917e-01
2.502342342342292469e-01
2.818718718718745200e-02
1.100055055055048303e+00
1.000000000000012814e-03
8.725715715715737231e-01
1.071957957957949237e+00
2.274574574574607377e-02
1.579012812812810296e+01
7.327827827827794183e-01
7.531761761761784912e-01
9.819472472472474678e+00
3.073203203203170863e-01
6.285715715715712859e-01
6.584964964964949985e-01
3.032932932932876080e-02
1.912349349349346195e+00
1.571824824824815892e+00
1.021557557557565721e+00
5.286696696696699949e-01
9.569509509509679379e-01
4.335645645645578306e-01
2.170930930930907721e-01
9.941941941942049679e-03
5.934444444444508804e-01
2.363763763763722034e-02
8.964554554554453603e-01
6.916326326326297513e-01
4.450970970970896112e-01
9.021491491491522297e-01
7.837787787787819926e-01
5.273933933933968587e-01
1.797729129129131920e+01
1.352859859859868452e+00
0.000000000000000000e+00
1.865765765765746431e-02
4.527762762762747251e+00
2.417777777777788684e-01
7.536676676676780096e-01
4.658558558558518747e-01
3.329459459459421788e-01
2.469979979980033991e-01
9.851441441441516345e-01
2.459159159159224062e-01
7.943943943943885047e-03
2.993993993993997703e-03
1.163258258258253353e+00
8.555815815815827063e-01
2.834334334334385336e-02
0.000000000000000000e+00
1.114228228228216322e+00
6.841551551551594557e-01
2.921932932932923777e+00
2.155910910910921796e+00
4.075985985985991489e-01
1.687097097097081111e-01
5.704294294294229850e-01
8.314634634634825439e-01
2.841541541541526827e-01
7.153443443443409100e-01
2.153753753753785347e-02
4.150042042042048074e+00
0.000000000000000000e+00
0.000000000000000000e+00
0.000000000000000000e+00
1.000000000000012814e-03
7.843103103103155060e-01
5.883743743743807819e-01
5.705480480480496830e+00
2.483123123123119613e-01
1.523688688688695114e+00
6.593923923923871167e-01
0.000000000000000000e+00
5.753533533533623512e-01
7.169169169169220535e-01
0.000000000000000000e+00
8.687077077077224319e-01
2.219979979979965767e-01
7.982802802802780873e-01
5.944104104104166453e-01
2.370010010009994672e-01
6.666586586586564778e-01
2.993993993994003341e-03
1.113199199199188083e+00
6.968708708708780675e-01
0.000000000000000000e+00
9.927317317317333467e-01
2.075662662662692171e+00
5.914384384384301363e-01
9.103203203203406035e-01
2.287404404404405067e+00
5.838988988989001205e-01
2.734734734734693695e-02
2.629729729729758658e-02
0.000000000000000000e+00
9.248348348348392478e-02
4.714305305305266813e+00
8.809039039039041619e-01
2.138033133133146890e+01
1.186786786786791711e-02
7.570280280280246021e-01
3.485899899899907339e+00
7.235305305305225199e-01
4.027627627627683449e-02
7.364784784784605964e-01
5.388658658658646017e-01
0.000000000000000000e+00
3.075625625625626469e-01
3.234334334334322492e+00
7.312812812812783392e-01
7.868268268268145682e-02
3.380880880880796774e-02
4.846676676676726636e-01
8.927927927927950189e-03
9.014524524524464288e-01
9.764464464464665816e-02
8.900530530530462725e-01
1.501561561561539360e-01
5.324384384384515112e-01
8.478318318318264213e-01
5.256846846846930932e-01
5.962842842842894786e-01
1.399159159159180377e-01
8.257107107107153343e-01
1.004586586586599495e+00
6.663933933933987586e-01
8.103843843843721029e-01
1.000000000000000238e-03
1.125371371371378437e+00
0.000000000000000000e+00
8.850770770770833851e-01
0.000000000000000000e+00
7.182824824824812104e+00
3.728043043043056226e+00
6.421881881881922327e-01
7.328828828828760911e-02
0.000000000000000000e+00
7.920980980980922848e-01
0.000000000000000000e+00
1.455666666666663778e+00
1.000000000000002623e-03
8.927927927927950189e-03
2.029299299299264503e-01
1.884626526526520962e+01
2.488048048048017991e-01
1.654004004003983286e-01
3.179799799799751803e-01
9.206666666666666332e-01
1.682372472472471969e+01
8.564275275275290866e+00
8.780614614614615121e+00
2.961321321321322975e-01
6.783093093093169879e-01
4.835445445445483159e-01
2.463853853853829878e-01
1.767156156156159730e+00
0.000000000000000000e+00
6.850496496496490728e+00
6.054344344344436690e-01
1.009024024024011368e+00
3.936626626626617553e-01
2.281182182182187823e+00
5.412672672672664831e-01
0.000000000000000000e+00
3.579889889889861787e-01
8.590480480480464642e-01
9.021101101101343112e-01
2.933251251251263181e+00
1.463626626626612470e+00
3.199917917917898258e+00
7.585055055054977791e-01
6.942722722722592943e-01
4.713623623623690029e-01
5.655355355355351499e-01
5.010600600600529919e-01
0.000000000000000000e+00
1.607597597597623107e-01
8.358748748748763280e-01
9.395175175175296545e-01
6.628288288288270991e+00
7.164864864864926020e-01
3.598588588588571557e-01
5.221301301301343178e-01
7.532302302302332775e-01
9.002102102102074177e-01
1.397027027027026025e-01
1.478978978978999145e-02
2.216606606606595364e-01
3.584174174174168837e+00
5.117097097097041969e-01
1.654677677677680592e+00
1.381154154154161651e+00
8.797627627627645497e-01
0.000000000000000000e+00
0.000000000000000000e+00
6.240930930930935761e-01
2.867993993993988244e+00
1.531153353353353630e+01
7.036096096096238206e-01
2.179855855855858060e+00
6.273503503503516932e-01
3.738238238238277833e-01
6.307547547547550648e-01
7.985625625625614177e-01
2.421642642642646504e+00
0.000000000000000000e+00
2.509508508508515590e+00
0.000000000000000000e+00
1.997997997998008941e-03
1.030888888888887189e+00
9.955555555555746505e-02
1.997997997998038431e-03
1.109443443443452137e+00
7.883643643643762911e-01
5.609403403403399935e+00
6.412922922922910107e-01
6.484874874874780870e-01
2.050358358358367550e+00
8.853723723723764261e-01
8.506772772772793090e+00
8.305005005004993945e-01
8.513533533533643727e-01
2.431871871871908453e-01
8.149079079079005750e-01
5.454141141141174209e+00
9.860930930931079974e-01
0.000000000000000000e+00
1.043289289289280664e+00
6.377637637637539880e-01
2.698417417417397157e+00
2.924124124124155913e-02
8.561501501501553868e-01
1.057057057057036314e-01
6.897247247247274560e-01
6.393013013013022494e-01
4.266126126126176810e-01
6.388678678678668676e-01
0.000000000000000000e+00
7.078418418418357394e-01
5.124124124124047885e-02
2.286196196196137731e-01
7.092802802802766760e-01
6.595255255255312310e-01
1.000000000000012814e-03
1.997997997998016313e-03
7.543883883883933938e-01
4.651651651651581010e-01
0.000000000000000000e+00
0.000000000000000000e+00
6.491881881881909067e-01
1.042036036036030344e+00
9.381691691691693702e-01
0.000000000000000000e+00
1.478417417417421831e+00
3.029129129129121689e-01
2.780528528528499077e+00
1.716050050050046849e+00
2.356795795795795012e+00
7.074164164164123969e-01
5.543574574574575031e+00
6.749499499499578281e-01
7.039779779779679059e-01
0.000000000000000000e+00
7.031371371371414325e-01
7.786876876876993592e-01
9.068548548548522881e-01
1.381781781781792756e-02
8.753093093093211596e-01
3.805215215215163038e-01
1.176216216216217358e-01
5.567357357357315406e-01
5.116456456456383028e-01
1.146906906906916268e-01
8.994704704704848952e-01
0.000000000000000000e+00
3.100700700700729714e-02
2.724324324324316898e-02
0.000000000000000000e+00
2.294340640640642093e+01
6.827677677677582713e-01
7.431822822822806707e+00
3.060370370370438797e-01
1.027157157157160716e+00
1.333304304304299137e+00
1.120862862862879616e+00
5.969969969969913734e-03
4.458768768768680002e-01
1.193793793793771450e-02
2.718131131131136247e+00
1.997997997997979017e-03
1.201871871871858843e+00
9.296236236236332662e-01
0.000000000000000000e+00
1.419009009009007394e-01
4.392792792792903078e-02
0.000000000000000000e+00
1.706336336336303494e-01
0.000000000000000000e+00
4.013603603603650427e-01
3.961671671671647132e-01
1.139173173173165132e+00
1.371195695695695527e+01
2.035475475475499729e-01
9.327727727727899709e-02
0.000000000000000000e+00
2.041841841841806893e-01
1.997997997997987690e-03
8.117257257257151082e-01
1.000000000000018235e-03
7.119509509509510670e-01
2.488798798798845524e-01
7.453283283283322902e-01
5.928078078078113933e-01
3.707870870870808577e+00
9.622692692692804695e-01
0.000000000000000000e+00
2.993993993994000739e-03
6.090530530530573472e-01
6.315695695695726641e-01
4.728848848848885567e-01
1.113287287287300975e+00
6.688288288288245231e-02
3.832992992992987791e+00
1.186238438438441101e+01
6.104014014014003120e-01
2.052612612612594867e-01
5.641061061061035664e-01
7.303723723723716255e-01
8.936566566566543912e-01
6.490230230230202846e-01
1.672232232232231941e-01
7.747777777777623553e-01
1.563499499499501511e+00
7.558618618618604401e-01
9.143993993993918545e-01
1.151494394394396537e+01
4.754274274274219447e-01
1.557183783783782971e+01
7.391291291291233190e-01
5.352622622622520421e-01
2.273975975975986330e+00
7.404154154154110046e-01
7.512202202202187262e-01
0.000000000000000000e+00
1.732243243243252850e+00
1.650040040040004208e-01
6.499489489489366223e-01
1.010891591591593830e+01
1.126861861861865988e+00
1.164314914914910304e+01
9.861891891891816364e-01
1.572892892892871763e-01
1.069640640640640239e+00
7.726196196196217780e-01
9.581891891892067026e-01
1.088988988988998097e-02
2.402402402402379900e-01
1.598261861861860922e+01
1.326452452452456798e+00
2.959405405405433953e+00
4.979979979979972868e-03
6.523263263263341383e-01
4.578208208208178198e-01
2.102525525525545280e+00
1.000000000000010212e-03
7.029429429429311094e-02
0.000000000000000000e+00
1.443285285285298647e+00
7.923943943943868584e-01
1.270930930930912472e-01
4.692267267267278719e+00
4.609749749749847969e-01
1.290390390390419757e-02
2.419609609609642831e-01
8.384524524524475941e-01
1.124247247247240455e+00
1.646303703703700094e+01
2.609160160160164832e+00
0.000000000000000000e+00
0.000000000000000000e+00
1.335975975975981778e-01
2.316776776776785063e+00
9.412632632632754737e-01
0.000000000000000000e+00
4.242082082081971017e-01
6.944834834834908710e-01
7.174214214214172936e-01
5.696046046046142619e-01
9.046236236236340211e-01
1.217347347347345732e+00
9.295925925926011857e-01
8.108068068068112755e-01
0.000000000000000000e+00
0.000000000000000000e+00
9.172082082081980392e-01
8.847847847847786773e-02
0.000000000000000000e+00
2.142892892892864776e-01
1.589549549549544305e-01
1.343093093093100654e-01
9.612922922922804148e-01
8.273863863863816226e-01
7.454864864864870766e-01
2.148708708708758075e-01
0.000000000000000000e+00
2.703423423423448879e-01
1.617824824824825702e+00
8.986546546546531067e-01
1.478200200200199044e+00
4.354934934934932000e-01
3.516576576576589952e-01
3.461261261261280864e-01
7.330600600600737371e-01
9.332342342342312413e-01
1.756930530530529921e+01
7.602612612612664744e-01
6.725065065065057857e-01
5.274444444444481572e-01
9.326036036035987298e-01
2.074213213213225604e+00
4.593933933934029046e-01
3.786486486486541070e-01
0.000000000000000000e+00
8.053353353353297495e-01
3.111931931931984918e-01
1.097853853853854922e+00
1.925925925925954796e-01
4.979979979979971133e-03
3.987987987988026589e-03
7.538198198198227118e-01
3.987987987988064753e-03
0.000000000000000000e+00
4.510880880880934196e-01
5.031190190190176104e+00
1.030733733733743662e+00
5.804378378378372894e+00
0.000000000000000000e+00
2.000240240240224454e-01
8.763793793793708264e-01
4.987987987987995385e-03
9.370560560560449170e-01
9.195135135135140692e-01
0.000000000000000000e+00
1.152798798798785107e+00
1.273793693693692397e+01
4.302642642642671711e-01
7.475415415415476161e-01
2.368610610610614842e+00
8.523843843843826873e-01
7.682102102102142949e-01
9.201911911911785369e-01
0.000000000000000000e+00
5.061101101101100896e-01
1.484959959959966325e+00
3.934154154154246852e-01
1.352371371371375419e+00
7.451841841841845282e-01
2.227643643643641980e+00
0.000000000000000000e+00
7.679949949949924637e-01
5.291691691691569749e-02
6.594454454454365955e-01
2.272907907907895098e+00
9.168923923923898656e+00
2.744155155155123094e+00
3.279149149149191422e-01
0.000000000000000000e+00
4.267909909909895383e+00
7.535125125125162748e-01
3.807487487487573041e-01
7.020355355355359706e+00
6.689069069069105700e-01
2.534934934934963274e-02
8.306206206206108167e-01
8.351751751751858022e-01
1.000000000000015850e-03
8.739729729729662777e-01
2.912912912912954747e-02
1.073499499499505960e+00
0.000000000000000000e+00
7.644794794794824710e-01
5.784364364364390498e-01
2.993993993994003341e-03
3.977120120120102520e+00
4.119219219219177192e-02
2.244266266266275789e+00
7.252502502502435888e-01
9.643243243243161678e-02
8.817367367367294761e-01
0.000000000000000000e+00
1.163763763763760783e+00
4.231171171171154155e-01
3.114557957957951118e+01
7.246746746746607348e-01
5.029179179179203985e+00
3.208923923923926225e+00
7.689589589589609364e-01
1.000000000000007610e-03
7.174714714714706121e-01
1.105572572572575796e+00
7.377377377377285494e-01
9.827087087087144068e-01
2.216606606606592311e-01
8.287806806806793603e+00
7.035425425425324564e-01
8.848448448448295589e-02
1.030312312312321676e+00
7.474984984985035830e-01
6.569369369369523759e-02
2.092409809809812060e+01
1.028302302302307680e+00
6.210010010010061920e-01
1.495626626626630484e+00
7.792002002002035299e-01
5.982228228228218647e+00
0.000000000000000000e+00
1.000000000000007610e-03
7.740050050050143460e-01
3.478468468468465247e-01
1.622180180180197695e+01
8.522942942942952627e-01
2.157957957957973988e-02
6.157107107107103738e-01
9.230580580580572958e-01
0.000000000000000000e+00
2.473504504504489443e+00
1.741023223223223937e+01
5.905955955955843883e-01
2.111301301301345135e-01
1.509259259259264074e-01
2.812655655655674547e+00
5.469069069068973471e-02
2.237548548548546634e+01
0.000000000000000000e+00
6.344604604604543452e-01
0.000000000000000000e+00
8.441421421421489990e-01
2.490240240240277070e-01
0.000000000000000000e+00
7.262092092092150564e-01
1.991231231231200272e-01
1.353029729729730235e+01
2.417777777777788684e-01
7.073863863863744106e-01
2.502142142142103065e-01
1.706466466466431964e-01
4.551701701701667546e-01
9.376556556556593369e-01
1.966316316316308599e-01
1.556418418418418437e+00
1.000000000000005008e-03
8.522352352352425831e-01
7.686396396396362185e-01
1.846284284284285260e+00
7.307767767767787692e-01
1.329823823823815143e+00
7.320460460460469498e-01
1.000000000000010429e-03
6.051131131131134433e-01
4.664564564564455118e-02
2.990580580580576298e-01
1.882700800800800423e+01
2.252477077077077183e+01
6.020160160160099583e-01
8.515415415415375500e-02
7.033483483483339294e-01
2.112606906906904314e+01
9.646356356356290407e-01
9.261851851851893302e-01
2.580640640640593508e-01
7.865085085085142813e-01
1.533913913913924620e-01
8.194294294294243164e-01
2.702880080080086245e+01
1.784804804804802358e-01
2.993993993993999871e-03
1.107873873873867598e+00
1.538237937937942768e+01
5.805755755755808156e-01
9.743093093093163626e-01
1.445195195195183024e-01
1.807071071071097101e+00
1.540540540540569214e-01
0.000000000000000000e+00
1.540540540540566994e-01
8.193748748748774346e+00
1.858383383383364507e+00
3.196368168168158519e+01
0.000000000000000000e+00
4.790900900900829096e-01
7.607197197197175242e-01
5.799879879879811240e-01
5.821421421421370257e-02
7.198508508508555392e-01
7.603713713713684541e-01
1.752052052052048003e-01
4.141188188188174912e+00
0.000000000000000000e+00
6.961961961961796175e-02
9.795055055055114090e-01
1.000000000000002840e-03
1.522922922922949895e-01
5.551461461461544289e-01
7.276026026026123361e-01
4.204583583583580975e+00
6.300640640640667867e-01
2.201751751751783170e-01
7.942002002002047645e-01
2.594394394394347048e-01
5.480860860860991002e-01
4.262172172172257745e-01
0.000000000000000000e+00
3.423860860860872712e+00
1.419009009009009059e-01
2.137327327327344928e-01
0.000000000000000000e+00
4.754754754754673962e-02
0.000000000000000000e+00
6.728698698698706293e-01
9.643243243243142249e-02
3.617877877877946902e-01
5.969969969969944092e-03
8.053533533533477895e-01
6.291701701701615246e-01
1.046056056056054118e+00
7.945005005004909249e-01
1.068827827827824928e+00
1.022923923923921175e+00
9.218834834834877867e+00
2.325697997998002009e+01
8.499119119119181720e-01
6.204994994995043367e-01
3.864126126126100402e+00
1.734444444444444844e-01
1.495210210210184076e+00
0.000000000000000000e+00
1.848848848848847259e+00
7.060160160160176002e-01
0.000000000000000000e+00
7.600710710710643081e-01
4.341841841841836275e-02
0.000000000000000000e+00
2.098653653653651752e+00
1.322704604604600753e+01
1.470820820820819552e-01
6.065505505505439654e-01
8.783383383383379650e-01
1.535286286286281499e+00
5.690390390390447362e-01
6.980770770770847733e-01
5.041041041041102733e-02
6.943493493493516633e-01
2.344744744744717627e-02
7.814984984985072769e-01
1.181928928928915878e+00
7.407587587587679545e-01
8.202892892892957866e-01
2.367227227227169384e-01
2.004714714714725954e-01
8.443933933933852609e-01
1.013313313313334851e-01
2.311585585585560487e+00
1.703182182182187532e+00
3.969069069069148803e-01
1.613007007007005722e+00
6.957957957957888219e-03
2.397897897897868225e-01
2.412162162162191092e-01
7.030130130130084476e-01
1.090517517517502588e+00
2.993993993994003774e-03
6.771481481481486098e-01
7.745695695695650196e-01
2.305210010010000943e+01
2.249349349349382202e-02
2.680608608608599397e+00
3.935835835835898439e-02
1.195735735735756755e-01
3.005932932932939394e+00
1.121037037037046380e+00
7.525075075075073894e-01
9.884684684684699740e-02
1.432633633633633785e+01
1.361852852852863727e+00
8.403233233233088351e-01
7.001301301301317281e-02
2.106646646646627707e-01
5.565475475475504252e-01
1.170972972972974757e+00
2.193488488488477994e+00
0.000000000000000000e+00
1.997997997998000267e-03
2.683073073073122816e-01
5.561691691691744710e-01
8.439749749749674290e-01
1.865854854854857914e+00
1.003231231231223264e+00
7.487727727727579996e-01
2.222042042042072230e-01
0.000000000000000000e+00
0.000000000000000000e+00
1.059818818818814457e+00
8.196706706706884393e-01
1.087965965965957738e+00
8.927927927927950189e-03
1.028607607607616492e+00
2.866380380380375570e+00
1.842622622622618056e-01
8.041471471471494326e+00
9.055565565565611985e-01
1.173387387387384351e+00
7.096196196196215000e-01
2.111374374374363150e+00
8.572802802802763633e-01
0.000000000000000000e+00
6.818648648648584221e-01
1.199066066066073244e+00
3.006906906906893842e-02
7.971941941942016774e-01
6.806586586586579335e-01
9.841405405405371454e+00
2.190117117117114098e+00
4.418728728728815169e-01
4.895745745745698763e-01
1.095195195195207416e-02
1.963723723723715120e-01
0.000000000000000000e+00
2.358028028028063550e-01
6.799539539539632971e-01
1.668978978978989391e-01
3.144014014014014924e-01
7.698638638638582998e-01
3.795016016016010685e+00
6.274058058057989662e+00
4.825915915915943155e-01
0.000000000000000000e+00
2.249349349349381508e-02
4.714993993994000654e+00
5.281151151151144418e-01
9.053673673673690026e-01
9.116266266266226381e-01
0.000000000000000000e+00
4.935945945945914293e-01
8.767867867868088527e-02
1.997997997998034094e-03
5.115280280280265934e+00
8.683343343343368215e-01
8.138048048047975547e-01
2.632342342342372521e-01
9.693803803803769936e-01
2.184814814814758366e-01
9.503893893893784472e-01
1.933884884884872424e+00
7.575685685685674686e-01
5.935645645645716284e-01
1.997997997998018048e-03
9.324574574574570063e-01
3.951561561561542923e+00
7.115335335335462030e-01
5.089209209209171192e-01
0.000000000000000000e+00
1.488588588588589737e-02
6.665015015015026689e-01
1.132894894894885152e+00
3.554664664664595741e-01
1.471061061061069153e-01
1.874287287287271786e+00
1.420851751751752268e+01
1.150149149149140460e+00
1.372721721721737342e+00
1.436569569569575044e+00
2.534084084084055610e-01
2.338498498498475797e-01
1.763823823823821257e+01
1.224885885885882963e+01
5.877207207207345574e-01
7.042612612612653145e-01
1.166772772772777467e+00
7.506656656656741644e-01
8.370510510510608126e-01
2.531431431431478418e-01
0.000000000000000000e+00
2.057957957957927755e-02
6.710450450450389237e-01
4.707056056056041271e+00
8.613813813813780973e-01
1.057078078078083294e+01
5.664306306306305494e+00
2.902560560560563996e+00
5.763793793793857700e-01
3.060560560560559792e-02
9.068098098098061888e-01
6.720310310310285695e-01
0.000000000000000000e+00
1.768990890890882994e+01
4.323073073073085415e-01
3.246706706706692924e-01
7.263223223223184144e-01
9.123383383383268930e-01
7.741821821821803784e-01
8.591121121121226833e-01
1.281575575575572001e+00
1.000000000000008044e-03
0.000000000000000000e+00
1.109058158158160623e+01
6.378828828828755348e-01
1.099058758758759957e+01
1.619489489489466805e-01
6.137927927927848692e-01
0.000000000000000000e+00
7.111146146146214875e+00
0.000000000000000000e+00
2.871132132132119708e+00
0.000000000000000000e+00
4.066366366366392371e-01
6.942586586586583230e+00
7.431781781781757745e-01
7.749499499499467037e-01
1.779313613613618017e+01
1.067073073073062206e+00
1.014766766766768580e+00
8.943943943943972671e-03
6.984154154154184058e-01
0.000000000000000000e+00
9.083883883883880905e-01
5.111345345345347013e+00
2.170770770770743055e-02
6.629804804804807716e+00
2.528345445445452810e+01
7.086626626626597591e-01
0.000000000000000000e+00
8.919069069069108791e-01
1.259364364364363631e+01
1.332303303303307818e+00
5.994304304304380882e-01
1.338965265265262872e+01
0.000000000000000000e+00
4.206426426426466691e-01
0.000000000000000000e+00
9.843243243243206264e-02
1.455687587587588183e+01
1.365675675675691036e-01
2.161680680680681199e+00
1.511869869869863825e+00
8.887477477477586651e-01
4.423603603603500911e-01
2.032412412412370750e-01
1.685225225225205070e-01
5.305615615615698610e-01
1.754570570570556320e+00
7.961461461461475375e-01
8.862412412412323803e-01
2.724324324324317245e-02
3.319469469469472078e-01
3.434557557557565755e+00
9.926875875875902366e+00
6.636846846846842229e-01
5.922312312312341120e-01
1.025716716716725152e+00
3.987987987988029191e-03
2.070668168168163348e+01
7.276536536536428734e-01
3.765465465465421269e-01
1.391525525525513896e+00
5.339999999999903713e-01
6.882062062061979901e-01
1.295532532532526204e+00
6.773873873873946516e-02
3.557537537537524552e-01
0.000000000000000000e+00
3.691561561561610971e-01
1.086400400400387101e+00
2.121664564564568778e+01
1.751221921921920455e+01
7.828838838838839687e-01
2.402402402402380455e-01
8.135645645645810387e-01
6.275345345345190173e-01
9.024334334334301877e-01
2.156196196196171200e-01
9.522782782782744926e-01
0.000000000000000000e+00
1.345311311311314428e+00
7.749219219219176669e-01
7.710370370370295268e-01
7.031461461461460116e-01
1.101423423423418146e+00
2.457567567567606748e-01
2.385780480480480392e+01
7.060720720720763399e-01
2.574613613613601526e+00
7.303483483483356187e-01
9.817457457457429149e-01
5.619049049049106292e-01
7.416726726726735608e-01
6.155505505505495245e-01
2.660822822822813905e+00
7.492762762762668061e-01
6.966476476476508584e-01
8.062772772772780483e-01
0.000000000000000000e+00
4.935645645645728719e-01
5.807147147147149191e-01
1.018869869869862832e+00
8.020440440440502750e-01
1.185015015015015605e+00
1.672232232232229165e-01
4.979979979979970266e-03
1.613573573573579278e-01
1.000000000000003273e-03
5.540130130130076491e-01
0.000000000000000000e+00
1.455075075075054625e-01
7.937447447447513182e-01
8.152252252252130127e-01
2.912912912912962726e-02
1.297207207207228818e-01
2.473415415415424423e+00
6.735615615615661023e-01
3.570104104104105502e+00
0.000000000000000000e+00
0.000000000000000000e+00
9.103013013013089294e-01
4.979979979979966796e-03
0.000000000000000000e+00
5.745535535535516436e-01
1.669315315315320847e+00
0.000000000000000000e+00
8.544764764764810616e-01
7.947207207207300783e-01
1.063407407407402250e+00
1.088988988988996882e-02
1.381781781781797266e-02
