1.080174174174182156e+00
7.203753753753627809e-01
0.000000000000000000e+00
5.714024024023968140e-01
1.289011011011008012e+00
5.588948948949000739e-01
2.271231231231185810e-01
7.092192192192177114e-01
2.306306306306313836e-01
6.543643643643682895e-01
2.081138538538537475e+01
1.183493493493515680e-01
0.000000000000000000e+00
3.597137137137205176e-01
4.950940940941024326e-01
1.875761761761751689e+00
0.000000000000000000e+00
0.000000000000000000e+00
1.150615615615615361e+01
4.582792792792776959e-01
0.000000000000000000e+00
3.598238238238176678e-01
8.458238238238294793e-01
2.129639639639625548e-01
0.000000000000000000e+00
0.000000000000000000e+00
7.804104104103999351e-01
1.000000000000003707e-03
0.000000000000000000e+00
6.670780780780712904e-01
1.744478478478490135e+00
3.212312312312318174e-02
2.136276276276263819e-01
3.029719719719751181e-01
7.466176176176254620e-01
6.586646646646625580e-01
2.208124624624623422e+01
1.103714314314315281e+01
2.243033033033068335e-01
8.342792792792711465e-01
3.092046046046055263e+00
4.158998998999066110e-01
8.313813813813859532e-01
6.165605605605518624e-01
7.708138138138109774e-01
0.000000000000000000e+00
3.840760760760704162e-01
0.000000000000000000e+00
8.909459459459544428e-01
4.590955955955933199e+00
7.011271271271296568e-01
0.000000000000000000e+00
2.818718718718792038e-02
2.588218218218155120e-01
8.686276276276386765e-01
1.870810810810850655e-01
6.989019019018961609e-01
2.207957957957945583e-01
1.469145145145151821e+00
6.807347347347367794e-01
1.327220320320322244e+01
3.923333333333325901e-01
9.331377377377402027e+00
0.000000000000000000e+00
5.624174174174145779e-01
5.985985985986123567e-03
1.630252252252261558e+00
6.641581581581539329e-01
2.496736736736703266e-01
1.961961961961955492e-02
1.011702702702698131e+00
0.000000000000000000e+00
8.074784784784685421e-01
9.600390390390571849e-01
1.391391391391356286e-02
1.397076876876876916e+01
6.441231231231149268e-01
7.105855855855873759e-01
8.632878878878900153e+00
3.315055055055066702e-01
6.043743743743777985e-01
6.355975975975993730e-01
3.222322322322363625e-02
1.793959959959960493e+00
1.318736736736727533e+00
9.550450450450441719e-01
5.087107107107122772e-01
8.266446446446427121e-01
3.750010010009960926e-01
2.185345345345398316e-01
9.957957957958016651e-03
5.138728728728740869e-01
2.651751751751801542e-02
7.920130130130149659e-01
6.155645645645740904e-01
4.222852852852822525e-01
8.206026026026043141e-01
7.313253253253297892e-01
4.448678678678600895e-01
1.541043243243242067e+01
1.202297297297298506e+00
0.000000000000000000e+00
8.927927927927953658e-03
3.888364364364318426e+00
2.381381381381388884e-01
7.080580580580599914e-01
4.809349349349299474e-01
2.893283283283239471e-01
2.478468468468436603e-01
8.843823823823746544e-01
2.447687687687753744e-01
4.979979979979972000e-03
1.000000000000019103e-03
1.075978978978973100e+00
7.423823823823815227e-01
2.157957957957924375e-02
0.000000000000000000e+00
9.870820820820804808e-01
6.264894894894810218e-01
2.457203203203186526e+00
1.892809809809804067e+00
3.389099099099092127e-01
1.554184184184148887e-01
5.017227227227214481e-01
7.572912912912931338e-01
2.731241241241249562e-01
6.818838838838894301e-01
1.284384384384360672e-02
3.662483483483499391e+00
0.000000000000000000e+00
0.000000000000000000e+00
1.000000000000006526e-03
0.000000000000000000e+00
7.022812812812836425e-01
5.273183183183205447e-01
5.008395395395434768e+00
2.453453453453402766e-01
1.365184184184191851e+00
6.017117117117104508e-01
0.000000000000000000e+00
4.960860860860812904e-01
6.435675675675682772e-01
0.000000000000000000e+00
7.588968968968955453e-01
2.195945945945975419e-01
7.253433433433419397e-01
5.348368368368325854e-01
2.161271271271249794e-01
6.319799799799799001e-01
1.997997997997974246e-03
9.871501501501628306e-01
6.711381381381443800e-01
0.000000000000000000e+00
9.366926926926869568e-01
1.802282282282286596e+00
5.684084084084150001e-01
8.133123123123132681e-01
1.978724724724726824e+00
5.599639639639620858e-01
1.965765765765764214e-02
2.249349349349376651e-02
0.000000000000000000e+00
7.114214214214198417e-02
4.219642642642648767e+00
8.157557557557578720e-01
1.836493593593593232e+01
5.969969969969905060e-03
7.146886886886907320e-01
2.976368368368369488e+00
7.190580580580639980e-01
2.724324324324317245e-02
6.526156156156273092e-01
4.962112112112181950e-01
0.000000000000000000e+00
2.544844844844917353e-01
2.862921921921928625e+00
6.610320320320280940e-01
6.516516516516519808e-02
2.534934934934980275e-02
4.393643643643711516e-01
9.909909909909865935e-03
8.354554554554524115e-01
1.117267267267262193e-01
7.789989989990127039e-01
1.212622622622610835e-01
5.022662662662615851e-01
7.968508508508597155e-01
4.233883883883816646e-01
5.174844844844891378e-01
1.226736736736729200e-01
7.415315315315280653e-01
9.149569569569652172e-01
6.324124124124088642e-01
7.738278278278236666e-01
1.000000000000000238e-03
1.004047047047048169e+00
0.000000000000000000e+00
7.754744744744817009e-01
0.000000000000000000e+00
6.132439439439478335e+00
3.284690690690721393e+00
6.054434434434508017e-01
5.933433433433481924e-02
0.000000000000000000e+00
7.478568568568632058e-01
0.000000000000000000e+00
1.273115115115107665e+00
0.000000000000000000e+00
3.987987987988050875e-03
1.648608608608622683e-01
1.734634634634629080e+01
2.483123123123119613e-01
1.199659659659653155e-01
2.968708708708782118e-01
8.050680680680636359e-01
1.407116116116117510e+01
7.226901901901910286e+00
7.581897897897901473e+00
2.330760760760763883e-01
5.986056056056150432e-01
4.480680680680660943e-01
2.409109109109064950e-01
1.539173173173142839e+00
0.000000000000000000e+00
6.162911911911904461e+00
5.673143143143231093e-01
9.142702702702504292e-01
3.449399399399424304e-01
2.085396396396387075e+00
5.042762762762768025e-01
0.000000000000000000e+00
2.848358358358343834e-01
7.753493493493452959e-01
7.797827827827935598e-01
2.531834834834830072e+00
1.408363363363359655e+00
2.775250250250269612e+00
6.863533533533602293e-01
6.323913913913874474e-01
4.226046046046067484e-01
5.232782782782716691e-01
4.277937937937938417e-01
0.000000000000000000e+00
1.451691691691704700e-01
7.665825825825857143e-01
8.401671671671643304e-01
5.752308308308291096e+00
6.862522522522550572e-01
3.228478478478538638e-01
4.923583583583493462e-01
7.374924924924940450e-01
7.679989989989958188e-01
1.124034034034012697e-01
1.284384384384377499e-02
2.185345345345396095e-01
3.049456456456438591e+00
4.464254254254191867e-01
1.466916916916907621e+00
1.254256256256262247e+00
8.050870870870973084e-01
0.000000000000000000e+00
0.000000000000000000e+00
5.778368368368338448e-01
2.521174174174179328e+00
1.255228228228232190e+01
6.289859859859858737e-01
1.941600600600620563e+00
5.883463463463504128e-01
3.433173173173170167e-01
5.815915915915960133e-01
7.357867867867764478e-01
2.110589589589581649e+00
0.000000000000000000e+00
2.255846846846837561e+00
0.000000000000000000e+00
1.997997997998008941e-03
9.529189189189362086e-01
9.168768768768598143e-02
1.000000000000018886e-03
9.685025025025013612e-01
7.025735735735769705e-01
5.167594594594595137e+00
6.075935935935853349e-01
5.478998998999091707e-01
1.809159159159155816e+00
7.795685685685587174e-01
7.478955955955921553e+00
7.534284284284166189e-01
8.004904904904835972e-01
2.370120120120150498e-01
7.172522522522486454e-01
4.849723723723704971e+00
8.126176176176144184e-01
0.000000000000000000e+00
9.433853853853891858e-01
6.023963963963984147e-01
2.294689689689699552e+00
2.261361361361366104e-02
7.947727727727603719e-01
8.687087087086983739e-02
6.590370370370416397e-01
5.867017017016957769e-01
3.858558558558544127e-01
5.427257257257186440e-01
0.000000000000000000e+00
6.875815815815775611e-01
4.854754754754823931e-02
2.163603603603553582e-01
7.127117117116998912e-01
5.956946946946956034e-01
0.000000000000000000e+00
1.997997997998016313e-03
7.350150150150187578e-01
4.678428428428376140e-01
0.000000000000000000e+00
0.000000000000000000e+00
6.106416416416439175e-01
9.278188188188208896e-01
8.602992992992966048e-01
0.000000000000000000e+00
1.323223223223207956e+00
2.523283283283342393e-01
2.377603603603605453e+00
1.502950950950935782e+00
2.162573573573566499e+00
6.358708708708689095e-01
4.739262262262264436e+00
6.639069069069040152e-01
6.184844844844762379e-01
0.000000000000000000e+00
6.381951951951921886e-01
7.655885885885842512e-01
8.125105105105189240e-01
8.927927927927951923e-03
7.723103103103124978e-01
3.461561561561470879e-01
1.102342342342356729e-01
5.398148148148085301e-01
4.791891891891904010e-01
1.026466466466475908e-01
8.127837837837821322e-01
0.000000000000000000e+00
2.439939939939880439e-02
1.575975975975999269e-02
0.000000000000000000e+00
2.045049549549550250e+01
6.316856856856836178e-01
6.389361361361366676e+00
2.824974974974923114e-01
9.105655655655673364e-01
1.153136136136129863e+00
9.661291291291268513e-01
1.997997997998018482e-03
4.121861861861859655e-01
6.969969969969900744e-03
2.364239239239247503e+00
1.000000000000000021e-03
1.074192192192207518e+00
8.250110110110006056e-01
0.000000000000000000e+00
1.425585585585593396e-01
3.006906906906893148e-02
0.000000000000000000e+00
1.621581581581559295e-01
0.000000000000000000e+00
3.863573573573527709e-01
2.971501501501490061e-01
1.012019019019022359e+00
1.198492292292292305e+01
2.031141141141102335e-01
7.198798798798872189e-02
0.000000000000000000e+00
1.926276276276265298e-01
0.000000000000000000e+00
7.539079079079081813e-01
0.000000000000000000e+00
6.691131131131162757e-01
2.486486486486459979e-01
6.975835835835780818e-01
5.679409409409366116e-01
3.255065065065062768e+00
8.739879879879860480e-01
0.000000000000000000e+00
2.993993993994000739e-03
5.631991991991999180e-01
5.025945945946045379e-01
3.737437437437434173e-01
9.972902902902969213e-01
5.202702702702721033e-02
3.337710710710729334e+00
1.035325125125124757e+01
5.765575575575603295e-01
1.935495495495532514e-01
5.058438438438418450e-01
6.965865865865811246e-01
8.044114114114168101e-01
6.156626626626621190e-01
1.583493493493513260e-01
7.449709709709843031e-01
1.412898898898915956e+00
7.019569569569579226e-01
8.237217217217298604e-01
9.865505505505497652e+00
3.698038038038043984e-01
1.378069569569567143e+01
7.084494494494554262e-01
4.586536536536590103e-01
1.957231231231217450e+00
6.353303303303359240e-01
7.003193193193243404e-01
0.000000000000000000e+00
1.612006006006011516e+00
1.865295295295309186e-01
6.319539539539512640e-01
8.732631631631596392e+00
1.009008008008007273e+00
1.004811811811807765e+01
9.263123123123072622e-01
1.412412412412392682e-01
9.595085085085099941e-01
6.680890890890864853e-01
8.498068068068000969e-01
3.987987987988028324e-03
2.372412412412349125e-01
1.391973473473474421e+01
1.179049049049061271e+00
2.682764764764752119e+00
2.993993993993999871e-03
6.081741741741770735e-01
4.236116116116142583e-01
1.845471471471467506e+00
1.000000000000013899e-03
6.602502502502446968e-02
0.000000000000000000e+00
1.265814814814818057e+00
7.225405405405428416e-01
1.152112112112097797e-01
4.117803803803775864e+00
4.421031031030987490e-01
9.951951951951962250e-03
2.428468468468449881e-01
7.642312312312308231e-01
1.004514514514508905e+00
1.482669469469471579e+01
2.284650650650640991e+00
0.000000000000000000e+00
0.000000000000000000e+00
1.162072072072068002e-01
2.067293293293291701e+00
8.523523523523502954e-01
0.000000000000000000e+00
4.195665665665652133e-01
5.994844844844777754e-01
6.716056056056149970e-01
5.166196196196267687e-01
8.406356356356357029e-01
1.078626626626621787e+00
8.803393393393313948e-01
7.150740740740865187e-01
0.000000000000000000e+00
0.000000000000000000e+00
8.802462462462484760e-01
6.872972972972946071e-02
0.000000000000000000e+00
2.046396396396417960e-01
1.546736736736724072e-01
1.192342342342353062e-01
8.639789789789650287e-01
7.215515515515410483e-01
7.348758758758808796e-01
2.167277277277314951e-01
0.000000000000000000e+00
2.565115115115061961e-01
1.398069069069083348e+00
8.348818818818704024e-01
1.277771771771787135e+00
3.893923923924006991e-01
3.095885885885864552e-01
2.648268268268249015e-01
6.779779779779866455e-01
8.024554554554648167e-01
1.528149549549536168e+01
6.831011011011040024e-01
5.929119119119101722e-01
5.076746746746684247e-01
8.701091091091076590e-01
1.831971971971964930e+00
3.807787787787801914e-01
3.685105105105030421e-01
0.000000000000000000e+00
7.690670670670690656e-01
2.709159159159181818e-01
9.387437437437412546e-01
1.876876876876876765e-01
1.997997997997976848e-03
2.993993993993999004e-03
6.495885885885898103e-01
1.997997997997982486e-03
0.000000000000000000e+00
3.959019019019045516e-01
4.426765765765797056e+00
9.422122122122016386e-01
4.938921921921917146e+00
0.000000000000000000e+00
1.836196196196165087e-01
7.970480480480445218e-01
2.993993993994003341e-03
8.491951951951917099e-01
8.666556556556530566e-01
0.000000000000000000e+00
1.011414414414405716e+00
1.142929229229228660e+01
3.882512512512502068e-01
6.603483483483448824e-01
2.168612612612614843e+00
7.788488488488446437e-01
7.260560560560577192e-01
8.276376376376372024e-01
0.000000000000000000e+00
5.018048048048113774e-01
1.345299299299301810e+00
3.799459459459532118e-01
1.228002002002010595e+00
7.064004004003995307e-01
1.935946946946920377e+00
0.000000000000000000e+00
6.746606606606535550e-01
4.301801801801764802e-02
6.687937937938046584e-01
2.001374374374349951e+00
8.434053053053039761e+00
2.484271271271286441e+00
2.959099099099122276e-01
0.000000000000000000e+00
3.650378378378373867e+00
7.407387387387437405e-01
3.914384384384360094e-01
6.059057057057064100e+00
6.541011011010974263e-01
1.769369369369381412e-02
8.118258258258141957e-01
6.832582582582630293e-01
0.000000000000000000e+00
8.111941941941912537e-01
2.249349349349383242e-02
9.618808808808805288e-01
0.000000000000000000e+00
7.105145145145191909e-01
5.494324324324310060e-01
2.993993993994003341e-03
3.457979979979997509e+00
3.194294294294331565e-02
2.052257257257266598e+00
7.099679679679670175e-01
8.198198198198056175e-02
8.026016016015961041e-01
0.000000000000000000e+00
1.029460460460453808e+00
3.864424424424444671e-01
2.670908508508503942e+01
6.609369369369352265e-01
4.575174174174176045e+00
2.747901901901918631e+00
7.168598598598614480e-01
1.000000000000008694e-03
6.309389389389442604e-01
1.030110110110101562e+00
6.274254254254345575e-01
9.107477477477530226e-01
2.249439439439467892e-01
7.119046046046010545e+00
6.894754754754801596e-01
8.280180180180096716e-02
9.038718718718820044e-01
7.326236236236319810e-01
5.512312312312392382e-02
1.842859959959959681e+01
8.943313313313406843e-01
5.801761761761743408e-01
1.319119119119117389e+00
6.908418418418402762e-01
5.189595595595609012e+00
0.000000000000000000e+00
1.000000000000007610e-03
7.385965965965912705e-01
2.963843843843854131e-01
1.426771071071088137e+01
8.145085085085144172e-01
9.909909909909858997e-03
5.608188188188246714e-01
8.117257257257218805e-01
0.000000000000000000e+00
2.300827827827843564e+00
1.563608208208211359e+01
5.603633633633660072e-01
1.963063063063038294e-01
1.331691691691694601e-01
2.526056056056066978e+00
4.844744744744727133e-02
1.938528028028027350e+01
0.000000000000000000e+00
6.397667667667623626e-01
0.000000000000000000e+00
7.641391391391346710e-01
2.495735735735719329e-01
0.000000000000000000e+00
7.011481481481471878e-01
1.881871871871899082e-01
1.154329229229227671e+01
2.408318318318348195e-01
6.624534534534478603e-01
2.502412412412453047e-01
1.643153153153156798e-01
3.975925925925872240e-01
8.346846846846859291e-01
1.803523523523542782e-01
1.421148148148149604e+00
1.997997997998013277e-03
7.510210210210214177e-01
7.259499499499489916e-01
1.689963963963970750e+00
6.971981981981959509e-01
1.159505505505503908e+00
7.237377377377380849e-01
1.000000000000010429e-03
5.821681681681729614e-01
4.754754754754660778e-02
2.872262262262246235e-01
1.592982982983002138e+01
1.986734934934937158e+01
5.767877877877908288e-01
7.726426426426417915e-02
6.516476476476448232e-01
1.920479879879880869e+01
8.538648648648713424e-01
8.234044044044070976e-01
2.562262262262302026e-01
7.249639639639595678e-01
1.301261261261281443e-01
7.667897897897943960e-01
2.273132232232225647e+01
1.566436436436448310e-01
1.000000000000009995e-03
1.031745745745757281e+00
1.308966466466469036e+01
5.123953953953974683e-01
8.950150150150124606e-01
1.283273273273260739e-01
1.619333333333350833e+00
1.405795795795818093e-01
0.000000000000000000e+00
1.432142142142136254e-01
7.241702702702736971e+00
1.559261261261278841e+00
2.782088488488481914e+01
0.000000000000000000e+00
4.631141141141031925e-01
6.650400400400335865e-01
5.016916916916981384e-01
4.934534534534545935e-02
6.893113113113227275e-01
6.926706706706651229e-01
1.666696696696688129e-01
3.600373373373370711e+00
0.000000000000000000e+00
4.972672672672579647e-02
8.589389389389352480e-01
1.997997997997998099e-03
1.357837837837855832e-01
5.030550550550547673e-01
6.243893893893895930e-01
3.713540540540553270e+00
6.109649649649602221e-01
2.143493493493519031e-01
6.904264264264281525e-01
2.504774774774812807e-01
4.732872872872772030e-01
3.559849849849817116e-01
0.000000000000000000e+00
2.962567567567586213e+00
1.304144144144120110e-01
2.114024024024074300e-01
0.000000000000000000e+00
3.659259259259174668e-02
0.000000000000000000e+00
6.358018018017990158e-01
9.168768768768595367e-02
3.400620620620652401e-01
5.969969969969903326e-03
7.887627627627576965e-01
5.732712712712666470e-01
9.364234234234244392e-01
7.733693693693710625e-01
9.961561561561506073e-01
9.119949949949918144e-01
8.075597597597550248e+00
2.054483083083082562e+01
8.065725725725667594e-01
5.667637637637665815e-01
3.372542542542538602e+00
1.595585585585583555e-01
1.367586586586584829e+00
0.000000000000000000e+00
1.613364364364340053e+00
6.941361361361300109e-01
0.000000000000000000e+00
7.028018018017974100e-01
4.334634634634671607e-02
0.000000000000000000e+00
1.836025025025036062e+00
1.167701601601601702e+01
1.341661661661669724e-01
5.664724724724712335e-01
8.141971971972109534e-01
1.379096096096093405e+00
5.023323323323407585e-01
6.576796796796740008e-01
3.525925925926035737e-02
6.097907907907985647e-01
1.575975975976005167e-02
7.554624624624541873e-01
1.071293293293296145e+00
7.210650650650775040e-01
7.389099099098980217e-01
2.332252252252260405e-01
1.972972972972960592e-01
7.614864864864892002e-01
8.298198198198196429e-02
1.940202202202208293e+00
1.534520520520518794e+00
3.305285285285338159e-01
1.478693693693696076e+00
1.997997997998004170e-03
2.367807807807757736e-01
2.387897897897889865e-01
6.673623623623721191e-01
9.467927927927889398e-01
1.997997997998046237e-03
5.839379379379355806e-01
7.112032032032106210e-01
2.059067667667664381e+01
1.961961961961960002e-02
2.323545545545548041e+00
3.194294294294370423e-02
1.200660660660680806e-01
2.633254254254245641e+00
9.719629629629680245e-01
6.719029029029056632e-01
7.044444444444468434e-02
1.270405505505507193e+01
1.217716716716720438e+00
7.395415415415279581e-01
5.945045045044922150e-02
1.970190190190175550e-01
5.452242242242165693e-01
1.015037037037039180e+00
1.907537537537555394e+00
0.000000000000000000e+00
2.993993993994002473e-03
2.084874874874840522e-01
5.160060060060022158e-01
7.424654654654543329e-01
1.636078078078066600e+00
9.255395395395359381e-01
7.404984984984899210e-01
2.181571571571587209e-01
0.000000000000000000e+00
0.000000000000000000e+00
9.174764764764713476e-01
7.017887887887783727e-01
9.696196196196151806e-01
5.969969969969990062e-03
9.610830830830867644e-01
2.400216216216210174e+00
1.556556556556520921e-01
7.022932932932937966e+00
8.361661661661834444e-01
1.105659659659656402e+00
6.655155155155074720e-01
1.816262262262256622e+00
7.973453453453501760e-01
0.000000000000000000e+00
6.557737737737662220e-01
1.010233233233246430e+00
2.724324324324317245e-02
7.493963963963981012e-01
6.724024024024031210e-01
8.683809809809817537e+00
1.930136136136122893e+00
3.630780780780828998e-01
4.229399399399389470e-01
1.000000000000006526e-03
1.982142142142147012e-01
0.000000000000000000e+00
2.323473473473442186e-01
6.210760760760795085e-01
1.322312312312328431e-01
3.315625625625581718e-01
6.721011011010942227e-01
3.261351351351355454e+00
5.676505505505496707e+00
4.445035035034985427e-01
0.000000000000000000e+00
1.865765765765766901e-02
4.085074074074094064e+00
4.841001001001087878e-01
8.442952952952892387e-01
8.339129129129154716e-01
0.000000000000000000e+00
4.635815815815872432e-01
7.198798798798870802e-02
0.000000000000000000e+00
4.420207207207262456e+00
7.857957957958007222e-01
6.848678678678761234e-01
2.494004004003985420e-01
8.851031031030944796e-01
2.218838838838856908e-01
7.944054054054197067e-01
1.722840840840827781e+00
7.187047047046994930e-01
4.730280280280317884e-01
0.000000000000000000e+00
8.414594594594505539e-01
3.384043043043049703e+00
6.366766766766832619e-01
4.718778778778842664e-01
0.000000000000000000e+00
9.955955955956002565e-03
6.524674674674620922e-01
1.041841841841821825e+00
2.784254254254224237e-01
1.379129129129128550e-01
1.624658658658664212e+00
1.212915515515512688e+01
1.046365365365379718e+00
1.212462462462471802e+00
1.267494494494507018e+00
1.867377377377353043e-01
2.289129129129089668e-01
1.484075075075078232e+01
1.062746346346344417e+01
5.411621621621546252e-01
6.595635635635651584e-01
1.061107107107110314e+00
6.712662662662606250e-01
7.872132132132183546e-01
2.216326326326298057e-01
0.000000000000000000e+00
1.186786786786791018e-02
5.880660660660732564e-01
4.104078078078080338e+00
7.703163163163179172e-01
9.352701701701693793e+00
5.005159159159184412e+00
2.499019019019002918e+00
5.328308308308284946e-01
2.475175175175172923e-02
8.472462462462365673e-01
6.069139139139199113e-01
0.000000000000000000e+00
1.562662962962971669e+01
4.113973973974027754e-01
2.755775775775791137e-01
7.310500500500511922e-01
8.559549549549496650e-01
7.492322322322444439e-01
7.777937937937960955e-01
1.186813813813817564e+00
0.000000000000000000e+00
0.000000000000000000e+00
9.915466466466440920e+00
5.864804804804822913e-01
9.444468468468498301e+00
1.515555555555563594e-01
5.309889889889894965e-01
0.000000000000000000e+00
6.531609609609593470e+00
0.000000000000000000e+00
2.495633633633640880e+00
0.000000000000000000e+00
4.098608608608658721e-01
5.874254254254219987e+00
6.897917917917880670e-01
6.889919919919937907e-01
1.528989289289290454e+01
9.875445445445341086e-01
9.376686686686876993e-01
2.993993993994002473e-03
6.416206206206130913e-01
0.000000000000000000e+00
8.479569569569656018e-01
4.447297297297285290e+00
1.586986986986933107e-02
5.728311311311314213e+00
2.232090890890883017e+01
6.575875875875825116e-01
0.000000000000000000e+00
7.752652652652687326e-01
1.066051351351354626e+01
1.145923923923913179e+00
5.578198198198170976e-01
1.158395095095091420e+01
0.000000000000000000e+00
3.967227227227289599e-01
0.000000000000000000e+00
7.930130130130180754e-02
1.218874774774770309e+01
1.233873873873858884e-01
1.943442442442436136e+00
1.323046046046045587e+00
8.079229229229291098e-01
3.918108108108145360e-01
2.059769769769790870e-01
1.498348348348345349e-01
5.241181181181236992e-01
1.541617617617623281e+00
7.355025025025075935e-01
8.295915915915943462e-01
2.153753753753779795e-02
2.952652652652723586e-01
3.180535535535533587e+00
8.653184184184180339e+00
6.329039039039043857e-01
5.690830830830867493e-01
9.216326326326411689e-01
2.993993993993997703e-03
1.754516616616621860e+01
6.640950950950847975e-01
3.267647647647711762e-01
1.203154154154147726e+00
4.642382382382378991e-01
6.342972972972922285e-01
1.209700700700696574e+00
4.392792792792871853e-02
3.427577577577564094e-01
0.000000000000000000e+00
3.573873873873870122e-01
9.996536536536435591e-01
1.841446046046050000e+01
1.544560360360367390e+01
7.503323323323349836e-01
2.410250250250276782e-01
7.511621621621531464e-01
5.754544544544628604e-01
8.236446446446292757e-01
2.098088088088123082e-01
8.782452452452420566e-01
0.000000000000000000e+00
1.132491491491505409e+00
7.230130130130014710e-01
7.043993993994012159e-01
6.668088088088105492e-01
9.814604604604704186e-01
2.424984984985015524e-01
2.031332432432429158e+01
6.354344344344421414e-01
2.261907907907895865e+00
6.696606606606564371e-01
9.138898898898785150e-01
4.975685685685691251e-01
6.654624624624528861e-01
5.840470470470505715e-01
2.300110110110108241e+00
7.464394394394306964e-01
6.248828828828797421e-01
7.644624624624692943e-01
0.000000000000000000e+00
4.746106106106150468e-01
5.479379379379377690e-01
8.401261261261379065e-01
7.363303303303239122e-01
1.062729729729734895e+00
1.571321321321305642e-01
3.987987987988056947e-03
1.432142142142135144e-01
0.000000000000000000e+00
5.266126126126151608e-01
0.000000000000000000e+00
1.142802802802820872e-01
7.236586586586563064e-01
7.048108108108143144e-01
2.439939939939884256e-02
1.176216216216217358e-01
2.206028028028061083e+00
6.363463463463410186e-01
3.182899899899901186e+00
0.000000000000000000e+00
0.000000000000000000e+00
8.360820820820795696e-01
4.979979979979967664e-03
0.000000000000000000e+00
5.398628628628628912e-01
1.467021021021029936e+00
0.000000000000000000e+00
7.781961961962008401e-01
6.827227227227298245e-01
9.505635635635599767e-01
6.957957957957867402e-03
7.943943943943878108e-03
