2.709281281281286091e+00
1.693507507507494569e+00
0.000000000000000000e+00
1.007833833833826853e+00
3.450264264264276459e+00
7.650510510510559747e-01
2.461301301301306865e-01
1.683049049049057944e+00
2.454844844844866758e-01
1.577512512512511345e+00
6.285725625625616431e+01
2.054454454454480439e-01
5.969969969969925010e-03
1.105976976976980719e+00
1.623833833833833173e+00
5.338928928928915241e+00
2.453953953954010267e-02
4.754754754754630941e-02
3.281236636636639759e+01
9.734804804804877421e-01
0.000000000000000000e+00
7.613513513513409103e-01
2.041295295295295187e+00
2.381381381381388884e-01
1.192192192192188631e-02
3.380880880880800243e-02
1.927525525525533467e+00
3.827727727727663759e-02
2.272972972972953781e-02
1.153483483483489280e+00
5.049408408408445403e+00
1.207987987987985401e-01
3.642432432432414768e-01
1.069283283283274599e+00
1.561615615615598918e+00
1.421122122122127074e+00
6.912236036036028963e+01
3.323039739739736120e+01
2.528508508508460761e-01
2.332319319319320350e+00
8.906365365365315867e+00
1.015695695695689071e+00
2.002261261261230718e+00
8.547087087087122947e-01
1.795561561561553221e+00
1.388388388388396219e-02
3.941681681681664107e-01
0.000000000000000000e+00
2.269482482482486851e+00
1.419134134134131386e+01
1.779725725725725516e+00
1.094194194194173658e-02
1.139529529529542257e-01
7.873583583583642076e-01
2.193179179179172156e+00
5.752252252252229026e-01
1.582200200200199802e+00
5.741361361361437821e-01
3.803968968968922670e+00
1.118521521521516959e+00
3.958608508508513779e+01
1.215677677677673207e+00
2.834338238238238361e+01
3.987987987988030059e-03
1.551266266266279281e+00
7.474474474474351871e-02
4.736394394394366714e+00
1.576847847847842266e+00
2.489529529529506680e-01
1.102342342342354231e-01
2.597911911911908511e+00
2.249349349349384283e-02
1.838684684684670501e+00
2.348198198198203190e+00
1.686706706706692926e-01
4.035654654654656781e+01
1.733191191191195024e+00
1.548470470470444171e+00
2.786531531531536743e+01
3.781651651651585788e-01
9.935845845845886481e-01
1.177313313313314680e+00
1.141051051051070186e-01
5.007749749749751622e+00
3.931512512512485014e+00
2.407375375375365945e+00
8.779769769769841803e-01
2.135853853853844075e+00
9.117067067066939590e-01
2.404234234234235712e-01
1.239149149149127022e-01
1.395895895895910677e+00
8.425425425425360493e-02
1.830104104104091745e+00
1.648763763763787749e+00
4.795095095095018300e-01
2.189608608608617057e+00
1.592368368368370257e+00
1.405836836836858561e+00
5.033850650650582992e+01
2.960234234234231820e+00
4.979979979979966796e-03
1.131081081081070916e-01
1.201782482482480319e+01
2.477657657657628965e-01
1.439014014014021514e+00
7.465275275275317091e-01
8.497887887888012637e-01
2.488798798798846079e-01
2.350843843843850145e+00
2.945375375375415827e-01
7.114214214214209520e-02
5.733633633633580112e-02
2.680679679679682792e+00
1.794704704704711995e+00
1.792892892892903878e-01
0.000000000000000000e+00
2.314369369369356555e+00
1.483139139139142859e+00
6.977123123123126547e+00
5.324339339339338117e+00
9.496326326326280931e-01
3.270390390390337521e-01
1.305496496496496128e+00
1.889096096096114508e+00
4.119179179179280337e-01
1.286947947947946869e+00
9.643243243243129759e-02
1.092813913913914092e+01
1.000000000000000671e-03
4.979979979979966796e-03
1.961961961961968676e-02
4.210510510510540039e-02
1.594471471471465840e+00
1.320578578578579743e+00
1.509057657657657003e+01
2.494654654654701598e-01
3.589039039039035206e+00
1.125275275275279041e+00
1.000000000000002189e-03
1.348791791791775330e+00
1.474705705705704695e+00
1.588588588588600581e-02
1.889992992993023035e+00
2.317357357357358316e-01
1.759669669669690739e+00
1.348112112112122452e+00
3.975555555555485565e-01
1.385224224224241407e+00
2.057957957957923939e-02
2.412328328328342764e+00
1.030337337337328574e+00
6.957957957957886484e-03
2.388982982982999381e+00
4.888491491491466334e+00
8.623463463463603151e-01
2.003707707707716335e+00
6.055359359359345994e+00
1.307545545545545584e+00
1.274544544544529423e-01
9.327727727727888607e-02
0.000000000000000000e+00
1.703703703703676742e-01
1.256598198198196314e+01
1.989653653653635113e+00
5.763683083083085990e+01
8.687087087087033699e-02
1.432973973973978410e+00
1.011878478478477916e+01
1.214555555555557609e+00
1.428428428428426822e-01
1.618199199199201965e+00
1.133248248248262202e+00
0.000000000000000000e+00
1.006381381381392881e+00
7.913848848848875406e+00
1.649191191191190953e+00
1.890190190190214614e-01
1.525165165165158210e-01
9.615725725725868811e-01
7.823823823823745915e-02
1.923953953953959184e+00
6.648748748748649351e-02
1.858909909909898905e+00
6.513413413413388087e-01
9.232462462462478481e-01
1.734984984984975220e+00
1.404750750750754396e+00
1.339390390390391206e+00
2.026786786786736461e-01
1.924531531531517015e+00
2.094427427427404176e+00
1.240434434434440236e+00
1.738750750750741147e+00
6.957957957957782401e-03
2.432284284284259801e+00
5.979979979980070900e-03
1.836695695695664599e+00
2.282182182182217883e-02
1.827345245245242467e+01
8.465500500500493075e+00
1.064019019019021073e+00
1.885825825825810653e-01
0.000000000000000000e+00
1.594349349349332590e+00
0.000000000000000000e+00
3.273867867867858550e+00
2.353553553553565034e-02
6.630130130130124089e-02
3.898838838838764032e-01
5.343468568568559363e+01
2.492252252252255273e-01
6.122492492492428440e-01
3.958708708708647550e-01
1.961332332332338613e+00
4.518258158158154458e+01
2.466687187187183028e+01
2.430871971971972201e+01
8.507177177177330796e-01
1.667227227227209063e+00
6.256996996996964100e-01
3.023563563563543832e-01
4.635477477477461861e+00
0.000000000000000000e+00
1.812766266266265447e+01
9.721341341341345199e-01
2.311205205205189905e+00
7.620690690690747893e-01
4.997132132132120041e+00
1.002080080080080871e+00
1.997997997997999400e-03
1.029128128128112163e+00
1.805386386386368613e+00
2.277883883883863092e+00
7.411902902902888890e+00
3.598468468468472015e+00
8.744038038038027594e+00
1.590553553553542443e+00
1.560539539539534060e+00
1.212307307307309623e+00
1.051173173173153286e+00
1.133248248248240220e+00
7.943943943943871169e-03
2.227977977977927404e-01
1.758164164164166321e+00
2.140026026026024653e+00
1.626569269269267792e+01
1.693556556556556014e+00
1.050501501501485579e+00
8.127507507507334417e-01
1.256663663663654562e+00
2.000167167167151483e+00
2.403313313313273358e-01
1.047597597597606373e-01
2.674944944944975811e-01
9.332634634634656479e+00
1.229971971971966838e+00
3.883487487487468304e+00
3.201817817817818046e+00
1.996923923923934030e+00
0.000000000000000000e+00
0.000000000000000000e+00
1.329565565565562490e+00
7.137558558558568578e+00
4.268105705705708885e+01
1.423309309309307213e+00
5.658853853853870852e+00
1.111425425425424995e+00
6.833873873873813620e-01
1.249798798798788857e+00
1.622080080080071873e+00
6.499871871871913065e+00
1.675975975975998664e-02
6.211465465465469293e+00
1.895395395395334942e-02
2.353753753753728625e-02
2.169295295295273096e+00
1.886806806806813064e-01
3.012912912912863242e-02
2.336711711711708439e+00
1.857513513513509018e+00
1.591520520520522020e+01
1.095839839839860774e+00
1.617726726726733899e+00
5.460795795795843510e+00
1.941539539539534065e+00
2.210038238238239572e+01
1.858156156156158589e+00
1.784638638638619934e+00
2.475435435435400511e-01
1.864534534534539656e+00
1.441942542542543748e+01
2.210613613613617634e+00
0.000000000000000000e+00
2.418933933933939961e+00
9.735995995995910812e-01
7.132907907907862999e+00
1.641751751751780175e-01
1.898380380380370269e+00
1.700810810810776674e-01
1.119653653653647662e+00
1.141297297297312774e+00
7.334524524524523859e-01
1.575050050050056827e+00
3.997997997997966048e-03
1.119588588588583455e+00
1.538938938938969603e-01
2.415925925925877238e-01
9.359659659659721465e-01
1.408514514514515703e+00
3.380880880880798162e-02
2.929129129129067269e-02
1.195142142142155084e+00
4.900060060060013600e-01
0.000000000000000000e+00
0.000000000000000000e+00
1.127125125125116423e+00
2.522871871871889660e+00
2.111590590590594285e+00
3.394094094094167458e-02
3.660058058058042629e+00
8.544114114113944281e-01
7.092915915915934733e+00
4.384607607607618363e+00
5.534784784784786638e+00
1.645532532532525405e+00
1.453089389389394270e+01
8.876536536536675515e-01
1.593467467467471588e+00
0.000000000000000000e+00
1.494926926926935407e+00
1.395434434434448701e+00
1.968290290290267919e+00
1.189309309309318635e-01
1.868519519519519667e+00
1.023946946946946213e+00
1.846486486486498824e-01
8.996136136136024808e-01
1.048415415415428376e+00
1.891801801801837046e-01
1.861601601601608813e+00
4.119219219219169559e-02
1.243193193193195822e-01
9.721621621621669151e-02
0.000000000000000000e+00
6.274376976976967057e+01
1.187406406406411152e+00
1.994330930930929213e+01
4.236706706706752645e-01
2.480714714714715274e+00
3.078429429429459407e+00
2.764571571571571518e+00
5.557357357357370353e-02
8.906646646646725340e-01
7.967067067067053199e-02
6.612385385385360692e+00
2.818718718718796895e-02
2.868666666666648268e+00
2.164535535535538013e+00
1.997997997997985088e-03
2.034654654654699246e-01
1.444444444444459574e-01
1.478978978979010768e-02
2.669819819819825857e-01
1.000000000000006309e-03
4.654814814814901558e-01
1.074320320320316213e+00
2.646972972972992721e+00
3.725719219219219269e+01
2.357237237237191918e-01
1.625465465465479320e-01
1.000000000000002840e-03
2.867617617617622128e-01
4.210610610610580895e-02
1.690744744744720807e+00
1.587987987987955762e-02
1.282732732732730252e+00
2.686436436436405173e-01
1.448446446446451708e+00
1.035608608608620473e+00
9.719207207207253063e+00
2.167555555555550129e+00
0.000000000000000000e+00
6.170570570570630548e-02
1.142681681681680939e+00
1.393163163163159579e+00
1.315061061061064018e+00
2.662036036036073750e+00
1.471061061061074982e-01
1.037659659659659894e+01
3.157740640640642127e+01
1.093515515515508740e+00
2.501181181181165170e-01
1.226335335335337673e+00
1.504653653653666101e+00
2.088943943943942561e+00
1.217776776776768877e+00
2.125765765765736115e-01
1.589232232232214326e+00
3.846532532532568105e+00
1.521177177177167383e+00
2.378632632632618371e+00
3.168838238238244642e+01
1.252081081081088731e+00
3.909205005005000544e+01
1.062229229229233907e+00
1.290386386386382034e+00
5.878707707707712338e+00
1.451216216216210553e+00
1.422348348348342340e+00
0.000000000000000000e+00
4.513068068068061045e+00
2.810860860860879273e-01
8.331311311311315748e-01
2.780429029029026466e+01
2.624933933933944807e+00
3.147239439439426434e+01
2.349970970970983952e+00
2.604364364364325501e-01
2.234884884884897893e+00
1.777278278278291879e+00
2.335073073073073324e+00
8.085085085085072509e-02
2.505135135135136970e-01
4.225775675675689769e+01
3.091575575575573165e+00
7.622665665665601331e+00
4.210610610610577426e-02
8.211601601601673517e-01
8.701061061061026169e-01
5.777211211211240816e+00
5.469069069068972777e-02
1.241031031031039206e-01
0.000000000000000000e+00
3.431993993994014946e+00
1.536631631631650174e+00
2.370430430430386093e-01
1.237999399399405220e+01
7.219919919919937090e-01
1.198188188188180486e-01
2.485675675675644292e-01
1.871226226226228473e+00
2.525536536536536314e+00
4.367366566566585817e+01
6.992947947947949494e+00
1.865765765765753023e-02
0.000000000000000000e+00
2.618528528528457078e-01
5.400266266266281256e+00
1.965216216216218559e+00
0.000000000000000000e+00
5.201971971972009223e-01
1.665990990990990461e+00
1.348627627627635217e+00
1.318147147147124443e+00
1.894925925925931898e+00
2.934637637637635965e+00
2.048323323323309797e+00
1.698573573573575857e+00
1.088988988988998270e-02
0.000000000000000000e+00
2.064674674674654931e+00
2.755865865865880227e-01
0.000000000000000000e+00
3.194534534534477221e-01
2.127517517517527323e-01
2.930030030030052468e-01
2.208205205205211019e+00
1.683429429429441626e+00
1.025727727727713035e+00
2.590800800800756032e-01
0.000000000000000000e+00
3.690760760760746217e-01
3.585203203203183531e+00
1.890336336336338574e+00
3.469075075075078729e+00
1.110144144144134648e+00
6.767317317317388392e-01
9.288148148148044347e-01
1.329183183183177741e+00
2.223050050050025650e+00
4.707480880880878971e+01
1.565964964964975614e+00
1.434249249249250013e+00
6.530480480480435057e-01
2.038941941941962543e+00
5.055142142142146966e+00
1.165504504504498717e+00
5.033373373373470905e-01
0.000000000000000000e+00
1.557041041041035800e+00
8.983963963963830235e-01
2.485691691691736427e+00
2.304934934934904922e-01
4.483583583583647392e-02
5.580680680680655953e-02
1.690173173173175059e+00
2.534934934934963274e-02
0.000000000000000000e+00
9.840390390390398867e-01
1.230705105105106512e+01
2.286086086086092983e+00
1.655218618618623339e+01
3.987987987988035263e-03
2.402622622622593296e-01
1.913981981981992986e+00
8.361061061060934274e-02
2.091505505505472762e+00
2.160995995995980135e+00
0.000000000000000000e+00
2.783317317317312245e+00
3.479971871871877909e+01
8.430050050050083010e-01
1.578448448448452224e+00
6.039965965965950367e+00
1.765557557557528190e+00
1.487268268268281846e+00
2.127249249249247853e+00
2.249349349349377691e-02
6.327877877877839952e-01
3.467218218218212300e+00
4.478108108108211916e-01
3.205213213213234713e+00
1.680711711711718959e+00
5.062211211211208095e+00
6.977977977977829586e-03
1.907871871871857694e+00
1.527987987987971807e-01
5.846456456456396999e-01
5.703070070070050512e+00
2.678678978978981462e+01
7.663082082082124380e+00
5.816526526526520913e-01
2.370370370370347007e-02
1.099151151151148831e+01
1.305174174174162705e+00
3.289189189189252183e-01
1.909656056056062212e+01
1.121511511511507742e+00
1.149489489489482624e-01
1.539162162162162062e+00
1.873731731731720140e+00
4.035835835835901303e-02
1.681316316316333825e+00
9.485885885885746160e-02
2.505534534534554325e+00
0.000000000000000000e+00
1.621547547547551593e+00
9.315605605605593587e-01
5.557457457457525007e-02
1.032409909909908841e+01
1.212402402402407292e-01
5.884354354354383254e+00
1.221914914914918660e+00
1.659009009009008995e-01
1.928836836836845370e+00
0.000000000000000000e+00
2.570461461461453379e+00
7.878178178178265600e-01
8.080803703703689678e+01
1.469913913913900805e+00
1.389685885885884886e+01
8.302582582582571646e+00
1.622941941941947075e+00
3.394094094094136232e-02
1.631626626626619947e+00
2.712755755755763776e+00
1.460985985986018365e+00
2.058265265265270205e+00
2.437757757757727795e-01
2.132933933933938064e+01
9.726546546546414040e-01
1.815375375375408717e-01
2.581880880880871310e+00
1.354744744744736717e+00
2.064414414414387777e-01
5.488694894894901211e+01
2.337760760760781320e+00
1.178833833833836442e+00
3.796915915915919815e+00
1.801301301301342805e+00
1.611120120120112631e+01
1.690990990990975246e-02
2.267367367367362566e-02
1.516262262262261684e+00
1.021204204204204657e+00
4.485976976976979103e+01
1.901476476476484212e+00
9.937437437437492138e-02
1.303581581581589655e+00
2.240978978978966918e+00
1.000000000000000238e-03
6.225110110110094297e+00
4.749424524524531677e+01
1.146360360360357600e+00
3.431271271271335022e-01
2.329319319319324844e-01
7.455669669669659605e+00
1.471061061061075537e-01
6.032128628628633038e+01
1.869369369369378378e-02
6.731821821821817320e-01
7.957957957957830994e-03
1.952722722722726845e+00
2.522442442442469068e-01
1.088988988989000178e-02
1.226449449449433793e+00
2.614964964964935912e-01
3.629437337337333247e+01
2.513193193193133945e-01
1.434344344344339328e+00
2.560240240240282406e-01
2.144934934934918103e-01
1.095241241241243779e+00
2.110969969969971327e+00
2.823333333333377659e-01
3.732951951951963387e+00
3.983483483483429843e-02
1.947343343343358679e+00
1.333317317317302075e+00
4.805653653653644497e+00
1.658760760760731534e+00
3.518617617617588067e+00
8.263693693693603404e-01
2.439939939939892583e-02
9.731201201201082895e-01
1.660540540540510202e-01
4.639349349349480844e-01
5.245289189189193024e+01
5.588956856856857058e+01
1.007183183183182562e+00
2.209999999999968379e-01
1.241125125125135176e+00
5.683359359359356233e+01
2.110180180180160292e+00
2.074097097097105102e+00
3.607957957957942940e-01
1.466081081081084259e+00
3.130860860860784078e-01
1.649468468468467730e+00
7.327461061061057990e+01
3.073913913913952078e-01
3.985885885885937646e-02
2.508319319319318730e+00
4.081163863863861252e+01
1.316457457457457902e+00
2.168263263263281893e+00
2.061061061061086053e-01
4.422973973973958195e+00
2.111771771771748796e-01
0.000000000000000000e+00
2.026786786786737571e-01
2.299420820820815337e+01
4.583811811811838943e+00
9.102636136136119660e+01
1.088988988988997576e-02
6.021281281281281039e-01
1.866528528528549113e+00
1.245500500500501539e+00
1.515555555555556655e-01
1.346713713713715066e+00
1.656296296296290160e+00
2.763643643643659553e-01
1.077388388388384222e+01
1.381781781781780787e-02
2.341041041041066750e-01
2.242680680680668726e+00
4.392792792792896833e-02
3.006036036036032200e-01
1.208502502502492915e+00
1.631710710710714496e+00
1.008862262262262810e+01
8.301701701701813541e-01
2.795225225225271282e-01
1.759385385385371814e+00
2.501751751751788988e-01
1.262406406406405113e+00
6.522752752752801753e-01
0.000000000000000000e+00
9.499706706706710690e+00
2.069429429429392453e-01
2.390030030030012298e-01
1.997997997998014145e-03
1.442072072072072275e-01
7.943943943943862496e-03
1.373463463463466816e+00
1.726156156156154198e-01
5.219109109109050237e-01
7.535135135135155593e-02
1.442808808808812460e+00
1.235633633633633988e+00
2.426169169169184681e+00
1.737147147147144244e+00
2.494173173173172220e+00
2.525239239239200018e+00
2.493676676676679804e+01
6.322739239239228226e+01
1.888422422422411096e+00
1.355893893893879376e+00
9.685816816816764430e+00
2.169439439439403705e-01
3.930564564564525742e+00
2.993993993994004208e-03
4.264724724724712424e+00
1.038333333333344433e+00
1.000000000000013031e-03
1.471961961961949505e+00
1.785685685685665935e-01
2.993993993994004208e-03
5.162841841841831148e+00
3.443645045045040121e+01
2.643273273273288315e-01
1.123278278278285525e+00
1.871259259259269392e+00
3.580479479479473426e+00
1.079266266266277086e+00
1.359189189189183855e+00
2.376606606606604666e-01
1.574212212212214634e+00
1.064654654654639682e-01
1.460704704704723023e+00
2.819616616616628768e+00
1.114431431431444741e+00
1.473144144144147072e+00
3.951211211211161367e-01
2.327357357357337231e-01
1.949671671671662443e+00
2.128318318318349611e-01
6.007941941941914443e+00
4.586334334334320140e+00
1.005322322322307560e+00
4.022180180180155773e+00
5.024124124124077634e-02
3.109019019019070296e-01
2.658798798798825413e-01
1.181739739739747996e+00
2.516403403403409289e+00
4.754754754754634410e-02
1.739723723723730631e+00
1.591578578578590308e+00
6.085492092092092520e+01
1.166886886886860236e-01
6.889790790790798702e+00
1.502942942942973592e-01
3.070260260260277985e-01
7.373746746746745906e+00
2.945028028028029876e+00
1.495265265265259824e+00
2.023903903903881696e-01
3.873231431431431560e+01
2.954784784784766583e+00
1.991263263263279848e+00
1.998348348348360226e-01
2.850400400400446288e-01
7.466606606606651653e-01
2.513448448448436512e+00
6.121294294294297167e+00
1.000000000000001972e-03
4.210610610610580895e-02
8.638988988988868245e-01
1.040734734734729106e+00
1.824101101101087474e+00
4.767938938938963034e+00
2.347629629629642167e+00
1.579558558558567860e+00
3.490550550550557407e-01
0.000000000000000000e+00
1.381781781781784776e-02
2.394567567567555955e+00
1.921136136136164740e+00
2.452700700700686465e+00
9.417717717717620507e-02
2.283350350350358049e+00
7.566673673673680156e+00
3.362112112112166651e-01
2.137012512512511719e+01
2.105681681681684125e+00
2.847406406406414625e+00
1.197555555555556817e+00
5.442293293293302803e+00
1.923101101101114763e+00
0.000000000000000000e+00
1.315675675675678002e+00
2.585152152152130345e+00
1.283673673673696169e-01
1.697348348348346248e+00
8.615355355355277522e-01
2.522948848848851355e+01
5.250328328328354388e+00
1.256346346346346232e+00
1.275575575575588205e+00
7.440540540540378778e-02
2.314624624624602445e-01
2.629729729729759699e-02
2.572162162162178745e-01
1.455163163163152973e+00
4.084714714714760553e-01
5.197537537537585406e-01
1.561615615615618458e+00
1.072327927927928926e+01
1.603487787787795682e+01
1.037084084084091362e+00
1.000000000000004574e-03
1.139529529529541979e-01
1.309686786786785895e+01
9.416436436436320667e-01
1.925076076076086329e+00
2.049420420420432709e+00
6.981981981982068527e-03
8.412312312312320017e-01
1.702172172172151388e-01
1.672772772772792085e-02
1.339971071071074782e+01
1.865958958958937153e+00
1.829665665665658913e+00
3.527527527527528628e-01
2.118418418418422267e+00
2.817807807807759524e-01
2.086229229229233262e+00
4.966052052052045696e+00
1.383474474474474469e+00
1.278572572572560517e+00
5.645645645645538946e-02
2.150461461461433910e+00
9.222372372372358740e+00
1.660554554554539708e+00
9.670650650650473024e-01
1.000000000000018886e-03
9.777977977977814206e-02
1.165620620620631875e+00
2.687105105105100478e+00
9.669139139138956951e-01
2.077717717717767476e-01
4.331831831831834734e+00
3.905180680680680894e+01
2.675982982982970437e+00
3.242872872872875956e+00
3.677412412412417009e+00
8.117207207207068898e-01
2.400390390390357287e-01
4.207573673673677206e+01
3.533678378378382945e+01
1.131869869869872147e+00
1.237511511511503182e+00
2.450396396396383736e+00
1.558497497497515427e+00
1.688851851851847607e+00
7.122712712712810923e-01
0.000000000000000000e+00
7.702102102102141579e-02
1.386060060060046339e+00
1.171549049049050950e+01
2.063129129129122052e+00
2.818628428428430155e+01
1.443476876876876425e+01
7.532451451451406932e+00
1.010457457457463182e+00
1.231921921921889512e-01
1.973980980980996502e+00
1.390697697697711455e+00
2.997997997998003757e-03
4.765276776776769907e+01
5.857797797797890116e-01
8.399709709709634042e-01
8.795225225225304921e-01
2.078662662662640326e+00
1.064323323323332682e+00
1.912796796796781607e+00
3.276199199199196777e+00
5.243543543543593977e-02
0.000000000000000000e+00
2.881044144144137675e+01
1.394417417417414207e+00
3.040309709709709551e+01
2.449399399399422306e-01
1.395834834834836613e+00
0.000000000000000000e+00
1.826325925925929639e+01
0.000000000000000000e+00
6.473590590590593941e+00
0.000000000000000000e+00
4.584824824824906275e-01
1.834217217217216955e+01
1.493292292292297097e+00
1.660465465465484014e+00
4.996827027027014623e+01
2.375118118118103361e+00
2.399149149149158333e+00
1.034754754754773909e-01
1.473953953953971885e+00
1.388388388388400903e-02
2.022651651651642624e+00
1.369786186186183663e+01
1.405115115115120605e-01
1.721120320320321895e+01
6.917245445445470864e+01
1.429464464464460072e+00
0.000000000000000000e+00
2.178569569569563491e+00
3.399614314314315067e+01
3.067702702702692186e+00
9.928548548548471464e-01
3.586228128128131942e+01
1.000000000000019103e-03
9.635635635635623197e-01
1.193793793793783593e-02
2.460930930930939620e-01
4.043107007007007780e+01
1.878178178178201707e-01
5.428428428428414776e+00
3.855461461461465067e+00
1.802261261261274505e+00
9.323133133133039152e-01
2.519869869869853507e-01
3.651321321321244762e-01
9.171051051051184455e-01
4.277820820820836367e+00
1.786005005005000257e+00
1.836946946946955705e+00
9.955555555555765934e-02
7.141941941941877259e-01
9.323269269269275128e+00
2.635628728728729087e+01
1.136662662662651258e+00
7.984444444444392941e-01
2.350310310310312900e+00
5.291691691691546851e-02
5.249152552552544648e+01
1.551137137137137634e+00
9.946736736736714324e-01
3.376802802802806536e+00
1.012782782782793989e+00
1.466281281281273552e+00
3.263946946946942873e+00
1.438678678678679823e-01
4.304604604604584939e-01
0.000000000000000000e+00
4.504664664664563833e-01
2.454531531531513266e+00
5.976469169169167373e+01
4.993521221221212159e+01
1.695283283283293585e+00
2.563363363363391767e-01
1.620368368368371170e+00
1.365491491491485743e+00
1.900919919919909384e+00
2.508888888888915480e-01
2.134060060060061659e+00
2.997997997998055799e-03
3.344056056056065263e+00
1.593582582582581342e+00
1.375445445445465209e+00
1.222876876876888730e+00
2.606017017017018489e+00
2.869939939939968321e-01
5.946533533533536087e+01
1.623994994995002994e+00
6.811336336336319519e+00
1.405027027027014652e+00
2.097699699699684839e+00
1.300170170170158013e+00
1.749914914914905362e+00
1.064965965965964934e+00
6.870484484484469689e+00
1.273196196196201058e+00
1.529376376376378799e+00
1.937056056056056574e+00
1.389789789789787865e-02
6.081031031031030043e-01
7.734684684684710598e-01
2.069984984984982290e+00
1.598027027027019153e+00
2.737124124124136415e+00
2.143493493493519864e-01
6.430330330330161215e-02
2.330880880880857320e-01
1.775775775775738016e-02
7.604554554554691093e-01
1.094194194194171577e-02
3.268368368368423371e-01
1.611770770770766026e+00
1.819282282282299823e+00
1.197987987988001907e-01
1.706466466466435572e-01
6.233702702702682785e+00
1.180708708708720023e+00
9.358252252252251324e+00
2.918718718718695329e-02
1.997997997998034528e-03
1.991557557557549263e+00
8.287787787787784244e-02
1.575975975975995452e-02
1.046705705705703204e+00
3.847521521521527710e+00
9.941941941942178049e-03
1.844723723723737274e+00
1.827849849849865427e+00
2.565611611611604115e+00
7.144244244244299380e-02
1.034454454454446504e-01
