2.182544544544536613e+00
1.279730730730733068e+00
0.000000000000000000e+00
8.344404404404490716e-01
2.693795795795805414e+00
6.693843843843848562e-01
2.376936936936918376e-01
1.313292292292286723e+00
2.424984984985015524e-01
1.294589589589596690e+00
4.737007607607606730e+01
1.792892892892878620e-01
4.979979979979966796e-03
7.908508508508442780e-01
1.240635635635646050e+00
4.060671671671673977e+00
2.439939939939887725e-02
2.344744744744712422e-02
2.516305905905908347e+01
8.350220220220154754e-01
0.000000000000000000e+00
6.107817817817866590e-01
1.633068068068062706e+00
2.343583583583551122e-01
3.995995995995957166e-03
1.381781781781778878e-02
1.517763763763765317e+00
3.435735735735729462e-02
9.941941941942098251e-03
9.261851851851788942e-01
3.856701701701695129e+00
1.038748748748725276e-01
3.077857857857871360e-01
8.048198198198347475e-01
1.156662662662654162e+00
1.140166166166154404e+00
5.335962162162181954e+01
2.457364364364359943e+01
2.436186186186209968e-01
1.824591591591584017e+00
6.637336336336271181e+00
7.267167167167094544e-01
1.540715715715729406e+00
7.722142142142182086e-01
1.349029029029021443e+00
4.987987987988103805e-03
4.089389389389484486e-01
0.000000000000000000e+00
1.754440440440430349e+00
1.054061061061060478e+01
1.405164164164167451e+00
5.979979979980040543e-03
9.643243243243075635e-02
6.228288288288286179e-01
1.739683683683669546e+00
4.338778778778790701e-01
1.298655655655657881e+00
4.612072072072102569e-01
3.105607607607599796e+00
9.069179179179019945e-01
2.931495895895896453e+01
9.825145145145175452e-01
2.028063563563569716e+01
0.000000000000000000e+00
1.255103103103092144e+00
4.840640640640593573e-02
3.548443443443445755e+00
1.197679679679680254e+00
2.497657657657662567e-01
8.443543543543410856e-02
1.977351351351357867e+00
1.186786786786798997e-02
1.377132132132119269e+00
1.812529529529528949e+00
1.066816816816792968e-01
3.098997897897909937e+01
1.405784784784786190e+00
1.288635635635634324e+00
1.948080880880873167e+01
4.182132132132225233e-01
8.017727727727630427e-01
9.955275275275223823e-01
1.123463463463486994e-01
3.465016016015994627e+00
2.911545545545538793e+00
1.801639639639628365e+00
7.077897897897786894e-01
1.552342342342336146e+00
6.963783783783781267e-01
2.376936936936918932e-01
7.315315315315200351e-02
1.125834834834824383e+00
8.605405405405470998e-02
1.479485485485471097e+00
1.271253253253260995e+00
4.768918918918904626e-01
1.655349349349346522e+00
1.275193193193191465e+00
1.047475475475480700e+00
3.900472372372375673e+01
2.339909909909933639e+00
0.000000000000000000e+00
7.428228228228286878e-02
9.039453453453431209e+00
2.454844844844867036e-01
1.150697697697702138e+00
6.661041041041131372e-01
6.845035035035026416e-01
2.492252252252255273e-01
1.823550550550532723e+00
2.681841841841873797e-01
5.202702702702719645e-02
3.287687687687614740e-02
1.965840840840864523e+00
1.416128128128145480e+00
1.118868868868888311e-01
0.000000000000000000e+00
1.860094094094089545e+00
1.154657657657654379e+00
5.405676676676659298e+00
3.949503503503489998e+00
7.236706706706780290e-01
2.529939939940014093e-01
9.799699699699789823e-01
1.413595595595586563e+00
3.611631631631696537e-01
1.025212212212202267e+00
7.702102102102151293e-02
8.085235235235272100e+00
0.000000000000000000e+00
9.909909909909860731e-03
1.088988988989000699e-02
2.181781781781759813e-02
1.287950950950953688e+00
1.015089089089076468e+00
1.062720620620617495e+01
2.495735735735719329e-01
2.695086086086068811e+00
8.868788788788677380e-01
0.000000000000000000e+00
1.120544544544553212e+00
1.144168168168160804e+00
2.997997997998021105e-03
1.470684684684678611e+00
2.280270270270239319e-01
1.341295295295283907e+00
1.022933933933947159e+00
3.605475475475443670e-01
1.089411411411418618e+00
7.943943943943871169e-03
1.793302302302282492e+00
8.663033033032992991e-01
5.969969969969951898e-03
1.740571571571571718e+00
3.829444444444441320e+00
7.652642642642594195e-01
1.546192192192206161e+00
4.331746746746758525e+00
1.021586586586580081e+00
9.661961961961824941e-02
6.688288288288243844e-02
0.000000000000000000e+00
1.481061061061066664e-01
9.394158158158141703e+00
1.491302302302290217e+00
4.466199299299297820e+01
5.996396396396341810e-02
1.205075075075091817e+00
7.164727727727731477e+00
9.614054054054181897e-01
9.983883883884035748e-02
1.304048048048034092e+00
9.535745745745649593e-01
0.000000000000000000e+00
7.527077077077054534e-01
5.910544544544558576e+00
1.344139139139147288e+00
1.488108108108096017e-01
9.613913913913899045e-02
7.775335335335329390e-01
4.773973973973951596e-02
1.496893893893892713e+00
6.986086086086025493e-02
1.399698698698700117e+00
4.341041041041068804e-01
8.067817817817806159e-01
1.334613613613619076e+00
1.042494494494475399e+00
1.104591591591594257e+00
1.841351351351329380e-01
1.450832832832836816e+00
1.591762762762773065e+00
1.007005005005008780e+00
1.398309309309318405e+00
1.997997997997982920e-03
1.915557557557556745e+00
1.997997997998051008e-03
1.393139139139121241e+00
7.983983983983805946e-03
1.334028128128126234e+01
6.912591591591585427e+00
8.165435435435479672e-01
1.584894894894897655e-01
0.000000000000000000e+00
1.293429429429429067e+00
0.000000000000000000e+00
2.513412412412442176e+00
5.969969969969902458e-03
3.843843843843796487e-02
3.592612612612656742e-01
4.073643043043045253e+01
2.490930930930966569e-01
4.583223223223257259e-01
3.736016016015976660e-01
1.544591591591597535e+00
3.315865265265271944e+01
1.778094694694696898e+01
1.706499499499497929e+01
6.468288288288288612e-01
1.278707707707714469e+00
5.988328328328322847e-01
2.787667667667694804e-01
3.258959959959963903e+00
0.000000000000000000e+00
1.330551651651651213e+01
8.720420420420406105e-01
1.799265265265246994e+00
6.626006006005985549e-01
3.780801801801776829e+00
8.212342342342380253e-01
0.000000000000000000e+00
7.645295295295357896e-01
1.398421421421422117e+00
1.646907907907901647e+00
5.332930930930957381e+00
2.648334334334337736e+00
6.325720720720720003e+00
1.201252252252254848e+00
1.210565565565555834e+00
9.115255255255126920e-01
8.810930930930918059e-01
9.455495495495463976e-01
1.000000000000002840e-03
2.058358358358321483e-01
1.338583583583593528e+00
1.641295295295293721e+00
1.271784884884881350e+01
1.311035035035027496e+00
7.672772772772753491e-01
6.829489489489516396e-01
1.022536536536524876e+00
1.596705705705721456e+00
2.084904904904956169e-01
7.073273273273292250e-02
2.478598598598637237e-01
6.664068068068055517e+00
9.480750750750699396e-01
2.940712712712679977e+00
2.562760760760768086e+00
1.481998998998994344e+00
0.000000000000000000e+00
0.000000000000000000e+00
1.074465465465471725e+00
5.459082082082116649e+00
3.051418818818818224e+01
1.098836836836848185e+00
4.320820820820830299e+00
9.248048048048089775e-01
5.865175175175197930e-01
1.029132132132123845e+00
1.247434434434421258e+00
4.661524524524508273e+00
5.969969969969869499e-03
4.549428428428420546e+00
3.987987987988072559e-03
3.206906906906818733e-02
1.682912912912901238e+00
1.677987987987974439e-01
1.088988988988996535e-02
1.849286286286277559e+00
1.375126126126138715e+00
1.135780480480480215e+01
8.972762762762745981e-01
1.301283283283276360e+00
3.919227227227221277e+00
1.607377377377358085e+00
1.679090990990991372e+01
1.406352352352338908e+00
1.436689689689690352e+00
2.475435435435401066e-01
1.396779779779779629e+00
1.042360260260258897e+01
1.692895895895881520e+00
0.000000000000000000e+00
1.795754754754767202e+00
9.133643643643720722e-01
5.242005005004982898e+00
1.100450450450471684e-01
1.459509509509502756e+00
1.559069069069055624e-01
9.034394394394439365e-01
9.299989989989988493e-01
6.105005005004973118e-01
1.160190190190180548e+00
1.000000000000001972e-03
9.129319319319357806e-01
1.214554554554577864e-01
2.353513513513488253e-01
8.298078078078002795e-01
1.102985985985996953e+00
1.575975975975992677e-02
1.478978978979019268e-02
1.020793793793797644e+00
4.869309309309384770e-01
0.000000000000000000e+00
0.000000000000000000e+00
9.233973973974124450e-01
1.847452452452459148e+00
1.574353353353368679e+00
1.578978978978980499e-02
2.765456456456456991e+00
6.871471471471521930e-01
5.406170170170206291e+00
3.422156156156146434e+00
4.185076076076067686e+00
1.203902902902901584e+00
1.049629829829831706e+01
7.767237237237132330e-01
1.216424424424419781e+00
0.000000000000000000e+00
1.169782782782785802e+00
1.132074074074078895e+00
1.588548548548541772e+00
8.617217217217329472e-02
1.426126126126126659e+00
7.759109109109050273e-01
1.728888888888871489e-01
7.273623623623619583e-01
8.746816816816755935e-01
1.794234234234194370e-01
1.502854854854867028e+00
1.478978978979030370e-02
9.228228228228257946e-02
7.535135135135222206e-02
0.000000000000000000e+00
4.634366566566565382e+01
9.432262262262329777e-01
1.471111711711714953e+01
3.883133133133188086e-01
1.907442442442459418e+00
2.378365365365358475e+00
2.171470470470468594e+00
3.023723723723645979e-02
6.916856856856917757e-01
4.962862862862926772e-02
5.100882882882891600e+00
1.865765765765761003e-02
2.141355355355355705e+00
1.680835835835834402e+00
0.000000000000000000e+00
1.964394394394377852e-01
1.166886886886859126e-01
4.979979979979967664e-03
2.327607607607629359e-01
0.000000000000000000e+00
4.494244244244287589e-01
8.217157157157117808e-01
1.938592592592598196e+00
2.797918618618624720e+01
2.275745745745723358e-01
1.534324324324309319e-01
1.000000000000002840e-03
2.587187187187258708e-01
2.249349349349371793e-02
1.306545545545558351e+00
5.979979979980085646e-03
1.044551551551558655e+00
2.578328328328376995e-01
1.135154154154159656e+00
8.368718718718780591e-01
7.130501501501448125e+00
1.708559559559559737e+00
0.000000000000000000e+00
2.344744744744728035e-02
9.175815815815705490e-01
1.056981981981973684e+00
9.589869869869960262e-01
2.042863863863871643e+00
1.262222222222188217e-01
8.277868868868875296e+00
2.296926826826817702e+01
8.972002002002099630e-01
2.412392392392413987e-01
9.372622622622623911e-01
1.261907907907917847e+00
1.659298298298309549e+00
9.746886886886904078e-01
2.031141141141101503e-01
1.240338338338328406e+00
2.935714714714727336e+00
1.186681681681666989e+00
1.810857857857862019e+00
2.211529129129130311e+01
9.353163163163130678e-01
3.175317617617614729e+01
9.155695695695605929e-01
1.038392392392406771e+00
4.336095095095093832e+00
1.238872872872861963e+00
1.145419419419418494e+00
0.000000000000000000e+00
3.417608608608599496e+00
2.828408408408431551e-01
7.353533533533493927e-01
2.109273473473475491e+01
1.882777777777773887e+00
2.382108008008001221e+01
1.688807807807802597e+00
2.150590590590633899e-01
1.799562562562575296e+00
1.388514514514522791e+00
1.695766766766765521e+00
4.934534534534548711e-02
2.438468468468435735e-01
3.358938038038038343e+01
2.424454454454457508e+00
5.788586586586569993e+00
2.534934934935003867e-02
7.881471471471585000e-01
6.410280280280286069e-01
4.010909909909901039e+00
3.006906906906893148e-02
1.015535535535512790e-01
0.000000000000000000e+00
2.466905905905908636e+00
1.218591591591595469e+00
1.920670670670665270e-01
9.792360360360310878e+00
6.206986986986997579e-01
9.448148148148233227e-02
2.471111111111148895e-01
1.449279279279290567e+00
2.040890890890901588e+00
3.434989089089078362e+01
5.221012012012017145e+00
2.993993993993998570e-03
0.000000000000000000e+00
2.074834834834788089e-01
4.107006006005990528e+00
1.505444444444427932e+00
0.000000000000000000e+00
4.893833833833751146e-01
1.164964964964952943e+00
1.052858858858860547e+00
9.710820820820912358e-01
1.510093093093104466e+00
2.300902902902913105e+00
1.557245245245247878e+00
1.272986986986988533e+00
3.987987987988034395e-03
0.000000000000000000e+00
1.541261261261269055e+00
2.113353353353314701e-01
0.000000000000000000e+00
2.810920920920920718e-01
2.002912912912938603e-01
2.306376376376354786e-01
1.610215215215210049e+00
1.351921921921938274e+00
8.746846846846736412e-01
2.342012012011959743e-01
0.000000000000000000e+00
3.380480480480422822e-01
2.824050050050062488e+00
1.482207207207212551e+00
2.822332332332337046e+00
8.402992992993029153e-01
5.472822822822770439e-01
7.250240240240236611e-01
1.033132132132110081e+00
1.600013013013002583e+00
3.313320820820820956e+01
1.300542542542543423e+00
1.130674674674681635e+00
6.085195195195247653e-01
1.605565565565557851e+00
3.951527527527491479e+00
8.413723723723739445e-01
4.776436436436529709e-01
0.000000000000000000e+00
1.142613613613617796e+00
7.035345345345321855e-01
1.902788788788780217e+00
2.209799799799755660e-01
2.629729729729748944e-02
3.100700700700732490e-02
1.341319319319316916e+00
2.057957957957911449e-02
0.000000000000000000e+00
7.989849849849851582e-01
9.198712712712723061e+00
1.714225225225234794e+00
1.202575275275279942e+01
1.000000000000013899e-03
2.263013013012988017e-01
1.413618618618617262e+00
5.088588588588505851e-02
1.590049049049050200e+00
1.666121121121139970e+00
0.000000000000000000e+00
2.167330330330318855e+00
2.642608808808809684e+01
6.715565565565584372e-01
1.197245245245247558e+00
4.562561561561538248e+00
1.415798798798814762e+00
1.169067067067066423e+00
1.696375375375374972e+00
5.969969969969919805e-03
5.761471471471395489e-01
2.562313313313299812e+00
4.275185185185221837e-01
2.474360360360378319e+00
1.322471471471473148e+00
3.783166166166190614e+00
1.000000000000013248e-03
1.451822822822833814e+00
1.149529529529520616e-01
6.048098098098095843e-01
4.220667667667606260e+00
1.998873973973972085e+01
5.438409409409394435e+00
4.978228228228130936e-01
7.973973973974153584e-03
7.851117117117111910e+00
1.076595595595599919e+00
3.345985985986023037e-01
1.368920620620620454e+01
8.621001001001125097e-01
8.679579579579461968e-02
1.237087087087086923e+00
1.455642642642634099e+00
2.534934934934997622e-02
1.300759759759766432e+00
7.951051051051094554e-02
2.008827827827835311e+00
0.000000000000000000e+00
1.248949949949969662e+00
8.001001001001127877e-01
3.194294294294338504e-02
7.514533533533502840e+00
9.955555555555745118e-02
4.422277277277271601e+00
1.036433433433429974e+00
1.531831831831834967e-01
1.499480480480495315e+00
0.000000000000000000e+00
1.990782782782778426e+00
6.370830830830741531e-01
6.217319919919909665e+01
1.163712712712707376e+00
1.030869869869867905e+01
6.132298298298297645e+00
1.178713713713703370e+00
2.539939939939954427e-02
1.313033033033038643e+00
2.091125125125128381e+00
1.192327327327317388e+00
1.659327327327333901e+00
2.343583583583550012e-01
1.606120220220213568e+01
8.287297297297376852e-01
1.502942942942928906e-01
1.915009009008991958e+00
1.062208208208208271e+00
1.696446446446452649e-01
3.991860360360361426e+01
1.777643643643627369e+00
9.198378378378365694e-01
2.838011011011025708e+00
1.415178178178174928e+00
1.143997997998000393e+01
4.993993993993908406e-03
6.969969969969904214e-03
1.190835835835850176e+00
7.944954954954964732e-01
3.262263663663659230e+01
1.503186186186174833e+00
7.568268268268074639e-02
1.007365365365364251e+00
1.731282282282280205e+00
0.000000000000000000e+00
4.543815815815817061e+00
3.499423223223221413e+01
9.002242242242195491e-01
3.166346346346265439e-01
2.025025025025067038e-01
5.569203203203192842e+00
1.283273273273260739e-01
4.490283483483485583e+01
4.979979979979970266e-03
7.000570570570464612e-01
2.993993993994003341e-03
1.482175175175170390e+00
2.512342342342409607e-01
1.997997997998038865e-03
9.957197197197236171e-01
2.412802802802839208e-01
2.769672772772779723e+01
2.476466466466492045e-01
1.144219219219229533e+00
2.512142142142115286e-01
2.141141141141175985e-01
8.182072072072047453e-01
1.652034034034037591e+00
2.585345345345305135e-01
2.793207207207240916e+00
2.253753753753779537e-02
1.409160160160168873e+00
1.039949949949970254e+00
3.561879879879886523e+00
1.249467467467454185e+00
2.574693693693693053e+00
7.653833833833816325e-01
1.186786786786800559e-02
7.811071071071197247e-01
1.259459459459442432e-01
4.076036036035960430e-01
3.737598598598595601e+01
4.226908008008007300e+01
8.580970970970999145e-01
1.715345345345347106e-01
1.060286286286296731e+00
4.383777577577570383e+01
1.600405405405411541e+00
1.580507507507517229e+00
3.156296296296360326e-01
1.144291291291284374e+00
2.658158158158200335e-01
1.287703703703710678e+00
5.527798798798789193e+01
2.669669669669655909e-01
2.271371371371421269e-02
2.011730730730722172e+00
3.010033433433434880e+01
1.029165165165178975e+00
1.700362362362336288e+00
1.930720720720675576e-01
3.232859859859869456e+00
1.982972972972951164e-01
0.000000000000000000e+00
1.916276276276244472e-01
1.592186786786791508e+01
3.392926926926922437e+00
6.199035235235250241e+01
2.993993993994002473e-03
5.588208208208147454e-01
1.347722722722727307e+00
9.990340340340344572e-01
1.183493493493516097e-01
1.047851851851852922e+00
1.327170170170183461e+00
2.421141141141152087e-01
8.168487487487478660e+00
4.979979979979972868e-03
1.770430430430420254e-01
1.590974974974958878e+00
1.865765765765766901e-02
2.161951951951936457e-01
9.740810810810823783e-01
1.230418418418419924e+00
7.865367367367396056e+00
7.392772772772661094e-01
2.673193193193224015e-01
1.364646646646663797e+00
2.837617617617645971e-01
9.937357357357194942e-01
5.785265265265373547e-01
0.000000000000000000e+00
6.647077077077047313e+00
1.866826826826804564e-01
2.363123123123148928e-01
0.000000000000000000e+00
1.087357357357348897e-01
2.993993993994001172e-03
1.088299299299289480e+00
1.468168168168164645e-01
4.690960960961038095e-01
5.202702702702720339e-02
1.152925925925940787e+00
1.017031031031011112e+00
1.873384384384369605e+00
1.300058058058066290e+00
1.790277277277290802e+00
1.807834834834856963e+00
1.866584084084103523e+01
4.910334834834850426e+01
1.378978978978977921e+00
1.093562562562549356e+00
7.641251251251155452e+00
2.124954954955008690e-01
2.847285285285289902e+00
1.997997997998025421e-03
3.106591591591582713e+00
9.166446446446586682e-01
0.000000000000000000e+00
1.156072072072072965e+00
1.316016016016008927e-01
0.000000000000000000e+00
3.778644644644632677e+00
2.588471171171170582e+01
2.301051051051064833e-01
9.308398398398413098e-01
1.503517517517525270e+00
2.823414414414403328e+00
8.852102102102223924e-01
1.081648648648645406e+00
1.699859859859840505e-01
1.226564564564567084e+00
8.443543543543385876e-02
1.165440440440429937e+00
2.128847847847851416e+00
9.206946946946908961e-01
1.272423423423430622e+00
3.558038038038026651e-01
2.229979979979941629e-01
1.534952952952941985e+00
1.675985985985950777e-01
4.472358358358370367e+00
3.417479479479479387e+00
8.325525525525532267e-01
3.039029029029028273e+00
2.912912912912966543e-02
2.795815815815831384e-01
2.552552552552522780e-01
9.161551551551423422e-01
2.011130130130153404e+00
3.100700700700730755e-02
1.295388388388380330e+00
1.249731731731724249e+00
4.555572872872871670e+01
8.361961961962061096e-02
5.287029029029013394e+00
9.784784784784722467e-02
2.731231231231210921e-01
5.524098098098138898e+00
2.211094094094087747e+00
1.232910910910899993e+00
1.718028028028013854e-01
2.789901001000999159e+01
2.291261261261257509e+00
1.562455455455464826e+00
1.520520520520513008e-01
2.633583583583619103e-01
6.670370370370309887e-01
1.956066066066067144e+00
4.628578578578564695e+00
0.000000000000000000e+00
2.249349349349378038e-02
6.007737737737772754e-01
8.734164164164299748e-01
1.488158158158140676e+00
3.530592592592581180e+00
1.714456456456435074e+00
1.165781781781787263e+00
2.975265265265312209e-01
0.000000000000000000e+00
3.987987987988044804e-03
1.832285285285272458e+00
1.597556556556555263e+00
1.928114114114112709e+00
5.768468468468374716e-02
1.712275275275268349e+00
5.531861861861879781e+00
2.864264264264227977e-01
1.589065665665670402e+01
1.569527527527521338e+00
2.141307307307293240e+00
9.686036036036068664e-01
4.113596596596623911e+00
1.478937937937933267e+00
0.000000000000000000e+00
9.866656656656613844e-01
2.059125125125136346e+00
9.899799799799648137e-02
1.318336336336336290e+00
7.732032032032164492e-01
1.825722822822821811e+01
4.195165165165178678e+00
9.897687687687553026e-01
9.301851851851935526e-01
4.811711711711835759e-02
2.280270270270238486e-01
1.284384384384382530e-02
2.627287287287268236e-01
1.144322322322318231e+00
3.061281281281242883e-01
3.672682682682692490e-01
1.255009009009005805e+00
7.908078078078057516e+00
1.312090990990990669e+01
8.298558558558495335e-01
0.000000000000000000e+00
7.785285285285221957e-02
9.266522522522505412e+00
7.806506506506455390e-01
1.414174174174185561e+00
1.569309309309300238e+00
3.993993993993992520e-03
7.114614614614577226e-01
1.464624624624640270e-01
6.957957957957830106e-03
9.846416416416479578e+00
1.459341341341339637e+00
1.335326326326317981e+00
3.328078078078111623e-01
1.692583583583566975e+00
2.682712712712741476e-01
1.584868868868867242e+00
3.746969969969967007e+00
1.095578578578587425e+00
9.556746746746545007e-01
3.287687687687624455e-02
1.639725725725729388e+00
7.188666666666705396e+00
1.258049049049055901e+00
7.350370370370395978e-01
0.000000000000000000e+00
7.808508508508615886e-02
9.305125125125028873e-01
1.908394394394393734e+00
7.184614614614750483e-01
1.911421421421395650e-01
3.342777777777796722e+00
2.969898998998998962e+01
2.106225225225228037e+00
2.613762762762779523e+00
2.778068068068084706e+00
5.962462462462512214e-01
2.398358358358309850e-01
3.215655055055059819e+01
2.710827327327343639e+01
9.469849849849883983e-01
1.027846846846829809e+00
2.004094094094122092e+00
1.257695695695703719e+00
1.321491491491499026e+00
5.288678678678723211e-01
0.000000000000000000e+00
5.645645645645543109e-02
1.087790790790809092e+00
8.539490490490488028e+00
1.541091091091097764e+00
2.091015615615619083e+01
1.028248648648649421e+01
5.584499499499533393e+00
8.102762762762847348e-01
1.085205205205216905e-01
1.492442442442443840e+00
1.022076076076086082e+00
0.000000000000000000e+00
3.550097197197199250e+01
5.304744744744690488e-01
7.050380380380395495e-01
7.877287287287347839e-01
1.584834834834844663e+00
9.078538538538603042e-01
1.488789789789789264e+00
2.558825825825822520e+00
2.933733733733761423e-02
0.000000000000000000e+00
2.141700400400406679e+01
1.069353353353354352e+00
2.297461361361360233e+01
2.244554554554581693e-01
1.059610610610612458e+00
0.000000000000000000e+00
1.341651551551548849e+01
0.000000000000000000e+00
5.015753753753754651e+00
0.000000000000000000e+00
4.468608608608608534e-01
1.418640540540538808e+01
1.188489489489498840e+00
1.278212212212202381e+00
3.677493893893895205e+01
1.756258258258254656e+00
1.833675675675654482e+00
5.865365365365507455e-02
1.171929929929924397e+00
3.987987987988037865e-03
1.520411411411422442e+00
9.777142142142080772e+00
8.363363363363356118e-02
1.267902902902904572e+01
5.171263863863866561e+01
1.111475475475479868e+00
0.000000000000000000e+00
1.536296296296285835e+00
2.526380280280297796e+01
2.247452452452462612e+00
8.316416416416329005e-01
2.792672572572566025e+01
0.000000000000000000e+00
7.393293293293266011e-01
3.993993993994047163e-03
1.986786786786758074e-01
2.902147147147149298e+01
1.739979979979964786e-01
4.113148148148140670e+00
2.874588588588606886e+00
1.369263263263273966e+00
7.447307307307325930e-01
2.396616616616578099e-01
2.409759759759721731e-01
7.203953953953966538e-01
3.340363363363372695e+00
1.398868868868875515e+00
1.415414414414406963e+00
7.367367367367232134e-02
5.446946946946983337e-01
6.874454454454460794e+00
1.911156956956953934e+01
9.245315315315304483e-01
7.105665665665673592e-01
1.825979979980013157e+00
2.912912912912973135e-02
3.978489889889883813e+01
1.205476476476465830e+00
7.788058058058150435e-01
2.496426426426410217e+00
8.134844844844970613e-01
1.197172172172165983e+00
2.389700700700710279e+00
1.255165165165170182e-01
4.078068068068040897e-01
0.000000000000000000e+00
4.246586586586581502e-01
1.857379379379374029e+00
4.259364064064071442e+01
3.617096096096096858e+01
1.377635635635638511e+00
2.502652652652668230e-01
1.252483483483494586e+00
1.075066066066061810e+00
1.414021021021017344e+00
2.378528528528570385e-01
1.671836836836825713e+00
0.000000000000000000e+00
2.455828828828857446e+00
1.248178178178179110e+00
1.151762762762764236e+00
1.029020020020013471e+00
2.104375375375384216e+00
2.642192192192147071e-01
4.628937337337352176e+01
1.253250250250254272e+00
5.165243243243246241e+00
1.138992992992999831e+00
1.738708708708702311e+00
9.597557557557577779e-01
1.347853853853857364e+00
9.017487487487472198e-01
4.906828828828803779e+00
9.861171171171266847e-01
1.261027027027031622e+00
1.466805805805804885e+00
5.985985985986136577e-03
5.746916916916930962e-01
6.750660660660787737e-01
1.679409409409392762e+00
1.262293293293289542e+00
2.165659659659652903e+00
2.026786786786736183e-01
4.483583583583650167e-02
2.065415415415368106e-01
1.772772772772758867e-02
6.492472472472479161e-01
2.993993993994003341e-03
2.657927927927919431e-01
1.291382382382375571e+00
1.374980980980969436e+00
8.524924924925135483e-02
1.706466466466432796e-01
4.744638638638630113e+00
9.051981981981911396e-01
7.116554554554546996e+00
4.979979979979967664e-03
0.000000000000000000e+00
1.585575575575576934e+00
5.230630630630530437e-02
3.987987987988026589e-03
8.564124124124045112e-01
3.083789789789813884e+00
1.000000000000010863e-03
1.412287287287283144e+00
1.414788788788792440e+00
2.009825825825824364e+00
5.557457457457515987e-02
7.057757757757816830e-02
