7.729415415415373580e+00
4.461451451451456052e+00
1.486186186186167803e-02
2.401062062062071956e+00
9.915209209209194796e+00
1.554128128128140718e+00
2.914714714714721766e-01
4.847217217217192342e+00
2.541021021020994919e-01
4.796254254254292526e+00
1.977391851851849083e+02
3.236706706706715120e-01
7.651151151150949181e-02
2.884583583583599342e+00
4.175682682682736235e+00
1.560223123123122768e+01
6.630530530530398536e-02
1.472112112112124449e-01
9.915093793793776911e+01
2.415196196196185863e+00
2.157957957957971906e-02
1.922295295295309403e+00
6.131650650650633416e+00
2.565115115115167987e-01
1.617167167167160025e-01
1.462042042042027146e-01
5.565544544544558825e+00
1.353833833833865963e-01
1.626566566566553240e-01
3.247173173173178551e+00
1.562101501501506462e+01
2.256616616616605453e-01
5.634214214214338101e-01
2.961991991992006579e+00
4.242446446446444419e+00
3.935886886886895475e+00
2.347065815815814744e+02
1.063489439439439082e+02
3.459729729729655867e-01
6.784520520520501030e+00
2.725152552552558660e+01
2.162892892892907426e+00
5.888012012012000085e+00
1.991890890890866572e+00
5.416215215215251177e+00
1.199589589589600408e-01
5.372712712712778282e-01
0.000000000000000000e+00
7.398265265265256296e+00
4.051903803803813986e+01
5.101228228228217532e+00
5.082182182182194696e-02
2.082312312312349645e-01
1.934043043043025545e+00
6.402760760760755510e+00
1.573143143143139966e+00
4.599189189189212712e+00
1.115565565565575179e+00
1.096652852852852078e+01
2.883037037037065264e+00
1.238558018018018032e+02
3.356430430430477063e+00
8.923101301301286981e+01
7.615115115115198008e-02
3.991177177177159585e+00
2.679669669669634824e-01
1.564374974974975530e+01
4.520114114114114123e+00
2.502142142142103065e-01
1.728888888888871211e-01
7.428427427427435781e+00
1.242342342342367539e-01
5.064282282282326797e+00
7.558597597597581874e+00
3.445645645645617483e-01
1.505323393393395008e+02
4.636775775775757502e+00
4.029143143143122607e+00
8.158764864864862432e+01
6.780840840840791639e-01
2.823310310310314986e+00
3.102176176176199007e+00
2.607687687687730849e-01
1.430209609609612542e+01
1.274754654654663000e+01
6.721195195195194927e+00
2.014356356356336253e+00
6.232565565565527876e+00
2.261748748748769078e+00
3.369349349349287093e-01
3.247547547547566249e-01
4.248052052052052829e+00
7.911511511511362671e-02
5.317247247247230746e+00
4.362261261261276779e+00
5.274304304304404667e-01
6.048932932932938655e+00
4.448854854854850771e+00
3.737796796796814203e+00
1.573660170170169010e+02
9.413976976977002309e+00
5.054154154154214679e-02
2.720830830830852642e-01
3.649044944944946423e+01
2.877467467467519913e-01
3.467677677677671877e+00
1.890392392392395982e+00
2.084602602602614319e+00
2.631891891891840474e-01
6.841659659659671711e+00
6.216616616616610358e-01
1.715735735735714196e-01
1.601551551551541885e-01
7.572486486486515567e+00
5.247030030029999459e+00
5.691631631631592914e-01
2.997997997998090493e-03
6.640654654654697175e+00
4.031022022022015427e+00
1.956149249249244093e+01
1.554778778778779724e+01
2.473220220220238463e+00
4.767837837837816672e-01
3.780316316316312264e+00
5.608670670670689695e+00
5.656396396396452531e-01
3.308665665665675437e+00
1.820130130130125923e-01
3.549508108108101112e+01
5.085885885886010094e-02
5.999999999999920328e-03
1.077057057057036193e-01
3.318858858858920735e-01
4.395997997998004614e+00
3.448316316316267560e+00
4.379231731731723443e+01
2.690910910910937481e-01
1.139814414414415111e+01
2.858052052052072245e+00
5.865365365365446393e-02
3.511722722722726786e+00
4.096181181181198561e+00
1.723883883883912116e-01
5.362425425425423775e+00
2.451851851851817865e-01
4.811339339339356869e+00
3.470805805805858402e+00
6.092872872872837631e-01
4.082101101101129892e+00
9.985485485485669221e-02
7.526192192192210584e+00
2.663102102102116842e+00
5.307607607607658234e-02
6.838188188188206063e+00
1.375191091091085482e+01
2.413185185185179549e+00
5.448959959959952748e+00
1.745314014014013182e+01
3.389992992992991727e+00
3.611421421421413536e-01
1.869129129129111222e-01
7.989989989990009533e-03
2.833933933933933669e-01
4.257915015015018412e+01
5.812714714714690700e+00
1.867358418418411929e+02
1.870820820820825459e-01
4.087753753753761821e+00
2.784955555555553985e+01
3.428234234234274425e+00
3.016806806806799912e-01
4.599609609609649041e+00
3.100107107107100468e+00
4.082082082082039154e-02
2.537956956956965993e+00
2.637093793793811614e+01
5.007358358358379391e+00
3.310380380380375520e-01
3.085145145145226642e-01
2.553254254254269551e+00
2.413003003002968105e-01
4.918364364364379959e+00
2.602712712712749732e-01
5.192816816816842262e+00
2.106310310310327338e+00
2.297567567567559532e+00
5.093112112112067713e+00
3.855617617617622006e+00
3.813131131131097362e+00
3.026656656656609434e-01
5.798523523523522627e+00
5.919350350350325307e+00
3.044983983983987397e+00
4.694965965965997690e+00
9.335435435435564255e-02
6.896379379379388830e+00
8.341141141141159010e-02
5.436818818818831112e+00
2.026216216216213950e-01
5.000917417417418420e+01
2.757525425425423649e+01
2.507406406406405441e+00
2.825285285285286663e-01
3.993993993993991652e-03
4.546821821821804832e+00
1.997997997998063584e-03
1.183268368368369572e+01
1.686966966966982340e-01
2.047517517517528085e-01
8.516796796796847202e-01
1.628695035035036369e+02
2.509939939939976328e-01
1.835297297297294739e+00
4.672092092091993942e-01
5.557995995995976379e+00
1.387253703703703422e+02
7.402581681681681403e+01
7.417323923923915174e+01
2.219606606606628230e+00
4.478121121121108494e+00
1.042457457457456105e+00
4.369909909910005275e-01
1.311748748748743409e+01
8.991991991991923894e-03
5.793603203203197438e+01
2.523705705705700186e+00
6.835850850850856197e+00
1.910696696696698282e+00
1.565248048048049334e+01
2.870291291291295011e+00
4.264864864864815336e-02
2.647921921921917221e+00
5.333079079079066531e+00
6.366376376376396529e+00
2.188704504504509174e+01
1.066066566566570195e+01
2.679050750750754517e+01
4.525863863863858860e+00
4.207069069069069300e+00
3.239150150150165164e+00
3.000191191191181606e+00
3.163374374374352982e+00
7.785285285285241386e-02
3.260610610610533144e-01
5.123194194194178763e+00
5.678029029028999197e+00
5.430493093093092938e+01
5.094036036036044379e+00
2.599540540540551170e+00
1.875541541541522195e+00
3.315839839839842540e+00
5.868539539539480820e+00
4.824784784784705294e-01
2.886116116116141939e-01
4.440590590590651199e-01
2.802767367367368223e+01
3.170638638638671125e+00
1.170554754754756388e+01
9.846692692692768034e+00
5.317819819819815663e+00
6.118818818818745620e-02
4.987987987988085591e-03
3.870956956956986161e+00
2.055339239239251015e+01
1.324817027027026768e+02
3.757880880880861252e+00
1.563990090090082496e+01
2.933072072072085312e+00
1.593639639639649941e+00
3.499755755755733500e+00
5.417005005004987161e+00
1.878957957957953084e+01
1.497777777777774544e-01
1.752359759759758617e+01
2.720850850850804470e-01
5.479779779779694188e-02
6.510157157157158814e+00
2.890720720720754700e-01
1.711931931931907347e-01
6.608718718718727736e+00
4.782856856856877670e+00
5.026462662662662240e+01
2.738793793793804277e+00
4.785660660660652432e+00
1.514104304304293258e+01
5.209400400400385323e+00
6.748368568568578496e+01
4.947501501501506027e+00
5.087457457457456478e+00
2.621801801801779686e-01
5.517691691691669398e+00
4.431516616616622883e+01
5.846933933933918581e+00
2.000000000000019991e-03
6.995455455455468652e+00
2.385664664664688850e+00
2.307922822822817466e+01
3.281031031031059753e-01
5.629535535535526769e+00
2.239799799799769564e-01
2.893525525525526110e+00
3.080099099099063764e+00
1.887429429429453576e+00
4.403973973973980272e+00
1.137767767767751542e-01
2.995201201201224794e+00
4.151271271271331775e-01
2.818478478478469995e-01
2.309328328328314139e+00
4.308278278278264040e+00
1.324834834834807129e-01
1.525715715715734444e-01
3.171333333333338445e+00
4.999589589589505945e-01
1.492592592592544704e-02
1.578978978978980152e-02
3.227701701701747528e+00
7.802308308308285589e+00
6.263909909909902041e+00
1.517707707707713627e-01
1.123000500500502241e+01
2.105288288288306831e+00
2.179580680680680516e+01
1.306644744744750675e+01
1.561156156156157238e+01
4.289745745745737082e+00
4.448510410410415261e+01
2.068009009009007748e+00
4.580705705705691244e+00
7.967967967968158163e-03
4.179221221221231630e+00
4.308556556556542461e+00
5.591953953953973766e+00
3.090730730730703035e-01
5.089340340340383406e+00
2.768974974974947045e+00
2.580300300300326088e-01
2.252139139139143431e+00
2.899290290290290617e+00
2.330600600600609695e-01
5.574773773773734398e+00
1.327147147147127171e-01
2.490120120120049574e-01
1.864544544544559090e-01
6.977977977977914588e-03
2.016024234234234598e+02
3.339336336336341304e+00
6.140982882882873639e+01
5.624634634634706476e-01
7.336484484484497415e+00
9.575289289289303341e+00
7.572895895895893403e+00
2.371631631631660742e-01
2.018788788788807853e+00
5.098498498498670040e-02
2.035608608608606218e+01
1.176926926926940148e-01
7.757045045045064313e+00
6.598973973974003648e+00
7.099799799799876021e-02
2.938138138138143285e-01
3.411201201201116140e-01
1.254604604604602769e-01
3.938238238238246924e-01
5.113513513513451986e-02
4.832812812812857239e-01
2.669108108108111388e+00
7.543164164164154251e+00
1.094843213213212607e+02
2.918628628628637811e-01
2.189849849849826446e-01
3.759259259259262881e-02
3.906616616616552240e-01
1.754014014014005640e-01
4.770513513513523485e+00
1.604264264264256279e-01
2.996251251251216718e+00
4.374524524524521785e-01
3.925644644644633807e+00
2.526809809809809515e+00
2.850745445445443593e+01
7.494249249249255840e+00
3.319119119119071093e-02
1.711101101101115962e-01
3.192437437437412484e+00
4.321215215215248762e+00
3.401912912912936626e+00
7.403712712712680499e+00
2.167347347347382269e-01
3.132548248248249578e+01
1.038721981981983191e+02
2.940027027026989259e+00
3.447427427427386948e-01
3.199226226226215442e+00
4.416719719719714554e+00
5.474385385385381220e+00
3.345183183183213949e+00
2.372412412412347738e-01
4.253021021021049286e+00
1.192550650650649935e+01
4.204350350350332555e+00
7.098536536536528274e+00
9.997562662662660671e+01
3.567778778778776694e+00
1.278351731731733310e+02
3.287402402402438639e+00
3.421011011010985925e+00
1.684540240240242071e+01
4.193695695695740078e+00
3.880512512512493739e+00
1.487787787787812899e-02
1.483105005005007371e+01
4.907587587587659006e-01
1.966120120120133707e+00
8.967510110110114852e+01
6.673849849849804450e+00
9.644580780780769658e+01
6.547345345345379819e+00
3.619369369369422329e-01
6.379993993993935852e+00
5.207377377377392591e+00
6.582643643643599773e+00
2.994304304304298836e-01
3.185865865865811775e-01
1.319714494494494943e+02
9.718700700700690476e+00
2.428500800800800263e+01
1.399159159159180099e-01
1.734145145145163269e+00
2.371889889889875036e+00
1.671809009009006530e+01
1.514864864864843008e-01
2.084724724724713318e-01
1.391391391391364266e-02
9.942809809809810773e+00
4.306397397397398130e+00
3.842062062062109318e-01
3.697479579579580644e+01
1.509487487487505053e+00
3.606756756756800963e-01
2.689069069069048301e-01
5.000883883883920689e+00
7.324418418418420451e+00
1.389209949949950271e+02
1.841477277277282454e+01
1.361841841841839595e-01
2.941741741741758440e-02
3.994464464464527187e-01
1.646706106106106304e+01
5.267453453453459389e+00
2.000000000000014787e-03
7.753983983983890882e-01
4.530992992993049029e+00
3.980966966966930087e+00
3.084927927927938907e+00
5.351276276276267119e+00
8.405053053053057610e+00
5.711435435435419095e+00
5.123950950950964867e+00
1.492202202202199401e-01
8.979979979979804683e-03
5.747433433433481120e+00
6.055895895895802017e-01
5.985985985986102750e-03
5.284544544544513833e-01
3.135805805805843560e-01
7.653393393393483901e-01
6.521689689689632807e+00
4.548076076076057461e+00
2.569628628628625400e+00
3.565085085085048511e-01
2.179579579579611279e-02
4.531391391391511037e-01
1.046152052052050330e+01
5.188594594594583498e+00
9.828842842842833605e+00
2.951497497497496791e+00
1.637290290290295269e+00
2.670700700700676222e+00
3.594049049049013789e+00
6.276673673673652587e+00
1.466357177177177959e+02
4.415833833833747946e+00
3.599970970970959971e+00
7.524624624624621783e-01
6.267410410410408694e+00
1.563790890890892626e+01
2.928946946946972218e+00
6.660410410410378956e-01
1.684784784784755518e-02
4.058549549549606006e+00
2.276214214214229425e+00
7.083713713713733817e+00
3.132722722722695030e-01
1.464624624624636939e-01
2.236616616616586284e-01
4.618517517517495286e+00
1.000480480480498008e-01
2.824324324324347171e-02
2.650056056056070197e+00
3.662066266266277381e+01
6.464326326326337302e+00
5.071918918918909469e+01
1.066856856856848446e-01
4.816876876876757252e-01
5.073252252252236083e+00
2.446716716716672846e-01
5.846051051051059488e+00
5.374388388388394944e+00
7.967967967968055815e-03
7.569872872872862146e+00
1.085312532532534249e+02
1.907778778778762119e+00
3.986940940940955969e+00
1.798768568568569037e+01
4.905332332332338119e+00
4.012191191191181616e+00
6.167242242242281236e+00
1.049439439439451283e-01
1.252271271271283126e+00
1.069735535535539839e+01
4.889639639639684621e-01
8.636962962962980939e+00
4.517251251251312993e+00
1.512047547547548021e+01
8.942942942943045426e-02
5.138065065065037018e+00
3.508098098098069162e-01
6.910450450450419391e-01
1.660654854854852047e+01
8.199929029029023297e+01
2.202040940940943159e+01
1.354191191191182808e+00
1.866266266266241869e-01
3.426773173173171472e+01
3.475517517517509258e+00
5.104094094094182577e-01
5.569587687687680244e+01
2.871501501501519282e+00
2.718668668668660637e-01
4.446084084084080068e+00
4.794692692692669844e+00
1.349579579579574806e-01
5.175194194194180142e+00
1.896736736736754914e-01
7.750916916916964716e+00
2.261361361361343206e-02
4.472634634634619744e+00
2.304646646646621555e+00
1.761401401401409550e-01
3.046493193193193250e+01
1.916396396396369828e-01
1.788163263263264469e+01
3.116827827827806985e+00
2.619289289289356004e-01
5.905628628628635468e+00
4.987987987988014467e-03
7.428569569569578590e+00
2.104238238238225644e+00
2.702466166166167909e+02
4.229773773773777279e+00
4.000965965965961857e+01
2.630691291291291378e+01
4.202511511511509035e+00
1.905055055055046853e-01
4.513727727727726347e+00
8.087318318318363453e+00
4.309087087087104528e+00
6.108879879879893338e+00
2.790540540540497050e-01
5.971559859859860353e+01
2.378789789789794717e+00
2.263053053053091790e-01
6.916862862862847905e+00
3.788921921921931446e+00
3.762792792792761798e-01
1.641848858858858762e+02
7.072831831831829064e+00
3.186333333333336792e+00
1.083732332332328774e+01
5.139487487487485851e+00
5.075564364364363712e+01
1.152882882882890758e-01
1.420520520520499319e-01
4.232014014014050751e+00
2.759646646646666035e+00
1.548601661661658113e+02
5.634028028028042812e+00
2.967447447447432718e-01
3.465124124124097538e+00
6.521680680680611353e+00
3.480880880880874578e-02
1.997244744744743628e+01
1.458811481481480996e+02
2.815866866866869156e+00
4.374354354354277885e-01
3.719099099099064665e-01
2.088765865865862636e+01
2.085795795795764851e-01
1.921336076076073596e+02
1.296406406406382383e-01
8.537327327327449700e-01
1.477067067067066031e-01
5.579409409409420206e+00
3.075705705705660264e-01
1.337787787787799165e-01
3.115714714714705735e+00
3.778528528528473651e-01
1.100703563563561715e+02
2.951501501501491709e-01
4.188879879879871204e+00
3.431651651651700941e-01
2.830770770770810740e-01
2.834525525525502854e+00
6.106105105105108066e+00
4.710690690690758631e-01
1.180921121121118844e+01
2.153253253253224753e-01
5.220407407407398281e+00
3.545920920920961894e+00
1.307713113113122105e+01
4.856075075075073855e+00
1.048481581581581956e+01
1.890521521521517423e+00
1.041071071071056758e-01
2.489358358358367607e+00
3.100130130130127615e-01
6.320660660660706309e-01
1.838376086086085763e+02
1.793994334334333303e+02
2.532145145145151321e+00
4.285045045045135503e-01
3.298047047047010683e+00
1.791944084084083784e+02
5.717240240240233362e+00
5.849119119119119858e+00
7.031561561561501250e-01
4.401168168168173800e+00
4.636476476476587005e-01
4.742144144144141649e+00
2.244150820820821650e+02
4.102952952953025090e-01
2.454914914914860802e-01
7.771195195195216954e+00
1.248557107107108095e+02
3.511142142142160694e+00
6.352178178178125911e+00
2.302042042042069525e-01
1.313470070070070328e+01
3.032102102102093300e-01
4.483583583583650861e-02
2.571271271271248215e-01
7.151279579579572498e+01
1.347722822822828981e+01
2.789302612612613643e+02
8.787087087087153137e-02
7.052412412412464304e-01
5.157748748748790746e+00
3.206757757757774385e+00
2.049789789789760730e-01
3.763232232232218699e+00
4.701848848848849904e+00
3.887967967968045668e-01
3.333036136136136918e+01
9.301901901901767078e-02
5.199409409409309069e-01
6.493788788788863897e+00
1.334084084084078969e-01
3.611751751751803852e-01
3.120949949949920033e+00
4.633056056056097383e+00
3.300710810810809903e+01
1.894352352352377755e+00
3.897877877877863328e-01
5.070448448448473755e+00
4.570680680680624941e-01
3.600734734734726938e+00
1.359090090090104841e+00
1.000000000000013031e-03
2.742871571571572531e+01
2.568518518518483340e-01
2.539789789789814733e-01
4.844744744744727827e-02
3.487357357357285803e-01
7.734934934934989403e-02
3.696495495495497163e+00
2.873873873873824536e-01
8.528178178178053015e-01
1.872832832832860839e-01
4.244275275275287029e+00
3.297580580580585341e+00
7.049109109109100935e+00
4.870393393393390724e+00
7.566502502502493677e+00
7.377900900900862702e+00
6.645125725725722532e+01
1.956899689689688273e+02
5.909883883883875200e+00
3.566186186186240725e+00
3.213875775775773747e+01
2.710200200200220677e-01
1.175723423423417735e+01
7.537837837838008703e-02
1.420642942942950882e+01
3.241681681681686911e+00
1.388788788788778740e-02
4.404156156156206592e+00
3.516946946946985508e-01
7.074074074074038210e-02
1.530735835835843872e+01
1.122617627627625723e+02
3.905165165165247476e-01
3.128471471471437670e+00
4.728272272272264765e+00
1.019656356356349747e+01
3.120139139139143314e+00
3.924599599599613686e+00
5.414154154154099396e-01
4.134645645645645295e+00
2.034984984984944401e-01
3.667698698698708348e+00
8.573802802802822143e+00
2.761795795795802810e+00
4.835881881881912925e+00
6.825665665665692217e-01
2.918658658658642158e-01
5.398835835835838814e+00
3.650930930930931240e-01
1.612597197197198540e+01
1.285556556556558938e+01
2.793988988988973521e+00
1.219037837837835703e+01
1.739919919919926394e-01
5.044194194194299152e-01
3.341291291291376697e-01
3.087814814814815900e+00
7.184376376376381046e+00
1.662412412412371809e-01
4.809527527527500013e+00
4.781872872872873437e+00
1.964217517517515432e+02
2.387377377377353227e-01
2.235344044044051515e+01
3.026096096096083654e-01
6.295625625625665966e-01
2.218886786786789145e+01
8.148995995995962360e+00
4.136607607607586168e+00
3.658658658658696661e-01
1.182020290290289637e+02
9.573799799799752819e+00
5.340409409409350161e+00
3.844874874874857906e-01
4.072022022022093735e-01
1.756964964964968789e+00
7.159540540540510811e+00
1.756885285285288489e+01
5.113513513513435332e-02
1.887147147147173187e-01
2.212635635635657128e+00
2.604198198198185654e+00
5.642085085085067675e+00
1.484532432432431648e+01
6.461658658658648413e+00
4.766572572572587596e+00
6.561421421421501643e-01
1.186786786786780609e-02
1.146376376376363332e-01
6.601432432432435604e+00
5.691274274274237044e+00
6.712821821821810531e+00
2.801271271271277841e-01
7.286644644644629132e+00
2.279635835835832225e+01
4.428648648648572661e-01
6.666126526526524287e+01
6.728547547547524488e+00
8.721951951951966819e+00
3.507627627627641687e+00
1.722712112112112948e+01
5.493507507507491283e+00
3.100700700700727980e-02
3.325164164164140512e+00
8.192568568568539433e+00
3.118138138138079052e-01
4.958013013013070847e+00
2.323162162162162314e+00
7.620870270270260960e+01
1.443461661661663875e+01
3.444175175175163695e+00
3.139525525525536764e+00
2.158228228228276369e-01
2.679779779779792870e-01
1.286076076076044794e-01
4.553253253253283783e-01
3.909484484484476940e+00
8.900280280280249423e-01
7.496776776776752360e-01
4.685465465465494361e+00
3.181540940940941908e+01
5.411196996996990549e+01
2.676763763763760462e+00
2.629729729729766291e-02
1.976526526526527772e-01
4.071269869869867364e+01
2.541700700700711302e+00
5.126397397397373545e+00
6.099769769769785022e+00
1.009749749749734721e-01
2.104378378378366055e+00
2.640150150150173403e-01
1.412352352352323481e-01
4.330299799799789184e+01
4.985591591591603589e+00
5.191794794794819978e+00
4.447357357357443197e-01
5.891480480480487003e+00
3.960240240240275322e-01
6.349155155155141728e+00
1.370079079079081019e+01
3.653255255255289047e+00
3.426345345345371829e+00
1.650990990991029195e-01
5.456363363363300856e+00
2.904862162162160644e+01
4.852526526526543371e+00
2.508498498498496154e+00
2.392592592592605524e-02
3.366196196196130641e-01
2.961027027027023362e+00
7.979448448448446918e+00
2.567126126126125563e+00
2.388298298298356381e-01
1.388037537537540267e+01
1.215268418418419003e+02
7.772019019018999941e+00
9.918909909909910283e+00
1.082493093093095560e+01
2.025543543543510072e+00
2.631981981981927898e-01
1.357011521521521615e+02
1.146768488488484365e+02
3.144784784784813159e+00
2.957352352352320413e+00
7.611449449449453120e+00
4.491525525525516649e+00
4.507456456456462313e+00
1.941739739739734016e+00
6.969969969969879060e-03
1.971171171171167691e-01
3.696350350350323222e+00
3.583040140140136742e+01
5.686384384384371771e+00
8.862064164164172553e+01
3.861320420420414479e+01
2.282034234234232528e+01
2.128699699699726722e+00
2.809659659659636821e-01
5.486792792792781981e+00
3.581689689689677714e+00
8.231231231231388168e-02
1.445586356356353690e+02
1.509474474474488792e+00
2.036236236236232955e+00
1.926001001000994028e+00
5.436719719719707911e+00
2.602592592592615883e+00
5.539169169169172235e+00
1.022643043043044209e+01
2.166996996996996827e-01
3.247547547547557228e-02
9.631016416416439085e+01
3.702581581581568138e+00
9.405671871871862777e+01
3.889949949949915164e-01
4.141631631631631727e+00
2.262162162162136350e-02
5.887945045045049142e+01
0.000000000000000000e+00
2.140818818818815927e+01
2.249349349349377691e-02
5.816186186186170781e-01
5.901128828828835537e+01
4.393807807807782240e+00
4.768262262262263462e+00
1.597132382382382048e+02
6.641691691691715249e+00
7.049135135135113472e+00
2.963663663663594905e-01
4.407219219219215667e+00
1.438618618618649203e-01
5.576682682682648107e+00
4.376784284284286741e+01
3.505955955955982195e-01
5.137856856856862464e+01
2.070526646646646327e+02
3.882178178178164352e+00
1.192192192192210835e-02
6.001703703703685555e+00
9.518305705705699893e+01
8.942508508508410614e+00
2.652112112112065656e+00
1.217221321321321028e+02
8.483183183183215514e-02
2.631097097097117921e+00
1.572892892892866767e-01
4.355505505505506414e-01
1.235444114114114740e+02
2.415005005005025074e-01
1.593411511511514789e+01
1.175392492492491137e+01
4.844334334334335246e+00
2.512541541541541967e+00
3.721981981981951626e-01
5.474734734734655328e-01
2.149837837837864196e+00
1.300433533533528951e+01
5.088428428428434458e+00
5.060311311311306071e+00
1.940250250250292186e-01
1.864143143143139891e+00
2.769748148148149625e+01
8.220562062062053599e+01
3.107074074074055225e+00
1.794713713713719017e+00
6.634807807807789004e+00
1.556756756756756677e-01
1.620016636636635212e+02
4.499446446446468961e+00
2.421505505505503031e+00
9.315034034034042065e+00
2.632547547547554601e+00
4.080108108108126075e+00
9.058500500500503705e+00
2.277547547547527917e-01
4.719069069069011801e-01
4.656956956956869592e-02
5.628728728728668029e-01
7.340095095095112931e+00
1.799464524524525473e+02
1.645868238238242327e+02
4.667561561561545780e+00
3.435865865865904700e-01
4.562217217217215293e+00
3.705236236236226777e+00
5.635950950950961769e+00
3.328918918918917225e-01
6.351780780780730495e+00
1.006786786786799254e-01
9.399331331331362449e+00
4.628066066066066853e+00
4.332714714714700044e+00
3.153470470470476794e+00
8.068529529529417488e+00
4.219809809809867973e-01
1.969789129129131595e+02
4.637632632632628038e+00
1.925462462462461133e+01
4.142721721721756900e+00
6.124919919919936895e+00
3.350752752752757413e+00
4.403442442442434768e+00
3.048275275275281970e+00
2.109092792792790405e+01
3.580089089089090848e+00
4.521118118118111262e+00
5.690904904904924066e+00
1.855355355355371716e-01
7.139139139139135670e-01
1.480975975975971304e+00
6.365972972972913979e+00
4.554804804804819085e+00
8.463063063063039237e+00
2.520310310310246993e-01
1.613573573573575670e-01
3.526526526526555516e-01
4.889889889890051966e-02
1.630286286286288133e+00
1.263373373373392616e-01
5.262252252252247464e-01
4.518352352352348333e+00
5.657574574574625537e+00
2.153343343343391003e-01
2.400550550550568374e-01
1.913855255255257504e+01
3.164095095095093235e+00
2.961656656656656139e+01
1.441911911911930022e-01
4.664564564564454424e-02
5.591180180180208126e+00
2.819099099099082184e-01
9.843443443443329610e-02
2.815143143143149285e+00
1.145573873873876991e+01
1.310860860860870447e-01
4.930967967967979426e+00
5.144574574574575898e+00
7.433655655655680761e+00
2.258528528528546131e-01
4.260580580580564103e-01
