1.165631631631627529e+00
7.916546546546436858e-01
0.000000000000000000e+00
5.942842842842849249e-01
1.394097097097082516e+00
5.813083083083016023e-01
2.320070070070099910e-01
7.684504504504509059e-01
2.346096096096096095e-01
7.500890890890897778e-01
2.335766866866867275e+01
1.276276276276304966e-01
0.000000000000000000e+00
4.204914914914883450e-01
6.103273273273321919e-01
2.101472472472475594e+00
2.993993993994000305e-03
2.993993993993999004e-03
1.291892892892895617e+01
5.194704704704734555e-01
0.000000000000000000e+00
3.910780780780822585e-01
9.456206206206146936e-01
2.167277277277313563e-01
0.000000000000000000e+00
0.000000000000000000e+00
8.505245245245185437e-01
2.000000000000007414e-03
0.000000000000000000e+00
6.805065065065000196e-01
1.978697697697701985e+00
4.135635635635606655e-02
2.221561561561527232e-01
3.578368368368413099e-01
7.997247247247321056e-01
7.192102102102071459e-01
2.485952552552551609e+01
1.252267267267268025e+01
2.275105105105145742e-01
9.564334334334311238e-01
3.597791791791757010e+00
5.028268268268178964e-01
9.145675675675737359e-01
6.530840840840851369e-01
8.520830830830867786e-01
0.000000000000000000e+00
3.924514514514601538e-01
0.000000000000000000e+00
1.006388388388403943e+00
5.411907907907900217e+00
7.786176176176125008e-01
1.000000000000010863e-03
3.935835835835880397e-02
3.230070070070040766e-01
1.011861861861847567e+00
2.252242242242198655e-01
7.737877877877888944e-01
2.743163163163119256e-01
1.633508508508502821e+00
7.052802802802798920e-01
1.523294294294294104e+01
4.943393393393483715e-01
1.050577677677674515e+01
0.000000000000000000e+00
6.472622622622640209e-01
8.955955955956074535e-03
1.872003003002998378e+00
6.940720720720855441e-01
2.501691691691654285e-01
2.629729729729752066e-02
1.092706706706705111e+00
1.997997997998012410e-03
8.812592592592644047e-01
1.081160160160162365e+00
2.275375375375343623e-02
1.584379479479476949e+01
7.311771771771824469e-01
7.522102102102090626e-01
9.802429429429436070e+00
3.085315315315244056e-01
6.260770770770683891e-01
6.562632632632647844e-01
2.937937937937940350e-02
1.896382382382376441e+00
1.555773773773757584e+00
1.031097097097113169e+00
5.313343343343336356e-01
9.647007007007013524e-01
4.332802802802807607e-01
2.181771771771752744e-01
8.955955955956005146e-03
5.927257257257270151e-01
2.363763763763722034e-02
8.868858858859012262e-01
6.917747747747743370e-01
4.448798798798807019e-01
8.907017017017039295e-01
7.942292292292227884e-01
5.073103103103016043e-01
1.784033033033029625e+01
1.348511511511499172e+00
0.000000000000000000e+00
1.769369369369410208e-02
4.514167167167181915e+00
2.408318318318348195e-01
7.556836836836814397e-01
4.665865865865771456e-01
3.300490490490494144e-01
2.468828828828868449e-01
9.875055055055116382e-01
2.457687687687732936e-01
8.927927927927944984e-03
1.997997997997999833e-03
1.160725725725709978e+00
8.541881881881767669e-01
2.734734734734681552e-02
0.000000000000000000e+00
1.127837837837844415e+00
6.809949949950044878e-01
2.904450450450461574e+00
2.143809809809816613e+00
4.021651651651602655e-01
1.683673673673700133e-01
5.668648648648555444e-01
8.330140140140189775e-01
2.828388388388416996e-01
7.158268268268322965e-01
2.249349349349378732e-02
4.146025025025044108e+00
0.000000000000000000e+00
0.000000000000000000e+00
0.000000000000000000e+00
1.000000000000012814e-03
7.778088088087978802e-01
5.821521521521523246e-01
5.688366366366325089e+00
2.482232232232262081e-01
1.526905905905921568e+00
6.554864864864869967e-01
0.000000000000000000e+00
5.674194194194112084e-01
7.152552552552609022e-01
0.000000000000000000e+00
8.690890890890856646e-01
2.233273273273255199e-01
7.906256256256206649e-01
5.826756756756741318e-01
2.365105105105075045e-01
6.609549549549516012e-01
2.993993993994003341e-03
1.101627627627645101e+00
6.989459459459415047e-01
0.000000000000000000e+00
9.831891891891822999e-01
2.092388388388410014e+00
5.896396396396350603e-01
9.129819819819844362e-01
2.272803803803812528e+00
5.801361361361307978e-01
2.734734734734697859e-02
2.439939939939880093e-02
0.000000000000000000e+00
9.248348348348392478e-02
4.733923923923923915e+00
8.816616616616503865e-01
2.134560460460464171e+01
1.381781781781788593e-02
7.521281281281282372e-01
3.477639639639654501e+00
7.250400400400391909e-01
4.027627627627683449e-02
7.319509509509543044e-01
5.405305305305239116e-01
0.000000000000000000e+00
3.102962962962975690e-01
3.230185185185182384e+00
7.345685685685753308e-01
7.702102102102126313e-02
3.380880880880798162e-02
4.795725725725658584e-01
8.927927927927950189e-03
9.022322322322359200e-01
9.864064064064173576e-02
8.831781781781768981e-01
1.531721721721719387e-01
5.303813813813775813e-01
8.427547547547487028e-01
5.182372372372425762e-01
5.889749749749675356e-01
1.365675675675690759e-01
8.356216216216323378e-01
1.003634634634636758e+00
6.673783783783854284e-01
8.054794794794806201e-01
1.000000000000000238e-03
1.125429429429422479e+00
0.000000000000000000e+00
8.777217217217218037e-01
0.000000000000000000e+00
7.135398398398382191e+00
3.713885885885912508e+00
6.466736736736745650e-01
7.498198198198256781e-02
0.000000000000000000e+00
8.014764764764760185e-01
0.000000000000000000e+00
1.444435435435414972e+00
1.000000000000002623e-03
8.927927927927950189e-03
2.029299299299264503e-01
1.888540340340347257e+01
2.483123123123119613e-01
1.646186186186189560e-01
3.162262262262232060e-01
9.210070070070217607e-01
1.682982382382385111e+01
8.554365365365343976e+00
8.776450450450404617e+00
2.913823823823789017e-01
6.775515515515506682e-01
4.830550550550493094e-01
2.460050050050069381e-01
1.768390390390411016e+00
0.000000000000000000e+00
6.800223223223206048e+00
6.065815815815839285e-01
1.000046046046042747e+00
3.913223223223274427e-01
2.282012012012001545e+00
5.455285285285228492e-01
0.000000000000000000e+00
3.549029029029076576e-01
8.614124124124139525e-01
9.028518518518577896e-01
2.926133133133156150e+00
1.447182182182191745e+00
3.199713713713713936e+00
7.614094094094072673e-01
6.899349349349410687e-01
4.690870870870812448e-01
5.640790790790787268e-01
4.973643643643671508e-01
0.000000000000000000e+00
1.619529529529528944e-01
8.269049049049064237e-01
9.420430430430415392e-01
6.607457457457408978e+00
7.047627627627625069e-01
3.555865865865786568e-01
5.286726726726794778e-01
7.542412412412481393e-01
8.931311311311362910e-01
1.412682682682668833e-01
1.478978978979005043e-02
2.209799799799757880e-01
3.565879879879881642e+00
5.067007007006948394e-01
1.649523523523551027e+00
1.375733733733742969e+00
8.786926926927024484e-01
0.000000000000000000e+00
0.000000000000000000e+00
6.229379379379450521e-01
2.842634634634630952e+00
1.531249049049047350e+01
7.055495495495429648e-01
2.210999999999998522e+00
6.255665665665641750e-01
3.755865865865828934e-01
6.288238238238277322e-01
7.944204204204042830e-01
2.413577577577565858e+00
0.000000000000000000e+00
2.515979979979992009e+00
0.000000000000000000e+00
1.997997997998008941e-03
1.037427427427420890e+00
9.799799799799870093e-02
1.997997997998038431e-03
1.101464464464467996e+00
7.944684684684570897e-01
5.606292292292277324e+00
6.376536536536523414e-01
6.525455455455482223e-01
2.052983983983999394e+00
8.808768768768886481e-01
8.460159159159086784e+00
8.226036036035911936e-01
8.575045045045079917e-01
2.426736736736707645e-01
8.075065065065065717e-01
5.416554554554567247e+00
9.787687687687852689e-01
0.000000000000000000e+00
1.040867867867867336e+00
6.361511511511679373e-01
2.712586586586596127e+00
3.018518518518450988e-02
8.605235235235183522e-01
1.034144144144158312e-01
6.836146146146121483e-01
6.423893893893837248e-01
4.261171171171085348e-01
6.370150150150023505e-01
0.000000000000000000e+00
7.092602602602727790e-01
5.034534534534498840e-02
2.277277277277320322e-01
7.092192192192169342e-01
6.608808808808802615e-01
1.000000000000012814e-03
1.997997997998016313e-03
7.563943943943862713e-01
4.658258258258362039e-01
0.000000000000000000e+00
0.000000000000000000e+00
6.468568568568631161e-01
1.048756756756763497e+00
9.354664664664831264e-01
0.000000000000000000e+00
1.472914914914905449e+00
3.053823823823890171e-01
2.730692692692685331e+00
1.703454454454438771e+00
2.363517517517501165e+00
6.985405405405488155e-01
5.506377377377406290e+00
6.766546546546523544e-01
7.010480480480316690e-01
0.000000000000000000e+00
7.050850850850914897e-01
7.818518518518461358e-01
8.875985985986004634e-01
1.672772772772778208e-02
8.617847847847913689e-01
3.703533533533563959e-01
1.212402402402407292e-01
5.583603603603539689e-01
5.124114114114091123e-01
1.146906906906916268e-01
8.962552552552506269e-01
0.000000000000000000e+00
3.006906906906892454e-02
2.818718718718788915e-02
0.000000000000000000e+00
2.285327627627626157e+01
6.743253253253244095e-01
7.441840840840848514e+00
3.067217217217184655e-01
1.032188188188186473e+00
1.317236236236231539e+00
1.118609609609613864e+00
5.969969969969913734e-03
4.469659659659710460e-01
1.193793793793771450e-02
2.708761761761755871e+00
1.997997997997979017e-03
1.202665665665671790e+00
9.267007007006988761e-01
0.000000000000000000e+00
1.405795795795815872e-01
4.301801801801778680e-02
0.000000000000000000e+00
1.683033033033036474e-01
0.000000000000000000e+00
4.001261261261315760e-01
3.966726726726702013e-01
1.128469469469467024e+00
1.371038138138134777e+01
2.044084084084063224e-01
9.406906906907017141e-02
0.000000000000000000e+00
2.042552552552515666e-01
1.997997997997987690e-03
8.211711711711732198e-01
1.000000000000018235e-03
7.079549549549606358e-01
2.487277277277258614e-01
7.488418418418349987e-01
5.892882882882851669e-01
3.670025025024981069e+00
9.593013013013038659e-01
0.000000000000000000e+00
3.987987987988039600e-03
6.029739739739634619e-01
6.233423423423298804e-01
4.671491491491541748e-01
1.102860860860868986e+00
6.688288288288245231e-02
3.840565565565580819e+00
1.177466066066067185e+01
6.093553553553517910e-01
2.018018018017979365e-01
5.602162162162159786e-01
7.262052052052013762e-01
8.930480480480479377e-01
6.523383383383346557e-01
1.706466466466435294e-01
7.686396396396311115e-01
1.575569569569582828e+00
7.550370370370451667e-01
9.260920920920815425e-01
1.148136836836835961e+01
4.723383383383447098e-01
1.555010110110105970e+01
7.385655655655815055e-01
5.396146146146113542e-01
2.282653653653650583e+00
7.371911911911944726e-01
7.551761761761885960e-01
0.000000000000000000e+00
1.738788788788798056e+00
1.656236236236219017e-01
6.472542542542689681e-01
1.004508008008014563e+01
1.123182182182186351e+00
1.164483583583580639e+01
9.790490490490398878e-01
1.541811811811839572e-01
1.061035035035029495e+00
7.796296296296253425e-01
9.495485485485426480e-01
1.186786786786801252e-02
2.394234234234256520e-01
1.603701901901897742e+01
1.317403403403405671e+00
2.928903903903887329e+00
3.987987987988031793e-03
6.498648648648644999e-01
4.559619619619547648e-01
2.106261261261266338e+00
1.000000000000010212e-03
7.114214214214267806e-02
0.000000000000000000e+00
1.424582582582585299e+00
7.817087087087102315e-01
1.285105105105135148e-01
4.668214214214202684e+00
4.599849849849819705e-01
1.388388388388377657e-02
2.417777777777788684e-01
8.495635635635745420e-01
1.116433433433418942e+00
1.638913913913915010e+01
2.625176176176180931e+00
0.000000000000000000e+00
0.000000000000000000e+00
1.335975975975981778e-01
2.298327327327322589e+00
9.430540540540529593e-01
0.000000000000000000e+00
4.245265265265250054e-01
7.059009009008980762e-01
7.162552552552557961e-01
5.727747747747700124e-01
9.078378378378240132e-01
1.221228228228222745e+00
9.240710710710627884e-01
8.068408408408571653e-01
0.000000000000000000e+00
0.000000000000000000e+00
9.133563563563630305e-01
8.664064064063949078e-02
0.000000000000000000e+00
2.133923923923877197e-01
1.607597597597625327e-01
1.326036036036051802e-01
9.572042042041939425e-01
8.209509509509509417e-01
7.446056056055974093e-01
2.148708708708758630e-01
0.000000000000000000e+00
2.688518518518485112e-01
1.607007007006999055e+00
9.042212212212142886e-01
1.465795795795775458e+00
4.359669669669606340e-01
3.545135135135177307e-01
3.456436436436444715e-01
7.339289289289308016e-01
9.416846846846951280e-01
1.758596096096105299e+01
7.634704704704671219e-01
6.657717717717737127e-01
5.271651651651710901e-01
9.362622622622557289e-01
2.075695695695704668e+00
4.573423423423350065e-01
3.792612612612569767e-01
0.000000000000000000e+00
7.991561561561408844e-01
3.102902902902928139e-01
1.107926926926926070e+00
1.944984984984952092e-01
4.979979979979971133e-03
3.987987987988026589e-03
7.534434434434393868e-01
2.993993993994003341e-03
0.000000000000000000e+00
4.552472472472358644e-01
5.037223223223185720e+00
1.031666666666663845e+00
5.774193193193212892e+00
0.000000000000000000e+00
1.991231231231200827e-01
8.741971971972009037e-01
4.987987987987995385e-03
9.396256256256303452e-01
9.253273273273320276e-01
0.000000000000000000e+00
1.148378378378386300e+00
1.271635035035036410e+01
4.302642642642689474e-01
7.467367367367352404e-01
2.354497497497502589e+00
8.505565565565541553e-01
7.717017017016950531e-01
9.234624624624488964e-01
0.000000000000000000e+00
5.067527527527554421e-01
1.493072072072072709e+00
3.914554554554605104e-01
1.348247247247235103e+00
7.449789789789844630e-01
2.202348348348347251e+00
0.000000000000000000e+00
7.739149149149066043e-01
5.469069069068974165e-02
6.573583583583526568e-01
2.259826826826842883e+00
9.139760760760763603e+00
2.775405405405388048e+00
3.303013013013043619e-01
0.000000000000000000e+00
4.272301301301301812e+00
7.546796796796925166e-01
3.808888888888880553e-01
6.990451451451455078e+00
6.677077077077047118e-01
2.439939939939903685e-02
8.291861861861823391e-01
8.325385385385324355e-01
0.000000000000000000e+00
8.729549549549597831e-01
3.006906906906892454e-02
1.075349349349351336e+00
0.000000000000000000e+00
7.665885885885922457e-01
5.787917917917850819e-01
1.997997997998035395e-03
3.967369369369366794e+00
4.119219219219177192e-02
2.256259259259268735e+00
7.259439439439320241e-01
9.564664664664589144e-02
8.877167167167063777e-01
0.000000000000000000e+00
1.166772772772779687e+00
4.198818818818848553e-01
3.109401301301300791e+01
7.301671671671687847e-01
5.026636636636617972e+00
3.210306306306330626e+00
7.667877877878055415e-01
1.000000000000007610e-03
7.157187187187111777e-01
1.092768768768767496e+00
7.349879879879883671e-01
9.794344344344402264e-01
2.216606606606592589e-01
8.319989989990011381e+00
7.005945945945906139e-01
8.928828828828744291e-02
1.038619619619620238e+00
7.454324324324348439e-01
6.295795795795633421e-02
2.098531931931929861e+01
1.029460460460445814e+00
6.218688688688569499e-01
1.504184184184170991e+00
7.755335335335390434e-01
6.001419419419427470e+00
0.000000000000000000e+00
1.000000000000007610e-03
7.675895895895942234e-01
3.430900900900878403e-01
1.631823323323319741e+01
8.562282282282239754e-01
2.157957957957973988e-02
6.148338338338327214e-01
9.207197197197335425e-01
0.000000000000000000e+00
2.493079079079063121e+00
1.748359759759756216e+01
5.926986986987007322e-01
2.153823823823799721e-01
1.525555555555550280e-01
2.839039039039067180e+00
5.380480480480453326e-02
2.236781281281285061e+01
0.000000000000000000e+00
6.330480480480525918e-01
0.000000000000000000e+00
8.483883883884011379e-01
2.489529529529506402e-01
0.000000000000000000e+00
7.228328328328386121e-01
1.972972972972960870e-01
1.352049149149151930e+01
2.410250250250278448e-01
7.126776776776695410e-01
2.501691691691654285e-01
1.717717717717691939e-01
4.585855855855764385e-01
9.340930930930857468e-01
1.985855855855893914e-01
1.574024024024025081e+00
1.000000000000005008e-03
8.466146146146242835e-01
7.666376376376344837e-01
1.845416416416424177e+00
7.297427427427477520e-01
1.331339339339329797e+00
7.301691691691851727e-01
1.000000000000010429e-03
5.984254254254268712e-01
4.664564564564455118e-02
2.955225225225167063e-01
1.857825225225224841e+01
2.249247047047040837e+01
6.058718718718655305e-01
8.433033033033149328e-02
6.990790790790870624e-01
2.110973573573568984e+01
9.673543543543466905e-01
9.159039039038826546e-01
2.581591591591629320e-01
7.874634634634575248e-01
1.569709709709708190e-01
8.246226226226200939e-01
2.695410210210208035e+01
1.769039039039006778e-01
2.993993993993999871e-03
1.103034034034036104e+00
1.525239639639640998e+01
5.766136136136055246e-01
9.718628628628732669e-01
1.432142142142133201e-01
1.815681681681678317e+00
1.540540540540569214e-01
0.000000000000000000e+00
1.534324324324308764e-01
8.243709709709751365e+00
1.849413413413395268e+00
3.191805305305303975e+01
0.000000000000000000e+00
4.726906906906845340e-01
7.526036036035989030e-01
5.792332332332317257e-01
5.733633633633570398e-02
7.162902902902803515e-01
7.557147147147176280e-01
1.775355355355385523e-01
4.103071071071120457e+00
0.000000000000000000e+00
6.777377377377316603e-02
9.815225225225231442e-01
1.000000000000002840e-03
1.503853853853838185e-01
5.526196196196182520e-01
7.270590590590588764e-01
4.196649649649646818e+00
6.300640640640670087e-01
2.190910910910936205e-01
7.907977977977928008e-01
2.590220220220176284e-01
5.523943943943996349e-01
4.266306306306354990e-01
0.000000000000000000e+00
3.401390390390333085e+00
1.412412412412393514e-01
2.129639639639624715e-01
0.000000000000000000e+00
4.574174174174171215e-02
0.000000000000000000e+00
6.805165165165166785e-01
9.564664664664600247e-02
3.600630630630709539e-01
6.957957957957817095e-03
8.033943943943968602e-01
6.322932932933039707e-01
1.045907907907896561e+00
7.999939939939850753e-01
1.059593593593586958e+00
1.014670670670687835e+00
9.214739739739719937e+00
2.322869469469469550e+01
8.500160160160156186e-01
6.195735735735736771e-01
3.803168168168202357e+00
1.728888888888873432e-01
1.494921921921902763e+00
0.000000000000000000e+00
1.850196196196207454e+00
7.054334334334411150e-01
0.000000000000000000e+00
7.588998998999073597e-01
4.341841841841852234e-02
0.000000000000000000e+00
2.096920920920921194e+00
1.320423523523525944e+01
1.457207207207199540e-01
6.026726726726645555e-01
8.640060060060033020e-01
1.533703703703688248e+00
5.729639639639679816e-01
6.923343343343235645e-01
5.225625625625553855e-02
6.904204204204203998e-01
2.249349349349386365e-02
7.812192192192258799e-01
1.184290290290269665e+00
7.405355355355340841e-01
8.153413413413285182e-01
2.413723723723707193e-01
2.000240240240224732e-01
8.244234234234348868e-01
9.821621621621506870e-02
2.291602602602607508e+00
1.713384384384395220e+00
3.946456456456410855e-01
1.607742742742744868e+00
6.957957957957888219e-03
2.400030030029998429e-01
2.410250250250279558e-01
7.044544544544582010e-01
1.091503503503496786e+00
1.997997997998040599e-03
6.731521521521488527e-01
7.757797797797815198e-01
2.302313213213213317e+01
2.249349349349382202e-02
2.679917917917924441e+00
4.210610610610575344e-02
1.195735735735756755e-01
3.000211211211199380e+00
1.122956956956961516e+00
7.502272272272306752e-01
9.448148148148190206e-02
1.434019519519520713e+01
1.359578578578580776e+00
8.544834834834938997e-01
7.172672672672603111e-02
2.110860860860893640e-01
5.565155155155080413e-01
1.170359359359366191e+00
2.186520520520533584e+00
0.000000000000000000e+00
1.997997997998000267e-03
2.709249249249280345e-01
5.553443443443505378e-01
8.252472472472479614e-01
1.855239239239243609e+00
1.005695695695691283e+00
7.469779779779717188e-01
2.232042042042050867e-01
0.000000000000000000e+00
0.000000000000000000e+00
1.053944944944949835e+00
8.221581581581600684e-01
1.076570570570571483e+00
8.927927927927950189e-03
1.025436436436442555e+00
2.852567567567569018e+00
1.825005005004996517e-01
8.016295295295273959e+00
9.059879879879840781e-01
1.162367367367364013e+00
7.081621621621767559e-01
2.120834834834829152e+00
8.621171171171189140e-01
0.000000000000000000e+00
6.765595595595655931e-01
1.187176176176165887e+00
3.006906906906893842e-02
7.971911911912020754e-01
6.792752752752820866e-01
9.829020020020033499e+00
2.190845845845825313e+00
4.420730730730784708e-01
4.829899899899897098e-01
1.194594594594610044e-02
1.972972972972960870e-01
0.000000000000000000e+00
2.358028028028062995e-01
6.823923923923834733e-01
1.678878878878894698e-01
3.150070070070106754e-01
7.774964964964958813e-01
3.823605605605576496e+00
6.236561561561527967e+00
4.828938938938939773e-01
0.000000000000000000e+00
2.153753753753772163e-02
4.736227227227240988e+00
5.262412412412352802e-01
9.097567567567651503e-01
9.122982982983069977e-01
0.000000000000000000e+00
5.002592592592639553e-01
8.767867867868088527e-02
1.997997997998034094e-03
5.125421421421418877e+00
8.659529529529600422e-01
8.092542542542633388e-01
2.622012012011971649e-01
9.729909909909980614e-01
2.181021021020979611e-01
9.557187187187183852e-01
1.959125125125113387e+00
7.543893893893892644e-01
5.905485485485409969e-01
1.997997997998018048e-03
9.316816816816763103e-01
3.966537537537522695e+00
7.008918918918897178e-01
5.068968968968942113e-01
0.000000000000000000e+00
1.586386386386374678e-02
6.632362362362391739e-01
1.134517517517522833e+00
3.535045045044995504e-01
1.471061061061068875e-01
1.879962962962960171e+00
1.424211211211213524e+01
1.143359359359360949e+00
1.365028028028034468e+00
1.444339339339346440e+00
2.519229229229182909e-01
2.333333333333290349e-01
1.757148948948943712e+01
1.207774074074062298e+01
5.793373373373387203e-01
7.009329329329327951e-01
1.171435435435436379e+00
7.448838838838868215e-01
8.305135135135157665e-01
2.548548548548510984e-01
0.000000000000000000e+00
2.153753753753767652e-02
6.631771771771758361e-01
4.677133133133134280e+00
8.604234234234258150e-01
1.056186086086079357e+01
5.614890890890883668e+00
2.890444444444461691e+00
5.763993993994017684e-01
3.060560560560559792e-02
9.040940940940916937e-01
6.713403403403438441e-01
0.000000000000000000e+00
1.760582682682682432e+01
4.333333333333378445e-01
3.208998998998955909e-01
7.257707707707665712e-01
9.119939939939881723e-01
7.642552552552606127e-01
8.522302302302238175e-01
1.301759759759749668e+00
1.000000000000008044e-03
0.000000000000000000e+00
1.096520720720720199e+01
6.284684684684660461e-01
1.096435835835837125e+01
1.627577577577552503e-01
6.147377377377351015e-01
0.000000000000000000e+00
7.157821821821834796e+00
0.000000000000000000e+00
2.875671671671680141e+00
0.000000000000000000e+00
4.068138138138212012e-01
6.908977977978029372e+00
7.408198198198153728e-01
7.781331331331374779e-01
1.775752452452454477e+01
1.055172172172184730e+00
1.016741741741760130e+00
7.957957957957832729e-03
7.058448448448410018e-01
0.000000000000000000e+00
9.080070070070145327e-01
5.109200200200222142e+00
1.976976976976980993e-02
6.576266266266252991e+00
2.503850750750727272e+01
7.091161161161073645e-01
0.000000000000000000e+00
8.787497497497482879e-01
1.248017517517516595e+01
1.329740740740739779e+00
5.952242242242319348e-01
1.344232932932941260e+01
0.000000000000000000e+00
4.222512512512507921e-01
0.000000000000000000e+00
9.532532532532637937e-02
1.438053153153150987e+01
1.358918918918937124e-01
2.143081081081097850e+00
1.513527527527522176e+00
8.883593593593427373e-01
4.477817817817754675e-01
2.032412412412371028e-01
1.685225225225205070e-01
5.294834834834861725e-01
1.744227227227223675e+00
7.920260260260347795e-01
8.819619619619610829e-01
2.912912912912966543e-02
3.310480480480436638e-01
3.410673673673673800e+00
9.940115115115068178e+00
6.589739739739631785e-01
5.936636636636554165e-01
1.024539539539540689e+00
2.993993993994001172e-03
2.083816016016022132e+01
7.289839839839860058e-01
3.771071071071016578e-01
1.391686686686701702e+00
5.330450450450436861e-01
6.959269269269219294e-01
1.291970970970966137e+00
6.602502502502444193e-02
3.568588588588503252e-01
0.000000000000000000e+00
3.670420420420478225e-01
1.080189189189187493e+00
2.118341341341337625e+01
1.753928928928936060e+01
7.795985985985888211e-01
2.396306306306246747e-01
8.121871871871871873e-01
6.193043043043068296e-01
9.001551551551579822e-01
2.148708708708760573e-01
9.538098098098060085e-01
0.000000000000000000e+00
1.330584584584580066e+00
7.632892892893027303e-01
7.686986986987004444e-01
7.049109109109079618e-01
1.108507507507509038e+00
2.458898898898908281e-01
2.377154654654657051e+01
7.025875875875821075e-01
2.575385385385394521e+00
7.210200200200076459e-01
9.844034034034013780e-01
5.640070070069994612e-01
7.327957957957837998e-01
6.161501501501472911e-01
2.643294294294316060e+00
7.463413413413438890e-01
6.902802802802668891e-01
8.040870870870868714e-01
0.000000000000000000e+00
4.938908908908859474e-01
5.788738738738700151e-01
1.015429429429431929e+00
8.007517517517478423e-01
1.185065065065070700e+00
1.649009009008976512e-01
4.979979979979970266e-03
1.625465465465479875e-01
1.000000000000003273e-03
5.517827827827793685e-01
0.000000000000000000e+00
1.446376376376363182e-01
7.931511511511586399e-01
8.100880880881012880e-01
2.912912912912962726e-02
1.283273273273260184e-01
2.472331331331346416e+00
6.742612612612551848e-01
3.551789789789784546e+00
0.000000000000000000e+00
0.000000000000000000e+00
9.132292292292245595e-01
5.969969969969860825e-03
1.000000000000005225e-03
5.744024024024007025e-01
1.663374374374383402e+00
0.000000000000000000e+00
8.532132132132171920e-01
7.945285285285305088e-01
1.075034034034024755e+00
1.088988988988996882e-02
1.381781781781796052e-02
