1.757383383383388731e+00
1.062701701701712853e+00
0.000000000000000000e+00
7.528198198198216007e-01
2.135869869869869486e+00
6.424164164164116730e-01
2.370120120120150220e-01
1.075585585585581150e+00
2.421421421421472431e-01
1.032710710710708968e+00
3.883089689689688839e+01
1.629429429429408438e-01
0.000000000000000000e+00
6.863283283283280189e-01
1.062859859859871525e+00
3.385264264264260969e+00
1.000000000000011513e-03
1.575975975975995105e-02
2.006444544544546815e+01
7.037827827827909388e-01
0.000000000000000000e+00
5.228348348348386132e-01
1.377101101101103398e+00
2.280270270270238486e-01
0.000000000000000000e+00
5.969969969969936285e-03
1.191269269269257247e+00
1.192192192192199560e-02
4.979979979979966796e-03
8.495045045045208632e-01
3.084414414414419880e+00
6.888088088088277494e-02
2.790760760760715442e-01
6.073193193193213713e-01
9.758038038038142625e-01
9.488798798798927514e-01
4.154214714714717616e+01
2.034755355355354567e+01
2.459489489489467828e-01
1.421991991991982340e+00
5.294245245245265075e+00
6.693123123123114748e-01
1.240291291291296893e+00
7.162342342342334911e-01
1.128546546546536966e+00
2.997997997998055365e-03
4.193133133133084001e-01
0.000000000000000000e+00
1.391905905905915786e+00
8.300750750750689022e+00
1.127677677677664914e+00
3.987987987988031793e-03
8.280180180180173044e-02
5.016016016016120460e-01
1.422512512512506655e+00
3.710740740740753330e-01
1.104130130130122289e+00
4.345255255255248139e-01
2.402621621621619852e+00
8.316666666666558960e-01
2.368964364364369146e+01
7.937327327327383664e-01
1.600658758758757116e+01
0.000000000000000000e+00
9.718138138138089355e-01
2.261361361361341471e-02
2.875282282282269897e+00
1.002788788788777419e+00
2.502492492492470744e-01
6.343943943943891606e-02
1.592046046046052821e+00
4.979979979979967664e-03
1.227666666666663131e+00
1.474060060060071287e+00
7.410910910911135130e-02
2.417986586586587805e+01
1.109464464464476441e+00
1.050821821821827262e+00
1.551702002002001279e+01
4.431571571571459867e-01
6.986886886886920500e-01
8.615865865865802720e-01
1.050460460460445888e-01
2.939510510510542129e+00
2.344693693693711278e+00
1.494608608608609224e+00
6.342542542542564110e-01
1.359713713713702310e+00
6.040270270270263753e-01
2.289129129129089391e-01
4.783483483483538801e-02
8.993853853853973623e-01
4.361061061061067418e-02
1.228127127127141005e+00
1.076682682682676973e+00
4.666616616616487412e-01
1.240115115115108413e+00
1.070021021021020813e+00
8.568298298298211435e-01
2.987083683683681912e+01
1.938552552552543329e+00
0.000000000000000000e+00
6.343943943943916586e-02
7.251762762762707482e+00
2.456216216216253190e-01
9.751311311311320340e-01
5.622122122122197307e-01
5.421411411411369841e-01
2.462772772772836571e-01
1.458501501501495046e+00
2.573053053053003247e-01
2.249349349349374222e-02
1.961961961961964165e-02
1.665804804804815520e+00
1.137342342342348323e+00
7.735335335335434548e-02
0.000000000000000000e+00
1.545821821821800279e+00
9.444634634634800907e-01
4.380019019019010251e+00
3.252783783783793403e+00
6.195865865865854971e-01
2.389979979979917901e-01
8.823883883883791857e-01
1.190485485485481387e+00
3.304084084084127348e-01
8.933643643643607302e-01
4.574174174174224644e-02
6.769008008007960875e+00
0.000000000000000000e+00
1.997997997998029324e-03
3.987987987988030926e-03
1.192992992992986459e-02
1.080842842842824059e+00
8.570360360360330665e-01
8.609403403403355526e+00
2.485675675675643737e-01
2.165967967967965535e+00
7.802502502502599580e-01
0.000000000000000000e+00
9.231981981982010366e-01
9.597467467467352131e-01
1.000000000000018235e-03
1.260391391391386007e+00
2.255765765765779252e-01
1.059080080080072817e+00
8.645195195195132243e-01
2.955145145145145480e-01
9.068018018017985904e-01
6.957957957957885617e-03
1.582826826826850386e+00
7.761701701701597678e-01
1.997997997997995063e-03
1.433231231231251179e+00
3.161640640640651867e+00
6.695075075075097581e-01
1.310981981981987676e+00
3.598480480480480637e+00
8.207757757757687678e-01
7.074574574574535313e-02
6.083583583583462850e-02
0.000000000000000000e+00
1.297207207207226320e-01
7.685036036036017926e+00
1.242016016016012969e+00
3.419400500500503881e+01
4.119219219219182049e-02
9.573323323323376099e-01
5.404075075075075674e+00
8.295405405405453791e-01
7.802102102102237424e-02
1.079365365365372087e+00
7.957317317317337269e-01
0.000000000000000000e+00
6.254754754754709989e-01
4.788635635635645649e+00
1.079730730730739774e+00
1.307207207207211896e-01
6.866366366366316587e-02
6.551771771771771613e-01
3.006906906906893842e-02
1.206190190190187028e+00
8.155655655655669189e-02
1.156186186186180631e+00
3.407867867867872547e-01
7.035095095095087459e-01
1.136995995995997877e+00
8.122082082082086041e-01
9.198618618618664700e-01
1.712102102102098788e-01
1.148442442442446421e+00
1.341259259259254266e+00
8.670690690690654456e-01
1.127617617617623802e+00
1.997997997997982920e-03
1.600540540540547285e+00
1.000000000000014983e-03
1.183165165165174226e+00
2.997997997998122152e-03
1.062449149149146876e+01
5.729095095095094514e+00
7.345205205205224130e-01
1.089079079079094681e-01
0.000000000000000000e+00
1.079175175175168588e+00
0.000000000000000000e+00
2.079820820820794225e+00
3.987987987988033528e-03
2.249349349349381855e-02
2.810950950951002225e-01
3.137802302302286250e+01
2.490240240240277070e-01
3.396976976976921470e-01
3.479589589589570098e-01
1.297352352352359794e+00
2.605308208208193577e+01
1.405233833833843171e+01
1.390730230230229125e+01
5.266926926927018027e-01
1.030850850850851153e+00
5.712092092092168061e-01
2.688958958959019596e-01
2.756052052052048396e+00
0.000000000000000000e+00
1.071247147147144396e+01
7.564064064063951154e-01
1.501970970970987862e+00
5.398138138138094400e-01
3.259293293293294091e+00
7.076266266266213467e-01
0.000000000000000000e+00
5.859289289289365543e-01
1.175861861861860147e+00
1.371453453453430393e+00
4.216795795795801105e+00
2.214267267267275408e+00
5.126133133133133235e+00
1.049588588588595162e+00
1.031617617617621274e+00
7.354504504504455475e-01
7.739729729729634133e-01
7.897517517517458341e-01
0.000000000000000000e+00
1.881871871871898805e-01
1.134300300300315145e+00
1.374956956956976839e+00
1.042004604604605689e+01
1.055273273273278356e+00
6.605995995995874726e-01
6.322312312312392546e-01
8.844744744744722498e-01
1.281392392392413537e+00
1.951331331331357388e-01
5.044544544544497799e-02
2.356346346346330223e-01
5.333914914914947403e+00
7.637197197197364007e-01
2.450519519519505529e+00
2.076690690690675467e+00
1.268272272272262136e+00
0.000000000000000000e+00
0.000000000000000000e+00
9.141431431431523702e-01
4.223173173173134565e+00
2.356761861861855323e+01
9.428128128128042684e-01
3.427385385385406380e+00
8.132522522522507291e-01
4.791451451451381738e-01
8.568158158158146742e-01
1.090448448448440022e+00
3.866048048048049246e+00
4.979979979979968531e-03
3.770607607607578959e+00
1.000000000000008911e-03
7.943943943943876373e-03
1.364558558558563117e+00
1.496606606606634138e-01
9.909909909909871140e-03
1.551847847847846351e+00
1.177496496496469813e+00
8.660466466466454349e+00
7.840620620620489811e-01
1.090376376376366974e+00
3.064741741741745518e+00
1.300878878878890532e+00
1.323555455455458407e+01
1.186455455455477148e+00
1.078546546546544693e+00
2.464024024024086823e-01
1.208439439439435992e+00
8.368810810810806800e+00
1.369880880880869567e+00
0.000000000000000000e+00
1.495411411411429636e+00
7.803533533533606459e-01
4.406101101101119077e+00
7.679279279279431492e-02
1.175981981981993219e+00
1.425585585585593396e-01
7.971911911911850890e-01
8.004674674674778778e-01
5.338438438438336542e-01
9.708688688688692503e-01
0.000000000000000000e+00
8.348288288288272518e-01
1.074024024024030216e-01
2.379169169169122466e-01
7.528588588588548403e-01
9.098728728728643356e-01
9.909909909909862466e-03
8.927927927927953658e-03
8.627287287287302986e-01
4.799739739739840583e-01
0.000000000000000000e+00
0.000000000000000000e+00
8.239229229229269036e-01
1.487154154154139318e+00
1.305545545545536479e+00
5.969969969969821794e-03
2.338672672672673425e+00
5.184724724724636413e-01
4.210944944944960078e+00
2.710789789789811888e+00
3.438714714714703469e+00
1.048499499499487841e+00
8.633376376376377337e+00
7.462212212212223639e-01
9.879849849849724475e-01
0.000000000000000000e+00
9.553863863864044959e-01
1.008662662662676901e+00
1.328014014014023303e+00
5.474574574574449237e-02
1.200727727727734395e+00
6.118018018018014370e-01
1.565205205205176808e-01
6.653363363363394845e-01
7.446006006005850830e-01
1.689439439439433255e-01
1.271177177177198248e+00
5.969969969969821794e-03
7.398598598598619958e-02
6.170570570570638874e-02
0.000000000000000000e+00
3.490196496496501766e+01
8.278068068068119567e-01
1.169514214214213865e+01
3.637817817817749488e-01
1.564714714714701582e+00
1.939528528528515094e+00
1.733489489489490776e+00
1.769369369369405351e-02
5.738958958959013978e-01
3.155955955956051689e-02
4.045179179179145379e+00
9.909909909909865935e-03
1.776403403403387316e+00
1.335286286286291757e+00
0.000000000000000000e+00
1.835825825825834479e-01
8.606106106105970710e-02
1.997997997998055778e-03
2.130840840840868000e-01
0.000000000000000000e+00
4.392702702702624973e-01
6.439579579579601809e-01
1.624245245245229397e+00
2.212249749749750549e+01
2.246646646646612844e-01
1.399159159159182597e-01
0.000000000000000000e+00
2.342772772772729883e-01
1.284384384384368825e-02
1.113100100100101075e+00
1.997997997998034528e-03
9.375905905905759230e-01
2.568078078078100956e-01
9.316216216216178791e-01
7.233333333333317183e-01
5.395097097097130145e+00
1.363184184184179637e+00
0.000000000000000000e+00
1.961961961961972839e-02
7.888028028027926908e-01
8.832292292292367453e-01
7.993263263263117313e-01
1.647642642642657806e+00
1.034144144144158450e-01
6.408206206206163102e+00
1.917667067067068132e+01
7.889609609609639085e-01
2.256166166166131692e-01
7.933633633633764282e-01
1.107401401401412411e+00
1.374462462462468171e+00
8.383123123123162879e-01
1.881871871871896584e-01
1.001584584584578774e+00
2.418861861861857587e+00
1.018240240240237293e+00
1.413339339339329648e+00
1.867679679679680405e+01
7.704484484484498408e-01
2.474033933933924345e+01
8.251931931931955067e-01
7.944044044044047403e-01
3.480015015015025082e+00
1.020086086086080757e+00
9.815085085085122341e-01
0.000000000000000000e+00
2.647253253253259331e+00
2.723113113113156403e-01
7.041041041041005144e-01
1.692189189189190657e+01
1.581561561561532159e+00
1.902760260260267344e+01
1.427968968968972518e+00
1.985135135135149831e-01
1.399802802802811774e+00
1.173999999999999488e+00
1.408418418418429630e+00
3.751651651651704417e-02
2.428468468468450159e-01
2.685764564564566115e+01
1.983609609609617408e+00
4.721295295295299788e+00
8.927927927927951923e-03
7.109699699699622011e-01
5.933273273273237391e-01
3.114658658658661317e+00
1.769369369369377942e-02
9.664664664664458782e-02
0.000000000000000000e+00
2.117352352352341871e+00
1.045050050050051693e+00
1.714744744744725324e-01
7.524153153153197771e+00
5.660640640640586252e-01
6.296196196196054973e-02
2.449159159159109422e-01
1.210765765765750679e+00
1.664715715715704425e+00
2.644750650650646406e+01
4.222539539539535092e+00
2.993993993993997703e-03
0.000000000000000000e+00
1.845205205205252552e-01
3.294137137137159943e+00
1.282141141141130536e+00
0.000000000000000000e+00
4.633013013012957093e-01
1.003465465465452233e+00
9.033563563563520304e-01
8.008798798798681950e-01
1.249648648648649996e+00
1.878097097097088941e+00
1.237007007007000059e+00
1.062581581581581336e+00
0.000000000000000000e+00
0.000000000000000000e+00
1.377224224224209204e+00
1.750890890890862694e-01
0.000000000000000000e+00
2.651021021021057744e-01
1.925925925925955351e-01
1.982692692692684666e-01
1.354528528528544884e+00
1.104958958958959681e+00
7.945775775775807404e-01
2.208118118118107820e-01
0.000000000000000000e+00
3.193543543543581054e-01
2.287630630630621109e+00
1.230152152152146350e+00
2.265847847847814123e+00
6.820000000000107088e-01
4.809399399399343356e-01
5.598188188188268910e-01
8.626136136136177690e-01
1.369483483483483699e+00
2.648177277277279984e+01
1.081536536536526372e+00
9.258658658658672769e-01
6.023583583583563827e-01
1.331686686686692767e+00
3.117424424424426910e+00
6.944094094094119818e-01
4.420920920920888841e-01
0.000000000000000000e+00
1.055189189189170929e+00
5.562032032032060425e-01
1.567182182182192296e+00
2.121871871871882920e-01
1.088988988988996882e-02
1.961961961961952716e-02
1.114809809809816254e+00
1.961961961961947512e-02
0.000000000000000000e+00
6.577857857857913881e-01
7.566685685685716756e+00
1.436438438438438103e+00
9.553820820820867254e+00
1.000000000000019320e-03
2.181771771771753021e-01
1.158677677677676376e+00
2.558958958958970978e-02
1.326772772772783382e+00
1.370056056056071947e+00
0.000000000000000000e+00
1.705092092092100220e+00
2.116436936936939972e+01
5.967167167167087838e-01
1.031798798798794436e+00
3.582403403403408237e+00
1.178831831831834709e+00
9.663953953953938747e-01
1.393278278278288207e+00
2.993993993994001606e-03
5.368158158158132798e-01
2.094093093093100766e+00
4.197477477477565277e-01
1.928711711711708077e+00
1.071366366366368617e+00
3.136067067067059622e+00
0.000000000000000000e+00
1.162287287287290249e+00
9.643243243243156126e-02
6.208238238238256157e-01
3.491800800800789695e+00
1.568484484484485009e+01
4.132668668668634915e+00
4.292522522522562167e-01
1.000000000000002623e-03
6.284842842842837563e+00
8.972282282282296739e-01
3.464414414414402899e-01
1.101594894894893351e+01
7.768198198198221771e-01
6.296196196196150729e-02
1.059261261261263520e+00
1.135252252252264560e+00
3.987987987988052610e-03
1.117737737737730441e+00
6.688288288288239680e-02
1.597188188188177316e+00
0.000000000000000000e+00
1.005104104104101337e+00
7.093353353353341051e-01
1.769369369369403963e-02
6.259255255255249395e+00
7.367367367367270992e-02
3.409248248248267110e+00
9.096086086086110356e-01
1.338528528528513950e-01
1.280061061061067429e+00
0.000000000000000000e+00
1.647781781781777255e+00
5.438398398398479605e-01
4.918999199199190997e+01
9.685325325325420120e-01
8.273126126126129520e+00
4.840150150150150488e+00
9.873993993993888107e-01
7.943943943943869435e-03
1.043801801801821139e+00
1.700579579579572620e+00
1.009136136136136619e+00
1.333143143143149301e+00
2.346096096096096095e-01
1.324756356356354381e+01
7.555195195195181235e-01
1.283273273273262960e-01
1.571606606606593015e+00
8.923993993994112639e-01
1.297167167167189994e-01
3.169848948948946443e+01
1.457707707707702083e+00
7.836946946946874437e-01
2.309402402402386478e+00
1.133041041041047858e+00
9.214637637637650869e+00
2.000000000000019124e-03
4.987987987987919924e-03
1.033719719719727870e+00
6.279019019018994285e-01
2.623768068068063997e+01
1.252361361361359560e+00
5.063363363363417025e-02
8.637627627627590954e-01
1.424743743743738911e+00
0.000000000000000000e+00
3.806571571571572665e+00
2.734915115115111917e+01
7.727507507507446194e-01
2.774214214214195118e-01
1.794144144144159680e-01
4.493448448448449817e+00
1.018768768768791716e-01
3.444280080080076800e+01
2.993993993994002040e-03
6.380880880880777095e-01
0.000000000000000000e+00
1.220451451451455949e+00
2.496736736736703544e-01
1.997997997997974246e-03
9.017727727727735676e-01
2.275505505505482362e-01
2.085384484484485412e+01
2.456216216216253190e-01
9.799829829829915795e-01
2.499939939939961331e-01
2.018018018017979365e-01
6.788048048048043182e-01
1.339486486486476169e+00
2.329819819819867743e-01
2.319874874874871651e+00
9.909909909909869405e-03
1.173367367367357694e+00
8.742602602602504991e-01
2.924698698698666721e+00
1.047356356356351270e+00
2.104448448448439368e+00
7.507637637637574191e-01
6.957957957957796279e-03
7.014474474474430288e-01
9.799799799799870093e-02
3.761601601601604061e-01
2.949242842842846812e+01
3.386068268268274295e+01
7.388858858858871059e-01
1.413723723723714909e-01
8.706616616616520421e-01
3.523029729729726256e+01
1.359339339339339148e+00
1.281449449449445055e+00
2.920190190190175561e-01
1.013003003002995506e+00
2.466066066066125440e-01
1.136011011011006877e+00
4.446415815815799988e+01
2.347337337337363772e-01
1.288788788788801896e-02
1.595779779779775476e+00
2.411550650650646332e+01
8.438738738738873479e-01
1.434628628628607405e+00
1.799549549549556704e-01
2.726813813813810938e+00
1.778168168168151597e-01
0.000000000000000000e+00
1.820610610610567115e-01
1.289479779779776791e+01
2.659143143143121613e+00
5.015439339339339853e+01
1.997997997998002002e-03
5.372722722722796940e-01
1.153520520520509907e+00
7.963633633633724340e-01
9.799799799799868705e-02
9.126996996997008837e-01
1.088535535535535059e+00
2.207567567567542133e-01
6.453123123123115867e+00
1.997997997998012844e-03
1.463453453453460451e-01
1.301287287287300920e+00
9.909909909909860731e-03
2.032772772772746817e-01
7.772832832832882177e-01
1.047837837837826136e+00
6.419541541541506469e+00
6.826056056055957999e-01
2.458258258258282924e-01
1.099015015015017305e+00
2.497907907907951641e-01
8.046016016016018790e-01
4.862202202202252632e-01
0.000000000000000000e+00
5.106829829829866441e+00
1.788898898898912404e-01
2.277277277277319767e-01
0.000000000000000000e+00
8.524924924925121605e-02
1.997997997997981619e-03
9.131161161161203133e-01
1.286276276276288877e-01
4.231421421421369677e-01
3.287687687687654986e-02
1.006725725725730936e+00
8.717417417417478998e-01
1.490344344344341154e+00
1.062331331331338724e+00
1.521395395395384043e+00
1.491935935935946089e+00
1.481641541541542040e+01
3.833375375375374716e+01
1.157528528528524170e+00
9.444844844844791920e-01
6.184981981982018873e+00
1.946426426426398903e-01
2.230091091091101596e+00
0.000000000000000000e+00
2.522736736736769014e+00
8.121501501501573461e-01
0.000000000000000000e+00
9.847817817817708930e-01
1.030930930930942790e-01
0.000000000000000000e+00
3.163592592592589181e+00
2.055969469469471278e+01
2.052082082082047620e-01
7.824564564564621127e-01
1.292971971971983436e+00
2.331994994994996961e+00
7.854724724724659879e-01
9.020770770770749625e-01
1.248088088088076808e-01
1.030485485485467922e+00
5.821421421421372339e-02
9.708218218218160889e-01
1.898071071071057103e+00
8.692882882882836393e-01
1.070075075075057169e+00
3.219569569569529777e-01
2.209799799799752607e-01
1.225556556556541610e+00
1.452202202202197423e-01
3.580401401401394512e+00
2.660395395395397156e+00
6.779069069069156850e-01
2.430364364364365315e+00
1.575975975975999616e-02
2.625935935935938548e-01
2.456196196196223924e-01
8.386126126125976743e-01
1.720175175175166826e+00
1.381781781781785297e-02
1.058908908908905877e+00
1.088803803803797265e+00
3.691383283283290950e+01
6.859259259259239960e-02
4.316601601601589344e+00
7.901901901901862979e-02
2.051091091091058749e-01
4.424055055055065466e+00
1.689968968968975194e+00
9.736246246246202940e-01
1.351501501501516378e-01
2.294663263263263175e+01
1.887807807807806215e+00
1.257262262262272445e+00
1.145145145145117505e-01
2.528198198198154389e-01
6.407827827827811129e-01
1.623273273273271089e+00
3.519709709709729406e+00
0.000000000000000000e+00
1.769369369369386269e-02
4.845075075074998239e-01
7.496736736736846485e-01
1.223116116116119478e+00
2.831668668668684496e+00
1.397731731731735483e+00
9.843353353353403445e-01
2.701291291291328389e-01
0.000000000000000000e+00
1.000000000000011947e-03
1.525400400400401368e+00
1.325420420420430512e+00
1.533602602602609721e+00
3.294294294294245612e-02
1.457932932932934467e+00
4.634064064064053134e+00
2.480430430430380917e-01
1.256055955955959291e+01
1.317257257257255620e+00
1.703345345345338213e+00
8.809269269269254243e-01
3.429986986986968578e+00
1.236358358358365939e+00
0.000000000000000000e+00
8.313903903903970827e-01
1.679885885885892272e+00
7.802102102102258241e-02
1.059393393393383009e+00
7.375365365365537107e-01
1.455552552552554069e+01
3.314974974974986388e+00
7.753613613613726807e-01
7.575015015014905373e-01
4.135535535535580370e-02
2.243033033033071388e-01
5.969969969969911132e-03
2.528688688688642272e-01
1.009595595595604411e+00
2.372362362362319677e-01
3.898508508508535808e-01
1.041705705705701757e+00
6.191109109109138586e+00
1.044125925925928122e+01
6.877347347347347872e-01
0.000000000000000000e+00
5.557457457457518762e-02
7.310244244244247014e+00
6.662492492492595453e-01
1.135854854854881246e+00
1.288906906906907901e+00
0.000000000000000000e+00
6.332512512512435965e-01
1.248088088088105257e-01
5.969969969969886846e-03
8.074452452452476336e+00
1.216989989989996968e+00
1.138327327327326666e+00
3.041661661661651528e-01
1.411170170170169103e+00
2.329669669669649223e-01
1.345452452452466696e+00
3.125425425425421011e+00
9.821321321321302422e-01
8.254324324324452400e-01
1.672772772772804575e-02
1.325663663663666947e+00
5.868239239239247951e+00
1.032339339339348294e+00
6.373683683683648571e-01
0.000000000000000000e+00
5.470070070070082169e-02
8.143873873873924696e-01
1.604582582582587902e+00
6.113023023023084201e-01
1.783543543543539833e-01
2.781063063063064167e+00
2.223432432432424832e+01
1.669483483483472863e+00
2.101955955955963073e+00
2.225080080080073408e+00
4.673373373373422290e-01
2.353513513513489641e-01
2.566286186186186313e+01
2.005806906906917675e+01
7.849599599599551558e-01
9.225005005004963676e-01
1.723744744744753365e+00
1.021330330330329828e+00
1.072314314314315897e+00
4.288438438438400002e-01
0.000000000000000000e+00
5.024124124124087348e-02
9.099729729729564287e-01
7.006938938939015316e+00
1.271869869869859837e+00
1.634209109109100666e+01
8.486937937937939935e+00
4.487263263263279178e+00
7.351741741741751879e-01
9.482982982983106934e-02
1.269874874874879378e+00
9.125355355355370124e-01
0.000000000000000000e+00
2.752759059059054181e+01
4.962622622622606117e-01
5.305305305305203500e-01
7.523463463463466727e-01
1.323478478478460785e+00
8.167667667667704023e-01
1.218639639639646610e+00
2.022885885885891799e+00
6.957957957957881280e-03
0.000000000000000000e+00
1.713739839839836776e+01
8.935075075075091799e-01
1.839575375375373412e+01
2.020330330330327440e-01
9.194144144144128505e-01
0.000000000000000000e+00
1.091794594594593804e+01
0.000000000000000000e+00
4.029959959959920290e+00
0.000000000000000000e+00
4.309169169169278502e-01
1.082090290290289047e+01
1.008803803803803634e+00
1.048772772772766926e+00
2.969913813813813874e+01
1.503794794794800049e+00
1.457843843843837250e+00
3.977877877877858404e-02
1.000630630630627182e+00
0.000000000000000000e+00
1.215810810810825426e+00
8.069583583583563424e+00
5.243243243243306956e-02
1.037841241241240908e+01
4.064424624624616911e+01
9.311171171171125360e-01
0.000000000000000000e+00
1.230507507507491161e+00
1.974758158158152099e+01
1.949832832832826268e+00
7.315465465465441630e-01
2.217853553553549872e+01
0.000000000000000000e+00
6.577517517517561529e-01
0.000000000000000000e+00
1.651891891891902331e-01
2.243533333333333601e+01
1.613573573573575948e-01
3.362092092092150875e+00
2.319591591591558810e+00
1.134800800800782383e+00
6.329929929929940524e-01
2.315985985985987705e-01
2.489849849849820052e-01
6.240790790790748943e-01
2.620129129129125989e+00
1.146456456456462991e+00
1.186424424424412871e+00
5.996396396396313361e-02
4.604844844844777629e-01
5.317042042042018579e+00
1.525802502502481595e+01
7.844774774774770920e-01
6.466336336336464541e-01
1.519837837837838324e+00
1.769369369369399106e-02
3.014018618618616330e+01
1.039529529529526375e+00
6.600950950950850160e-01
2.039465465465472693e+00
7.118988988988940170e-01
1.010356356356350016e+00
1.971737737737753848e+00
9.327727727727906648e-02
3.875625625625582771e-01
0.000000000000000000e+00
4.107537537537516714e-01
1.581436436436432613e+00
3.482665365365365773e+01
2.798076176176174457e+01
1.122057057057041840e+00
2.436826826826875014e-01
1.024218218218221343e+00
8.671541541541490927e-01
1.247685685685692381e+00
2.332762762762755626e-01
1.338937937937933809e+00
0.000000000000000000e+00
2.012620620620631406e+00
1.036657657657665155e+00
9.692402402402388040e-01
8.732942942942955034e-01
1.669223223223217145e+00
2.516876876876908975e-01
3.765670670670674269e+01
1.020217217217223471e+00
4.191415415415411516e+00
9.766306306306247187e-01
1.404344344344337969e+00
8.330120120120195759e-01
1.066509509509500520e+00
7.843663663663594798e-01
3.979753753753774159e+00
9.097167167167191648e-01
1.047307307307296709e+00
1.178428428428418107e+00
0.000000000000000000e+00
5.565985985986041662e-01
6.350630630630652584e-01
1.421521521521502907e+00
1.100020020020037403e+00
1.755807807807805876e+00
1.861771771771805750e-01
3.100700700700729714e-02
1.921741741741768983e-01
1.284384384384392938e-02
6.121981981981960974e-01
1.000000000000007393e-03
2.182892892892935310e-01
1.099825825825829995e+00
1.165291291291300046e+00
6.083583583583480198e-02
1.601601601601574110e-01
3.722052052052065907e+00
7.910690690690698190e-01
5.741764764764769602e+00
1.997997997997970777e-03
0.000000000000000000e+00
1.311146146146147551e+00
2.933733733733763852e-02
1.000000000000016067e-03
7.189689689689551244e-01
2.501761761761736036e+00
1.000000000000010863e-03
1.217751751751742884e+00
1.182033033033017988e+00
1.659070070070061798e+00
3.287687687687630700e-02
4.219219219219165484e-02
