1.884329329329320180e+00
1.105996996997005377e+00
0.000000000000000000e+00
7.610430430430518145e-01
2.302006006005988592e+00
6.491271271271267240e-01
2.363123123123149760e-01
1.190051051051052022e+00
2.415925925925877238e-01
1.098121121121129695e+00
4.063899799799798984e+01
1.706336336336305715e-01
1.997997997997986823e-03
7.114454454454418597e-01
1.059718718718703379e+00
3.616967967967955389e+00
1.997997997998040166e-03
1.961961961961977696e-02
2.166363463463467198e+01
7.242382382382329675e-01
0.000000000000000000e+00
5.451931931932008091e-01
1.457862862862847164e+00
2.330720720720671768e-01
1.000000000000006092e-03
7.943943943943879843e-03
1.245524524524538545e+00
2.558958958958970631e-02
1.997997997997992027e-03
8.433613613613720750e-01
3.389112112112105724e+00
8.315815815815849610e-02
2.883123123123133014e-01
6.605905905905813391e-01
1.054517517517513880e+00
9.858368368368279899e-01
4.570868268268281298e+01
2.079245045045044549e+01
2.442102102102073347e-01
1.513699699699696088e+00
5.632586586586604938e+00
6.790140140140151770e-01
1.361015015014999108e+00
7.438918918918994150e-01
1.210615615615608931e+00
2.997997997998055365e-03
4.150580580580662815e-01
0.000000000000000000e+00
1.574505505505507719e+00
8.950405405405412296e+00
1.216031031031031828e+00
5.979979979980040543e-03
8.033633633633857629e-02
5.270420420420494079e-01
1.548106106106102553e+00
3.910830830830779870e-01
1.186588588588577631e+00
4.401041041041047208e-01
2.560211211211206983e+00
8.314224224224217030e-01
2.613049649649647677e+01
8.785925925925980318e-01
1.733591091091091840e+01
0.000000000000000000e+00
1.057680680680672225e+00
2.465165165165131636e-02
3.031741741741763363e+00
1.036206206206198521e+00
2.500540540540490131e-01
6.343943943943899932e-02
1.703161161161149018e+00
7.943943943943857292e-03
1.295641641641639863e+00
1.552663663663673033e+00
7.871471471471526427e-02
2.639454454454450527e+01
1.176858858858839563e+00
1.117808808808809173e+00
1.684192592592594906e+01
4.332592592592611758e-01
7.312132132132236340e-01
8.697557557557499264e-01
1.076376376376353694e-01
3.229539539539533433e+00
2.540703703703703020e+00
1.566812812812794720e+00
6.522702702702707356e-01
1.413855855855857602e+00
6.116086086086155449e-01
2.333333333333290627e-01
5.441441441441530885e-02
9.610630630630502269e-01
7.074574574574558905e-02
1.278861861861845695e+00
1.124131131131127503e+00
4.678228228228254459e-01
1.324190190190186689e+00
1.136847847847841653e+00
8.968628628628747546e-01
3.226506306306308858e+01
1.980632632632612466e+00
0.000000000000000000e+00
7.198798798798876353e-02
7.899249249249258753e+00
2.452042042042083536e-01
1.028395395395393264e+00
5.883463463463438625e-01
5.743393393393420032e-01
2.476466466466464567e-01
1.579718718718729376e+00
2.581891891891845980e-01
2.818718718718756649e-02
2.629729729729754842e-02
1.764544544544560223e+00
1.225039039039044653e+00
9.042942942942711060e-02
0.000000000000000000e+00
1.691446446446444041e+00
1.008570570570562541e+00
4.678968968968970188e+00
3.355105105105111285e+00
6.873073073073027173e-01
2.515785785785810691e-01
9.213423423423243719e-01
1.242925925925929320e+00
3.398308308308338743e-01
9.188458458458496070e-01
4.754754754754637186e-02
7.138609609609617657e+00
0.000000000000000000e+00
5.969969969969779293e-03
4.979979979979974603e-03
1.192992992992986459e-02
1.150497497497491528e+00
8.965465465465366490e-01
9.318904904904933062e+00
2.485675675675644014e-01
2.354672672672656120e+00
8.356896896896808258e-01
0.000000000000000000e+00
9.681341341341134221e-01
1.019031031031036205e+00
1.997997997998000701e-03
1.291985985985976582e+00
2.233273273273255199e-01
1.135434434434432482e+00
8.846836836836911022e-01
2.927047047047020012e-01
9.782582582582606268e-01
6.957957957957832708e-03
1.608586586586606693e+00
8.022962962962869593e-01
4.979979979979972868e-03
1.551323323323339443e+00
3.254100100100133730e+00
6.777677677677705903e-01
1.413428428428438410e+00
3.802767767767782470e+00
8.596006006006032818e-01
7.150150150150180739e-02
5.996396396396339035e-02
0.000000000000000000e+00
1.341691691691689892e-01
8.100742742742752966e+00
1.347342342342339627e+00
3.598929629629633098e+01
5.024124124124080409e-02
9.978768768768881969e-01
5.847209209209202285e+00
8.756336336336342230e-01
8.561761761761850498e-02
1.119019019019033223e+00
8.338068068068039684e-01
0.000000000000000000e+00
6.794694694694729531e-01
5.135281281281294241e+00
1.168022022022026318e+00
1.405805805805782627e-01
7.409309309309398961e-02
6.844504504504539399e-01
2.912912912912939481e-02
1.385774774774774842e+00
7.746546546546527467e-02
1.245964964964947574e+00
3.775825825825792625e-01
7.461571571571542494e-01
1.156633633633628699e+00
9.056356356356293213e-01
9.872422422422432176e-01
1.810120120120157217e-01
1.234652652652658000e+00
1.426901901901911573e+00
8.939609609609685537e-01
1.202989989990002950e+00
1.997997997997982920e-03
1.682236236236254179e+00
1.000000000000014983e-03
1.237495495495486653e+00
5.979979979980085646e-03
1.128663763763764649e+01
5.981978978978994554e+00
7.794704704704678022e-01
1.243993993993973562e-01
0.000000000000000000e+00
1.139113113113099374e+00
0.000000000000000000e+00
2.269508508508500277e+00
2.993993993994002040e-03
2.912912912912967930e-02
2.801151151151110019e-01
3.330026826826826891e+01
2.495205205205226207e-01
3.816046046046080997e-01
3.640070070070098862e-01
1.389465465465458571e+00
2.805013513513507917e+01
1.503472072072072407e+01
1.466358258258254388e+01
5.637347347347364535e-01
1.108694694694684513e+00
5.751171171171115537e-01
2.717817817817851367e-01
2.835418418418445441e+00
0.000000000000000000e+00
1.139657757757759882e+01
7.784714714714592310e-01
1.557812812812819026e+00
5.831651651651564849e-01
3.358801801801792664e+00
7.418418418418416538e-01
0.000000000000000000e+00
6.552062062062006254e-01
1.252401401401410208e+00
1.493427427427431953e+00
4.529471471471459232e+00
2.340710710710687703e+00
5.485285285285267598e+00
1.103962962962947048e+00
1.120031031031017976e+00
7.821571571571596104e-01
8.185525525525645385e-01
8.406916916916773452e-01
0.000000000000000000e+00
1.964394394394376187e-01
1.200419419419402889e+00
1.450193193193198171e+00
1.092687687687685916e+01
1.141836836836826796e+00
6.601911911911954034e-01
6.464624624624654148e-01
9.102692692692589960e-01
1.377465465465459227e+00
2.099289289289310023e-01
4.764564564564603005e-02
2.360110110110140158e-01
5.790240240240247971e+00
8.313223223223287217e-01
2.548554554554547380e+00
2.209555555555575257e+00
1.353284284284286043e+00
0.000000000000000000e+00
0.000000000000000000e+00
9.410430430430358761e-01
4.513376376376372789e+00
2.550686386386384541e+01
9.741541541541605120e-01
3.683794794794795102e+00
8.580150150150230859e-01
5.149009009009060112e-01
9.149449449449242877e-01
1.157787787787787126e+00
4.154840840840796190e+00
5.969969969969879039e-03
4.030348348348347542e+00
1.997997997998015880e-03
1.284384384384364489e-02
1.449995995996014253e+00
1.515555555555563594e-01
9.909909909909864201e-03
1.665193193193176047e+00
1.237563563563558677e+00
9.670765765765734656e+00
8.039529529529545471e-01
1.132484484484491016e+00
3.279729729729710552e+00
1.364467467467455952e+00
1.429594694694694113e+01
1.237960960960966750e+00
1.184693693693694927e+00
2.465255255255306699e-01
1.300919919919931278e+00
8.863998998999006673e+00
1.494744744744745946e+00
0.000000000000000000e+00
1.549087087087090975e+00
8.143533533533487967e-01
4.567513513513545398e+00
8.105205205205084917e-02
1.278665665665656093e+00
1.419009009009006839e-01
8.329149149149032150e-01
8.334044044044103261e-01
5.496056056056082273e-01
1.011689689689680982e+00
0.000000000000000000e+00
8.672212212212351279e-01
1.142052052052047878e-01
2.376936936936918654e-01
7.682352352352233016e-01
9.454544544544536411e-01
9.909909909909864201e-03
9.909909909909858997e-03
9.092852852852780776e-01
4.834144144144220112e-01
0.000000000000000000e+00
0.000000000000000000e+00
8.371351351351350445e-01
1.585849849849845006e+00
1.403421421421424897e+00
4.979979979979966796e-03
2.431628628628653921e+00
5.475185185185132974e-01
4.533851851851877335e+00
2.909711711711715942e+00
3.767557557557510872e+00
1.097691691691702776e+00
9.148267267267280900e+00
7.412792792792809449e-01
1.054355355355369506e+00
0.000000000000000000e+00
1.014021021021009439e+00
1.054801801801813488e+00
1.425972972972973762e+00
6.389489489489413865e-02
1.254233233233217115e+00
6.489839839839773861e-01
1.625465465465479598e-01
6.948538538538535647e-01
7.762372372372335905e-01
1.723313313313316886e-01
1.376837837837829648e+00
1.186786786786794140e-02
7.885285285285394130e-02
6.688288288288245231e-02
0.000000000000000000e+00
3.779318418418414893e+01
8.539549549549594332e-01
1.256426526526526466e+01
3.749939939939983535e-01
1.693372372372377921e+00
2.095302302302301634e+00
1.780615615615626979e+00
1.965765765765751030e-02
6.140440440440421144e-01
4.017117117117124242e-02
4.280757757757748472e+00
9.909909909909864201e-03
1.858356356356366978e+00
1.399076076076077202e+00
0.000000000000000000e+00
1.856486486486522425e-01
9.585885885885739310e-02
3.987987987988067355e-03
2.211721721721681411e-01
0.000000000000000000e+00
4.419049049049132982e-01
6.790910910910883391e-01
1.718760760760750017e+00
2.361459559559560262e+01
2.291211211211253151e-01
1.483873873873870208e-01
0.000000000000000000e+00
2.426906906906941830e-01
1.575975975975992677e-02
1.177423423423418214e+00
2.993993993994003774e-03
9.531091091090919676e-01
2.595345345345301258e-01
9.897647647647571656e-01
7.558468468468494406e-01
5.834933933933943884e+00
1.471854854854853789e+00
0.000000000000000000e+00
1.961961961961973880e-02
8.415205205205287253e-01
9.033623623623571186e-01
8.464654654654736321e-01
1.783854854854841410e+00
1.132132132132104979e-01
6.880891891891924850e+00
2.058371871871868919e+01
7.991701701701858784e-01
2.286126126126067637e-01
8.155695695695709402e-01
1.036183183183185363e+00
1.424082082082072986e+00
8.700450450450518680e-01
1.916276276276241974e-01
1.076535535535532384e+00
2.581423423423405694e+00
1.070100100100088492e+00
1.551877877877859691e+00
1.948751851851850247e+01
8.182772772772688441e-01
2.687924124124143432e+01
8.312272272272451801e-01
8.480270270270193755e-01
3.664144144144150683e+00
1.099933933933934016e+00
9.981601601601622908e-01
0.000000000000000000e+00
2.848101101101109034e+00
2.836736736736720221e-01
7.140410410410406028e-01
1.772482082082087373e+01
1.682332332332324709e+00
2.030763263263264307e+01
1.499318318318310528e+00
2.044724724724696630e-01
1.535730730730728633e+00
1.246324324324332045e+00
1.445570570570568814e+00
4.483583583583650167e-02
2.430180180180205873e-01
2.900858358358358302e+01
2.107694694694696391e+00
4.939888888888866347e+00
1.381781781781802991e-02
7.285385385385342305e-01
6.173633633633646145e-01
3.407446446446442678e+00
1.961961961961969370e-02
9.685685685685781199e-02
0.000000000000000000e+00
2.219013013013018565e+00
1.103414414414412237e+00
1.786886886886907555e-01
8.074272272272272843e+00
5.499319319319312394e-01
6.564164164164039417e-02
2.458898898898908003e-01
1.287514514514513930e+00
1.795231231231212643e+00
2.904839139139123105e+01
4.366816816816817770e+00
2.993993993993997703e-03
0.000000000000000000e+00
1.845205205205251719e-01
3.571421421421420384e+00
1.359658658658657426e+00
0.000000000000000000e+00
4.738008008007879579e-01
1.067617617617603987e+00
9.252362362362308579e-01
8.439309309309337426e-01
1.289841841841836478e+00
2.043329329329310884e+00
1.321452452452458681e+00
1.095526526526538591e+00
1.000000000000016501e-03
0.000000000000000000e+00
1.437080080080072264e+00
1.906666666666714527e-01
0.000000000000000000e+00
2.701361361361424573e-01
1.930720720720674466e-01
2.024024024023983181e-01
1.445419419419434082e+00
1.197164164164154387e+00
8.152342342342235870e-01
2.208118118118107820e-01
0.000000000000000000e+00
3.231211211211225121e-01
2.467081081081086147e+00
1.268065065065053787e+00
2.467381381381367422e+00
7.327087087087166273e-01
4.999589589589680250e-01
6.445555555555494420e-01
8.982442442442594155e-01
1.363837837837847067e+00
2.788045945945953719e+01
1.152110110110101449e+00
9.756016016016049175e-01
6.053153153153202348e-01
1.396395395395402694e+00
3.362656656656664467e+00
7.605485485485532493e-01
4.536326326326390324e-01
0.000000000000000000e+00
1.088158158158153643e+00
6.016686686686747443e-01
1.630716716716691606e+00
2.106096096096094217e-01
1.381781781781803164e-02
2.344744744744694381e-02
1.168482482482486651e+00
1.769369369369409514e-02
0.000000000000000000e+00
6.924834834834782127e-01
8.003265265265271822e+00
1.552047047047053097e+00
1.041551551551543930e+01
1.997997997998021951e-03
2.233193193193143689e-01
1.228242242242248317e+00
3.335735735735671781e-02
1.391693693693690559e+00
1.458338338338341700e+00
0.000000000000000000e+00
1.819278278278289918e+00
2.258646846846842493e+01
6.099249249249295568e-01
1.050697697697707600e+00
3.729660660660651494e+00
1.266359359359340520e+00
1.017427427427415765e+00
1.486188188188181325e+00
5.969969969969919805e-03
5.513543543543598657e-01
2.220831831831836745e+00
4.174244244244196822e-01
2.070381381381386721e+00
1.159907907907916869e+00
3.358048048048047463e+00
0.000000000000000000e+00
1.211952952952946472e+00
1.026466466466474797e-01
6.148058058058107900e-01
3.664395395395423360e+00
1.715660660660658010e+01
4.494629629629639744e+00
4.454134134134116185e-01
3.987987987988032661e-03
6.842599599599583193e+00
9.511081081080930977e-01
3.383813813813825733e-01
1.171832132132131399e+01
8.241871871871898625e-01
6.902302302302276704e-02
1.125339339339337164e+00
1.274487487487500736e+00
9.909909909909864201e-03
1.146796796796810902e+00
6.430330330330165378e-02
1.671630630630604797e+00
0.000000000000000000e+00
1.079301301301314631e+00
7.666656656656650748e-01
2.439939939939888072e-02
6.548586586586568004e+00
7.702102102102137415e-02
3.617278278278285519e+00
9.476296296296297106e-01
1.345345345345330401e-01
1.359682682682695543e+00
0.000000000000000000e+00
1.771993993993993266e+00
5.663413413413455055e-01
5.273732032032027917e+01
9.885595595595649820e-01
8.780507507507520515e+00
5.206748748748762701e+00
1.053704704704697903e+00
1.381781781781786338e-02
1.124528528528531135e+00
1.810056056056072560e+00
1.043666666666664522e+00
1.388161161161165946e+00
2.367807807807758014e-01
1.417199999999999882e+01
7.687577577577482391e-01
1.385825825825847402e-01
1.664711711711709397e+00
9.250500500500661305e-01
1.494294294294298275e-01
3.434677777777775276e+01
1.575227227227208981e+00
8.130650650650650402e-01
2.534289289289278990e+00
1.204579579579591053e+00
1.006839139139142425e+01
2.997997997998000288e-03
5.979979979980017991e-03
1.095606606606609468e+00
6.584684684684735112e-01
2.762499999999996803e+01
1.319363363363371455e+00
5.063363363363413555e-02
9.098238238238265385e-01
1.554846846846863917e+00
0.000000000000000000e+00
3.993571571571564505e+00
2.909284484484482647e+01
8.250910910911026797e-01
2.890480480480545067e-01
1.915105105105090466e-01
4.871810810810804249e+00
1.041801801801805899e-01
3.662887987987987515e+01
2.993993993994001606e-03
6.777687687687693474e-01
0.000000000000000000e+00
1.306113113113108293e+00
2.510810810810785165e-01
2.993993993994004208e-03
9.384474474474475691e-01
2.289609609609582763e-01
2.253834534534535194e+01
2.447687687687753744e-01
1.028777777777778679e+00
2.502462462462419768e-01
2.026786786786737848e-01
6.947877877877847164e-01
1.414668668668671137e+00
2.370240240240202856e-01
2.450105105105099046e+00
8.927927927927948454e-03
1.248989989989998550e+00
9.207597597597563244e-01
3.211754754754734265e+00
1.116639639639630088e+00
2.229791791791796207e+00
7.498718718718762055e-01
7.943943943943881578e-03
7.271051051051015124e-01
1.044144144144136671e-01
3.955385385385423724e-01
3.145366366366339861e+01
3.655433333333336776e+01
7.803103103103069538e-01
1.432362362362375463e-01
9.017677677677716774e-01
3.787508608608604987e+01
1.435646646646658864e+00
1.417328328328351761e+00
2.968528528528496246e-01
1.060092092092084659e+00
2.495325325325368215e-01
1.187077077077074438e+00
4.743170270270316280e+01
2.493563563563593877e-01
1.982582582582601005e-02
1.673302302302299704e+00
2.570078578578547024e+01
8.983083083083082121e-01
1.490140140140140401e+00
1.778168168168152152e-01
2.800902902902891345e+00
1.851601601601564062e-01
0.000000000000000000e+00
1.846486486486496881e-01
1.369832932932932934e+01
2.885002002002012400e+00
5.334083883883887012e+01
1.000000000000004358e-03
5.333383383383397680e-01
1.208958958958961549e+00
8.572362362362400123e-01
1.049439439439451560e-01
9.469609609609555001e-01
1.128373373373385169e+00
2.306176176176211179e-01
6.977519519519509217e+00
4.979979979979971133e-03
1.469089089089086753e-01
1.361393393393389717e+00
1.478978978979004349e-02
2.064614614614566634e-01
8.357507507507438982e-01
1.115040040040038205e+00
6.621448448448457924e+00
6.887387387387364779e-01
2.578738738738781122e-01
1.171378378378380214e+00
2.547297297297257401e-01
8.356016016016110104e-01
4.704244244244318862e-01
0.000000000000000000e+00
5.526272272272260366e+00
1.788898898898911016e-01
2.322762762762777544e-01
0.000000000000000000e+00
8.787087087087216974e-02
2.993993993994001172e-03
9.406206206206314535e-01
1.415795795795799228e-01
4.423283283283329648e-01
4.027627627627701490e-02
1.068923923923934316e+00
8.995095095095130278e-01
1.608061061061076380e+00
1.085411411411415061e+00
1.631197197197189697e+00
1.594985985985948096e+00
1.582329229229232581e+01
4.053231131131117593e+01
1.226661661661649472e+00
1.045451451451456792e+00
6.672999999999982279e+00
1.994274274274302206e-01
2.441411411411424037e+00
1.000000000000010212e-03
2.660489489489503256e+00
8.186476476476507447e-01
0.000000000000000000e+00
1.037952952952952312e+00
1.147817817817825131e-01
0.000000000000000000e+00
3.362073073073045482e+00
2.274333433433452711e+01
2.046486486486458756e-01
8.189309309309411589e-01
1.368246246246237030e+00
2.516433433433437727e+00
8.289519519519609192e-01
9.351011011010905705e-01
1.298798798798780074e-01
1.075777777777779276e+00
6.773873873873963170e-02
1.015938938938945046e+00
1.951998998999002533e+00
8.911031031030998140e-01
1.107466466466469956e+00
3.390630630630702691e-01
2.294934934934917403e-01
1.294506506506519106e+00
1.491851851851883626e-01
3.715944944944940875e+00
2.810928928928921877e+00
7.114924924925042360e-01
2.617470470470490529e+00
2.249349349349374916e-02
2.601351351351323116e-01
2.495995995996027339e-01
8.605035035035046853e-01
1.758041041041051633e+00
1.381781781781793103e-02
1.108491491491487846e+00
1.117787787787799303e+00
3.835719619619619891e+01
7.535135135135216655e-02
4.678277277277279822e+00
8.805905905905771214e-02
2.272652652652661087e-01
4.846558558558567320e+00
1.812188188188199378e+00
1.032471471471471558e+00
1.517837837837823778e-01
2.447722622622619326e+01
2.073118118118138842e+00
1.358221221221230790e+00
1.269619619619617723e-01
2.505705705705732478e-01
6.483943943943950572e-01
1.689190190190184682e+00
3.803926926926939789e+00
0.000000000000000000e+00
1.865765765765757880e-02
5.389729729729767493e-01
7.871951951952042004e-01
1.291890890890893484e+00
2.998600600600600963e+00
1.471015015015031180e+00
1.038748748748742567e+00
2.749089089089117310e-01
0.000000000000000000e+00
1.000000000000011947e-03
1.611235235235243701e+00
1.370663663663647558e+00
1.630836836836824677e+00
4.674174174174140772e-02
1.576550550550537055e+00
4.782284284284285647e+00
2.555655655655655889e-01
1.320644344344343502e+01
1.393316316316311809e+00
1.833019019019006546e+00
9.098448448448409609e-01
3.633998998998972496e+00
1.264567567567555395e+00
0.000000000000000000e+00
8.683393393393470383e-01
1.757242242242228469e+00
8.461961961961855794e-02
1.121872872872875071e+00
7.554884884884819352e-01
1.554912312312316125e+01
3.496675675675670281e+00
8.207627627627607225e-01
7.881631631631742518e-01
4.910710710710812499e-02
2.239799799799767899e-01
8.927927927927948454e-03
2.517827827827882614e-01
1.018391391391401779e+00
2.575405405405474801e-01
3.806796796796839133e-01
1.107393393393387271e+00
6.529406406406373264e+00
1.093787087087083876e+01
7.316246246246270735e-01
0.000000000000000000e+00
6.430330330330194522e-02
7.813419419419417977e+00
7.081741741741710561e-01
1.227911911911925058e+00
1.316449449449448084e+00
1.000000000000004358e-03
6.707797797797837580e-01
1.399159159159176768e-01
8.927927927927953658e-03
8.653682682682715566e+00
1.326595595595607691e+00
1.174489489489494609e+00
3.110910910910906213e-01
1.447838838838833464e+00
2.483913913913943228e-01
1.426081081081088886e+00
3.282337337337361216e+00
1.002148148148163331e+00
8.615635635635787715e-01
2.249349349349383242e-02
1.432843843843830012e+00
6.144711711711695834e+00
1.153478478478484170e+00
6.641631631631601529e-01
0.000000000000000000e+00
7.002802802802882143e-02
8.387607607607644455e-01
1.656435435435444026e+00
6.560370370370467441e-01
1.778168168168151875e-01
2.975669669669655626e+00
2.370443143143134535e+01
1.782802802802811559e+00
2.241076076076087276e+00
2.345670670670680913e+00
4.973423423423452561e-01
2.363123123123149205e-01
2.790073073073084942e+01
2.197293893893892758e+01
8.319119119119093853e-01
9.680740740740715333e-01
1.811664664664649260e+00
1.093935935935940407e+00
1.146949949949960912e+00
4.514734734734693333e-01
0.000000000000000000e+00
5.113513513513450598e-02
9.766916916916956737e-01
7.353911911911925614e+00
1.392390390390393140e+00
1.709624324324313349e+01
9.094104104104138386e+00
4.803165165165166783e+00
7.032052052052040203e-01
9.903503503503709171e-02
1.351614614614618626e+00
9.177147147147159956e-01
0.000000000000000000e+00
2.902244044044044813e+01
4.924464464464465840e-01
5.582282282282190478e-01
7.487757757757834698e-01
1.407459459459460716e+00
8.514504504504490923e-01
1.270339339339354501e+00
2.169540540540542128e+00
1.481781781781760232e-02
0.000000000000000000e+00
1.823627427427424763e+01
9.485515515515431373e-01
1.964501301301301694e+01
2.157067067067043875e-01
9.617007007006945773e-01
0.000000000000000000e+00
1.162410710710709338e+01
0.000000000000000000e+00
4.330289289289300569e+00
0.000000000000000000e+00
4.433933933933992821e-01
1.153116116116112622e+01
1.065296296296291523e+00
1.155058058058074488e+00
3.110570270270268978e+01
1.585351351351355964e+00
1.581211211211199119e+00
4.906406406406260690e-02
1.049208208208216586e+00
1.000000000000000454e-03
1.265976976976982193e+00
8.603808808808819819e+00
6.258558558558516283e-02
1.092262062062062888e+01
4.391970270270268628e+01
9.994734734734828097e-01
0.000000000000000000e+00
1.326907907907902251e+00
2.077907807807800822e+01
2.015405405405412242e+00
7.481261261261226148e-01
2.382747147147148326e+01
0.000000000000000000e+00
7.036976976976826448e-01
1.000000000000008694e-03
1.780130130130144483e-01
2.342492492492493028e+01
1.649009009008974846e-01
3.607666666666670796e+00
2.478779779779787695e+00
1.177757757757761814e+00
6.663773773773837839e-01
2.342132132132193345e-01
2.495355355355317606e-01
6.432062062062018359e-01
2.743854854854851144e+00
1.228643643643639427e+00
1.271300300300309383e+00
6.343943943943877728e-02
4.749139139139140764e-01
5.923102102102089539e+00
1.670339539539540397e+01
8.134524524524558986e-01
6.682382382382354713e-01
1.594172172172176882e+00
1.961961961961981860e-02
3.262487587587582993e+01
1.069463463463453667e+00
7.274224224224095092e-01
2.178238238238217050e+00
7.334994994994942230e-01
1.064714714714703581e+00
2.101640640640654478e+00
9.799799799799870093e-02
4.042442442442459316e-01
0.000000000000000000e+00
4.178798798798875058e-01
1.684019019019011631e+00
3.663125425425427295e+01
3.026789389389375629e+01
1.221425425425436639e+00
2.483393393393383275e-01
1.064320320320326640e+00
9.286306306306205682e-01
1.295850850850855274e+00
2.306176176176207293e-01
1.471969969969989744e+00
0.000000000000000000e+00
2.118901901901881324e+00
1.099686686686687231e+00
1.043034034034032498e+00
9.218078078078163484e-01
1.765572572572569277e+00
2.567837837837793624e-01
3.925250750750747386e+01
1.091565565565580709e+00
4.531609609609617451e+00
1.012591591591586848e+00
1.513071071071064200e+00
8.524024024024103863e-01
1.182240240240238993e+00
8.225025025025076708e-01
4.253111111111169684e+00
9.369629629629744327e-01
1.103953953953949130e+00
1.274265265265269509e+00
1.997997997998007640e-03
5.651481481481411828e-01
6.441911911911903932e-01
1.457919919919918650e+00
1.130553553553543145e+00
1.917667667667657394e+00
1.963723723723710679e-01
3.287687687687607108e-02
1.950700700700727652e-01
1.284384384384393979e-02
6.302852852852770527e-01
1.000000000000007393e-03
2.468948948948921918e-01
1.144571571571581625e+00
1.296717717717722262e+00
7.785285285285262202e-02
1.649009009008974569e-01
3.892274274274267309e+00
8.506316316316300252e-01
6.208989989989951219e+00
4.979979979979968531e-03
0.000000000000000000e+00
1.369399399399403361e+00
3.895095095095089943e-02
1.997997997998009374e-03
7.518948948948981359e-01
2.739698698698712853e+00
1.997997997997988991e-03
1.247269269269259961e+00
1.255538538538544691e+00
1.809636636636622775e+00
4.392792792792894752e-02
4.883583583583550602e-02
