9.721511511511575776e-01
6.935285285285364143e-01
0.000000000000000000e+00
5.690480480480503145e-01
1.215666666666664231e+00
5.479819819819826687e-01
2.258898898898927532e-01
6.686116116116062047e-01
2.303493493493498634e-01
6.345535535535583582e-01
1.953416216216212220e+01
1.049439439439451838e-01
0.000000000000000000e+00
3.236436436436409547e-01
4.474744744744803548e-01
1.760214214214229189e+00
0.000000000000000000e+00
0.000000000000000000e+00
1.028108008008008234e+01
4.355935935935948966e-01
0.000000000000000000e+00
3.262612612612617036e-01
8.243313313313225255e-01
2.069429429429394118e-01
0.000000000000000000e+00
0.000000000000000000e+00
7.315775775775854584e-01
0.000000000000000000e+00
0.000000000000000000e+00
6.529079079079079806e-01
1.635739739739743293e+00
3.311711711711701200e-02
2.064444444444490379e-01
2.655115115115101454e-01
7.468508508508553412e-01
6.366146146146119955e-01
2.023978978978981758e+01
1.033293893893894300e+01
2.246246246246230427e-01
7.598908908908919013e-01
2.846176176176173023e+00
4.093033033033104395e-01
8.002392392392359000e-01
6.105245245245284336e-01
7.415175175175208189e-01
0.000000000000000000e+00
3.770130130130205370e-01
0.000000000000000000e+00
8.646966966967029045e-01
4.202870870870880182e+00
6.518548548548519506e-01
0.000000000000000000e+00
2.912912912912983196e-02
2.361061061061009991e-01
8.375995995995978438e-01
1.688768768768812989e-01
6.528478478478465519e-01
2.123133133133096873e-01
1.361743743743755619e+00
6.789459459459431523e-01
1.231403803803808117e+01
3.751781781781740599e-01
8.800407407407416116e+00
0.000000000000000000e+00
5.331541541541438001e-01
3.993993993994109613e-03
1.557028028028023980e+00
6.174514514514551911e-01
2.490240240240277070e-01
1.672772772772774738e-02
9.526506506506421390e-01
0.000000000000000000e+00
7.749529529529616267e-01
9.163073073073070285e-01
3.993993993994114818e-03
1.305947847847844479e+01
6.373863863863840074e-01
6.878828828828730257e-01
7.913214214214242759e+00
3.255645645645601771e-01
5.988948948948973339e-01
6.194494494494467984e-01
2.747347347347371335e-02
1.680946946946957787e+00
1.234148148148153101e+00
8.791611611611651611e-01
5.040860860860799653e-01
8.007787787787682410e-01
3.548488488488546477e-01
2.098088088088122527e-01
7.967967967968083570e-03
4.777707707707662399e-01
1.386586586586559255e-02
7.468048048048002707e-01
5.637147147147155701e-01
4.209609609609513137e-01
7.852872872873022381e-01
6.792222222222111805e-01
3.984214214214133465e-01
1.427033633633637244e+01
1.139221221221214719e+00
0.000000000000000000e+00
5.969969969969927612e-03
3.601307307307346051e+00
2.338498498498473577e-01
6.768868868868865851e-01
4.699959959960006151e-01
2.769539539539485618e-01
2.460210210210179438e-01
8.180240240240110872e-01
2.440180180180193947e-01
1.000000000000002623e-03
1.000000000000019103e-03
1.007757757757751005e+00
7.383763763763702137e-01
1.575975975975982962e-02
0.000000000000000000e+00
9.244344344344431752e-01
5.903983983983976946e-01
2.249980980980970546e+00
1.814764764764747573e+00
3.089459459459445445e-01
1.508448448448413970e-01
4.453523523523444383e-01
7.359399399399266795e-01
2.646396396396372697e-01
6.797657657657635299e-01
8.927927927927946719e-03
3.389895895895875366e+00
0.000000000000000000e+00
0.000000000000000000e+00
0.000000000000000000e+00
0.000000000000000000e+00
6.567147147147165409e-01
4.901881881881862690e-01
4.475341341341321666e+00
2.444684684684669262e-01
1.319273273273271485e+00
5.757697697697705674e-01
0.000000000000000000e+00
4.408568568568556056e-01
6.271441441441438780e-01
0.000000000000000000e+00
7.208638638638543705e-01
2.185345345345398593e-01
6.463893893893937204e-01
5.054764764764788643e-01
2.132482482482462027e-01
6.143093093093148216e-01
1.997997997997974246e-03
9.494414414414475978e-01
6.511501501501419931e-01
0.000000000000000000e+00
9.029339339339422787e-01
1.654121121121112870e+00
5.691571571571609756e-01
7.568008008008082488e-01
1.852182182182186443e+00
5.245595595595632377e-01
1.578978978978980499e-02
1.575975975975998922e-02
0.000000000000000000e+00
6.257357357357254402e-02
3.913089089089097250e+00
7.776726726726709282e-01
1.758776976976978190e+01
3.987987987988045671e-03
6.677587587587630047e-01
2.810036036036062335e+00
7.055165165165152574e-01
2.912912912912940522e-02
6.124664664664644098e-01
4.473063063063040801e-01
0.000000000000000000e+00
2.230840840840865313e-01
2.674580580580586897e+00
6.125035035035040210e-01
6.343943943943902708e-02
2.153753753753787081e-02
4.113623623623639536e-01
7.943943943943876373e-03
8.131401401401375795e-01
1.109819819819826969e-01
7.348418418418432019e-01
1.081361361361350415e-01
4.753373373373289690e-01
7.673083083083132028e-01
4.151061061061140367e-01
4.573553553553578732e-01
1.109819819819829884e-01
7.050840840840864043e-01
8.702802802802812598e-01
6.275585585585632398e-01
7.399789789789741334e-01
0.000000000000000000e+00
9.532072072072227398e-01
0.000000000000000000e+00
7.319629629629647027e-01
0.000000000000000000e+00
5.900726726726711391e+00
2.989959959959965996e+00
5.935195195195177575e-01
5.469069069068962369e-02
0.000000000000000000e+00
7.170080080080006857e-01
0.000000000000000000e+00
1.205616616616632220e+00
0.000000000000000000e+00
1.000000000000007827e-03
1.590300300300282466e-01
1.576687287287290395e+01
2.487277277277258336e-01
1.006666666666655163e-01
2.932322322322311048e-01
7.683993993993958327e-01
1.323152952952948525e+01
7.040571571571551779e+00
7.116503503503484040e+00
2.086936936936900910e-01
5.392392392392316713e-01
4.245755755755820648e-01
2.416286286286317697e-01
1.440775775775779532e+00
0.000000000000000000e+00
5.532170170170177315e+00
5.555335335335357394e-01
8.586336336336277686e-01
3.328018018018020219e-01
1.862987987987976934e+00
4.945255255255261440e-01
0.000000000000000000e+00
2.547157157157128315e-01
7.556546546546580867e-01
7.373903903903967771e-01
2.330550550550553268e+00
1.283377377377362683e+00
2.601312312312313857e+00
6.511901901901894218e-01
5.995815815815793703e-01
3.987027027026944226e-01
4.951291291291246011e-01
3.898088088088090819e-01
0.000000000000000000e+00
1.483873873873867988e-01
7.379529529529571530e-01
8.043633633633564539e-01
5.415250250250257302e+00
6.128578578578588454e-01
2.633423423423393306e-01
4.747457457457566199e-01
7.199099099099059984e-01
7.236656656656704767e-01
1.133413413413392329e-01
1.088988988988995842e-02
2.156196196196173698e-01
2.863726726726730121e+00
4.135355355355364582e-01
1.343162162162169881e+00
1.196532532532524007e+00
7.641821821821730421e-01
0.000000000000000000e+00
0.000000000000000000e+00
5.453003003002899751e-01
2.372558558558561348e+00
1.159031831831834403e+01
5.957347347347269340e-01
1.821986986986980694e+00
5.745685685685685273e-01
3.142002002002040051e-01
5.514454454454492671e-01
7.151701701701703717e-01
2.016279279279279635e+00
0.000000000000000000e+00
2.067437437437448455e+00
0.000000000000000000e+00
1.000000000000008911e-03
8.995285285285243848e-01
8.280180180180139737e-02
0.000000000000000000e+00
8.932202202202152996e-01
6.472292292292346483e-01
4.727410410410405106e+00
5.939479479479403690e-01
4.891581581581718741e-01
1.800320320320319079e+00
6.938248248248387595e-01
6.945936936936883299e+00
6.918178178178115978e-01
7.671221221221345976e-01
2.363123123123149760e-01
7.311811811811791406e-01
4.387381381381384671e+00
7.864134134134159737e-01
0.000000000000000000e+00
8.738468468468507666e-01
5.845445445445414112e-01
2.170664664664690768e+00
2.065565565565555609e-02
7.696366366366419465e-01
7.868268268268149845e-02
6.462612612612624874e-01
5.652312312312299802e-01
3.757617617617621253e-01
5.209569569569487690e-01
0.000000000000000000e+00
6.853993993994063061e-01
4.392792792792869078e-02
2.185345345345400814e-01
7.051201201201191537e-01
5.744734734734757708e-01
0.000000000000000000e+00
1.997997997998016313e-03
7.246916916916897877e-01
4.572922922922990074e-01
0.000000000000000000e+00
0.000000000000000000e+00
6.041341341341323057e-01
9.026296296296201227e-01
8.239909909909827190e-01
0.000000000000000000e+00
1.256538538538524818e+00
2.082672672672694347e-01
2.255575575575592850e+00
1.446510510510500280e+00
2.000694694694701514e+00
6.345885885885911293e-01
4.509178178178149032e+00
6.592172172172153788e-01
5.809209209209249547e-01
0.000000000000000000e+00
6.083623623623681809e-01
7.605085085085098173e-01
7.712072072072128082e-01
7.943943943943872904e-03
7.402422422422505477e-01
3.157947947947997713e-01
1.011051051051052169e-01
5.222772772772751315e-01
4.429279279279277337e-01
9.721621621621670539e-02
7.643483483483428653e-01
0.000000000000000000e+00
1.672772772772802147e-02
1.865765765765805412e-02
0.000000000000000000e+00
1.926342642642645586e+01
6.116786786786890806e-01
5.927261261261271841e+00
2.671911911911957205e-01
8.569629629629820222e-01
1.092192192192189992e+00
9.401461461461340097e-01
1.000000000000016284e-03
4.034864864864938228e-01
2.997997997998013732e-03
2.218184184184177621e+00
1.000000000000000021e-03
1.011934934934940689e+00
7.453203203203164762e-01
0.000000000000000000e+00
1.345345345345330679e-01
2.724324324324316898e-02
0.000000000000000000e+00
1.538088088088089000e-01
0.000000000000000000e+00
3.850490490490558471e-01
2.824684684684633518e-01
9.183883883883835475e-01
1.123939539539535559e+01
1.901651651651610209e-01
7.114214214214249765e-02
0.000000000000000000e+00
1.861331331331340655e-01
0.000000000000000000e+00
7.286526526526487801e-01
0.000000000000000000e+00
6.500700700700688950e-01
2.494084084084113584e-01
6.740620620620553227e-01
5.473203203203189648e-01
3.127225225225229721e+00
8.278138138138216862e-01
0.000000000000000000e+00
1.997997997998002869e-03
5.394244244244230657e-01
4.813373373373321940e-01
3.426206206206214300e-01
9.673643643643730083e-01
4.027627627627704265e-02
3.111610610610604510e+00
9.755297297297314429e+00
5.480540540540578265e-01
1.896736736736754358e-01
4.678658658658603198e-01
6.803023023022993776e-01
7.634724724724721856e-01
6.030490490490396649e-01
1.528088088088101759e-01
7.281071071071166800e-01
1.309316316316318174e+00
6.814414414414385890e-01
7.558498498498626983e-01
9.439093093093079645e+00
3.512582582582604585e-01
1.261807007007012160e+01
7.010350350350254001e-01
4.329079079079152237e-01
1.831322322322334717e+00
6.246366366366316036e-01
6.848568568568531578e-01
0.000000000000000000e+00
1.464123123123130199e+00
2.026656656656621591e-01
6.229489489489521414e-01
8.328356356356408696e+00
9.607757757757821038e-01
9.253156156156158829e+00
8.735965965966040470e-01
1.419009009009007671e-01
8.931951951951965230e-01
6.034334334334384708e-01
8.401711711711629116e-01
4.979979979979968531e-03
2.360750750750764126e-01
1.303498098098097735e+01
1.143519519519510697e+00
2.528888888888871644e+00
2.993993993993999871e-03
6.288318318318348865e-01
4.203783783783694994e-01
1.824146146146149228e+00
0.000000000000000000e+00
6.516516516516529522e-02
0.000000000000000000e+00
1.233280280280270480e+00
6.931721721721718632e-01
1.134714714714746137e-01
3.938942942942917913e+00
4.456586586586659959e-01
8.967967967967973436e-03
2.400390390390358120e-01
7.068218218218125237e-01
9.442712712712834078e-01
1.365061261261262615e+01
2.113323323323324399e+00
0.000000000000000000e+00
0.000000000000000000e+00
1.079379379379353382e-01
1.887338338338328203e+00
8.147807807807776470e-01
0.000000000000000000e+00
4.085125125125185774e-01
5.697207207207085622e-01
6.728388388388458763e-01
5.002072072072085707e-01
7.859639639639630637e-01
1.018441441441453987e+00
8.198058058058047548e-01
6.789659659659645907e-01
0.000000000000000000e+00
0.000000000000000000e+00
8.330070070069981458e-01
6.487787787787706317e-02
0.000000000000000000e+00
2.052412412412420450e-01
1.552912912912941257e-01
1.172322322322331412e-01
7.913423423423455727e-01
6.687427427427458104e-01
7.328958958958990966e-01
2.133493493493530957e-01
0.000000000000000000e+00
2.520670670670711044e-01
1.342437437437423497e+00
8.190100100100066172e-01
1.218589589589589961e+00
3.687097097097063458e-01
2.870170170170139312e-01
2.446146146146097877e-01
6.403593593593656097e-01
7.449429429429468286e-01
1.459059559559557151e+01
6.672652652652641958e-01
5.689879879879897739e-01
4.959219219219144770e-01
8.602562562562676707e-01
1.704123123123129524e+00
3.616606606606606600e-01
3.576496496496535671e-01
0.000000000000000000e+00
7.513453453453391440e-01
2.322232232232218085e-01
9.344124124124129072e-01
1.841351351351326326e-01
0.000000000000000000e+00
1.997997997998003736e-03
6.130390390390406674e-01
2.993993993994001606e-03
0.000000000000000000e+00
3.715055055055108690e-01
4.142912912912925627e+00
8.894204204204282371e-01
4.505636636636658920e+00
0.000000000000000000e+00
1.820610610610564617e-01
7.585935935935990138e-01
1.997997997997977716e-03
8.126146146146213667e-01
7.861921921922015999e-01
0.000000000000000000e+00
9.289709709709749186e-01
1.055091091091088806e+01
3.698218218218203290e-01
6.344284284284243958e-01
1.976437437437439382e+00
7.515665665665695050e-01
7.101281281281290880e-01
7.577887887887785334e-01
0.000000000000000000e+00
4.990850850850806486e-01
1.280618618618619919e+00
3.618088088088120546e-01
1.138686686686681604e+00
6.574654654654645825e-01
1.821719719719722796e+00
0.000000000000000000e+00
6.148128128128071967e-01
4.301801801801762026e-02
6.547707707707731695e-01
1.889195195195204846e+00
7.862441441441485601e+00
2.402903903903921723e+00
2.824894894894906527e-01
0.000000000000000000e+00
3.410880880880883037e+00
7.139849849849896346e-01
4.020810810810768188e-01
5.803526526526555429e+00
6.407557557557576056e-01
1.284384384384371254e-02
7.690170170170216313e-01
6.734084084084124289e-01
0.000000000000000000e+00
7.916236236236108281e-01
2.153753753753785347e-02
8.733393393393457105e-01
0.000000000000000000e+00
6.742132132132078182e-01
5.375955955955981080e-01
1.997997997998035395e-03
3.247233233233229210e+00
2.629729729729744434e-02
1.918491491491494338e+00
6.858398398398410922e-01
6.944444444444268505e-02
7.877417417417407197e-01
0.000000000000000000e+00
9.489029029029015794e-01
3.742332332332242162e-01
2.467535435435436497e+01
6.185925925925942481e-01
4.363486486486497284e+00
2.660985985985952151e+00
6.904094094094105349e-01
0.000000000000000000e+00
6.061611611611671391e-01
9.545055055055021720e-01
5.910690690690737492e-01
8.605555555555596259e-01
2.258898898898927809e-01
6.553999999999973625e+00
6.916456456456456792e-01
8.198198198198053399e-02
8.604474474474484991e-01
7.110100100100089637e-01
4.963963963963904241e-02
1.694482782782774422e+01
8.127077077077144995e-01
5.689949949949917318e-01
1.274273273273262452e+00
6.615645645645538142e-01
4.997613613613581585e+00
0.000000000000000000e+00
0.000000000000000000e+00
7.087297297297394660e-01
2.589259259259226176e-01
1.322938838838833675e+01
7.561611611611660511e-01
1.186786786786781650e-02
5.207667667667681410e-01
7.784604604604722367e-01
0.000000000000000000e+00
2.199285285285284886e+00
1.474962462462464252e+01
5.549379379379417720e-01
1.804954954954914315e-01
1.219579579579557482e-01
2.374621621621641143e+00
3.751651651651665559e-02
1.836403803803800017e+01
0.000000000000000000e+00
5.963063063063008817e-01
0.000000000000000000e+00
7.292782782782911699e-01
2.493493493493506297e-01
0.000000000000000000e+00
6.998648648648696513e-01
1.930720720720673356e-01
1.061509409409410942e+01
2.400390390390357565e-01
6.325985985985945748e-01
2.501291291291309338e-01
1.583493493493521032e-01
3.522632632632644034e-01
8.145335335335295301e-01
1.793543543543523189e-01
1.325154154154161823e+00
1.000000000000008044e-03
6.646696696696698936e-01
7.173083083083124922e-01
1.604778778778775061e+00
6.594394394394459402e-01
1.118381381381380102e+00
7.224094094094132279e-01
1.000000000000010429e-03
5.574514514514450347e-01
3.566666666666688107e-02
2.746446446446454415e-01
1.476862262262260472e+01
1.795228328328322220e+01
5.532032032032051516e-01
6.283583583583622623e-02
6.460460460460525356e-01
1.758363863863862520e+01
7.856926926926945942e-01
7.630270270270227417e-01
2.540420420420451686e-01
6.937917917917975075e-01
1.044754754754744080e-01
7.087597597597583565e-01
2.088322222222218372e+01
1.502942942942972482e-01
1.000000000000009995e-03
9.784344344344372280e-01
1.226177877877878686e+01
4.904544544544464091e-01
8.771781781781682330e-01
1.240990990991012455e-01
1.456539539539556838e+00
1.419009009009010724e-01
0.000000000000000000e+00
1.379129129129131881e-01
6.579005005004975537e+00
1.452206206206222427e+00
2.631200200200197159e+01
0.000000000000000000e+00
4.609749749749662007e-01
6.446426426426484779e-01
4.799259259259185950e-01
4.392792792792887813e-02
6.674384384384343116e-01
6.698038038037961162e-01
1.596536536536551087e-01
3.359709709709705727e+00
0.000000000000000000e+00
4.679679679679599191e-02
8.140080080080189795e-01
1.000000000000002840e-03
1.314864864864845884e-01
4.644104104104159192e-01
5.619819819819833473e-01
3.433499499499490959e+00
6.008748748748696800e-01
2.135765765765725577e-01
6.547927927927925662e-01
2.424174174174200946e-01
4.243903903903933350e-01
3.812852852852913754e-01
0.000000000000000000e+00
2.771010010010003466e+00
1.276276276276305244e-01
2.121871871871880144e-01
0.000000000000000000e+00
2.249349349349378385e-02
0.000000000000000000e+00
5.993533533533437208e-01
7.702102102102138803e-02
3.338268268268313466e-01
3.987987987988032661e-03
7.690040040040035940e-01
5.424604604604581493e-01
8.901841841841733327e-01
7.367707707707711329e-01
9.033093093093091941e-01
8.861051051051057614e-01
7.499738738738790822e+00
1.813777477477482591e+01
7.823213213213174866e-01
5.107697697697655137e-01
3.147622622622588295e+00
1.565205205205177641e-01
1.319477477477462912e+00
0.000000000000000000e+00
1.518234234234216329e+00
6.930800800800692718e-01
0.000000000000000000e+00
6.716656656656639912e-01
3.759259259259266350e-02
0.000000000000000000e+00
1.764503503503503934e+00
1.079929829829830723e+01
1.174514514514538172e-01
5.450920920920868662e-01
7.600310310310336437e-01
1.266616616616619728e+00
4.873373373373424688e-01
6.326716716716691558e-01
2.753753753753725858e-02
5.875385385385406556e-01
1.381781781781798307e-02
7.420010010009945312e-01
1.050356356356368481e+00
7.163453453453336728e-01
6.747357357357401941e-01
2.250790790790763718e-01
1.876876876876876765e-01
6.939359359359417168e-01
7.702102102102133252e-02
1.809623623623622946e+00
1.433319319319313223e+00
2.866736736736700264e-01
1.363874874874895005e+00
1.000000000000004358e-03
2.372412412412349125e-01
2.408318318318348195e-01
6.613123123123157976e-01
9.049749749749829153e-01
1.997997997998046237e-03
5.265315315315359790e-01
6.689039039039055279e-01
1.869545445445448806e+01
1.575975975975990248e-02
2.245472472472480163e+00
3.287687687687604332e-02
1.043703703703727365e-01
2.525903903903884196e+00
9.167617617617591641e-01
6.418848848848834887e-01
6.773873873873961782e-02
1.191266366366367002e+01
1.113648648648637662e+00
7.076866866866938777e-01
5.580280280280358607e-02
1.935925925925934266e-01
5.301101101101133306e-01
9.641931931931831956e-01
1.806600600600616113e+00
0.000000000000000000e+00
2.993993993994002473e-03
1.808598598598575857e-01
4.899649649649629457e-01
6.892432432432413769e-01
1.518733733733732771e+00
8.911611611611764960e-01
7.212552552552522478e-01
2.184814814814757811e-01
0.000000000000000000e+00
0.000000000000000000e+00
8.578848848848924513e-01
6.746806806806843193e-01
9.104724724724672091e-01
6.957957957957858729e-03
9.322982982983039069e-01
2.278433433433421751e+00
1.393223223223212237e-01
6.408160160160207397e+00
7.895635635635658289e-01
1.056335335335329750e+00
6.627417417417454937e-01
1.713116116116127907e+00
7.262422422422304402e-01
0.000000000000000000e+00
6.284444444444493572e-01
9.565475475475404554e-01
2.249349349349377691e-02
7.192302302302255868e-01
6.688148148148103100e-01
7.970727727727685341e+00
1.779689689689677889e+00
3.156136136136113435e-01
4.102242242242286618e-01
5.991991991992132865e-03
1.921111111111121206e-01
0.000000000000000000e+00
2.337337337337301313e-01
5.987647647647657001e-01
1.151031031031046759e-01
2.841181181181183235e-01
6.343243243243248397e-01
3.045721721721716513e+00
5.308098098098062323e+00
4.140810810810816589e-01
0.000000000000000000e+00
1.284384384384379581e-02
3.878416416416396562e+00
4.674264264264205715e-01
8.236776776776725262e-01
7.984434434434373173e-01
0.000000000000000000e+00
4.376986986986976524e-01
6.944444444444272668e-02
0.000000000000000000e+00
4.182513513513541170e+00
7.700850850850841089e-01
6.760270270270349879e-01
2.473473473473439821e-01
8.297237237237201635e-01
2.141851851851828969e-01
7.690970970970890663e-01
1.647771771771797900e+00
7.123063063063039824e-01
4.531241241241276141e-01
0.000000000000000000e+00
8.297627627627683911e-01
3.124899899899887590e+00
5.815595595595698386e-01
4.797657657657587449e-01
0.000000000000000000e+00
6.977977977977973569e-03
6.316606606606643970e-01
9.776036036036218624e-01
2.701011011011048568e-01
1.304144144144125939e-01
1.545204204204215115e+00
1.129933433433429357e+01
9.868498498498451399e-01
1.126672672672669240e+00
1.193227227227226184e+00
1.738918918918928025e-01
2.286196196196139951e-01
1.404810710710709110e+01
9.711478478478477783e+00
5.030570570570487288e-01
6.209869869869920622e-01
1.006257257257267890e+00
6.410750750750764393e-01
7.585495495495525597e-01
2.019609609609645529e-01
0.000000000000000000e+00
9.909909909909864201e-03
5.452132132132205822e-01
3.694250250250243006e+00
7.200110110110091721e-01
8.424714714714680142e+00
4.559836836836859142e+00
2.380902902902913176e+00
5.290210210210157804e-01
1.488388388388377920e-02
7.831461461461513007e-01
5.759749749749714098e-01
0.000000000000000000e+00
1.430627127127128162e+01
3.914554554554480204e-01
2.746776776776828077e-01
7.277217217217271106e-01
8.211191191191249406e-01
7.497517517517506835e-01
7.541371371371410337e-01
1.099966966966963833e+00
0.000000000000000000e+00
0.000000000000000000e+00
9.062317317317322818e+00
5.479379379379432091e-01
8.838763763763767045e+00
1.509259259259268238e-01
4.685995995995936303e-01
0.000000000000000000e+00
6.016403403403434602e+00
0.000000000000000000e+00
2.270379379379382723e+00
0.000000000000000000e+00
3.934294294294347072e-01
5.203143143143142524e+00
6.847707707707755276e-01
6.670310310310342272e-01
1.402655655655658151e+01
9.272182182182119314e-01
8.974514514514511099e-01
2.993993993994004208e-03
5.847657657657718833e-01
0.000000000000000000e+00
8.185325325325192303e-01
4.329855855855869073e+00
1.487787787787832675e-02
5.437412412412401252e+00
2.071431831831836945e+01
6.255445445445466657e-01
0.000000000000000000e+00
6.982942942942985676e-01
1.004305505505501195e+01
1.062228228228232041e+00
5.397587587587611146e-01
1.082079479479472361e+01
0.000000000000000000e+00
3.615005005005001992e-01
0.000000000000000000e+00
6.930030030029969701e-02
1.156172672672676427e+01
1.117277277277296255e-01
1.828848848848848130e+00
1.236455455455442554e+00
7.910660660660658872e-01
3.818138138138144067e-01
1.963723723723714565e-01
1.513943943943943105e-01
4.774754754754813590e-01
1.418446446446441689e+00
7.260800800800832899e-01
7.861771771771838280e-01
1.672772772772774391e-02
2.742972972973048429e-01
2.964208208208224171e+00
7.960494494494480655e+00
6.040170170170152675e-01
5.582532532532478164e-01
8.844704704704886566e-01
1.997997997998013711e-03
1.677136836836847777e+01
6.137037037037057496e-01
2.940050050050020403e-01
1.160285285285290291e+00
4.525265265265308035e-01
6.170710710710691771e-01
1.148203203203216560e+00
4.119219219219179273e-02
3.303453453453422117e-01
0.000000000000000000e+00
3.427977977978037827e-01
9.332742742742581310e-01
1.710886786786786118e+01
1.466426226226229623e+01
7.277657657657609080e-01
2.408318318318347917e-01
7.315425425425443606e-01
5.505565565565518904e-01
7.895385385385341737e-01
2.121871871871882365e-01
8.448118118118125297e-01
0.000000000000000000e+00
1.090164164164158178e+00
6.968718718718781568e-01
6.696736736736708107e-01
6.616396396396494461e-01
9.463843843843883219e-01
2.417777777777788961e-01
1.847888588588586245e+01
6.209119119119057562e-01
2.122405405405402679e+00
6.331531531531477963e-01
8.549449449449412208e-01
4.723683683683655432e-01
6.098358358358438869e-01
5.776206206206265792e-01
2.103791791791783439e+00
7.337597597597526056e-01
5.779369369369363740e-01
7.425295295295277764e-01
0.000000000000000000e+00
4.628788788788758546e-01
5.541401401401324645e-01
7.840110110109947961e-01
6.940960960961083392e-01
1.015821821821835780e+00
1.521831831831849668e-01
3.987987987988056947e-03
1.419009009009010169e-01
0.000000000000000000e+00
5.258438438438529650e-01
0.000000000000000000e+00
1.028978978978953435e-01
7.080600600600663874e-01
6.762902902902969693e-01
1.575975975975992330e-02
1.041801801801806177e-01
2.049040040040039923e+00
6.015725725725722395e-01
2.961303303303293166e+00
1.000000000000003924e-03
0.000000000000000000e+00
7.946056056056134409e-01
4.979979979979967664e-03
0.000000000000000000e+00
5.306406406406366516e-01
1.398284284284272427e+00
0.000000000000000000e+00
7.599859859859851019e-01
6.351931931931935615e-01
9.098718718718771248e-01
6.957957957957753778e-03
4.979979979979967664e-03
