2.650966966966961547e+00
1.612927927927936267e+00
0.000000000000000000e+00
9.674274274274230478e-01
3.323497497497501563e+00
7.527347347347281836e-01
2.437757757757728350e-01
1.666167167167169838e+00
2.443153153153186097e-01
1.521116116116104866e+00
6.009639539539548991e+01
2.049599599599644661e-01
5.969969969969987460e-03
1.063429429429441075e+00
1.537039039039012289e+00
5.174145145145168101e+00
2.639939939939979843e-02
4.844744744744723663e-02
3.211271271271272099e+01
9.528188188188101426e-01
0.000000000000000000e+00
7.344204204204227704e-01
1.956588588588587641e+00
2.367807807807758569e-01
1.290390390390402063e-02
2.629729729729753454e-02
1.895221221221210950e+00
3.441741741741678046e-02
1.979779779779802795e-02
1.120639639639633423e+00
4.778757757757744251e+00
1.156906906906920440e-01
3.466886886886932917e-01
1.015954954954955802e+00
1.471294294294299476e+00
1.362460460460460432e+00
6.657194294294299652e+01
3.158733833833834126e+01
2.546216216216222739e-01
2.273659659659659216e+00
8.436555555555568020e+00
9.606346346346388287e-01
1.949284284284299007e+00
8.463103103103107872e-01
1.734635635635628503e+00
1.092592592592595870e-02
3.931021021021007256e-01
0.000000000000000000e+00
2.226989989989978547e+00
1.327302202202198700e+01
1.744434434434443126e+00
8.957957957958216991e-03
1.161601601601612715e-01
7.461771771771651407e-01
2.122209209209219960e+00
5.596786786786712709e-01
1.519009009009009148e+00
5.620120120120016827e-01
3.725008008008025673e+00
1.090189189189199270e+00
3.776846746746747385e+01
1.206332332332330726e+00
2.645384084084082943e+01
2.993993993993998570e-03
1.566217217217205082e+00
7.082082082082073737e-02
4.590242242242236870e+00
1.552198198198181167e+00
2.493493493493506297e-01
1.034144144144158450e-01
2.577470470470481168e+00
2.249349349349384283e-02
1.716875875875879531e+00
2.248298298298286646e+00
1.602222222222243198e-01
3.852994194194197064e+01
1.742224224224228735e+00
1.493869869869870914e+00
2.701136836836851174e+01
3.813563563563616143e-01
9.501531531531601793e-01
1.169383383383375108e+00
1.217457457457429143e-01
4.669385385385381504e+00
3.743421421421439632e+00
2.325204204204195158e+00
8.728188188188199526e-01
2.049838838838842214e+00
8.752782782782785320e-01
2.398358358358310127e-01
1.170400400400396501e-01
1.305148148148141063e+00
8.872372372372457072e-02
1.741919919919917126e+00
1.618233233233242307e+00
4.817277277277172143e-01
2.073519519519526177e+00
1.577228228228241047e+00
1.321028028028049972e+00
4.830053553553564427e+01
2.837543543543556979e+00
2.993993993994000305e-03
1.140900900900876230e-01
1.183888888888890811e+01
2.483313313313290083e-01
1.404235235235229196e+00
7.494204204204262254e-01
8.201341341341433777e-01
2.484844844844873446e-01
2.259601601601609833e+00
2.896396396396349049e-01
6.602502502502445580e-02
5.202702702702721033e-02
2.573688688688697379e+00
1.732510510510499202e+00
1.662122122122086931e-01
0.000000000000000000e+00
2.251847847847834760e+00
1.392783783783770879e+00
6.897751751751758142e+00
5.078485485485472850e+00
9.404504504504539453e-01
3.319749749749685286e-01
1.264907907907904860e+00
1.870021021021031071e+00
4.038888888888933493e-01
1.238032032032042595e+00
9.009009009009183444e-02
1.050564664664666026e+01
0.000000000000000000e+00
4.979979979979966796e-03
1.769369369369414371e-02
3.737537537537571203e-02
1.561412412412399586e+00
1.240789789789791486e+00
1.441041241241245707e+01
2.496736736736703266e-01
3.471315315315312677e+00
1.082068068068061661e+00
1.000000000000009562e-03
1.272502502502499855e+00
1.394745745745747723e+00
1.391391391391356112e-02
1.814587587587600970e+00
2.333333333333291459e-01
1.721773773773743077e+00
1.274541541541530432e+00
3.777587587587531992e-01
1.322304304304318556e+00
2.057957957957923939e-02
2.288112112112106633e+00
1.034855855855847384e+00
7.943943943943874639e-03
2.292647647647648057e+00
4.696750750750771530e+00
8.276226226226158778e-01
1.934225225225182143e+00
5.788587587587587180e+00
1.260119119119129216e+00
1.185165165165151940e-01
8.848448448448288650e-02
0.000000000000000000e+00
1.637537537537540888e-01
1.198345045045043555e+01
1.916775775775775292e+00
5.421746346346354528e+01
7.785285285285260815e-02
1.370632632632635461e+00
9.915285285285239780e+00
1.136604604604613655e+00
1.421451451451453962e-01
1.560182182182211053e+00
1.135819819819835486e+00
0.000000000000000000e+00
9.591011011010948106e-01
7.651681681681607117e+00
1.606758758758743522e+00
1.826046046046072568e-01
1.404564564564586004e-01
9.142612612612615042e-01
6.615815815815859202e-02
1.865359359359357816e+00
6.923523523523603118e-02
1.825534534534529296e+00
6.292752752752769352e-01
9.152422422422282766e-01
1.712538538538533661e+00
1.378261261261253257e+00
1.316433433433417788e+00
2.018018018017981030e-01
1.862249249249251504e+00
2.037107107107106518e+00
1.230509509509504662e+00
1.693715715715707448e+00
6.957957957957782401e-03
2.379405405405415674e+00
4.987987987988050029e-03
1.777625625625629535e+00
1.985785785785764909e-02
1.712304804804806224e+01
8.424077077077070541e+00
1.003629629629644082e+00
1.900400400400376888e-01
0.000000000000000000e+00
1.562097097097091325e+00
0.000000000000000000e+00
3.145680680680694952e+00
2.453153153153108529e-02
6.802302302302373760e-02
3.615035035034979138e-01
5.092658058058073323e+01
2.490240240240276792e-01
6.134174174174165106e-01
3.920870870870841185e-01
1.925437437437432342e+00
4.329566266266260044e+01
2.312597697697696475e+01
2.265533333333330290e+01
8.226816816816884259e-01
1.605786786786775000e+00
6.315095095095061284e-01
3.039579579579538282e-01
4.462057057057058351e+00
0.000000000000000000e+00
1.725659959959963174e+01
9.631701701701668172e-01
2.162148148148115734e+00
7.629049049049059228e-01
4.796006006006006572e+00
9.779839839839998827e-01
1.000000000000008694e-03
9.816966966966921282e-01
1.693680680680669903e+00
2.112226226226225023e+00
6.983333333333340498e+00
3.371973973973990013e+00
8.247907907907924496e+00
1.525986986986976657e+00
1.541075075075069245e+00
1.169145145145136011e+00
1.072466466466457602e+00
1.080083083083089868e+00
5.969969969969924142e-03
2.215285285285261141e-01
1.688461461461459923e+00
2.072727727727716296e+00
1.603587787787790120e+01
1.711050050050052507e+00
1.023909909909923144e+00
8.027167167167225115e-01
1.228643643643651195e+00
1.919993993993988957e+00
2.438328328328365768e-01
1.040780780780771603e-01
2.674824824824856284e-01
8.929513513513533951e+00
1.188129129129130046e+00
3.686184184184220225e+00
3.138372372372371100e+00
1.934749749749749670e+00
0.000000000000000000e+00
0.000000000000000000e+00
1.311842842842837698e+00
7.048970970970951377e+00
4.072587287287291957e+01
1.345539539539549745e+00
5.318256256256272962e+00
1.093032032032018597e+00
6.747807807807802982e-01
1.218032032032020595e+00
1.612255255255275799e+00
6.201621621621619340e+00
1.678778778778777792e-02
5.888111111111148155e+00
1.597997997997972069e-02
2.544744744744802112e-02
2.057879879879876750e+00
1.881541541541537355e-01
2.634934934934901607e-02
2.232443443443454800e+00
1.769288288288303423e+00
1.496833033033034965e+01
1.078732732732714306e+00
1.558869869869853098e+00
5.199138138138141407e+00
1.884899899899917131e+00
2.113593093093088982e+01
1.773992992992979412e+00
1.746496496496467543e+00
2.478468468468436881e-01
1.712407407407413151e+00
1.407607007007008804e+01
2.110010010010033188e+00
0.000000000000000000e+00
2.294329329329327205e+00
9.717337337337388359e-01
6.816538538538542191e+00
1.598708708708701243e-01
1.861404404404404911e+00
1.772772772772761019e-01
1.049984984984984715e+00
1.107458458458482564e+00
6.998988988988950055e-01
1.492976976976994941e+00
1.000000000000005659e-03
1.101625625625641813e+00
1.588858858858852030e-01
2.431871871871908175e-01
9.145195195195093829e-01
1.396256256256246830e+00
3.287687687687643190e-02
2.734734734734688144e-02
1.188299299299294010e+00
4.880990990990926592e-01
0.000000000000000000e+00
0.000000000000000000e+00
1.105544544544557084e+00
2.449064064064052637e+00
2.008907907907901080e+00
2.829529529529573734e-02
3.502377377377386747e+00
8.448588588588623605e-01
6.800789789789807749e+00
4.211270270270255800e+00
5.257368368368327438e+00
1.620446446446446531e+00
1.351163763763770298e+01
8.974384384384470614e-01
1.527108108108103268e+00
0.000000000000000000e+00
1.446035035035025951e+00
1.386021021021007549e+00
1.955781781781775308e+00
1.111111111111107996e-01
1.791486486486498553e+00
9.814404404404216686e-01
1.836196196196164254e-01
8.821161161161110709e-01
1.029067067067074071e+00
1.856696696696714388e-01
1.828562562562577209e+00
3.473873873873907503e-02
1.147027027027018031e-01
9.009009009009186220e-02
0.000000000000000000e+00
6.030806006006009312e+01
1.132793793793793746e+00
1.944190090090085832e+01
4.157197197197287641e-01
2.362180180180178724e+00
2.925683683683677483e+00
2.680399399399376215e+00
5.916916916917014380e-02
8.032212212212050950e-01
7.598298298298340747e-02
6.320589589589598489e+00
2.534934934934988601e-02
2.718466466466438192e+00
2.140842842842831217e+00
1.000000000000015416e-03
2.035625625625586688e-01
1.413043043043036850e-01
9.909909909909862466e-03
2.556066066066061127e-01
1.000000000000006309e-03
4.631381381381441398e-01
1.052315315315313748e+00
2.530569569569566912e+00
3.585156656656653951e+01
2.339039039038996459e-01
1.660660660660666643e-01
1.997997997997994196e-03
2.846526526526547141e-01
4.119219219219186906e-02
1.633099099099080798e+00
1.291591591591613984e-02
1.256406406406427312e+00
2.626096096096096622e-01
1.420711711711704073e+00
1.005356356356349457e+00
9.281900900900886597e+00
2.117031031031037625e+00
0.000000000000000000e+00
5.557457457457511824e-02
1.109644644644651068e+00
1.319914914914905868e+00
1.249299299299315269e+00
2.560061061061038590e+00
1.521831831831850224e-01
1.017393893893892987e+01
3.019046046046045362e+01
1.058722722722737597e+00
2.451201201201213264e-01
1.175890890890896934e+00
1.461844844844860436e+00
1.962236236236215126e+00
1.180946946946954457e+00
2.163603603603554693e-01
1.551717717717705280e+00
3.655569569569553590e+00
1.492263263263253981e+00
2.231546546546564702e+00
2.956022122122123008e+01
1.218921921921924278e+00
3.853771171171173648e+01
1.025468468468468730e+00
1.278454454454448275e+00
5.635069069069056802e+00
1.398329329329325077e+00
1.337280280280290778e+00
0.000000000000000000e+00
4.305164164164157370e+00
2.810920920920892407e-01
8.280670670670676747e-01
2.654689389389402621e+01
2.541003003003006189e+00
3.021587487487486356e+01
2.259432432432448401e+00
2.592592592592563583e-01
2.169543543543551944e+00
1.734564564564570421e+00
2.218192192192188106e+00
8.085085085085071122e-02
2.503253253253284738e-01
4.136962762762758672e+01
2.983598598598574902e+00
7.319889889889868329e+00
3.751651651651664865e-02
8.257027027027128430e-01
7.601741741741697700e-01
5.529158158158145042e+00
5.202702702702719645e-02
1.179399399399376908e-01
0.000000000000000000e+00
3.201335335335338428e+00
1.491773773773756417e+00
2.282202202202135988e-01
1.189408008008007656e+01
6.922382382382487043e-01
1.154654654654678481e-01
2.473313313313302564e-01
1.828019019018991775e+00
2.402053053053047282e+00
4.155587487487476039e+01
6.846569569569568081e+00
1.284384384384389122e-02
0.000000000000000000e+00
2.611961961961896117e-01
5.256675675675677617e+00
1.938911911911927133e+00
0.000000000000000000e+00
5.211271271271312733e-01
1.533152152152143177e+00
1.280253253253252677e+00
1.282788788788794321e+00
1.759603603603609789e+00
2.777268268268274110e+00
1.981490490490471101e+00
1.649668668668665905e+00
1.088988988988996709e-02
0.000000000000000000e+00
1.948913913913926876e+00
2.719439439439397810e-01
0.000000000000000000e+00
3.090580580580620240e-01
2.123383383383334322e-01
2.957417417417450012e-01
2.104647647647650111e+00
1.631081081081095618e+00
9.968868868869056321e-01
2.542122122122077443e-01
0.000000000000000000e+00
3.644204204204282704e-01
3.555617617617620407e+00
1.818509509509517397e+00
3.363574574574585530e+00
1.085594594594580853e+00
6.611791791791922224e-01
9.049979979979991818e-01
1.292407407407415443e+00
2.131866866866857446e+00
4.510357857857857766e+01
1.529792792792796341e+00
1.365683683683673655e+00
6.499679679679717381e-01
1.981544544544557640e+00
4.894948948948954381e+00
1.083870870870866865e+00
5.051241241241176683e-01
0.000000000000000000e+00
1.470085085085092835e+00
8.936486486486366898e-01
2.460539539539522202e+00
2.278878878878833059e-01
4.027627627627697326e-02
5.380480480480464428e-02
1.628772772772752786e+00
2.344744744744717974e-02
0.000000000000000000e+00
9.283983983983888910e-01
1.177313013013018583e+01
2.202319319319334223e+00
1.572346646646645851e+01
2.993993993993999438e-03
2.407157157157189531e-01
1.776575575575600308e+00
7.511411411411607342e-02
1.962549549549554628e+00
2.097499499499511977e+00
0.000000000000000000e+00
2.733162162162130482e+00
3.275190190190195239e+01
8.235095095095079643e-01
1.489401401401399205e+00
5.742968968968962251e+00
1.714232232232242303e+00
1.448171171171177107e+00
2.054740740740738314e+00
1.769369369369396677e-02
6.265745745745672224e-01
3.290574574574582467e+00
4.475385385385299286e-01
3.045852852852836801e+00
1.566827827827832698e+00
4.883414414414396276e+00
4.991991991992074731e-03
1.796729729729716230e+00
1.348978978978984666e-01
5.882262262262267782e-01
5.369604604604603537e+00
2.571474074074073357e+01
7.478488488488503450e+00
5.689069069069113693e-01
2.077577577577542980e-02
1.056721321321322549e+01
1.234584584584581091e+00
3.339689689689628871e-01
1.839100600600601254e+01
1.060304304304294565e+00
1.114534534534521310e-01
1.504826826826832331e+00
1.770865865865849820e+00
3.666666666666709706e-02
1.628575575575559986e+00
9.009009009009172342e-02
2.492346346346359098e+00
0.000000000000000000e+00
1.557396396396395932e+00
9.061251251251256633e-01
5.291691691691541299e-02
1.008714314314314109e+01
1.168918918918943617e-01
5.613539539539518231e+00
1.173101101101088339e+00
1.617597597597619785e-01
1.838757757757732314e+00
0.000000000000000000e+00
2.556393393393399993e+00
7.497227227227167834e-01
7.733983283283266985e+01
1.451697697697691192e+00
1.333851651651653114e+01
7.981073073073018165e+00
1.577822822822805282e+00
3.200700700700740559e-02
1.558697697697686291e+00
2.663646646646625538e+00
1.417583583583574391e+00
2.013163163163156355e+00
2.406306306306357223e-01
2.062068768768768834e+01
9.337477477477481580e-01
1.712102102102092682e-01
2.514756756756776568e+00
1.317338338338346349e+00
2.060050050050086512e-01
5.209804704704704648e+01
2.279310310310335375e+00
1.121584584584587319e+00
3.657492492492462777e+00
1.736087087087086145e+00
1.561132632632634198e+01
1.689989989989953631e-02
2.071571571571576009e-02
1.471906906906906842e+00
9.532872872873022763e-01
4.405056156156155112e+01
1.856986986986990829e+00
1.005225225225244712e-01
1.228639639639653058e+00
2.186665665665654235e+00
0.000000000000000000e+00
6.080935935935920966e+00
4.486759259259259380e+01
1.118145145145150066e+00
3.392752752752736245e-01
2.273663663663613721e-01
7.110765765765751922e+00
1.399159159159178156e-01
5.707663463463470777e+01
1.090990990990965866e-02
6.657487487487598887e-01
5.979979979980003246e-03
1.878512512512503063e+00
2.522442442442469068e-01
9.909909909909858997e-03
1.184264264264262234e+00
2.571921921921963561e-01
3.494286086086076182e+01
2.498768768768814263e-01
1.392566566566580510e+00
2.551811811811865449e-01
2.121871871871879867e-01
1.062162162162170631e+00
2.038265265265266191e+00
2.880920920920927997e-01
3.577985985985985717e+00
3.791291291291261356e-02
1.819875875875870408e+00
1.238641641641633484e+00
4.589359359359358237e+00
1.603845845845832008e+00
3.319845845845851073e+00
8.172872872872773975e-01
2.534934934934994846e-02
9.515855855855752665e-01
1.615285285285294192e-01
4.533443443443321841e-01
5.067596596596599312e+01
5.307361561561559427e+01
1.011273273273264328e+00
2.189279279279247314e-01
1.221457457457445495e+00
5.418913213213236446e+01
1.995664664664684729e+00
1.973508508508503345e+00
3.488078078078067357e-01
1.410990990991003891e+00
3.029889889889818000e-01
1.567593593593594736e+00
6.986672672672681017e+01
3.010280280280279719e-01
4.002702702702710946e-02
2.369908908908904710e+00
3.917366866866862551e+01
1.247121121121116616e+00
2.125004004003994584e+00
2.044084084084064334e-01
4.098442442442471467e+00
2.119939939939992080e-01
1.000000000000005008e-03
2.013603603603620340e-01
2.166786686686693386e+01
4.373564564564571100e+00
8.531625225225229769e+01
8.927927927927950189e-03
5.943483483483557039e-01
1.772545545545543666e+00
1.191052052052044674e+00
1.425585585585593396e-01
1.313981981981982683e+00
1.562645645645657000e+00
2.724864864864837699e-01
1.007078078078075656e+01
1.381781781781778358e-02
2.259029029028984115e-01
2.071982982983008093e+00
3.380880880880799549e-02
3.034704704704738187e-01
1.206440440440439854e+00
1.589504504504512639e+00
9.863533533533566100e+00
8.138678678678563649e-01
2.821571571571541148e-01
1.657092092092089963e+00
2.486916916916950271e-01
1.213383383383370040e+00
6.405845845845808961e-01
0.000000000000000000e+00
9.066577577577575653e+00
2.079429429429414111e-01
2.376936936936918376e-01
1.000000000000004358e-03
1.428118118118105462e-01
5.969969969969826998e-03
1.285423423423428968e+00
1.729319319319320147e-01
5.182452452452486202e-01
7.029429429429311094e-02
1.464978978978985547e+00
1.195266266266255206e+00
2.321558558558570073e+00
1.690210210210203456e+00
2.369163163163160224e+00
2.434808808808788694e+00
2.400439339339335021e+01
6.104867967967967957e+01
1.757369369369404133e+00
1.366950950950945431e+00
9.307826826826847366e+00
2.183333333333355997e-01
3.701623623623663040e+00
3.987987987988026589e-03
4.168758758758748684e+00
9.937037037036910991e-01
1.000000000000013031e-03
1.376323323323340286e+00
1.711211211211235150e-01
2.993993993994003774e-03
4.901242242242221714e+00
3.301795795795788280e+01
2.610720720720742238e-01
1.087374374374395769e+00
1.820623623623632614e+00
3.493480480480474881e+00
1.083543543543559196e+00
1.347329329329330916e+00
2.309019019018992702e-01
1.511587587587585046e+00
1.087327327327341220e-01
1.379848848848853393e+00
2.760853853853860951e+00
1.079825825825830865e+00
1.425707707707689842e+00
3.921661661661711151e-01
2.335925925925893265e-01
1.897136136136132523e+00
2.116916916916870839e-01
5.672221221221190213e+00
4.286792792792813778e+00
9.952812812812724674e-01
3.830659659659668037e+00
4.754754754754658003e-02
3.100660660660624068e-01
2.598388388388409576e-01
1.076003003002989233e+00
2.472215215215224138e+00
4.210610610610579507e-02
1.638553553553534270e+00
1.598552552552527040e+00
5.898692892892891138e+01
1.171601601601594822e-01
6.650853853853824660e+00
1.407437437437431549e-01
3.001501501501487312e-01
7.089391391391369091e+00
2.789607607607585749e+00
1.430288288288283027e+00
2.012442442442472779e-01
3.717788388388379417e+01
2.817165165165168794e+00
1.956094094094079416e+00
1.859919919919905129e-01
2.850760760760757129e-01
7.386636636636654263e-01
2.377460460460467218e+00
5.953803803803833006e+00
0.000000000000000000e+00
3.935835835835835989e-02
8.252222222222151959e-01
9.860970970970960314e-01
1.747529529529554093e+00
4.678692692692695054e+00
2.249263263263250323e+00
1.512251251251244932e+00
3.451481481481523117e-01
0.000000000000000000e+00
8.927927927927950189e-03
2.297798798798805109e+00
1.874173173173144802e+00
2.421127127127123302e+00
8.397897897897783903e-02
2.249510510510501771e+00
7.419350350350340406e+00
3.418838838838874628e-01
2.061191291291283889e+01
2.011959959959948918e+00
2.691338338338317371e+00
1.124534534534529229e+00
5.306173173173193369e+00
1.854261261261250349e+00
0.000000000000000000e+00
1.279054054054045819e+00
2.534797797797796459e+00
1.280870870870844669e-01
1.671182182182187947e+00
8.523353353353495532e-01
2.362318518518521415e+01
5.055433433433423218e+00
1.180339339339324445e+00
1.249683683683685098e+00
6.597997997997986919e-02
2.258898898898927532e-01
2.534934934934979234e-02
2.598948948949007520e-01
1.411902902902898660e+00
3.937397397397353616e-01
5.099779779779699540e-01
1.548542542542523215e+00
1.026813513513514664e+01
1.551235935935938670e+01
1.033340340340338281e+00
1.000000000000004574e-03
1.064654654654640098e-01
1.262148848848849703e+01
9.086036036036050367e-01
1.828178178178183400e+00
1.935049049049045733e+00
9.951951951951826941e-03
8.330010010010038268e-01
1.657257257257271910e-01
1.865765765765773493e-02
1.258812712712703608e+01
1.776823823823809212e+00
1.705287287287282849e+00
3.632012012012070246e-01
2.043253253253238810e+00
2.837627627627627991e-01
2.029363363363343886e+00
4.775020020020033229e+00
1.310547547547549208e+00
1.220266266266267108e+00
4.664564564564450955e-02
2.038469469469468720e+00
8.818285285285277553e+00
1.589720720720731784e+00
9.304644644644591844e-01
0.000000000000000000e+00
9.462062062062283341e-02
1.124623623623622670e+00
2.548788788788779680e+00
9.349699699699787203e-01
1.991231231231203047e-01
4.293962962962963203e+00
3.750909009009007633e+01
2.611230230230214833e+00
3.072021021021017706e+00
3.550082082082093748e+00
7.935475475475644025e-01
2.417777777777788684e-01
4.013936736736732769e+01
3.365907807807809604e+01
1.118096096096101943e+00
1.254325325325324814e+00
2.430584584584595031e+00
1.529262262262271133e+00
1.603074074074085642e+00
6.832802802802925290e-01
0.000000000000000000e+00
7.451351351351402641e-02
1.312975975975984033e+00
1.140677677677675739e+01
2.013731731731736474e+00
2.657868268268255818e+01
1.362669669669669403e+01
7.167442442442465200e+00
1.017141141141144844e+00
1.239819819819803631e-01
1.867800800800824446e+00
1.303092092092075660e+00
2.997997997998003757e-03
4.434689789789808856e+01
5.814644644644585414e-01
8.233383383383494625e-01
8.599749749749826533e-01
1.958489489489489532e+00
1.030753753753751667e+00
1.824622622622618096e+00
3.140769769769777842e+00
5.243543543543588425e-02
0.000000000000000000e+00
2.780671271271273426e+01
1.320630630630636571e+00
2.935476976976982044e+01
2.348898898898930110e-01
1.340521521521509829e+00
0.000000000000000000e+00
1.758853553553552729e+01
0.000000000000000000e+00
6.192886886886883602e+00
0.000000000000000000e+00
4.571151151151193193e-01
1.754133933933928091e+01
1.432854854854862747e+00
1.578884884884881323e+00
4.789068068068078787e+01
2.328704704704704476e+00
2.303735735735743528e+00
1.005355355355336683e-01
1.418289289289293764e+00
1.192192192192200254e-02
1.925721721721726176e+00
1.302668968968969665e+01
1.217807807807821663e-01
1.663955455455452181e+01
6.690482182182174142e+01
1.382528528528534695e+00
0.000000000000000000e+00
2.065232232232240506e+00
3.263093393393400277e+01
2.840304304304289928e+00
9.429089089089173203e-01
3.413109909909910300e+01
2.993993993994004208e-03
9.313903903903884007e-01
7.975975975976049709e-03
2.482912912912884629e-01
3.864392892892887943e+01
1.894124124124147990e-01
5.117728728728745402e+00
3.773828828828807769e+00
1.726708708708699191e+00
9.108338338338411999e-01
2.514064064064023829e-01
3.639989989989994568e-01
9.105335335335383862e-01
4.181500500500511031e+00
1.661435435435420382e+00
1.813089089089092498e+00
9.406906906907037957e-02
6.830780780780828509e-01
8.874897897897865207e+00
2.542105805805806895e+01
1.085088088088086655e+00
7.868698698698727290e-01
2.279436436436439894e+00
4.934534534534589650e-02
5.082429829829835910e+01
1.480173173173150003e+00
9.584814814814838213e-01
3.161541541541536660e+00
9.732692692692646030e-01
1.425807807807819794e+00
3.108431431431430081e+00
1.458168168168184342e-01
4.286586586586562109e-01
0.000000000000000000e+00
4.418138138138169024e-01
2.389301301301281377e+00
5.728873073073080491e+01
4.749072472472469997e+01
1.636956956956953757e+00
2.545495495495495031e-01
1.560115115115111362e+00
1.318677677677677185e+00
1.863549549549550433e+00
2.479829829829855725e-01
2.033492492492495085e+00
2.000000000000026496e-03
3.220170170170162827e+00
1.545647647647635292e+00
1.348843843843845258e+00
1.197931931931931038e+00
2.472102102102120558e+00
2.777327327327358542e-01
5.732339339339335993e+01
1.581785785785775333e+00
6.542084084084079265e+00
1.392511511511491884e+00
2.027158158158167467e+00
1.269730730730721957e+00
1.666440440440430271e+00
1.042357357357346803e+00
6.553157157157220247e+00
1.256205205205189968e+00
1.487206206206210579e+00
1.907697697697684935e+00
1.192192192192193488e-02
6.123433433433383977e-01
7.517027027027021191e-01
1.965463463463440252e+00
1.494141141141130724e+00
2.669711711711707736e+00
2.098088088088122527e-01
5.821421421421371645e-02
2.218918918918910410e-01
1.772772772772757827e-02
7.494164164164069941e-01
8.957957957958144132e-03
3.246106106106133038e-01
1.529569569569564802e+00
1.762607607607588278e+00
1.183493493493515125e-01
1.723313313313314943e-01
6.187065065065077363e+00
1.120855855855849015e+00
8.965927927927912933e+00
3.112912912912901842e-02
2.993993993994002473e-03
1.916532532532529753e+00
8.031031031031184153e-02
1.186786786786790671e-02
1.032718718718716788e+00
3.818484484484510055e+00
8.955955955955951370e-03
1.721777777777794283e+00
1.771558558558557150e+00
2.536478478478496168e+00
7.243843843843950081e-02
8.703103103103176919e-02
