1.537755755755744635e+00
1.032903903903910736e+00
0.000000000000000000e+00
7.111061061061122457e-01
1.916551551551549659e+00
6.236866866866845882e-01
2.400390390390357565e-01
1.016788788788795195e+00
2.426736736736707367e-01
9.547977977977901709e-01
3.491244044044045580e+01
1.631541541541560170e-01
0.000000000000000000e+00
6.002282282282247472e-01
9.302612612612453091e-01
3.067474474474492396e+00
1.000000000000011513e-03
8.927927927927948454e-03
1.796113613613608706e+01
6.557257257257258498e-01
0.000000000000000000e+00
5.044904904904892184e-01
1.278812812812800015e+00
2.233273273273255199e-01
0.000000000000000000e+00
4.979979979979967664e-03
1.095726726726734102e+00
2.997997997998028043e-03
2.993993993993998570e-03
7.829729729729827392e-01
2.741583583583598216e+00
6.196196196196234601e-02
2.682042042042026564e-01
5.388778778778698930e-01
9.619679679679679074e-01
8.938448448448473860e-01
3.622151551551552018e+01
1.740374574574572364e+01
2.377807807807862939e-01
1.329133133133131084e+00
4.893204204204159247e+00
6.338848848848814832e-01
1.133240240240223740e+00
6.998478478478422637e-01
1.033860860860855047e+00
1.997997997997987257e-03
4.146286286286354761e-01
0.000000000000000000e+00
1.308910910910929148e+00
7.630729729729745614e+00
1.022742742742743349e+00
1.997997997998027589e-03
7.367367367367198827e-02
4.459009009008914615e-01
1.298425425425419055e+00
3.485795795795835761e-01
1.004858858858856285e+00
3.834144144144191468e-01
2.250175175175183728e+00
7.963113113113191588e-01
2.139395695695687039e+01
7.068728728728741473e-01
1.469133033033032731e+01
0.000000000000000000e+00
9.094204204204199282e-01
2.462762762762717855e-02
2.510249249249272285e+00
9.329839839839816351e-01
2.499939939939961608e-01
4.664564564564468996e-02
1.444251251251260637e+00
7.943943943943857292e-03
1.099251251251248895e+00
1.402862862862868321e+00
6.294994994995116444e-02
2.161010510510508453e+01
1.008579579579591989e+00
9.576006006006038129e-01
1.348267467467464087e+01
4.548358358358407516e-01
6.574684684684736213e-01
8.062772772772919261e-01
7.866666666666570495e-02
2.759590590590598858e+00
2.105247247247260312e+00
1.367214214214214296e+00
5.986406406406383773e-01
1.247941941941940858e+00
5.712862862862786439e-01
2.239799799799768454e-01
3.823723723723745915e-02
8.238938938938782375e-01
1.292792792792808385e-02
1.143598598598605465e+00
9.716056056055965007e-01
4.623813813813725804e-01
1.142056056056062863e+00
1.007986986986976863e+00
7.669379379379317463e-01
2.617652052052058664e+01
1.703637637637610114e+00
0.000000000000000000e+00
4.301801801801753006e-02
6.723061061061128107e+00
2.441601601601542937e-01
9.027477477477455770e-01
5.199299299299334765e-01
4.785255255255169704e-01
2.469979979980033158e-01
1.309169169169179581e+00
2.543293293293231172e-01
1.865765765765768636e-02
1.284384384384376632e-02
1.526940940940949343e+00
1.106085085085086517e+00
7.106606606606652443e-02
0.000000000000000000e+00
1.470557557557554240e+00
8.767067067066910413e-01
4.127303303303308191e+00
2.918648648648641597e+00
5.500810810810748963e-01
2.201311311311365815e-01
7.781771771771761603e-01
1.076828828828828355e+00
3.229039039039011127e-01
8.255605605605711439e-01
3.843843843843777058e-02
6.042030030030067778e+00
0.000000000000000000e+00
0.000000000000000000e+00
2.993993993993999004e-03
3.987987987988041334e-03
1.026936936936953426e+00
7.784684684684644029e-01
7.751326326326364757e+00
2.487277277277258614e-01
1.972086086086083156e+00
7.592092092092079803e-01
0.000000000000000000e+00
7.817357357357349601e-01
9.206076076075970782e-01
1.000000000000018235e-03
1.142043043043044159e+00
2.265105105105128247e-01
9.822012012011889226e-01
7.782072072071992697e-01
2.971751751751703918e-01
8.232732732732707115e-01
2.993993993994003341e-03
1.400699699699690770e+00
7.661841841841960932e-01
0.000000000000000000e+00
1.334528528528544644e+00
2.846178178178169205e+00
6.531481481481422602e-01
1.181632632632612312e+00
3.210136136136105822e+00
7.482712712712648040e-01
5.441741741741802640e-02
4.574174174174209379e-02
0.000000000000000000e+00
1.269259259259239991e-01
6.675970970970992902e+00
1.118022022022030715e+00
3.044186286286289089e+01
3.473873873873890156e-02
8.910100100100195597e-01
4.907821821821834796e+00
7.910850850850829064e-01
7.129429429429498533e-02
9.861021021021066923e-01
7.300650650650627460e-01
0.000000000000000000e+00
5.390620620620488745e-01
4.362888888888881489e+00
1.012442442442427648e+00
1.168918918918944727e-01
5.679879879879710936e-02
6.264884884884914795e-01
2.344744744744742260e-02
1.181067067067063547e+00
8.580580580580739192e-02
1.066777777777773384e+00
2.708328328328301060e-01
6.686736736736780262e-01
1.043944944944945386e+00
7.706096096096251014e-01
8.572312312312400095e-01
1.660660660660666921e-01
1.072061061061061693e+00
1.272903903903908729e+00
7.939569569569551177e-01
1.042388388388386655e+00
1.000000000000000238e-03
1.491391391391379884e+00
0.000000000000000000e+00
1.088974974974965981e+00
2.997997997998122152e-03
9.779360360360376703e+00
5.138368368368366745e+00
7.052082082082162806e-01
9.964564564564393212e-02
0.000000000000000000e+00
9.533583583583621346e-01
0.000000000000000000e+00
1.884153153153147464e+00
1.000000000000003707e-03
1.284384384384381662e-02
2.527057057057007228e-01
2.710002602602604682e+01
2.481321321321336149e-01
2.724594594594655916e-01
3.344894894894946402e-01
1.185790790790789417e+00
2.358013813813826332e+01
1.212298398398398547e+01
1.255057457457458270e+01
4.781681681681612672e-01
9.740740740740650994e-01
5.516866866866925179e-01
2.592792792792792400e-01
2.409695695695696305e+00
0.000000000000000000e+00
9.405656656656658399e+00
7.287197197197169407e-01
1.354436436436431856e+00
5.178678678678694247e-01
3.034528528528525282e+00
6.758138138138175544e-01
0.000000000000000000e+00
5.166346346346316620e-01
1.116347347347342644e+00
1.225235235235206943e+00
3.978029029029041208e+00
2.018165165165179076e+00
4.616362362362356642e+00
9.474174174174139207e-01
9.467627627627683840e-01
6.642402402402407535e-01
7.022822822822859523e-01
7.145975975975854544e-01
0.000000000000000000e+00
1.825825825825854454e-01
1.072551551551560678e+00
1.208287287287269862e+00
9.295479479479501705e+00
9.667407407407501152e-01
6.079979979979984739e-01
6.037787787787819438e-01
8.330680680680599970e-01
1.166596596596584989e+00
1.760870870870850091e-01
4.127627627627565576e-02
2.309109109109157010e-01
4.856765765765773679e+00
7.079449449449481957e-01
2.281742742742753460e+00
1.951588588588576423e+00
1.139690690690678521e+00
0.000000000000000000e+00
0.000000000000000000e+00
8.367667667667678666e-01
3.885321321321334231e+00
2.209990590590587445e+01
8.973683683683785217e-01
3.023401401401402122e+00
7.640750750750666676e-01
4.690790790790877463e-01
7.772032032032041293e-01
1.014961961961978965e+00
3.421017017017035755e+00
1.000000000000007393e-03
3.456435435435405878e+00
0.000000000000000000e+00
1.000000000000008911e-03
1.314986986986989015e+00
1.304144144144123441e-01
3.987987987988050875e-03
1.452198198198206391e+00
1.065419419419416203e+00
7.893984984984979469e+00
7.367397397397287273e-01
9.506766766766953092e-01
2.702529529529534624e+00
1.166330330330320297e+00
1.189098198198196421e+01
1.074367367367384141e+00
1.058137137137136863e+00
2.466466466466504803e-01
1.080621621621615347e+00
7.613948948948948470e+00
1.257655655655640636e+00
0.000000000000000000e+00
1.428604604604603923e+00
7.395155155155103133e-01
3.818984984984970410e+00
6.724624624624726821e-02
1.085351351351352411e+00
1.399159159159182042e-01
7.548368368368350012e-01
7.486826826826852299e-01
4.911471471471431371e-01
8.682942942942944997e-01
0.000000000000000000e+00
7.971281281281314968e-01
9.924724724724531821e-02
2.358358358358315088e-01
7.214254254254088838e-01
8.601221221221254654e-01
8.927927927927951923e-03
5.969969969969892917e-03
8.514374374374373833e-01
4.816246246246228546e-01
0.000000000000000000e+00
0.000000000000000000e+00
7.690120120120150782e-01
1.417468468468471965e+00
1.191537537537534996e+00
1.997997997998021084e-03
2.027018018018041268e+00
4.589019019018981127e-01
3.810382382382359268e+00
2.415902902902907989e+00
3.302309309309317431e+00
9.135885885885924873e-01
7.969750750750696611e+00
7.184494494494538808e-01
9.014554554554591315e-01
0.000000000000000000e+00
8.870380380380569196e-01
9.336426426426529535e-01
1.185472472472486993e+00
4.617217217217244735e-02
1.160798798798804432e+00
5.392182182182232442e-01
1.559069069069054514e-01
6.330540540540523509e-01
6.805985985985920639e-01
1.471061061061073871e-01
1.123641641641635713e+00
1.000000000000018235e-03
6.688288288288242456e-02
4.844744744744728521e-02
0.000000000000000000e+00
3.194875975975964266e+01
7.721301301301144449e-01
1.061344244244240542e+01
3.533643643643599730e-01
1.444223223223222830e+00
1.712166166166182002e+00
1.479699699699718263e+00
1.575975975975989554e-02
5.814354354354377419e-01
1.685985985985988950e-02
3.683544544544545829e+00
4.979979979979971133e-03
1.672736736736731178e+00
1.225948948948937023e+00
0.000000000000000000e+00
1.672232232232231108e-01
8.033633633633856241e-02
2.993993993994002040e-03
2.044154154154176894e-01
0.000000000000000000e+00
4.276546546546498018e-01
5.568228228228160326e-01
1.457540540540542828e+00
1.947562662662662092e+01
2.239959959960001190e-01
1.324834834834801578e-01
0.000000000000000000e+00
2.279469469469413145e-01
6.957957957957925516e-03
1.031806806806795596e+00
1.000000000000018235e-03
8.792532532532575384e-01
2.521271271271246506e-01
8.925585585585622539e-01
6.992612612612629786e-01
4.758169169169187640e+00
1.282062062062053309e+00
0.000000000000000000e+00
1.478978978978994635e-02
7.542252252252306111e-01
8.169719719719651385e-01
6.884634634634758665e-01
1.518731731731747914e+00
9.327727727727881668e-02
5.679457457457432135e+00
1.650572072072073482e+01
7.273233233233280526e-01
2.217077077077071467e-01
7.417877877877924186e-01
9.577567567567439877e-01
1.197919919919907983e+00
8.004904904904927010e-01
1.794234234234190484e-01
9.470580580580710839e-01
2.198921921921915601e+00
9.373193193193175565e-01
1.281388388388385868e+00
1.652291291291297881e+01
7.210120120120164788e-01
2.196208408408402235e+01
8.104884884884850926e-01
7.496476476476484629e-01
3.014420420420429902e+00
9.601741741741860459e-01
9.434174174174274619e-01
0.000000000000000000e+00
2.412702702702698598e+00
2.358588588588566570e-01
6.797887887887903435e-01
1.502211011011011266e+01
1.478680680680675374e+00
1.677193893893897325e+01
1.282188188188190914e+00
1.913743743743714643e-01
1.290225225225222871e+00
1.041899899899897619e+00
1.269067067067061405e+00
2.629729729729756924e-02
2.426736736736708755e-01
2.372829029029031389e+01
1.737160160160157840e+00
4.191276276276287405e+00
6.957957957957798013e-03
6.553703703703730454e-01
5.109769769769847425e-01
2.925456456456447363e+00
1.284384384384375417e-02
8.687087087087036474e-02
0.000000000000000000e+00
1.869705705705718257e+00
9.376356356356303490e-01
1.552742742742744542e-01
6.698097097097113206e+00
5.453363363363363803e-01
4.876276276276270832e-02
2.419609609609642831e-01
1.117242242242249883e+00
1.519470470470471790e+00
2.425852552552553831e+01
3.808904904904896416e+00
4.979979979979966796e-03
0.000000000000000000e+00
1.738208208208237293e-01
3.041996996996970015e+00
1.162477477477470433e+00
0.000000000000000000e+00
4.561781781781840128e-01
8.914394394394293819e-01
8.443503503503625440e-01
7.163433433433362696e-01
1.127758758758764523e+00
1.656493493493496061e+00
1.160507507507505087e+00
1.017471471471478983e+00
1.000000000000005659e-03
0.000000000000000000e+00
1.161448448448440862e+00
1.560100100100114129e-01
0.000000000000000000e+00
2.467457457457482572e-01
1.881871871871895474e-01
1.841021021021003179e-01
1.258877877877863760e+00
1.054829829829819321e+00
7.718078078077976745e-01
2.204504504504472551e-01
0.000000000000000000e+00
2.969109109109082656e-01
2.098993993993987672e+00
1.161024024024023271e+00
2.045919919919909624e+00
6.228058058058005830e-01
4.462772772772816143e-01
5.076096096096101018e-01
8.250630630630704232e-01
1.246578578578584118e+00
2.448996496496496178e+01
1.008412412412410530e+00
8.489829829829961261e-01
5.876586586586584060e-01
1.255453453453453383e+00
2.751067067067046512e+00
6.284954954954937723e-01
4.252862862862953897e-01
0.000000000000000000e+00
9.598108108108073244e-01
4.813823823823744075e-01
1.433607607607592982e+00
2.065255255255234734e-01
9.909909909909864201e-03
1.672772772772790351e-02
1.036731731731724171e+00
1.381781781781798481e-02
0.000000000000000000e+00
5.968398398398436777e-01
6.731830830830807244e+00
1.280190190190189314e+00
8.389508508508471962e+00
1.000000000000019320e-03
2.133493493493530679e-01
1.102467467467472817e+00
2.363763763763751871e-02
1.224522522522526247e+00
1.214924924924924321e+00
0.000000000000000000e+00
1.551724724724723226e+00
1.856351251251249579e+01
5.543253253253188628e-01
9.426666666666707606e-01
3.328751751751742205e+00
1.064575575575588129e+00
9.541281281281178694e-01
1.261428428428428949e+00
2.993993993994001172e-03
5.211991991992043216e-01
1.956743743743737163e+00
4.126006006005937810e-01
1.772531531531531312e+00
9.832632632632539726e-01
2.863206206206210247e+00
0.000000000000000000e+00
1.069764764764784326e+00
8.524924924925122993e-02
6.312952952952921581e-01
3.201668668668667728e+00
1.372469969969964509e+01
3.707616616616667304e+00
3.863603603603593672e-01
0.000000000000000000e+00
5.635222222222212807e+00
8.753423423423535299e-01
3.538538538538532063e-01
9.750441441441454415e+00
7.208988988988952462e-01
4.764564564564621740e-02
9.834994994994825657e-01
1.062872872872864249e+00
2.993993993994001606e-03
1.019730730730750379e+00
5.557457457457531252e-02
1.488934934934943888e+00
0.000000000000000000e+00
9.350010010010111339e-01
6.799509509509550353e-01
1.381781781781790154e-02
5.693923923923898123e+00
6.688288288288242456e-02
3.187314314314331209e+00
8.366066066065948048e-01
1.240990990991015647e-01
1.143308308308317534e+00
0.000000000000000000e+00
1.492038038038029146e+00
5.012082082082083279e-01
4.265199499499497904e+01
8.681421421421539053e-01
7.234696696696707008e+00
4.470332332332319858e+00
9.236186186186150504e-01
7.943943943943876373e-03
9.832892892892832748e-01
1.543193193193179713e+00
9.537927927927973837e-01
1.235670670670670823e+00
2.322762762762777267e-01
1.178971571571571886e+01
7.420090090090205592e-01
1.240990990991013426e-01
1.398446446446450553e+00
8.760620620620498400e-01
1.214964964964979632e-01
2.891058258258258817e+01
1.351802802802775094e+00
7.409439439439539088e-01
2.049608608608598281e+00
1.045248248248261458e+00
8.455069069069105936e+00
1.997997997998035829e-03
4.987987987987959823e-03
9.427557557557526557e-01
5.338128128128042382e-01
2.273748348348345516e+01
1.147939939939944365e+00
3.872672672672611283e-02
7.853693693693607480e-01
1.313072072072052343e+00
0.000000000000000000e+00
3.352830830830832110e+00
2.457372272272275637e+01
7.024854854854802877e-01
2.541931931931893374e-01
1.784244244244256317e-01
3.960549549549559956e+00
8.848448448448320569e-02
3.116679779779779480e+01
0.000000000000000000e+00
5.895005005005045096e-01
0.000000000000000000e+00
1.117332332332338085e+00
2.501061061061102819e-01
1.000000000000018886e-03
8.447607607607496849e-01
2.155895895895849346e-01
1.895188288288292355e+01
2.441601601601542659e-01
9.066776776776692692e-01
2.502502502502502724e-01
1.935495495495531126e-01
5.848348348348308967e-01
1.178809809809808762e+00
2.222492492492518512e-01
2.146157157157145612e+00
6.969969969969934571e-03
1.106988988988987233e+00
8.626756756756808198e-01
2.614501501501489855e+00
9.717627627627433151e-01
1.824920920920914291e+00
7.455855855855805236e-01
5.969969969969885111e-03
6.715725725725851802e-01
9.564664664664593308e-02
3.498448448448382986e-01
2.648343043043042400e+01
3.086570070070061433e+01
7.006106106106062548e-01
1.333453453453431470e-01
8.297917917917903008e-01
3.117202802802801287e+01
1.228794794794790812e+00
1.173058058058070063e+00
2.853403403403417804e-01
9.307687687687670186e-01
2.232232232232270186e-01
1.066007007007004459e+00
4.039937437437443180e+01
2.301301301301302282e-01
9.941941941942153763e-03
1.469034034034042646e+00
2.179476176176176594e+01
7.859399399399439323e-01
1.290151151151147424e+00
1.700810810810777229e-01
2.411138138138142928e+00
1.761921921921926759e-01
0.000000000000000000e+00
1.750990990990963780e-01
1.169352452452449853e+01
2.389976976976991629e+00
4.485826326326325386e+01
0.000000000000000000e+00
5.255325325325269636e-01
1.046996996996998108e+00
7.416396396396413015e-01
8.848448448448320569e-02
8.323623623623550571e-01
9.823013013013013328e-01
2.097247247247192581e-01
5.755407407407393983e+00
1.997997997998012844e-03
1.058048048048066125e-01
1.205308308308290721e+00
5.969969969969879039e-03
1.895135135135175286e-01
7.206156156156207082e-01
9.514154154154160770e-01
5.691290290290281995e+00
6.799309309309301552e-01
2.405715715715755765e-01
1.046924924924920619e+00
2.594544544544490905e-01
7.419879879879838214e-01
4.963713713713668874e-01
0.000000000000000000e+00
4.556210210210192457e+00
1.712102102102093515e-01
2.249439439439469002e-01
0.000000000000000000e+00
7.114214214214209520e-02
1.000000000000013682e-03
8.498208208208208880e-01
1.345345345345329846e-01
3.976966966966999362e-01
2.439939939939885644e-02
9.124214214214179108e-01
8.103833833833751221e-01
1.407610610610606328e+00
9.998468468468560966e-01
1.432355355355354964e+00
1.373228228228232872e+00
1.302874274274271826e+01
3.428214814814808165e+01
1.065012012012010789e+00
8.458368368368336387e-01
5.399153153153156914e+00
1.830610610610593492e-01
1.973084084084077539e+00
0.000000000000000000e+00
2.448669669669660376e+00
7.833073073073130166e-01
0.000000000000000000e+00
9.180840840840733819e-01
9.564564564564527471e-02
1.000000000000009562e-03
2.796990990990998682e+00
1.787589789789785399e+01
1.927277277277291423e-01
7.129469469469467136e-01
1.188441441441441038e+00
2.072996996997010122e+00
7.161261261261258060e-01
8.331241241241150730e-01
1.098448448448463288e-01
9.467507507507373354e-01
4.392792792792894752e-02
9.419199199199191908e-01
1.693216216216216319e+00
8.105495495495413927e-01
1.023797797797808551e+00
2.986166166166132618e-01
2.163603603603552472e-01
1.134973973973965489e+00
1.360860860860866606e-01
3.152728728728745988e+00
2.420577577577569084e+00
5.820980980980945407e-01
2.238499499499491119e+00
1.381781781781796052e-02
2.515745745745770479e-01
2.456196196196223647e-01
7.665865865865730822e-01
1.532572572572564962e+00
1.284384384384386173e-02
9.250390390390347273e-01
9.853403403403382388e-01
3.321240740740733344e+01
5.821421421421368869e-02
3.847649649649640846e+00
6.959259259259134578e-02
1.315825825825851503e-01
4.003689689689687192e+00
1.513798798798815959e+00
9.345735735735645200e-01
1.233703703703694921e-01
2.076512312312309305e+01
1.728159159159162295e+00
1.139861861861844794e+00
1.028028028028048491e-01
2.388628628628614026e-01
6.186646646646610792e-01
1.527678678678684010e+00
3.107510510510512525e+00
0.000000000000000000e+00
7.943943943943869435e-03
4.364114114114043819e-01
7.204064064064173989e-01
1.062099099099100163e+00
2.584006006006005052e+00
1.241103103103091243e+00
9.262372372372197349e-01
2.518178178178116511e-01
0.000000000000000000e+00
0.000000000000000000e+00
1.394772772772780778e+00
1.141625625625617646e+00
1.366745745745756579e+00
2.724324324324317592e-02
1.290280280280285075e+00
4.126473473473469156e+00
2.334604604604647582e-01
1.132436236236239857e+01
1.159228228228225133e+00
1.558243243243234932e+00
8.018528528528607868e-01
2.954385385385367879e+00
1.100193193193188979e+00
0.000000000000000000e+00
7.896486486486475886e-01
1.514192192192191033e+00
6.944444444444244913e-02
9.738268268268227557e-01
7.217927927927818565e-01
1.345977477477475048e+01
2.858664664664666510e+00
7.123543543543677803e-01
6.826766766766728667e-01
3.263163163163156771e-02
2.202912912912939891e-01
2.993993993993999438e-03
2.553663663663714445e-01
9.248988988989094162e-01
2.141101101101071102e-01
3.966526526526568674e-01
9.414364364364365967e-01
5.593329329329304045e+00
9.402992992993002730e+00
6.119029029029032785e-01
0.000000000000000000e+00
5.469069069068976247e-02
6.770650650650635427e+00
6.387047047047137438e-01
1.089776776776787637e+00
1.216439439439431114e+00
0.000000000000000000e+00
6.005465465465439356e-01
1.124714714714697972e-01
2.993993993994003341e-03
7.238865865865839133e+00
1.114688688688701967e+00
1.032877877877874884e+00
2.939049049049059503e-01
1.294053053053061619e+00
2.308898898898867347e-01
1.221445445445451305e+00
2.712282282282279411e+00
8.995785785785811450e-01
7.565985985985986817e-01
1.575975975975980881e-02
1.261250250250254501e+00
5.226724724724748583e+00
9.612542542542442670e-01
6.021281281281338771e-01
0.000000000000000000e+00
3.793093093093018175e-02
7.729709709709767784e-01
1.402881881881870907e+00
5.345885885885874877e-01
1.750990990990964891e-01
2.529021021021009563e+00
1.999150650650656047e+01
1.540289289289291430e+00
1.865157157157134815e+00
2.066760760760749882e+00
4.075985985985989268e-01
2.360750750750764126e-01
2.331488188188190591e+01
1.771237637637620921e+01
7.576056056055946453e-01
8.567157157157115899e-01
1.556055055055062031e+00
9.738408408408412154e-01
9.995085085084969290e-01
3.690280280280333614e-01
0.000000000000000000e+00
3.566666666666670066e-02
8.628678678678785019e-01
6.333794794794814109e+00
1.187777777777784483e+00
1.479980980980976568e+01
7.639663663663663229e+00
3.925184184184186353e+00
6.755825825825858555e-01
6.791791791791834676e-02
1.162901901901889801e+00
8.294404404404476239e-01
0.000000000000000000e+00
2.555284584584592622e+01
4.655455455455355662e-01
4.920390390390420032e-01
7.436896896896920683e-01
1.205831831831836398e+00
7.992822822822805984e-01
1.122716716716715135e+00
1.783622622622605736e+00
8.943943943943920630e-03
0.000000000000000000e+00
1.574003403403401613e+01
8.131411411411405554e-01
1.618410910910912293e+01
1.956436436436409243e-01
8.340610610610728060e-01
0.000000000000000000e+00
9.843190190190181710e+00
0.000000000000000000e+00
3.776021021021034318e+00
0.000000000000000000e+00
4.316616616616677504e-01
9.652051051051037334e+00
9.462222222222047563e-01
9.912342342342297385e-01
2.563161761761762847e+01
1.388350350350355145e+00
1.396994994995000905e+00
2.838738738738800713e-02
9.369479479479432271e-01
0.000000000000000000e+00
1.174305305305298974e+00
7.088282282282267310e+00
4.557657657657647465e-02
9.236511511511512396e+00
3.667773573573572321e+01
8.752532532532513176e-01
0.000000000000000000e+00
1.136998998999004362e+00
1.799939939939945788e+01
1.727511511511518716e+00
6.969189189189232136e-01
1.942207407407408581e+01
0.000000000000000000e+00
6.039459459459473045e-01
0.000000000000000000e+00
1.474574574574574193e-01
1.991791991991990685e+01
1.607597597597627270e-01
3.043594594594599023e+00
2.137121121121115852e+00
1.056682682682675622e+00
5.724154154154118546e-01
2.197217217217254659e-01
2.022082082082075072e-01
6.103293293293265975e-01
2.390505505505488681e+00
1.075625625625640458e+00
1.099747747747745530e+00
5.113513513513441577e-02
4.263773773773762432e-01
4.691214214214221911e+00
1.391548648648653419e+01
7.628988988988967268e-01
6.342692692692711853e-01
1.388754754754761844e+00
1.088988988989000525e-02
2.793654254254251157e+01
9.302682682682570370e-01
5.796876876876876361e-01
1.802336336336310296e+00
6.490800800800788917e-01
9.137427427427400328e-01
1.720095095095109494e+00
8.767867867868106568e-02
3.909939939939910958e-01
0.000000000000000000e+00
4.059609609609515224e-01
1.409120120120136654e+00
3.032647247247248856e+01
2.478963363363363115e+01
1.036179179179191889e+00
2.440030030029978203e-01
9.265295295295167266e-01
8.228568568568636055e-01
1.116975975975966984e+00
2.290270270270254871e-01
1.220671671671669234e+00
0.000000000000000000e+00
1.714266266266273986e+00
9.461651651651528105e-01
9.173563563563534862e-01
8.119399399399395145e-01
1.472698698698708064e+00
2.474624624624651437e-01
3.354558358358361403e+01
9.109649649649614878e-01
3.826124124124110182e+00
9.269289289289461831e-01
1.277388388388386309e+00
7.422722722722606692e-01
9.873543543543438217e-01
7.475215215215299525e-01
3.740225225225205730e+00
8.520990990991109681e-01
1.000542542542536495e+00
1.089711711711718101e+00
0.000000000000000000e+00
5.351941941941839032e-01
6.242182182182147709e-01
1.370261261261269015e+00
1.029500500500496019e+00
1.617659659659636873e+00
1.876876876876876765e-01
1.769369369369399800e-02
1.860960960960922617e-01
6.957957957957903831e-03
5.944644644644697662e-01
0.000000000000000000e+00
2.021241241241279463e-01
9.820660660660726071e-01
1.034717717717696051e+00
5.024124124124084573e-02
1.559069069069055069e-01
3.338368368368395345e+00
7.358398398398312557e-01
5.020302302302282804e+00
1.997997997998009374e-03
0.000000000000000000e+00
1.203465465465449524e+00
1.875375375375329390e-02
1.997997997998061416e-03
6.826216216216308696e-01
2.246048048048075785e+00
1.000000000000010863e-03
1.119281281281279794e+00
1.049369369369376637e+00
1.485706706706714231e+00
2.344744744744698545e-02
2.818718718718759078e-02
