1.457883883883885456e+00
9.718088088088155940e-01
0.000000000000000000e+00
6.815155155155252498e-01
1.692990990990969502e+00
6.126996996996999512e-01
2.365475475475490863e-01
9.066656656656696400e-01
2.392142142142115735e-01
8.732912912913062264e-01
3.064829929929921093e+01
1.491041041041041293e-01
0.000000000000000000e+00
5.303623623623585637e-01
8.496206206206243783e-01
2.660686686686702718e+00
1.997997997998011543e-03
7.943943943943876373e-03
1.610116716716723673e+01
6.099599599599662136e-01
0.000000000000000000e+00
4.746696696696804385e-01
1.188143143143145508e+00
2.233273273273255477e-01
0.000000000000000000e+00
1.000000000000018886e-03
1.034213213213221128e+00
3.993993993994051500e-03
1.000000000000001756e-03
7.300080080080074696e-01
2.420190190190190549e+00
5.668868868868966876e-02
2.491991991992012212e-01
4.868168168168134358e-01
8.924954954954869013e-01
8.336566566566672165e-01
3.151157457457415845e+01
1.545966966966964584e+01
2.358358358358315643e-01
1.209580580580572828e+00
4.495019019019033557e+00
5.592622622622702711e-01
1.038629629629625573e+00
6.840660660660760062e-01
9.586246246246162839e-01
0.000000000000000000e+00
4.063063063063040992e-01
0.000000000000000000e+00
1.212209209209202943e+00
6.855654654654681046e+00
9.392692692692556911e-01
1.997997997998027589e-03
5.733633633633551663e-02
3.993393393393340762e-01
1.232182182182185004e+00
3.093833833833763425e-01
9.177477477477592460e-01
3.581371371371396273e-01
2.022924924924935919e+00
7.585445445445415658e-01
1.954961861861866268e+01
6.356016016015973991e-01
1.308911111111109804e+01
0.000000000000000000e+00
8.367697697697688008e-01
1.486186186186150456e-02
2.267545545545540442e+00
8.542602602602764605e-01
2.500540540540490131e-01
3.287687687687668864e-02
1.302864864864865746e+00
3.987987987988064753e-03
1.017123123123118589e+00
1.276302302302308345e+00
4.306706706706769916e-02
1.970957657657657336e+01
9.032212212212238356e-01
8.593983983983917163e-01
1.277928628628623464e+01
4.112142142142109491e-01
6.544414414414353454e-01
7.494954954954887727e-01
5.877777777777722090e-02
2.361926926926916970e+00
1.939469469469464080e+00
1.227562562562561466e+00
5.694774774774716830e-01
1.167569569569563814e+00
5.219749749749668100e-01
2.202912912912938781e-01
2.567967967967969833e-02
7.037827827827833893e-01
1.687187187187180401e-02
1.020294294294286308e+00
8.528238238238323721e-01
4.619169169169252132e-01
1.047129129129132252e+00
9.206116116116167536e-01
7.091121121121030102e-01
2.295911811811808434e+01
1.534804804804818845e+00
0.000000000000000000e+00
3.751651651651663477e-02
5.924447447447423798e+00
2.440030030029978481e-01
8.313653653653564346e-01
5.205945945945970044e-01
4.203383383383451077e-01
2.472222222222240640e-01
1.213488488488489114e+00
2.491441441441482052e-01
1.284384384384371254e-02
8.927927927927950189e-03
1.437733733733749908e+00
1.036022022022021760e+00
5.551951951951911157e-02
0.000000000000000000e+00
1.284106106106100542e+00
8.369789789789832124e-01
3.754944944944934804e+00
2.578517517517515234e+00
4.907817817817888284e-01
1.949169169169189531e-01
7.464364364364303173e-01
9.897437437437209828e-01
2.993543543543552010e-01
7.828838838838916292e-01
3.100700700700724163e-02
5.300244244244270320e+00
0.000000000000000000e+00
0.000000000000000000e+00
2.993993993994003774e-03
1.997997997998047972e-03
9.114024024023947845e-01
7.135795795795816243e-01
6.913495495495491916e+00
2.490930930930965737e-01
1.823439439439447751e+00
7.260990990990995320e-01
0.000000000000000000e+00
7.168718718718845029e-01
8.456166166166242393e-01
1.000000000000018235e-03
1.046173173173174042e+00
2.252612612612563125e-01
9.034144144144119482e-01
7.031731731731615254e-01
2.846356356356317119e-01
7.549349349349278038e-01
2.993993993994003341e-03
1.301650650650671537e+00
7.539969969969869679e-01
0.000000000000000000e+00
1.208859859859857000e+00
2.457191191191213875e+00
6.086136136136166552e-01
1.087099099099106070e+00
3.014085085085093318e+00
6.834424424424304645e-01
5.171171171171065617e-02
3.935835835835854030e-02
0.000000000000000000e+00
1.132132132132111085e-01
5.913878878878818135e+00
1.016455455455441914e+00
2.711544644644649438e+01
2.724324324324317245e-02
8.280390390390336419e-01
4.512093093093095142e+00
7.840770770770792986e-01
5.657457457457360644e-02
8.760330330330163839e-01
6.842002002002014471e-01
0.000000000000000000e+00
4.818838838838896965e-01
3.832541541541484964e+00
9.164394394394479448e-01
1.049439439439451144e-01
4.773973973973925228e-02
5.722092092092112559e-01
1.672772772772766411e-02
1.083173173173172854e+00
8.564064064064122461e-02
1.053224224224234451e+00
2.113613613613589404e-01
6.306566566566618182e-01
9.824014014013956464e-01
6.797057057057147578e-01
7.759809809809700143e-01
1.559069069069055347e-01
9.924144144144052548e-01
1.167386386386383368e+00
7.223213213213257600e-01
9.692702702702661322e-01
1.000000000000000238e-03
1.310016016016021023e+00
0.000000000000000000e+00
9.668338338338456905e-01
1.997997997998036696e-03
8.573012012011995253e+00
4.721046046046053490e+00
6.832882882882882480e-01
9.925725725725531579e-02
0.000000000000000000e+00
9.205955955956000025e-01
0.000000000000000000e+00
1.783386386386392131e+00
1.997997997998006772e-03
9.909909909909867670e-03
2.301171171171145780e-01
2.304452652652656042e+01
2.468828828828868449e-01
2.281261261261264273e-01
3.370960960960917019e-01
1.102860860860862102e+00
2.129074974974957257e+01
1.079870970970971378e+01
1.099561361361359779e+01
4.082292292292233338e-01
8.899419419419413169e-01
5.451761761761820813e-01
2.539079079079124002e-01
2.240543543543574767e+00
0.000000000000000000e+00
8.691013013013012767e+00
6.693303303303352880e-01
1.223692692692701867e+00
4.725225225225270775e-01
2.787257257257241161e+00
6.147147147147175028e-01
0.000000000000000000e+00
4.477877877877848856e-01
9.885645645645642077e-01
1.108803803803806609e+00
3.567741741741761174e+00
1.792235235235233981e+00
4.090672672672678090e+00
8.885225225225165113e-01
8.889719719719642033e-01
6.172922922922877698e-01
6.570790790790772551e-01
6.302242242242224179e-01
0.000000000000000000e+00
1.820610610610569891e-01
1.003793793793791300e+00
1.116443443443445815e+00
8.493091091091095279e+00
9.248188188188243286e-01
5.205165165165083208e-01
5.804094094094189860e-01
8.095365365365264632e-01
1.061052052052049222e+00
1.597007007007011370e-01
3.112712712712653249e-02
2.252612612612564791e-01
4.246972972972991478e+00
6.255645645645638853e-01
2.008799799799812380e+00
1.712143143143135093e+00
1.050244244244236791e+00
0.000000000000000000e+00
0.000000000000000000e+00
7.425965965965897198e-01
3.562753753753758801e+00
1.928333933933938837e+01
8.326276276276426414e-01
2.713260260260231593e+00
7.070560560560631425e-01
4.441681681681760585e-01
7.634294294294390326e-01
9.268838838838844296e-01
3.019163163163161023e+00
1.000000000000007393e-03
3.105979979979979433e+00
0.000000000000000000e+00
1.000000000000008911e-03
1.178796796796779178e+00
1.197987987988002462e-01
4.979979979979967664e-03
1.339778778778769830e+00
1.016631631631617072e+00
7.210409409409379577e+00
6.965475475475497724e-01
8.551641641641820613e-01
2.469896896896893956e+00
1.076740740740731672e+00
1.045409809809810753e+01
9.776896896896712930e-01
1.028747747747756236e+00
2.477477477477448009e-01
9.944174174174326142e-01
6.898736736736766240e+00
1.162421421421428347e+00
0.000000000000000000e+00
1.303396396396381274e+00
6.974844844844837466e-01
3.340090090090115371e+00
6.282682682682683151e-02
9.932892892892897230e-01
1.324834834834809072e-01
7.280980980981016648e-01
6.915375375375386602e-01
4.622862862862817668e-01
8.142482482482396033e-01
0.000000000000000000e+00
7.605515515515597347e-01
8.742942942942863449e-02
2.358358358358315365e-01
7.352212212212073661e-01
7.886786786786871284e-01
5.969969969969780160e-03
3.987987987988056947e-03
7.959179179179062258e-01
4.777897897897958601e-01
0.000000000000000000e+00
0.000000000000000000e+00
7.092642642642735806e-01
1.217083083083088324e+00
1.089000000000003077e+00
1.000000000000014549e-03
1.726410410410402774e+00
4.075225225225224124e-01
3.521750750750732184e+00
2.182940940940958807e+00
2.982028028028035571e+00
8.507487487487471745e-01
7.132328328328410016e+00
7.040800800800804948e-01
8.434054054053965466e-01
0.000000000000000000e+00
8.167267267267260822e-01
8.887717717717728005e-01
1.071307307307312495e+00
3.878878878878812969e-02
1.083038038038030892e+00
4.733653653653587257e-01
1.445195195195186633e-01
5.978768768768775166e-01
6.418928928928879785e-01
1.352142142142137571e-01
1.050053053053051633e+00
2.993993993994003774e-03
5.733633633633612031e-02
3.843843843843765262e-02
0.000000000000000000e+00
2.802431831831827580e+01
7.312212212212320095e-01
9.695492492492512326e+00
3.383413413413459137e-01
1.291609609609611464e+00
1.658492492492494641e+00
1.326166166166160787e+00
1.088988988988998270e-02
5.295235235235189464e-01
1.389789789789797406e-02
3.352811811811799991e+00
4.979979979979971133e-03
1.486753753753766283e+00
1.142549549549534582e+00
0.000000000000000000e+00
1.559069069069055902e-01
6.688288288288242456e-02
1.000000000000015200e-03
1.936136136136159813e-01
0.000000000000000000e+00
4.262482482482549684e-01
4.969179179179178396e-01
1.365028028028040907e+00
1.774980980980980760e+01
2.195945945945976252e-01
1.146906906906917795e-01
0.000000000000000000e+00
2.233823823823843646e-01
5.969969969969944959e-03
9.701841841841903902e-01
1.000000000000018235e-03
8.202062062062155379e-01
2.513473473473441522e-01
8.267327327327417263e-01
6.597597597597605334e-01
4.493508508508517352e+00
1.170398398398391215e+00
0.000000000000000000e+00
6.957957957957936791e-03
6.848728728728767923e-01
7.602602602602592796e-01
6.494144144144105013e-01
1.332868868868854806e+00
8.198198198198061726e-02
5.038857857857850675e+00
1.503629529529531439e+01
6.780670670670538858e-01
2.189849849849826169e-01
6.797747747747638902e-01
8.302462462462419923e-01
1.106065065065062747e+00
7.270410410410385049e-01
1.761921921921926759e-01
8.844864864864778742e-01
1.957928928928913237e+00
8.368018018018004156e-01
1.160283283283285671e+00
1.448493493493497475e+01
6.512462462462519364e-01
2.028939039039032011e+01
7.847867867867844849e-01
6.891321321321384197e-01
2.701952952952970666e+00
8.502252252252290310e-01
8.477707707707773377e-01
0.000000000000000000e+00
2.150641641641647173e+00
1.728048048048033136e-01
6.726066066065995441e-01
1.270371871871867953e+01
1.321662662662662857e+00
1.518470970970971123e+01
1.201804804804800453e+00
1.750610610610588147e-01
1.211957957957960685e+00
9.460520520520447896e-01
1.164442442442438219e+00
1.865765765765745043e-02
2.406366366366318732e-01
2.044881481481481700e+01
1.563989989989992502e+00
3.662477477477493526e+00
4.979979979979967664e-03
6.613923923923954451e-01
5.106806806806886145e-01
2.648786786786802239e+00
6.957957957957859596e-03
8.280180180180159166e-02
0.000000000000000000e+00
1.723301301301295663e+00
8.922792792792806349e-01
1.494994994995018367e-01
6.127398398398418600e+00
4.837767767767678917e-01
2.954754754754832652e-02
2.417777777777788684e-01
1.052692692692687171e+00
1.343414414414406455e+00
2.132569969969962287e+01
3.311729729729736338e+00
1.997997997997988124e-03
0.000000000000000000e+00
1.659219219219223718e-01
2.736626626626630809e+00
1.091066066066070261e+00
0.000000000000000000e+00
4.456666666666601051e-01
8.504084084083969319e-01
7.859589589589506264e-01
6.700160160160099077e-01
1.029899899899917592e+00
1.509000000000011443e+00
1.082921921921917940e+00
9.250770770770950779e-01
0.000000000000000000e+00
0.000000000000000000e+00
1.055914914914915848e+00
1.314174174174159160e-01
0.000000000000000000e+00
2.375365365365402770e-01
1.799549549549556704e-01
1.685585585585558377e-01
1.157776776776775485e+00
9.380130130130199806e-01
7.706526526526503718e-01
2.222892892892884831e-01
0.000000000000000000e+00
2.894244244244285058e-01
2.009777777777771668e+00
1.047313313313322336e+00
1.877744744744751504e+00
5.289019019019036705e-01
4.046516516516513451e-01
4.256796796796848970e-01
7.802792792792851984e-01
1.173464464464468504e+00
2.153078478478483149e+01
9.200710710710777729e-01
7.766826826826727093e-01
5.651641641641677039e-01
1.108583583583578003e+00
2.515985985985981888e+00
5.751751751751783548e-01
4.050960960960992563e-01
0.000000000000000000e+00
9.108388388388316548e-01
4.323663663663679935e-01
1.309125125125125244e+00
2.048358358358338682e-01
6.957957957957779799e-03
1.088988988989001913e-02
9.203503503503548400e-01
8.927927927927951923e-03
0.000000000000000000e+00
5.385605605605605639e-01
6.061522522522532874e+00
1.186988988988982197e+00
7.261192192192272188e+00
0.000000000000000000e+00
2.091831831831790778e-01
1.015761761761761584e+00
1.190790790790783281e-02
1.133282282282272124e+00
1.058649649649654245e+00
0.000000000000000000e+00
1.403630630630620102e+00
1.697743643643645939e+01
5.229049049049098175e-01
8.819449449449372480e-01
3.079262262262276284e+00
9.898168168168216541e-01
8.839629629629613961e-01
1.172863863863869538e+00
1.000000000000002189e-03
5.210800800800774457e-01
1.745859859859868246e+00
4.042882882882935514e-01
1.608850850850848557e+00
8.963123123123176716e-01
2.588970970970930097e+00
0.000000000000000000e+00
9.340340340340346215e-01
6.773873873873950680e-02
6.448078078077963404e-01
2.928778778778802216e+00
1.211921221221222389e+01
3.413368368368362660e+00
3.733093093093113324e-01
0.000000000000000000e+00
5.195150150150140256e+00
8.374084084084026935e-01
3.585775775775752461e-01
8.607886886886854327e+00
7.023963963963976154e-01
4.764564564564616883e-02
9.485635635635546459e-01
1.001086086086079519e+00
1.997997997998015880e-03
9.516416416416600965e-01
4.934534534534595895e-02
1.337800800800803103e+00
0.000000000000000000e+00
9.043153153153117296e-01
6.407277277277306782e-01
1.186786786786781303e-02
5.073648648648645398e+00
5.996396396396346667e-02
2.867854854854841928e+00
7.864494494494636001e-01
1.168918918918944311e-01
1.055438438438455417e+00
0.000000000000000000e+00
1.376776776776766242e+00
4.764724724724626048e-01
3.909094594594592564e+01
8.406586586586698440e-01
6.457436436436403859e+00
4.146484484484438404e+00
8.745285285285292476e-01
1.997997997998026722e-03
8.855465465465485186e-01
1.404729729729738974e+00
8.763083083083017533e-01
1.166192192192201604e+00
2.343583583583550567e-01
1.060435035035037288e+01
7.214854854854861888e-01
1.168918918918944450e-01
1.268268268268258891e+00
8.193273273273272705e-01
9.840940940941055037e-02
2.666898698698701509e+01
1.194653653653660497e+00
7.122192192192137172e-01
1.830139139139125071e+00
9.759219219219261721e-01
7.744095095095076431e+00
2.993993993993999004e-03
2.000000000000014787e-03
8.653473473473498601e-01
4.498838838838833953e-01
2.067877977977977011e+01
1.106396396396392090e+00
2.453153153153097427e-02
7.345605605605615152e-01
1.143850850850834933e+00
0.000000000000000000e+00
3.064903903903904325e+00
2.257265865865868548e+01
6.531361361361319728e-01
2.399979979979960931e-01
1.696396396396426254e-01
3.518336336336343795e+00
7.367367367367255726e-02
2.749284284284288660e+01
1.000000000000012814e-03
6.023603603603583379e-01
1.000000000000009562e-03
1.012123123123109814e+00
2.499609609609646232e-01
1.000000000000018886e-03
8.014064064064052584e-01
2.079679679679728721e-01
1.651382782782792091e+01
2.449159159159109145e-01
8.130920920920967632e-01
2.501501501501531832e-01
1.866826826826805397e-01
5.891691691691729460e-01
1.088471471471466945e+00
2.196256256256232942e-01
1.845971971971973158e+00
3.993993993994028081e-03
1.040651651651646414e+00
8.165585585585615203e-01
2.249731731731728246e+00
8.789659659659593283e-01
1.633174174174178317e+00
7.355245245245172203e-01
2.993993993994001172e-03
6.539929929929954033e-01
7.618718718718819893e-02
3.337397397397402488e-01
2.384505605605605538e+01
2.839714314314310073e+01
6.693713713713662639e-01
1.232532532532533004e-01
7.695745745745681266e-01
2.820422822822822440e+01
1.143726726726734144e+00
1.114164164164158644e+00
2.728148148148187291e-01
8.766436436436551016e-01
2.115865865865877993e-01
9.501491491491346197e-01
3.569826326326317911e+01
2.183933933933915328e-01
6.969969969969908551e-03
1.332471471471447622e+00
1.955068568568572118e+01
7.193933933933989167e-01
1.190708708708707375e+00
1.649009009008979010e-01
2.187873873873853015e+00
1.712102102102089352e-01
0.000000000000000000e+00
1.689439439439434087e-01
1.053097797797794755e+01
2.140574574574577227e+00
4.067225225225212171e+01
0.000000000000000000e+00
5.115225225225094041e-01
9.547807807807665581e-01
6.963823823823739323e-01
8.116016016016082413e-02
7.899689689689635141e-01
9.520980980980902064e-01
1.967717717717694936e-01
5.026800800800825364e+00
1.000000000000006309e-03
9.109009009009191860e-02
1.112207207207195125e+00
3.987987987988031793e-03
1.852522522522505044e-01
6.806456456456444482e-01
8.606706706706696020e-01
5.195205205205218668e+00
6.553753753753830402e-01
2.357997997998048101e-01
9.449639639639616506e-01
2.720630630630622160e-01
6.569959959960035567e-01
4.866456456456533242e-01
0.000000000000000000e+00
4.304554554554519186e+00
1.619529529529524781e-01
2.213213213213191255e-01
0.000000000000000000e+00
5.996396396396334871e-02
1.000000000000016284e-03
7.848668668668697945e-01
1.161601601601612993e-01
3.889519519519448743e-01
1.575975975975995105e-02
8.912402402402446189e-01
7.369039039039043670e-01
1.245429429429425028e+00
9.404494494494560763e-01
1.297755755755758189e+00
1.228257257257249879e+00
1.135724824824829149e+01
3.057596196196188387e+01
1.003466466466486740e+00
8.133753753753774074e-01
4.927278278278242496e+00
1.809549549549533953e-01
1.830332332332322176e+00
0.000000000000000000e+00
2.155601601601604411e+00
7.623493493493395112e-01
0.000000000000000000e+00
8.676436436436502087e-01
7.948248248248361569e-02
0.000000000000000000e+00
2.547278278278284347e+00
1.661745245245241165e+01
1.819369369369397138e-01
6.559829829829766368e-01
1.085311311311305538e+00
1.841655655655638713e+00
6.669009009009068123e-01
7.778038038038010971e-01
9.581481481481246565e-02
8.727827827827846496e-01
4.392792792792901690e-02
8.948568568568492365e-01
1.470115115115129489e+00
7.863803803803837145e-01
9.647367367367528646e-01
2.814354354354384746e-01
2.174564564564525349e-01
1.064043043043048975e+00
1.252282282282300152e-01
2.875462462462480051e+00
2.132156156156142846e+00
5.045065065065108545e-01
2.086905905905904746e+00
9.909909909909872874e-03
2.417687687687702369e-01
2.431871871871908453e-01
7.533043043043038400e-01
1.414310310310291197e+00
5.969969969969963174e-03
8.598008008008073411e-01
9.258858858858902696e-01
2.946236136136140615e+01
4.934534534534578548e-02
3.428684684684674799e+00
5.996396396396305728e-02
1.061221221221197997e-01
3.715550550550544173e+00
1.339874874874877664e+00
8.765025025024859584e-01
1.144644644644623455e-01
1.826774974974976118e+01
1.625959959959967005e+00
1.039482482482489978e+00
9.247247247247181168e-02
2.252172172172210718e-01
5.975695695695594223e-01
1.377716716716725687e+00
2.760146146146162049e+00
0.000000000000000000e+00
2.993993993994001606e-03
3.807997997998062711e-01
6.698718718718692511e-01
1.000638638638619904e+00
2.359337337337343854e+00
1.178824824824822759e+00
8.399509509509542893e-01
2.455115115115070190e-01
0.000000000000000000e+00
1.000000000000003273e-03
1.266848848848836750e+00
1.042561561561549333e+00
1.317138138138131520e+00
1.672772772772791391e-02
1.193375375375392178e+00
3.587461461461463053e+00
2.278978978979004089e-01
1.024365465465475289e+01
1.047489489489493941e+00
1.422008008008010194e+00
7.754224224224368633e-01
2.685072072072068661e+00
1.043197197197195170e+00
0.000000000000000000e+00
7.819529529529458678e-01
1.365773773773771627e+00
5.645645645645542415e-02
9.320980980980821951e-01
7.009449449449456360e-01
1.206271371371372503e+01
2.645937937937909545e+00
5.995345345345336474e-01
6.295995995996054306e-01
2.772172172172127080e-02
2.133493493493530402e-01
0.000000000000000000e+00
2.513333333333303554e-01
8.134934934935016404e-01
1.887917917917908139e-01
3.750860860860903423e-01
8.953963963963995631e-01
4.978914914914939871e+00
8.054618618618565762e+00
5.602362362362313108e-01
0.000000000000000000e+00
4.027627627627688306e-02
6.042712712712714485e+00
5.945095095095176418e-01
1.019192192192205138e+00
1.076982982982971349e+00
0.000000000000000000e+00
5.647117117117120833e-01
1.161601601601611744e-01
4.979979979979968531e-03
6.651816816816876532e+00
9.983843843843803745e-01
9.372232232232186044e-01
2.869709709709702961e-01
1.195858858858858786e+00
2.249189189189126636e-01
1.095713713713714288e+00
2.429831831831833266e+00
8.233913913913947225e-01
6.913853853853785258e-01
1.186786786786799518e-02
1.122975975975978535e+00
4.714434434434437549e+00
8.524894894894885500e-01
5.820720720720647945e-01
0.000000000000000000e+00
3.050550550550564649e-02
7.388048048047956007e-01
1.357371371371372204e+00
4.779609609609474785e-01
1.683723723723708487e-01
2.333850850850844871e+00
1.797698698698701136e+01
1.377703703703709870e+00
1.692655655655665559e+00
1.798049049049051273e+00
3.632932932932880221e-01
2.346096096096096095e-01
2.074174374374373286e+01
1.557834834834815574e+01
6.845935935935996142e-01
7.895565565565667576e-01
1.402941941941950432e+00
8.992102102102135230e-01
9.454674674674820034e-01
3.503723723723721206e-01
0.000000000000000000e+00
2.912912912912934277e-02
7.826976976977009226e-01
5.617389389389397358e+00
1.076875875875885624e+00
1.345820820820815023e+01
6.904797797797792569e+00
3.445639639639654028e+00
6.201661661661720393e-01
4.125925925925981452e-02
1.049589589589581706e+00
7.859889889889892789e-01
0.000000000000000000e+00
2.254207607607612829e+01
4.462052052051943551e-01
4.254594594594560131e-01
7.332272272272376545e-01
1.075973973973968212e+00
8.011251251251184646e-01
1.035005005005003920e+00
1.592551551551545153e+00
4.987987987987971966e-03
0.000000000000000000e+00
1.405479579579571414e+01
7.452682682682614246e-01
1.424581681681689105e+01
1.790870870870890919e-01
7.730350350350161381e-01
0.000000000000000000e+00
8.584882882882910238e+00
0.000000000000000000e+00
3.469636636636619365e+00
0.000000000000000000e+00
4.338088088088011829e-01
8.524031031031046979e+00
8.448158158158036724e-01
9.203233233233255595e-01
2.314451551551550779e+01
1.281643643643642916e+00
1.227929929929936215e+00
2.264564564564578233e-02
8.609039039038999253e-01
0.000000000000000000e+00
1.098585585585590829e+00
6.257800800800801255e+00
3.805705705705704489e-02
8.128835835835840129e+00
3.256746246246240162e+01
8.331641641641613916e-01
0.000000000000000000e+00
1.032987987987980194e+00
1.629210510510517551e+01
1.587759759759753697e+00
6.370890890890905656e-01
1.714968868868868768e+01
0.000000000000000000e+00
5.486906906906909853e-01
0.000000000000000000e+00
1.361481481481474076e-01
1.797694794794790241e+01
1.534324324324307653e-01
2.653947947947957964e+00
1.886189189189184878e+00
9.852272272272244447e-01
5.153813813813802325e-01
2.151811811811857877e-01
1.948948948948937276e-01
5.754974974975083368e-01
2.171990990990991133e+00
9.540090090090339592e-01
1.014253253253259324e+00
4.301801801801737740e-02
3.852402402402372861e-01
4.264914914914936794e+00
1.242349149149147358e+01
7.299119119119065191e-01
6.230930930930902445e-01
1.265880880880881909e+00
9.909909909909862466e-03
2.598822722722723100e+01
8.286576576576583086e-01
5.024124124124105251e-01
1.699986986987012560e+00
6.117017017016945779e-01
8.476306306306143901e-01
1.592951951951948164e+00
7.535135135135234696e-02
3.764324324324390680e-01
0.000000000000000000e+00
3.954194194194289302e-01
1.309023023023028420e+00
2.735101801801805266e+01
2.252355355355352629e+01
9.491031031031044174e-01
2.424984984985015246e-01
8.915935935936096790e-01
7.496006006006165068e-01
1.070389389389391432e+00
2.252612612612560072e-01
1.150373373373376085e+00
0.000000000000000000e+00
1.584191191191199444e+00
8.712972972972979901e-01
8.590900900900814152e-01
7.894724724724683229e-01
1.373955955955952879e+00
2.460610610610652338e-01
3.064023023023023384e+01
8.495595595595437644e-01
3.300503503503499303e+00
8.865455455455503175e-01
1.160855855855851049e+00
6.701171171171145247e-01
9.213413413413419351e-01
6.871011011010990099e-01
3.253900900900846160e+00
8.176486486486552741e-01
8.637867867867934368e-01
9.824164164164082003e-01
0.000000000000000000e+00
5.171121121121216024e-01
6.187137137137126430e-01
1.251321321321321456e+00
9.502882882882973670e-01
1.485636636636628038e+00
1.841351351351329102e-01
1.088988988988998444e-02
1.703703703703673134e-01
3.987987987988048273e-03
5.843543543543496810e-01
0.000000000000000000e+00
1.948538538538512610e-01
9.291951951951891164e-01
9.874504504504392211e-01
4.664564564564456506e-02
1.534324324324308209e-01
2.959351351351343418e+00
7.248268268268212022e-01
4.517936936936925107e+00
1.000000000000016284e-03
0.000000000000000000e+00
1.075896896896898713e+00
1.581581581581557178e-02
0.000000000000000000e+00
6.363113113113023633e-01
2.099605605605606051e+00
1.000000000000010863e-03
1.017195195195196300e+00
9.415275275275237776e-01
1.356534534534532321e+00
1.769369369369371003e-02
2.439939939939883562e-02
