1.363525025025023574e+01
8.538488488488489736e+00
6.918918918918874617e-02
4.275689689689702533e+00
1.807047247247245281e+01
2.693880880880876738e+00
3.519389389389395162e-01
8.448936936936945585e+00
2.788538538538526956e-01
8.105811811811829415e+00
3.704900760760761500e+02
4.014514514514558874e-01
1.581411411411439705e-01
4.939050050050036056e+00
7.905119119119109250e+00
2.652885185185184014e+01
1.219679679679654682e-01
2.151421421421389757e-01
1.612170290290291632e+02
4.176538538538544287e+00
9.018518518518460481e-02
3.175369369369346995e+00
1.113944544544542481e+01
2.952352352352324849e-01
2.865395395395380906e-01
2.561971971971936379e-01
1.026000300300291102e+01
2.490110110110092811e-01
3.499619619619599997e-01
5.361182182182201217e+00
3.043568268268268540e+01
3.152912912912900767e-01
6.551331331331383678e-01
5.370071071071072843e+00
7.391474474474484246e+00
7.065037037037071421e+00
3.887111611611612147e+02
1.942162072072071908e+02
4.678828828828769382e-01
1.127243143143143023e+01
4.928704204204206718e+01
3.993543543543495833e+00
1.096996096096094853e+01
3.482420420420419216e+00
9.493475475475445791e+00
2.226286286286285609e-01
9.119899899899954754e-01
1.978778778778791242e-02
1.309322622622623022e+01
7.374091691691691608e+01
8.652539539539503721e+00
1.129799799799780513e-01
2.873483483483535994e-01
3.751922922922962034e+00
1.130136236236227987e+01
2.669861861861881902e+00
7.951201201201230973e+00
1.822176176176161455e+00
2.064877177177179490e+01
5.065185185185214323e+00
2.328083383383388139e+02
6.154581581581552108e+00
1.685245165165163996e+02
1.424304304304287727e-01
7.730120120120131944e+00
3.606806806806732713e-01
2.663637637637634015e+01
7.581141141141123363e+00
2.668088088088123033e-01
2.265815815815840628e-01
1.293382482482484264e+01
1.806606606606619148e-01
9.220345345345350552e+00
1.277474974974970401e+01
4.158798798798876151e-01
2.836983173173172759e+02
7.931974974974877135e+00
6.689495495495499711e+00
1.571224614614614552e+02
8.434904904905003997e-01
4.788403403403418856e+00
5.675661661661695057e+00
3.805355355355407032e-01
2.679344844844823825e+01
2.252375775775770350e+01
1.277010810810811314e+01
3.478557557557580893e+00
1.093812912912913227e+01
3.861387387387407610e+00
4.626136136136089205e-01
3.869619619619583673e-01
7.164118118118182110e+00
1.404644644644668650e-01
9.829823823823787166e+00
8.282869869869887935e+00
5.833963963963951782e-01
1.068919219219219308e+01
7.980014014014034096e+00
6.711948948948983862e+00
2.902810370370369242e+02
1.681949649649644840e+01
1.394344344344368436e-01
4.389729729729649477e-01
6.982387887887878719e+01
4.187497497497434940e-01
6.111372372372374961e+00
3.433224224224202814e+00
3.416274274274288647e+00
3.126156156156184585e-01
1.187290190190184802e+01
9.991771771771882360e-01
2.948918918918883025e-01
2.445805805805859323e-01
1.429786886886885888e+01
9.546752752752746929e+00
9.679829829829899035e-01
4.504504504504401596e-02
1.247809309309307579e+01
7.099286286286282888e+00
3.881390090090094702e+01
2.720555155155160776e+01
4.336210210210242444e+00
1.007498498498525352e+00
6.311491491491479700e+00
9.635019019019038566e+00
6.423563563563499113e-01
5.737552552552556584e+00
2.535415415415370743e-01
6.583711611611610692e+01
1.706966966967002064e-01
6.977977977977840862e-03
1.892582582582581219e-01
6.287967967968025595e-01
8.338037037037040022e+00
6.391690690690745136e+00
7.967979779779778937e+01
3.436516516516430197e-01
2.077254654654639054e+01
4.878797797797798985e+00
1.866726726726756491e-01
6.799661661661613010e+00
7.484399399399398689e+00
3.033713713713666049e-01
9.899111111111103867e+00
2.647397397397394103e-01
8.512743743743778069e+00
6.492667667667673115e+00
1.269171171171190826e+00
7.916943943943964612e+00
1.563763763763762749e-01
1.352453553553545795e+01
4.603256256256240242e+00
1.189339339339320484e-01
1.296120820820816277e+01
2.579069769769770915e+01
4.090281281281253456e+00
1.025653953953950470e+01
3.302875175175176992e+01
5.686646646646646985e+00
5.114594594594681354e-01
2.369439439439408324e-01
3.769969969969925311e-02
3.567067067067118957e-01
7.394837537537553374e+01
9.877860860860868897e+00
3.186471981981982253e+02
2.695045045045030840e-01
7.489158158158176981e+00
4.911023623623626122e+01
5.604827827827788767e+00
3.696896896896831319e-01
7.835610610610579840e+00
5.781216216216240156e+00
1.054204204204197970e-01
4.309119119119138475e+00
4.823926226226216585e+01
8.773420420420452004e+00
4.881761761761672647e-01
3.754064064064124850e-01
4.402269269269332597e+00
3.999599599599693578e-01
9.080340340340349314e+00
4.522092092092153126e-01
9.490004004003996130e+00
3.204379379379391324e+00
3.963648648648652628e+00
9.170141141141149532e+00
6.537174174174237962e+00
6.639841841841846559e+00
3.687257257257262610e-01
1.044765065065065279e+01
1.124528828828830029e+01
5.252913913913917376e+00
8.227234234234233057e+00
1.718138138138145254e-01
1.341200700700697368e+01
1.836466466466504244e-01
9.316695695695722534e+00
3.928478478478387159e-01
9.562031931931907991e+01
4.792805905905901653e+01
4.753672672672707655e+00
6.359419419419343189e-01
4.267767767767731424e-02
8.157496496496477789e+00
2.462762762762707447e-02
1.963876376376367006e+01
2.581281281281221363e-01
2.969349349349340583e-01
1.558157157157139983e+00
2.844085465465464040e+02
2.715865865865910167e-01
2.988715715715693833e+00
5.230240240240241478e-01
1.057321921921919383e+01
2.515650070070073241e+02
1.296515815815816097e+02
1.312521031031030816e+02
3.892238238238232118e+00
8.626232232232144526e+00
1.733794794794802030e+00
6.077947947947944796e-01
2.372522922922930633e+01
7.038538538538430256e-02
1.006900610610611864e+02
4.704029029029001663e+00
1.210684284284284118e+01
3.452671671671647680e+00
3.008216416416416550e+01
4.883477477477508266e+00
1.291671671671694721e-01
4.742288288288322384e+00
9.895561561561592612e+00
1.117559359359361792e+01
3.894552652652651403e+01
1.944226526526525944e+01
4.796865465465459977e+01
7.635021021021052512e+00
8.045833833833825111e+00
5.590950950950931642e+00
5.313911911911919361e+00
5.292527527527534303e+00
1.365675675675691314e-01
4.507997997998015038e-01
8.856727727727689015e+00
1.069350850850853618e+01
9.880885985985989350e+01
9.409108108108050317e+00
4.731245245245244035e+00
3.108073073073093440e+00
6.164966966966956896e+00
1.046530730730728287e+01
8.256046046045992792e-01
4.712102102102026513e-01
6.639579579579606428e-01
4.820477077077083550e+01
5.107057057057081018e+00
2.041920920920922455e+01
1.717623823823825546e+01
9.065774774774752132e+00
1.292162162162178718e-01
3.327927927928000379e-02
6.756548548548552802e+00
3.863548148148156969e+01
2.337275585585585134e+02
7.060418418418396236e+00
2.898291391391393290e+01
5.296227227227226386e+00
2.777372372372340248e+00
6.603874874874845702e+00
9.748799799799776622e+00
3.204521821821818861e+01
2.753953953953924283e-01
3.004407907907906505e+01
5.543733733733706703e-01
1.433423423423424159e-01
1.260664564564559775e+01
3.515705705705748918e-01
2.456916916916943305e-01
1.274716516516514275e+01
8.795304304304282894e+00
8.794068168168165300e+01
4.637288288288323734e+00
8.264926926926912998e+00
2.860448248248252412e+01
8.691247247247181562e+00
1.197122372372368773e+02
8.837884884884868342e+00
9.161967967968029924e+00
3.105945945945932096e-01
9.248221221221221811e+00
7.193840940940928874e+01
1.035226126126123525e+01
4.585685685685599727e-02
1.221299499499501273e+01
4.310476476476517327e+00
3.930991191191192513e+01
4.065055055054996869e-01
1.029668268268259190e+01
2.491241241241204385e-01
5.293732732732757462e+00
5.508558558558553031e+00
3.109223223223255950e+00
7.786527527527492332e+00
2.703003003003028315e-01
5.228067067067132534e+00
6.577157157157241807e-01
3.242792792792825174e-01
3.868563563563567342e+00
6.627751751751727483e+00
1.838698698698724987e-01
2.660970970970975014e-01
5.486381381381315592e+00
5.293753753753688285e-01
6.926426426426324223e-02
5.523723723723678730e-02
5.257111111111099966e+00
1.393708308308304389e+01
1.091287687687690067e+01
2.695445445445406873e-01
1.839741541541541636e+01
4.063074074074102704e+00
4.011223423423432166e+01
2.350260560560552747e+01
3.051922222222231795e+01
7.828974974974963530e+00
8.404208708708699760e+01
3.614675675675683486e+00
7.907305305305342813e+00
4.653853853853871098e-02
7.430541541541510142e+00
6.968794794794809455e+00
1.011986986987000847e+01
3.955465465465378694e-01
9.301808808808816664e+00
4.791953953953951739e+00
3.501051051050987906e-01
3.761944944944953573e+00
5.015750750750735065e+00
2.720450450450438984e-01
1.023715615615614460e+01
1.799059059059072430e-01
3.465565565565513761e-01
2.476466466466487326e-01
4.304304304304265583e-02
3.803649719719724089e+02
5.570229229229231471e+00
1.144449619619619938e+02
6.369709709709759915e-01
1.261168868868869097e+01
1.625513813813814679e+01
1.407359959959960882e+01
3.315135135135151567e-01
3.564819819819821767e+00
1.863763763763800207e-01
4.066698998998997894e+01
2.208728728728761859e-01
1.483124924924923249e+01
1.074244144144146240e+01
1.816986986986962593e-01
3.640790790790802145e-01
4.217037037036997504e-01
2.210270270270254522e-01
4.338388388388345063e-01
1.114454454454473359e-01
5.380490490490418276e-01
5.112253253253224550e+00
1.270807407407401612e+01
1.796474974974976533e+02
3.755555555555525338e-01
2.509289289289264868e-01
8.579679679679574900e-02
4.422772772772773364e-01
2.930920920920945250e-01
8.163813813813833420e+00
2.866576576576571611e-01
5.242492492492488054e+00
6.533683683683760846e-01
7.417083083083039874e+00
4.403878878878875192e+00
5.511813913913920260e+01
1.252661261261261494e+01
1.194064064064083025e-01
2.448758758758806942e-01
5.846029029029107704e+00
7.521456456456429684e+00
5.877696696696658840e+00
1.410953053053053097e+01
2.712442442442395962e-01
5.826063863863864611e+01
1.950655275275270810e+02
5.266572572572592037e+00
4.394764764764720333e-01
5.826698698698748125e+00
7.980793793793658608e+00
9.922080080080073472e+00
6.115179179179147440e+00
2.546786786786745527e-01
7.180338338338356330e+00
2.358525525525525879e+01
7.136354354354303098e+00
1.253929329329325171e+01
1.819733113113113347e+02
6.202984984984983186e+00
2.146411291291291832e+02
5.477556556556558043e+00
6.372463463463451383e+00
3.277782882882882376e+01
7.138812812812792785e+00
6.924075075075043273e+00
7.777277277277330758e-02
2.692271171171170607e+01
8.987777777777656851e-01
3.563162162162138102e+00
1.599513453453451461e+02
1.142687787787778930e+01
1.832645595595603538e+02
1.171954854854850048e+01
4.083263263263211540e-01
1.153635935935936807e+01
8.898394394394390616e+00
1.158561461461463793e+01
4.335635635635715635e-01
3.771671671671588122e-01
2.329958918918918300e+02
1.731474974974975467e+01
4.169269469469476519e+01
1.936566566566603753e-01
3.360034034034099282e+00
4.096694694694651417e+00
3.022237837837839791e+01
2.284474474474456340e-01
3.202202202202212855e-01
8.888888888888754614e-02
1.773794894894898633e+01
7.714440440440410995e+00
4.454724724724820062e-01
7.028850250250249587e+01
2.801849849849817442e+00
5.814154154154181908e-01
3.088418418418373834e-01
9.170981981981988440e+00
1.278559959959960324e+01
2.572445195195194856e+02
3.478217317317318447e+01
2.495095095095125337e-01
9.894994994994951720e-02
4.722322322322248800e-01
3.107877277277281181e+01
9.834341341341337639e+00
2.090390390390367906e-02
1.074193193193200058e+00
7.754321321321412164e+00
6.708866866866835643e+00
5.617837837837807768e+00
9.288037037037035759e+00
1.545962762762762566e+01
1.027272672672670417e+01
8.908398398398361451e+00
2.639649649649715712e-01
5.366366366366478319e-02
1.086959959959957800e+01
9.319619619619667894e-01
6.331931931931769619e-02
6.261491491491583128e-01
3.767277277277272796e-01
1.326521521521518698e+00
1.232312512512511127e+01
7.532191191191201618e+00
4.479394394394448753e+00
4.220140140140222762e-01
9.666766766766932140e-02
4.758818818818728591e-01
2.097802102102095390e+01
9.026873873873867637e+00
1.856612412412415836e+01
5.264887887887832463e+00
2.688885885885886395e+00
4.392078078078031744e+00
6.556337337337336812e+00
1.137567067067067939e+01
2.596078948948949119e+02
7.876479479479493229e+00
6.350749749749780904e+00
9.430440440440444050e-01
1.082129929929931578e+01
2.713001701701704960e+01
5.268963963963972041e+00
7.737867867867761484e-01
7.979879879879940574e-02
6.537942942942977176e+00
3.942616616616650749e+00
1.306388988988993205e+01
4.244544544544641695e-01
1.901851851851865671e-01
4.042032032032124578e-01
8.848803803803708234e+00
2.052662662662621540e-01
8.601301301301088331e-02
4.256599599599582007e+00
7.079658558558548975e+01
1.190073573573574528e+01
9.482406206206177046e+01
2.126026026026041627e-01
7.315025025024957106e-01
8.596818818818810826e+00
3.319539539539498874e-01
1.050106006006000570e+01
9.921867867867844026e+00
5.320320320320365282e-02
1.329976176176177205e+01
1.918713213213212612e+02
3.255422422422418638e+00
6.889864864864918559e+00
3.394085885885890974e+01
9.419989989989947077e+00
7.197167167167211055e+00
1.028595995995996404e+01
1.670740740740771779e-01
2.092321321321365613e+00
1.924407507507507376e+01
4.974164164164293078e-01
1.584500700700701081e+01
8.370625625625629951e+00
2.672290390390389447e+01
2.443913913913906277e-01
9.420035035035038362e+00
5.589369369369390217e-01
7.836376376376417152e-01
3.238334634634640707e+01
1.578365105105107489e+02
4.067259959959955751e+01
2.263186186186177284e+00
3.664174174174207321e-01
5.734708208208212454e+01
6.096083083083073006e+00
6.760700700700813526e-01
9.843096196196198377e+01
5.090808808808810149e+00
3.769979979979970475e-01
7.970796796796679295e+00
8.726734734734730381e+00
2.450240240240204037e-01
8.974100100100063315e+00
2.256246246246219334e-01
1.467654254254270541e+01
9.738038038038078492e-02
8.676782782782817449e+00
3.827077077077075451e+00
2.686846846846840942e-01
5.688764564564556991e+01
2.630180180180236582e-01
3.139331731731733299e+01
5.685712712712683192e+00
3.248958958959015098e-01
1.002245845845841465e+01
4.839139139139087692e-02
1.282699699699699991e+01
3.421201201201184539e+00
5.238227397397394043e+02
7.350484484484467451e+00
7.224098198198204557e+01
4.771938938938944830e+01
8.202109109109093410e+00
2.858888888888883040e-01
8.432155155155147241e+00
1.488809609609607243e+01
7.379409409409380061e+00
1.075577377377379129e+01
3.448868868868851800e-01
1.018204364364362107e+02
4.478000000000023739e+00
2.655885885885899134e-01
1.254322822822824079e+01
7.168128128128187448e+00
4.319019019019088024e-01
3.233359419419419964e+02
1.272585985985985069e+01
5.874887887887896731e+00
2.000108008008012916e+01
9.112247247247211135e+00
9.402125625625612315e+01
2.850720720720691381e-01
2.450350350350308515e-01
8.431221221221214535e+00
5.078774774774752920e+00
2.895642742742741120e+02
1.003662062062059412e+01
4.492382382382278383e-01
6.140378378378348323e+00
1.178079379379379965e+01
1.020770770770756952e-01
3.486467167167160142e+01
2.740063523523523941e+02
4.719340340340378859e+00
4.744484484484531306e-01
4.843643643643689711e-01
3.799427127127123782e+01
2.646196196196127781e-01
3.484163423423419204e+02
2.665045045045011385e-01
1.309090090090097691e+00
2.650920920920899482e-01
9.748570570570569416e+00
3.455725725725692921e-01
2.672252252252310112e-01
5.905507507507489429e+00
5.073453453453502515e-01
1.892101801801803731e+02
3.447477477477445262e-01
7.649556556556563969e+00
4.270730730730779579e-01
3.567387387387476738e-01
5.052938938938988045e+00
1.109038138138134499e+01
5.704844844844791929e-01
1.942093893893892798e+01
4.147687687687754976e-01
9.310493493493504857e+00
6.379741741741712602e+00
2.477058558558556101e+01
8.794016016016032111e+00
1.828157257257256774e+01
3.172910910910913262e+00
1.867787787787788534e-01
4.312554554554570707e+00
3.778418418418457714e-01
6.852352352352252263e-01
3.289528648648644094e+02
3.272622692692692112e+02
4.240611611611597276e+00
8.455005005005055141e-01
5.602032032032017383e+00
3.529586216216213188e+02
1.082013413413420366e+01
1.089126426426424388e+01
1.092706706706718656e+00
7.436342342342357803e+00
5.520910910910789005e-01
8.991693693693690648e+00
4.069680150150160216e+02
4.672982982983059919e-01
3.794904904904906617e-01
1.303538438438441993e+01
2.315077987987988308e+02
6.269154154154133352e+00
1.140163763763764493e+01
2.515665665665614559e-01
2.321370470470476022e+01
3.623903903903994417e-01
1.052492492492502069e-01
2.996506506506472212e-01
1.278532802802800461e+02
2.254830230230224331e+01
5.570775805805802747e+02
1.723693693693676143e-01
7.903443443443278760e-01
8.953160160160152259e+00
5.636687687687705228e+00
2.169909909909875645e-01
6.967013013013016121e+00
8.306415415415402848e+00
4.382062062062094809e-01
6.113760660660664570e+01
1.788798798798776069e-01
6.770960960960995534e-01
1.119193093093091207e+01
2.243593593593547486e-01
5.467037037036978075e-01
5.708432432432430481e+00
8.875254254254278052e+00
5.496058258258244678e+01
3.322169169169154834e+00
4.548218218218230691e-01
8.975709709709626338e+00
8.732232232232032265e-01
6.153083083083059179e+00
2.374505505505486891e+00
2.765765765765773251e-02
5.207688088088085721e+01
3.251051051050992680e-01
2.809239239239250674e-01
9.407807807807655465e-02
4.845745745745703714e-01
1.366766766766743524e-01
6.769001001001036855e+00
3.618338338338316085e-01
1.241372372372384847e+00
3.122702702702687128e-01
8.023378378378330567e+00
6.378724724724718520e+00
1.295413313313317971e+01
9.150153153153159025e+00
1.282529129129134837e+01
1.317955755755756186e+01
1.240578208208208224e+02
3.877063013013010959e+02
1.014835535535532962e+01
6.853121121121145798e+00
5.510194394394395090e+01
3.245185185185194277e-01
2.109848548548547598e+01
1.747927927927909464e-01
2.434730630630621562e+01
5.673864864864852642e+00
8.721821821821723608e-02
7.820975975975974492e+00
4.068208208208115573e-01
1.461171171171149752e-01
2.563038038038026656e+01
2.241553283283284941e+02
4.251761761761842506e-01
5.496527527527536705e+00
9.316569569569544740e+00
1.853969069069065156e+01
5.812882882882862923e+00
6.811986986986995340e+00
7.796296296296405526e-01
7.154062062062108929e+00
3.289039039039029499e-01
6.640735735735723289e+00
1.527935335335339140e+01
4.590136136136171885e+00
8.831108108108040256e+00
9.331671671671607493e-01
3.650560560560511258e-01
1.039307207207207817e+01
4.235295295295236073e-01
2.881038838838840022e+01
2.422476676676675211e+01
4.334740740740723908e+00
2.182928828828831769e+01
2.778588588588582486e-01
6.067247247247172792e-01
3.848388388388442327e-01
5.656677677677691918e+00
1.377303603603585636e+01
2.546546546546614720e-01
8.386023023023016165e+00
8.604267267267276864e+00
3.679850200200234553e+02
3.289879879879913926e-01
4.252507907907912710e+01
3.721621621621568066e-01
9.625085085085023362e-01
4.090387887887883522e+01
1.396308108108106083e+01
7.862177177177154697e+00
4.176486486486412075e-01
2.313254634634635067e+02
1.629042642642641425e+01
9.308070070070057156e+00
4.663173173173107977e-01
5.236986986986854609e-01
2.961027027027013592e+00
1.287677877877879418e+01
3.250408308308310268e+01
1.171801801801799492e-01
3.172552552552577176e-01
3.983682682682724963e+00
4.484295295295316564e+00
9.402261261261243064e+00
2.635616716716718599e+01
1.223228628628642234e+01
8.078412412412408372e+00
9.633213213213228654e-01
6.854354354354356971e-02
2.251761761761819636e-01
1.226621221221219926e+01
9.572332332332297966e+00
1.260621121121126720e+01
4.336956956957068732e-01
1.371518918918922125e+01
4.118715715715710957e+01
4.683703703703627763e-01
1.239979279279280462e+02
1.166166066066063145e+01
1.628701801801801352e+01
5.960186186186186674e+00
3.041382382382381522e+01
9.971110110110114277e+00
8.051051051051202889e-02
5.921801801801804821e+00
1.562147247247246362e+01
4.713303303303401082e-01
9.727746746746756656e+00
4.159111111111023718e+00
1.509934704704704416e+02
2.730697397397394255e+01
6.182086086086120424e+00
5.735414414414461426e+00
3.158938938938880558e-01
3.057857857857829154e-01
2.241351351351316135e-01
9.595025025024910281e-01
6.933280280280251340e+00
1.555190190190197219e+00
1.477736736736751988e+00
8.395571571571590397e+00
5.750834734734733900e+01
1.004190180180182637e+02
4.531261261261251505e+00
8.786986986987081749e-02
2.760340340340389220e-01
7.511601701701714262e+01
4.313894894894852783e+00
8.655982982982974860e+00
1.105874174174178748e+01
2.270620620620585894e-01
3.686225225225234325e+00
3.160900900900949217e-01
2.635915915915967855e-01
7.919141741741719898e+01
8.508848848848870716e+00
9.380939939939905159e+00
4.634464464464543298e-01
1.061778378378378740e+01
4.584404404404333055e-01
1.112718018018016508e+01
2.551335135135132859e+01
7.008122122122178332e+00
6.519198198198216332e+00
2.625665665665620763e-01
9.427487487487447027e+00
5.355113113113121415e+01
8.938505505505464299e+00
4.310989989989976401e+00
8.492492492492367817e-02
5.734424424424349187e-01
5.079679679679669491e+00
1.440496696696696866e+01
4.432563563563556741e+00
2.777567567567570395e-01
2.585090590590586501e+01
2.182928388388388612e+02
1.386361461461469347e+01
1.690403903903905203e+01
1.890990390390382814e+01
3.467901901901940587e+00
2.917547547547577613e-01
2.348751981981979498e+02
2.087875225225230054e+02
5.578068068068105845e+00
5.381531531531519974e+00
1.357402402402401087e+01
7.790294294294321631e+00
8.223905905905898095e+00
3.480342342342375161e+00
2.839339339339307794e-02
2.648598598598622123e-01
6.833919919919900110e+00
6.078767467467465480e+01
1.081508108108113042e+01
1.554688998998999807e+02
7.528502802802807992e+01
4.013020520520501577e+01
4.435009009009000636e+00
3.918578578578593707e-01
9.663662662662682479e+00
6.294673673673734982e+00
1.780690690690735212e-01
2.840585895895892463e+02
2.557156156156166649e+00
3.717439439439426341e+00
3.742746746746748343e+00
9.957235235235240012e+00
4.618432432432440393e+00
1.034549649649647662e+01
1.887545845845846060e+01
3.196696696696699203e-01
9.112012012011827533e-02
1.809027777777779420e+02
6.474986986987021353e+00
1.641210910910913299e+02
4.754014014014084077e-01
6.988911911911916519e+00
7.623823823823908108e-02
1.114945815815815990e+02
1.583783783783779958e-02
3.668483883883883578e+01
8.033633633633821547e-02
7.170910910910924807e-01
1.009406066066069201e+02
7.390742742742726357e+00
7.949335335335351971e+00
2.714595735735733228e+02
1.216666166166162633e+01
1.229757157157164649e+01
3.783123123123084963e-01
7.655101101101182692e+00
2.276976976976949896e-01
1.101841541541544700e+01
7.720693693693692694e+01
4.353233233233156918e-01
8.923760460460455590e+01
4.266067727727726151e+02
6.842146146146143693e+00
5.214414414414423465e-02
1.085713113113112804e+01
1.770340440440438385e+02
1.590426726726730777e+01
4.551225225225206117e+00
2.343507297297302330e+02
1.669219219219202355e-01
4.690121121121140213e+00
3.065915915915904955e-01
4.915415415415356204e-01
2.311789199199197355e+02
2.628948948948950926e-01
3.012924324324325553e+01
2.098894594594595375e+01
8.780443443443440188e+00
3.813775775775797516e+00
5.084814814814904160e-01
1.246821821821834542e+00
3.711386386386406055e+00
2.423419019019010179e+01
8.871827827827790003e+00
9.855490490490513622e+00
2.302772772772747334e-01
3.142501501501499650e+00
4.776601801801801628e+01
1.420385045045046297e+02
5.888331331331336571e+00
2.947694694694710016e+00
1.208842942942949428e+01
2.373123123123153100e-01
3.085643743743743244e+02
7.470363363363387244e+00
4.441004004003967331e+00
1.744891891891893465e+01
4.801469469469457962e+00
6.958082082082058584e+00
1.677983883883883109e+01
3.009619619619611219e-01
4.869169169169122457e-01
1.714944944944963579e-01
7.557667667667654632e-01
1.294106606606606036e+01
3.385080460460462746e+02
3.088161711711710495e+02
8.763489489489526107e+00
3.971721721721732101e-01
8.038451451451431140e+00
6.838665665665694782e+00
9.697327327327341706e+00
3.812912912912962971e-01
1.158013013013010095e+01
3.011941941941870815e-01
1.639750350350353258e+01
7.813564564564540404e+00
7.117183183183277251e+00
5.744230230230226830e+00
1.413112012012015128e+01
5.640860860860981152e-01
3.576854154154153207e+02
7.926812812812797482e+00
3.665466166166169870e+01
6.797612612612609517e+00
1.087749549549550743e+01
5.658967967967988955e+00
8.157896896896872363e+00
5.561247247247252723e+00
3.774795395395386066e+01
6.147901901901884791e+00
7.813592592592602415e+00
1.004807507507507047e+01
3.273693693693662810e-01
8.349939939939945432e-01
2.974794794794791031e+00
1.186930430430430405e+01
8.464605605605580507e+00
1.412900800800802159e+01
2.854724724724687079e-01
1.992952952952922741e-01
4.497287287287283220e-01
1.130230230230255262e-01
2.998565565565550095e+00
2.156066066066114617e-01
6.140990990991066489e-01
8.707962962962943365e+00
8.925188188188185379e+00
2.984254254254212757e-01
2.877627627627572515e-01
3.461244944944941437e+01
5.402748748748710916e+00
5.293270770770780587e+01
2.538658658658706768e-01
9.906506506506322640e-02
1.046142042042040643e+01
3.914054054054005305e-01
1.698008008008000114e-01
4.534904904904914602e+00
2.050877877877878319e+01
2.456136136136199688e-01
8.833167167167108147e+00
8.715894894894853806e+00
1.263590690690693208e+01
3.589639639639564117e-01
7.544014014013883385e-01
