1.548409409409407411e+00
1.028055055055046463e+00
0.000000000000000000e+00
7.184384384384464584e-01
1.924204204204201796e+00
6.296646646646572032e-01
2.404394394394444578e-01
1.012876876876877441e+00
2.443153153153186652e-01
9.532272272272286351e-01
3.554090390390391718e+01
1.629429429429408993e-01
0.000000000000000000e+00
6.223233233233123052e-01
9.413333333333219199e-01
3.099419419419422450e+00
1.000000000000011513e-03
1.186786786786797609e-02
1.808663663663655186e+01
6.654774774774726565e-01
0.000000000000000000e+00
5.056276276276340242e-01
1.285391391391387916e+00
2.246246246246230427e-01
0.000000000000000000e+00
3.987987987988024854e-03
1.100823823823830150e+00
2.997997997998028043e-03
3.987987987988023120e-03
7.816646646646692176e-01
2.785795795795780627e+00
6.888088088088259453e-02
2.716346346346272811e-01
5.565105105105134786e-01
9.459809809809811565e-01
9.061501501501398881e-01
3.687870070070088957e+01
1.749602102102101853e+01
2.393573573573620494e-01
1.339438438438430801e+00
5.012678678678678779e+00
6.373963963963875656e-01
1.154380380380382043e+00
6.987087087087194837e-01
1.029819819819819848e+00
2.993993993994002907e-03
4.141291291291300802e-01
0.000000000000000000e+00
1.324598598598593746e+00
7.672406406406412138e+00
1.043808808808809330e+00
1.997997997998027589e-03
7.367367367367200215e-02
4.389979979979928837e-01
1.300075075075077580e+00
3.491571571571556731e-01
9.969989989989960222e-01
3.906586586586574539e-01
2.253337337337347090e+00
7.997647647647623259e-01
2.126276976976973287e+01
7.184564564564653866e-01
1.459742442442444599e+01
0.000000000000000000e+00
9.011491491491430139e-01
2.073973973973966545e-02
2.550546546546548665e+00
9.275245245245272718e-01
2.500810810810806251e-01
4.664564564564468996e-02
1.421543543543560384e+00
6.957957957957759849e-03
1.114629629629620311e+00
1.390997997997994284e+00
6.387787787787922722e-02
2.159239439439436126e+01
1.010384384384391154e+00
9.726236236236204258e-01
1.367437637637638304e+01
4.531311311311385648e-01
6.534234234234306271e-01
8.098458458458617226e-01
8.048048048048052350e-02
2.721979979979974651e+00
2.099493493493484575e+00
1.376760760760760149e+00
6.048908908908929849e-01
1.283191191191194624e+00
5.656236236236292791e-01
2.236546546546523684e-01
4.496896896896797335e-02
8.247987987988073533e-01
1.292792792792808385e-02
1.137911911911906104e+00
9.947277277277374319e-01
4.622172172172219762e-01
1.175882882882882896e+00
9.945455455455511906e-01
7.692432432432529943e-01
2.660198398398399888e+01
1.727257257257261536e+00
0.000000000000000000e+00
4.764564564564646720e-02
6.749979979979994660e+00
2.444684684684669540e-01
8.989929929929973973e-01
5.276386386386440197e-01
4.840360360360407288e-01
2.469979979980033158e-01
1.323320320320318544e+00
2.543743743743770436e-01
2.057957957957918041e-02
1.381781781781787205e-02
1.548008008007998315e+00
1.112046046046051506e+00
6.843243243243236906e-02
0.000000000000000000e+00
1.479842842842851836e+00
8.791711711711645005e-01
4.176154154154140485e+00
2.963194194194203490e+00
5.573313313313232875e-01
2.254544544544521689e-01
7.818908908908905886e-01
1.072578578578599062e+00
3.227017017016996503e-01
8.358238238238101525e-01
4.027627627627709817e-02
6.108344344344388333e+00
0.000000000000000000e+00
0.000000000000000000e+00
2.993993993993999004e-03
5.969969969969940622e-03
1.023006006006005109e+00
7.838748748748795014e-01
7.988108108108109562e+00
2.485675675675644014e-01
1.924896896896902687e+00
7.450600600600507661e-01
0.000000000000000000e+00
8.120020020020101148e-01
9.137747747747636540e-01
1.000000000000018235e-03
1.157106106106111865e+00
2.271231231231184977e-01
9.932442442442351860e-01
7.765785785785707107e-01
2.992232232232245881e-01
8.325785785785766446e-01
3.987987987988058682e-03
1.411168168168183357e+00
7.623963963963926727e-01
0.000000000000000000e+00
1.342291291291292321e+00
2.854680680680660831e+00
6.606906906906863108e-01
1.201872872872881803e+00
3.254460460460421700e+00
7.638788788788707373e-01
5.531531531531424378e-02
4.934534534534595895e-02
0.000000000000000000e+00
1.262222222222193768e-01
6.684857857857858576e+00
1.134132132132123161e+00
3.089959459459459268e+01
3.566666666666709617e-02
8.964264264264325544e-01
4.895745745745739619e+00
7.872862862862763933e-01
7.129429429429499920e-02
9.853173173173126465e-01
7.352762762762817816e-01
0.000000000000000000e+00
5.338968968968954565e-01
4.388604604604597448e+00
1.017756756756762471e+00
1.248088088088107062e-01
5.580280280280377342e-02
6.259969969969948478e-01
2.249349349349376304e-02
1.173969969969971938e+00
8.483183183183214127e-02
1.069432432432441127e+00
2.731741741741727791e-01
6.723333333333351147e-01
1.063321321321325064e+00
7.582882882883037468e-01
8.555565565565517172e-01
1.677987987987974716e-01
1.075377377377374710e+00
1.289992992992996301e+00
7.997727727727657054e-01
1.037895895895901699e+00
1.000000000000000238e-03
1.501419419419413925e+00
0.000000000000000000e+00
1.093520520520514738e+00
2.997997997998122152e-03
9.869267267267337829e+00
5.283926926926921119e+00
7.140930930930906584e-01
9.884784784784556022e-02
0.000000000000000000e+00
9.670490490490524227e-01
0.000000000000000000e+00
1.918369369369395727e+00
1.000000000000003707e-03
1.284384384384381662e-02
2.518568568568529953e-01
2.766890690690693688e+01
2.485675675675644014e-01
2.789639639639669988e-01
3.391381381381420312e-01
1.182051051051051349e+00
2.402672772772766052e+01
1.217844044044043450e+01
1.256470670670665868e+01
4.675935935936002541e-01
9.739849849849951946e-01
5.504454454454430490e-01
2.640880880880929760e-01
2.402605605605604211e+00
0.000000000000000000e+00
9.508931931931927650e+00
7.247867867867916480e-01
1.368170170170173838e+00
5.282592592592590952e-01
3.032591591591602853e+00
6.738598598598567468e-01
0.000000000000000000e+00
5.242432432432390099e-01
1.138298298298300093e+00
1.243873873873875491e+00
3.987677677677691879e+00
2.013449449449445261e+00
4.654844844844840956e+00
9.617037037037033942e-01
9.385655655655755769e-01
6.824054054054125018e-01
7.154104104104058726e-01
7.105165165165175933e-01
1.000000000000002840e-03
1.841351351351326604e-01
1.077191191191200659e+00
1.225398398398411581e+00
9.414928928928926410e+00
9.750290290290252182e-01
6.160260260260176368e-01
5.989889889889807861e-01
8.372772772772701932e-01
1.182761761761762731e+00
1.773253253253240791e-01
4.219219219219205730e-02
2.303223223223201110e-01
4.900926926926921112e+00
7.094514514514478343e-01
2.309469469469460190e+00
2.005914914914930236e+00
1.161823823823818103e+00
0.000000000000000000e+00
0.000000000000000000e+00
8.475615615615704757e-01
3.875206206206195603e+00
2.246150950950950076e+01
8.992942942942937501e-01
3.031070070070055689e+00
7.615835835835845780e-01
4.722552552552673477e-01
7.810200200200203557e-01
1.017665665665677510e+00
3.437424424424422753e+00
1.997997997998016747e-03
3.457007007006964727e+00
0.000000000000000000e+00
1.000000000000008911e-03
1.308009009009019508e+00
1.317957957957983373e-01
4.979979979979968531e-03
1.439509509509516949e+00
1.059944944944937850e+00
7.953988988988977660e+00
7.325665665665668236e-01
9.535685685685724167e-01
2.722104104104094091e+00
1.161880880880892697e+00
1.196267167167167500e+01
1.087402402402387391e+00
1.053619619619622361e+00
2.468828828828868172e-01
1.088486486486475835e+00
7.676008008008023964e+00
1.282621621621613972e+00
0.000000000000000000e+00
1.437063063063054535e+00
7.430680680680664674e-01
3.823010010010026605e+00
6.900000000000144906e-02
1.085127127127127222e+00
1.379129129129132714e-01
7.546896896896847506e-01
7.451121121121079272e-01
4.989059059058940093e-01
8.837697697697732835e-01
0.000000000000000000e+00
7.981321321321248607e-01
9.845345345345205001e-02
2.358358358358315088e-01
7.234634634634670158e-01
8.611381381381256750e-01
9.909909909909862466e-03
5.969969969969892917e-03
8.507487487487426225e-01
4.802552552552655230e-01
0.000000000000000000e+00
0.000000000000000000e+00
7.794054054054228020e-01
1.435239239239245235e+00
1.192710710710704669e+00
1.000000000000008478e-03
2.045696696696695405e+00
4.707127127127139210e-01
3.809488488488484315e+00
2.411736736736714626e+00
3.256783783783786745e+00
9.278138138138074531e-01
8.119350350350325485e+00
7.259399399399377728e-01
9.167677677677702475e-01
0.000000000000000000e+00
8.857547547547441891e-01
9.497757757757971930e-01
1.227878878878870816e+00
4.624624624624636832e-02
1.150582582582566182e+00
5.303083083083037774e-01
1.528088088088108976e-01
6.320070070070122892e-01
6.876606606606535665e-01
1.445195195195181637e-01
1.134764764764758516e+00
2.993993993994003774e-03
6.873873873873838358e-02
4.664564564564463445e-02
0.000000000000000000e+00
3.216221721721719717e+01
7.758298298298234030e-01
1.072788688688688552e+01
3.542132132132074229e-01
1.435693693693690154e+00
1.754029029029024134e+00
1.513071071071069529e+00
1.381781781781781480e-02
5.859679679679692388e-01
1.783783783783806851e-02
3.683947947947944002e+00
5.969969969969983990e-03
1.661963963963968949e+00
1.243154154154140434e+00
0.000000000000000000e+00
1.672232232232231108e-01
8.361961961962045831e-02
1.997997997997981185e-03
2.027927927927891671e-01
0.000000000000000000e+00
4.291471471471426935e-01
5.537917917917907218e-01
1.495633633633614901e+00
1.979096196196195834e+01
2.246646646646613676e-01
1.345345345345330124e-01
0.000000000000000000e+00
2.287237237237276788e-01
7.943943943943881578e-03
1.035112112112109406e+00
1.000000000000018235e-03
8.836346346346467540e-01
2.528438438438398439e-01
8.963123123123206692e-01
6.974474474474474661e-01
4.772065065065102196e+00
1.296323323323306687e+00
0.000000000000000000e+00
1.381781781781786685e-02
7.453013013012973476e-01
8.172122122122138510e-01
6.978558558558586311e-01
1.523808808808824633e+00
9.564664664664594695e-02
5.618949949949961997e+00
1.651586786786783634e+01
7.360700700700733012e-01
2.224364364364402602e-01
7.435705705705684121e-01
9.755755755755926018e-01
1.211437437437433706e+00
7.930320320320373151e-01
1.804844844844818441e-01
9.544094094094200953e-01
2.216650650650651144e+00
9.333843843843807608e-01
1.271111111111103531e+00
1.684289789789789182e+01
7.370570570570462721e-01
2.229317917917925129e+01
8.193903903903961838e-01
7.475905905905908533e-01
3.037543543543556268e+00
9.534194194194114402e-01
9.596106106106098155e-01
0.000000000000000000e+00
2.439790790790807407e+00
2.416126126126096341e-01
6.837107107106992210e-01
1.518598098098104110e+01
1.492914914914897695e+00
1.694537937937937144e+01
1.302509509509511609e+00
1.892442442442435480e-01
1.309775775775767981e+00
1.051513513513506748e+00
1.263346346346343685e+00
2.724324324324317245e-02
2.419609609609642553e-01
2.398276176176178254e+01
1.758552552552554715e+00
4.227214214214214394e+00
6.957957957957798013e-03
6.583343343343418530e-01
5.134804804804801170e-01
2.935250250250239112e+00
1.186786786786802293e-02
8.767867867868063547e-02
0.000000000000000000e+00
1.871339339339332719e+00
9.462252252252175699e-01
1.621121121121130160e-01
6.693181181181167894e+00
5.524594594594738339e-01
5.162662662662476781e-02
2.421421421421472153e-01
1.121477477477478946e+00
1.547091091091072235e+00
2.436523623623623891e+01
3.792794794794788871e+00
4.979979979979966796e-03
0.000000000000000000e+00
1.702172172172172204e-01
3.055578578578586502e+00
1.187830830830828299e+00
0.000000000000000000e+00
4.512652652652646146e-01
9.081241241241340134e-01
8.467767767767737652e-01
7.115015015015064836e-01
1.128994994995006662e+00
1.681661661661670859e+00
1.165352352352364562e+00
1.014905905905903571e+00
1.000000000000005659e-03
0.000000000000000000e+00
1.185539539539532283e+00
1.598478478478466969e-01
0.000000000000000000e+00
2.456726726726699561e-01
1.886846846846824410e-01
1.884504504504508071e-01
1.243774774774757619e+00
1.057060060060067030e+00
7.704784784784844964e-01
2.194544544544555775e-01
0.000000000000000000e+00
2.944284284284211517e-01
2.092479479479485427e+00
1.162326326326325265e+00
2.022140140140135323e+00
6.309539539539529285e-01
4.621731731731775206e-01
4.992342342342435679e-01
8.205955955955959169e-01
1.247702702702697453e+00
2.459604304304305344e+01
1.012810810810799156e+00
8.527137137136951983e-01
5.862412412412547624e-01
1.254843843843849394e+00
2.771146146146155509e+00
6.322462462462450361e-01
4.236156156156252739e-01
0.000000000000000000e+00
9.635825825825790059e-01
4.690880880880909931e-01
1.429324324324325435e+00
2.069429429429391898e-01
9.909909909909864201e-03
1.769369369369393902e-02
1.033664664664669441e+00
1.575975975976000309e-02
0.000000000000000000e+00
5.990130130130204567e-01
6.734469469469468450e+00
1.300498498498493305e+00
8.507400400400459972e+00
1.000000000000019320e-03
2.141141141141177651e-01
1.115149149149161190e+00
2.459959959959929013e-02
1.217129129129119081e+00
1.229098098098105663e+00
0.000000000000000000e+00
1.581168168168149313e+00
1.882750250250251867e+01
5.612952952952928731e-01
9.407187187187161515e-01
3.339782782782783510e+00
1.066377377377365931e+00
9.479709709709692733e-01
1.272334334334329631e+00
2.993993993994001172e-03
5.232392392392497538e-01
1.958633633633641846e+00
4.120340340340274410e-01
1.794097097097097526e+00
9.936286286286287739e-01
2.855634634634632629e+00
0.000000000000000000e+00
1.050956956956945465e+00
8.524924924925132708e-02
6.331881881881813445e-01
3.226817817817806855e+00
1.384221721721717913e+01
3.664966966966980877e+00
3.834734734734728256e-01
0.000000000000000000e+00
5.659789789789792636e+00
8.742962962962975704e-01
3.538048048048060279e-01
9.736607607607597359e+00
7.266566566566597940e-01
5.124124124124045804e-02
9.802192192192266118e-01
1.047863863863851330e+00
2.993993993994001606e-03
1.024662662662664703e+00
5.557457457457531946e-02
1.476914914914918109e+00
0.000000000000000000e+00
9.550450450450475026e-01
6.882432432432519231e-01
1.478978978979007472e-02
5.724203203203201085e+00
6.516516516516522584e-02
3.184195195195175021e+00
8.412632632632691676e-01
1.269259259259238604e-01
1.158008008008008405e+00
0.000000000000000000e+00
1.479969969969962440e+00
4.991821821821842420e-01
4.260030330330325654e+01
8.730550550550602029e-01
7.309132132132134529e+00
4.530294294294342272e+00
9.390860860860873460e-01
7.943943943943869435e-03
9.912092092091878692e-01
1.565292292292325138e+00
9.764164164164053084e-01
1.242646646646633934e+00
2.335925925925894098e-01
1.199400800800792410e+01
7.430820820820752681e-01
1.255165165165169905e-01
1.430141141141126893e+00
8.803983983983926231e-01
1.180250250250235583e-01
2.870803003002998111e+01
1.336783783783782154e+00
7.336246246246321823e-01
2.053660660660667325e+00
1.057278278278264594e+00
8.665361361361370029e+00
1.997997997998035829e-03
3.993993993994055837e-03
9.463913913914040466e-01
5.391851851851845456e-01
2.273284384384385248e+01
1.155086086086072550e+00
4.150450450450458156e-02
8.004834834834665402e-01
1.328071071071081244e+00
0.000000000000000000e+00
3.395706706706715927e+00
2.466668168168168052e+01
7.096916916916926610e-01
2.555745745745699460e-01
1.779859859859821702e-01
4.030500500500517447e+00
8.767867867868073262e-02
3.158278878878876839e+01
0.000000000000000000e+00
5.898298298298290110e-01
0.000000000000000000e+00
1.114295295295292698e+00
2.500250250250257711e-01
1.000000000000018886e-03
8.393903903903895403e-01
2.173493493493455220e-01
1.894932332332329850e+01
2.441601601601542659e-01
9.138148148148086403e-01
2.501501501501531832e-01
1.921111111111125647e-01
5.874504504504484137e-01
1.192211211211216204e+00
2.232232232232209956e-01
2.124858858858862387e+00
5.969969969969890315e-03
1.088895895895888088e+00
8.394234234234060343e-01
2.622444444444438361e+00
9.727287287287157413e-01
1.811016016016025132e+00
7.465645645645658801e-01
7.943943943943881578e-03
6.803813813813714972e-01
9.088988988988926099e-02
3.496276276276242267e-01
2.665871171171174936e+01
3.092233833833838474e+01
7.077547547547580198e-01
1.306736736736737736e-01
8.448908908908767668e-01
3.121333933933935612e+01
1.249035035035044983e+00
1.189476476476480915e+00
2.853483483483432170e-01
9.354414414414390366e-01
2.273213213213185757e-01
1.088406406406407401e+00
4.048422322322318223e+01
2.238828828828848538e-01
8.955955955956067596e-03
1.472108108108118207e+00
2.166154554554555745e+01
7.912812812812722862e-01
1.293852852852840796e+00
1.700810810810777507e-01
2.414725725725705097e+00
1.745495495495487659e-01
0.000000000000000000e+00
1.728888888888870934e-01
1.167583783783782359e+01
2.420078078078080619e+00
4.527762862862874726e+01
0.000000000000000000e+00
5.315465465465474271e-01
1.032271271271257174e+00
7.507207207207093891e-01
9.009009009009105728e-02
8.337727727727728411e-01
9.926826826826795624e-01
2.102482482482496140e-01
5.823659659659635501e+00
1.997997997998012844e-03
1.003073073073055960e-01
1.213160160160174694e+00
5.969969969969879039e-03
1.889519519519516078e-01
7.281151151151152856e-01
9.479369369369371467e-01
5.805720720720746186e+00
6.854914914914883584e-01
2.417567567567519005e-01
1.053464464464465067e+00
2.587487487487500903e-01
7.488508508508529005e-01
4.927387387387480167e-01
0.000000000000000000e+00
4.562094094094087282e+00
1.728888888888873987e-01
2.265105105105129357e-01
0.000000000000000000e+00
7.618718718718818506e-02
1.000000000000013682e-03
8.539489489489564544e-01
1.283273273273260739e-01
3.940640640640579173e-01
2.724324324324316898e-02
9.246276276276258477e-01
8.227317317317385248e-01
1.416482482482485095e+00
9.967277277277201142e-01
1.440327327327335816e+00
1.359909909909902792e+00
1.305396396396391623e+01
3.488462462462455704e+01
1.088691691691704877e+00
8.708118118118134410e-01
5.489095095095104071e+00
1.835825825825834201e-01
1.982432432432437164e+00
0.000000000000000000e+00
2.430710710710743072e+00
7.846186186186147049e-01
0.000000000000000000e+00
9.183243243243143228e-01
9.743743743743968344e-02
1.000000000000009562e-03
2.850575575575553078e+00
1.807249449449444256e+01
1.940300300300274450e-01
7.178038038038146995e-01
1.195352352352355929e+00
2.121710710710711378e+00
7.303753753753868816e-01
8.421451451451474890e-01
1.090430430430421732e-01
9.581321321321338846e-01
4.574174174174219093e-02
9.608588588588593549e-01
1.708527527527553325e+00
8.012552552552411056e-01
1.023861861861856015e+00
2.996706706706684376e-01
2.167277277277314118e-01
1.127385385385406114e+00
1.353943943943957950e-01
3.180471471471459033e+00
2.448122122122137867e+00
5.820620620620648999e-01
2.230505505505528507e+00
1.478978978979012676e-02
2.546936936936991525e-01
2.464844844844854554e-01
7.656396396396405457e-01
1.550424424424419634e+00
1.186786786786789456e-02
9.486146146146141600e-01
9.931371371371348067e-01
3.341919419419421899e+01
5.821421421421368869e-02
3.973264264264268597e+00
7.044444444444447617e-02
1.410470470470468474e-01
4.027880880880864822e+00
1.543321321321321049e+00
9.300640640640760459e-01
1.226346346346336019e-01
2.094956056056053484e+01
1.734005005005012645e+00
1.159186186186186740e+00
1.017797797797813375e-01
2.376376376376342636e-01
6.234584584584645928e-01
1.551773773773767795e+00
3.181059059059065941e+00
0.000000000000000000e+00
8.927927927927950189e-03
4.411991991991993656e-01
7.239179179179106027e-01
1.072655655655653240e+00
2.603242242242234994e+00
1.240799799799793490e+00
9.528948948948856579e-01
2.526786786786792138e-01
0.000000000000000000e+00
0.000000000000000000e+00
1.407601601601595309e+00
1.160636636636640517e+00
1.362938938938941691e+00
2.912912912912964114e-02
1.303589589589582376e+00
4.157954954954948157e+00
2.276226226226200910e-01
1.140816316316318257e+01
1.172324324324327538e+00
1.563479479479472189e+00
8.148058058057959796e-01
2.998064064064042800e+00
1.109324324324318711e+00
0.000000000000000000e+00
7.917637637637634507e-01
1.498047047047041502e+00
6.859259259259241348e-02
9.725955955955920551e-01
7.196586586586662948e-01
1.351890090090089380e+01
2.907157157157163940e+00
7.260760760760780474e-01
6.739379379379254464e-01
3.263163163163156771e-02
2.181771771771752189e-01
3.987987987988031793e-03
2.542732732732782552e-01
9.127117117117049538e-01
2.197377377377416063e-01
3.924994994994980835e-01
9.575565565565616888e-01
5.552750750750746533e+00
9.439791791791826370e+00
6.081391391391396395e-01
0.000000000000000000e+00
5.645645645645543803e-02
6.785422422422409561e+00
6.364624624624750648e-01
1.102144144144151738e+00
1.224411411411417294e+00
0.000000000000000000e+00
5.941601601601588234e-01
1.139529529529541840e-01
3.987987987988064753e-03
7.286889889889881289e+00
1.136850850850848804e+00
1.016951951951963418e+00
2.936976976976976572e-01
1.299882882882898771e+00
2.315265265265290251e-01
1.206347347347345833e+00
2.738644644644629089e+00
9.076626626626727035e-01
7.739049049048939422e-01
1.381781781781782001e-02
1.287187187187183834e+00
5.230425425425404562e+00
9.606566566566699938e-01
5.999909909909919570e-01
0.000000000000000000e+00
3.873473473473452305e-02
7.732392392392463121e-01
1.421555555555571893e+00
5.480740740740749350e-01
1.723313313313318829e-01
2.566645645645642571e+00
2.029716316316316593e+01
1.543002002002006767e+00
1.851522522522510261e+00
2.063453453453473418e+00
4.126666666666745087e-01
2.358358358358315643e-01
2.335382782782786038e+01
1.782885485485482846e+01
7.722342342342255472e-01
8.691211211211221643e-01
1.593827827827825505e+00
9.610550550550589488e-01
9.981881881881764507e-01
3.733603603603555254e-01
0.000000000000000000e+00
4.027627627627680673e-02
8.589699699699666624e-01
6.369920920920952412e+00
1.215325325325324446e+00
1.491659559559564485e+01
7.639094094094066811e+00
3.931638638638620176e+00
6.791731731731782684e-01
6.979579579579538173e-02
1.167593593593582169e+00
8.440470470470419206e-01
0.000000000000000000e+00
2.588011711711714824e+01
4.675285285285226689e-01
4.947127127127204926e-01
7.440150150150156572e-01
1.221552552552556792e+00
8.048958958958900567e-01
1.115217217217215229e+00
1.805490490490497368e+00
7.943943943943865965e-03
0.000000000000000000e+00
1.594572172172170887e+01
8.236816816816907583e-01
1.643795295295294423e+01
1.951451451451465535e-01
8.326616616616709932e-01
0.000000000000000000e+00
9.895209209209188117e+00
0.000000000000000000e+00
3.771022022022040954e+00
0.000000000000000000e+00
4.310500500500457077e-01
9.766325325325285078e+00
9.523033033033088124e-01
1.004074074074082334e+00
2.582522222222220876e+01
1.392043043043043937e+00
1.372855855855843910e+00
3.032932932932894468e-02
9.523993993993892238e-01
0.000000000000000000e+00
1.178445445445441608e+00
7.133564564564523813e+00
4.840640640640617859e-02
9.311945945945927505e+00
3.645506506506512068e+01
8.760020020020002907e-01
0.000000000000000000e+00
1.148071071071091076e+00
1.836327327327326842e+01
1.731785785785787901e+00
7.037177177177241783e-01
1.936968568568570959e+01
0.000000000000000000e+00
6.082142142142081820e-01
0.000000000000000000e+00
1.472252252252246874e-01
2.021125725725723044e+01
1.613573573573573172e-01
3.067741741741765171e+00
2.165267267267269702e+00
1.056862862862861130e+00
5.824124124124190338e-01
2.211711711711691064e-01
2.036736736736714515e-01
6.118828828828829502e-01
2.420810810810802849e+00
1.080631631631621348e+00
1.097047047047050805e+00
5.380480480480438754e-02
4.347527527527576541e-01
4.730584584584588193e+00
1.373867767767768910e+01
7.585955955956067420e-01
6.361421421421523670e-01
1.386461461461464539e+00
1.088988988989000525e-02
2.831495995995994974e+01
9.376846846846899064e-01
5.749089089089114424e-01
1.809326326326323731e+00
6.444794794794707071e-01
9.158298298298410689e-01
1.735377377377379959e+00
8.361961961962065260e-02
3.901941941941890479e-01
0.000000000000000000e+00
4.066266266266287399e-01
1.430392392392396017e+00
3.044240640640639484e+01
2.533177477477480011e+01
1.044208208208216915e+00
2.446196196196233907e-01
9.259939939939962894e-01
8.150760760760781265e-01
1.113771771771762120e+00
2.284264264264299071e-01
1.223738738738736398e+00
0.000000000000000000e+00
1.757063063063075248e+00
9.687097097097057130e-01
9.107297297297386462e-01
8.178958958958869596e-01
1.476351351351362640e+00
2.500410410410431328e-01
3.345448648648651613e+01
9.082582582582514608e-01
3.861818818818806065e+00
9.212792792792864338e-01
1.295134134134137804e+00
7.421771771771783488e-01
1.005896896896902204e+00
7.457317317317357919e-01
3.699054054054038421e+00
8.737747747747753868e-01
1.009284284284289512e+00
1.090714714714718259e+00
0.000000000000000000e+00
5.349609609609654592e-01
6.225935935935902332e-01
1.366881881881872207e+00
1.045328328328337442e+00
1.626834834834826715e+00
1.901651651651612707e-01
1.575975975975994758e-02
1.886806806806814452e-01
5.969969969969940622e-03
5.963353353353292308e-01
0.000000000000000000e+00
2.012702702702758029e-01
1.001915915915903232e+00
1.048954954954967933e+00
5.469069069068972083e-02
1.583493493493516313e-01
3.379714714714705082e+00
7.445065065065085141e-01
5.044220220220230644e+00
1.997997997998009374e-03
0.000000000000000000e+00
1.237083083083083457e+00
2.363763763763731054e-02
1.000000000000016067e-03
6.809119119119094732e-01
2.279141141141117988e+00
1.000000000000010863e-03
1.117348348348338405e+00
1.048510510510507476e+00
1.504231231231234478e+00
2.153753753753786040e-02
2.724324324324317245e-02
