5.575636636636628118e+00
3.576126126126116578e+00
4.987987987988051763e-03
1.819002002002017226e+00
7.443263263263260932e+00
1.204538538538538095e+00
2.700370370370339113e-01
3.550701701701689306e+00
2.493123123123098528e-01
3.584790790790861159e+00
1.455449259259259804e+02
2.952382382382382486e-01
5.291691691691546851e-02
2.023786786786788472e+00
3.168210210210197442e+00
1.194877877877881645e+01
3.888588588588588746e-02
1.317187187187157660e-01
7.158039439439443186e+01
1.762901901901910984e+00
1.088988988988999658e-02
1.422642642642629074e+00
4.320491491491496028e+00
2.498778778778739385e-01
1.211591591591578421e-01
9.547747747747918623e-02
3.986989989989980110e+00
8.956156156156216963e-02
9.800400400400294254e-02
2.186720720720700228e+00
1.133021221221225971e+01
1.928798798798783132e-01
5.145325325325235122e-01
2.167901901901902129e+00
3.067489489489476195e+00
2.896670670670669079e+00
1.669569709709709002e+02
7.030443543543545104e+01
3.120930930930946312e-01
4.719322322322323515e+00
1.957912812812820036e+01
1.751738738738744194e+00
4.095138138138142203e+00
1.516278278278293978e+00
3.934043043043055743e+00
7.260660660660844812e-02
4.394694694694588066e-01
1.000000000000007827e-03
5.490159159159150981e+00
2.978705705705718998e+01
3.607796796796802763e+00
2.553353353353397803e-02
1.871771771771798265e-01
1.424523523523529844e+00
4.655934934934938596e+00
1.194446446446443710e+00
3.396944944944921829e+00
9.211361361361501965e-01
8.188703703703639647e+00
2.096962962962938715e+00
8.523721821821823141e+01
2.376229229229211093e+00
6.397858058058056230e+01
2.539939939939953734e-02
3.132745745745735721e+00
2.071381381381362519e-01
1.116562762762764116e+01
3.107141141141115170e+00
2.502252252252207820e-01
1.565205205205176808e-01
5.402332332332307807e+00
8.767867867868062159e-02
3.604320320320306692e+00
5.238865865865851568e+00
3.036546546546550207e-01
1.038561581581581805e+02
3.441022022022047544e+00
2.950493493493496988e+00
6.007893293293284387e+01
3.652882882882887983e-01
2.050972972972982422e+00
2.376122122122120484e+00
1.994344344344358144e-01
1.014174474474473087e+01
8.255141141141125516e+00
4.852499499499471902e+00
1.600510510510503748e+00
4.932858858858857332e+00
1.599762762762785062e+00
2.910650650650634108e-01
2.837297297297293186e-01
2.946644644644632383e+00
5.026526526526561844e-02
3.928420420420428272e+00
3.143039039039043470e+00
5.042742742742645223e-01
4.747769769769759840e+00
3.392468468468442744e+00
2.721095095095116712e+00
1.097233973973975196e+02
6.788583583583610803e+00
3.006906906906893842e-02
2.315745745745767525e-01
2.527780880880882464e+01
2.686806806806796843e-01
2.687292292292269291e+00
1.392663663663664453e+00
1.620570570570574187e+00
2.531121121121089335e-01
4.664581581581591863e+00
4.706776776776727678e-01
1.378468468468461161e-01
1.382082082082087271e-01
5.542536536536542435e+00
3.944035035035071246e+00
4.479819819819770288e-01
1.000000000000014766e-03
4.786349349349366733e+00
2.941839839839839321e+00
1.459232632632631166e+01
1.170584684684681598e+01
1.802520520520539016e+00
5.198348348348192927e-01
2.825888888888898887e+00
3.968211211211218004e+00
5.220610610610556535e-01
2.483225225225226485e+00
1.529239239239238435e-01
2.609149149149151370e+01
2.079579579579588638e-02
5.993993993993835569e-03
7.949349349349391081e-02
1.921561561561596354e-01
3.148471471471481209e+00
2.508671671671680148e+00
3.252104504504507787e+01
2.589099099099098633e-01
8.215990990991002718e+00
2.142086086086093744e+00
2.949949949949973518e-02
2.661298298298283349e+00
2.924295295295271657e+00
1.102662662662681065e-01
3.971765765765752132e+00
2.419609609609641998e-01
3.543249249249255772e+00
2.561526526526544334e+00
6.448498498498410614e-01
2.950869869869883200e+00
6.570170170170210044e-02
5.400703703703739755e+00
1.952175175175163924e+00
3.739139139139144308e-02
5.265423423423439608e+00
1.019108608608611277e+01
1.774696696696699494e+00
3.942836836836834280e+00
1.280092792792794398e+01
2.483078078078065243e+00
2.983083083083026832e-01
1.591301301301279725e-01
1.000000000000009128e-03
2.546096096096160388e-01
3.100332232232230467e+01
4.204758758758758042e+00
1.304839309309308248e+02
1.625525525525556014e-01
2.961049049049050197e+00
2.133139039039043539e+01
2.526811811811785713e+00
2.569189189189144962e-01
3.341029029029013664e+00
2.457446446446431843e+00
1.386586586586562378e-02
1.935222222222238386e+00
1.845905005004999921e+01
3.645040040039991602e+00
2.736226226226236569e-01
2.673343343343375644e-01
1.882996996997014172e+00
2.128918918918949743e-01
3.739930930930916109e+00
1.502122122122147574e-01
3.895186186186183175e+00
1.478756756756774315e+00
1.581605605605589382e+00
3.717532532532528133e+00
3.026484484484476933e+00
2.763747747747743233e+00
2.705645645645616826e-01
4.184391391391411474e+00
4.446729729729700153e+00
2.273963963963962165e+00
3.443894894894901526e+00
4.510010010009921078e-02
5.279730730730723742e+00
4.459459459459474973e-02
3.935991991992026318e+00
1.717577577577548420e-01
3.679739639639637971e+01
1.964384584584583493e+01
1.918097097097090309e+00
3.317697697697665205e-01
0.000000000000000000e+00
3.306310310310354161e+00
1.000000000000018886e-03
7.770921921921956965e+00
1.181291291291280687e-01
1.551141141141107738e-01
6.993923923923869301e-01
1.183581331331331796e+02
2.494654654654701320e-01
1.346895895895892314e+00
4.535085085085021617e-01
4.168160160160154781e+00
9.563278678678643985e+01
5.316454654654658185e+01
5.186424424424418334e+01
1.683523523523536625e+00
3.331562562562590646e+00
8.142432432432384903e-01
3.855885885885828590e-01
9.560210210210190240e+00
4.002002002001903147e-03
4.251858158158158574e+01
1.910676676676658303e+00
4.952242242242220094e+00
1.450685685685661142e+00
1.114905205205205974e+01
2.082168168168168521e+00
2.157957957957972253e-02
1.964712712712717524e+00
3.918672672672677493e+00
4.887450450450422146e+00
1.638518018018018196e+01
7.751842842842874504e+00
1.931229029029027089e+01
3.253476476476457879e+00
3.202029029029028973e+00
2.352746746746761985e+00
2.174757757757773025e+00
2.261944944944943359e+00
4.574174174174169133e-02
2.856416416416412418e-01
3.826561561561494074e+00
4.257868868868849965e+00
3.678676676676676038e+01
3.648963963963971935e+00
1.913159159159124378e+00
1.366726726726723795e+00
2.484323323323338162e+00
4.368342342342368845e+00
3.609959959959943010e-01
2.237677677677721300e-01
3.880990990990919598e-01
2.040304604604608940e+01
2.314409409409409868e+00
8.359589589589635494e+00
7.133289289289305835e+00
4.084355355355363315e+00
2.177777777777778132e-02
1.000000000000001322e-03
2.845592592592593562e+00
1.573752852852865125e+01
9.616011411411409426e+01
2.752394394394380939e+00
1.148509609609609328e+01
2.230131131131129152e+00
1.241852852852848077e+00
2.525839839839829626e+00
3.622078078078017072e+00
1.367044644644641771e+01
1.020340340340317176e-01
1.238983983983986903e+01
1.539599599599562330e-01
4.183583583583549981e-02
4.792045045045020935e+00
2.559579579579547293e-01
1.180250250250235999e-01
5.065950950950946385e+00
3.490433433433414834e+00
3.537982982982985192e+01
1.985912912912912498e+00
3.353124124124111649e+00
1.089962562562560677e+01
3.581051051051072687e+00
5.047337237237250918e+01
3.572866866866869273e+00
3.710435435435435636e+00
2.545005005005017140e-01
4.140538538538542035e+00
3.077546846846855999e+01
4.498793793793831597e+00
1.997997997998024553e-03
5.031825825825815279e+00
2.153358358358358426e+00
1.648200400400396504e+01
2.782052052052039204e-01
4.069193193193202163e+00
2.163603603603553860e-01
2.147674674674693307e+00
2.332966966966958822e+00
1.449899899899916189e+00
3.067913913913909774e+00
5.476876876876927286e-02
2.214244244244258031e+00
3.284684684684664457e-01
2.630050050050012911e-01
1.692938938938943760e+00
3.220770770770768898e+00
1.026466466466477712e-01
9.922522522522342348e-02
2.374253253253277851e+00
4.960660660660722310e-01
4.991991991992056517e-03
6.957957957957832708e-03
2.303189189189177810e+00
5.798921921921897926e+00
4.516211211211196286e+00
9.541041041040869419e-02
8.109535535535549400e+00
1.594135135135129389e+00
1.584846646646649049e+01
8.898344344344335966e+00
1.155183183183183360e+01
3.142992992992976298e+00
3.242552352352354461e+01
1.509860860860855025e+00
3.246112112112111259e+00
1.000000000000004358e-03
2.989435435435442212e+00
3.017806806806801134e+00
3.898416416416425445e+00
2.605465465465498509e-01
3.630529529529528787e+00
1.991198198198204095e+00
2.383293293293319293e-01
1.633328328328306212e+00
2.207636636636643335e+00
2.233333333333383242e-01
4.112252252252182494e+00
1.072232232232251392e-01
2.252082082082106917e-01
1.643153153153165402e-01
1.000000000000015200e-03
1.488186186186186148e+02
2.451245245245230908e+00
4.324435035035043029e+01
5.212142142142126566e-01
5.064082082082095759e+00
6.820839839839817564e+00
5.450424424424421765e+00
1.809129129129164737e-01
1.592006006006006835e+00
5.114514514514578725e-02
1.503109409409410624e+01
1.023333333333348305e-01
5.716880880880901294e+00
4.744682682682665131e+00
3.573873873873952001e-02
2.487087087087130333e-01
2.745205205205182297e-01
7.059059059058951646e-02
3.427177177177170853e-01
3.194294294294332953e-02
4.759869869869888248e-01
1.993285285285281150e+00
5.527203203203179704e+00
8.062969369369372430e+01
2.659279279279244679e-01
2.045475475475521387e-01
1.769369369369409514e-02
3.621771771771744031e-01
1.331671671671695589e-01
3.431789789789787548e+00
1.030180180180187421e-01
2.266792792792802214e+00
3.508498498498456297e-01
2.919622622622616515e+00
2.004176176176160507e+00
2.122352952952947192e+01
5.042506506506518882e+00
1.884184184184197614e-02
1.395145145145163246e-01
2.460648648648643633e+00
3.144108108108118582e+00
2.604170170170186704e+00
5.484566566566529744e+00
2.052612612612593757e-01
2.278696596596600443e+01
7.505935035035037117e+01
2.202076076076094679e+00
3.225015015015059716e-01
2.434049049049060276e+00
3.347702702702680888e+00
4.103537537537586211e+00
2.452863863863888216e+00
2.322762762762778099e-01
2.931190190190199107e+00
8.945609609609592283e+00
3.072046046046048140e+00
5.134360360360372688e+00
7.203497697697694946e+01
2.602274274274282817e+00
9.055802702702696649e+01
2.313647647647663508e+00
2.579053053053066424e+00
1.296334634634636096e+01
3.009131131131130399e+00
2.942827827827818599e+00
2.993993993994002473e-03
1.064052652652653741e+01
3.318498498498457794e-01
1.439117117117128863e+00
6.230835035035038771e+01
5.018869869869867273e+00
6.662053053053060125e+01
4.909196196196225159e+00
3.292412412412406564e-01
4.726060060060079060e+00
3.690825825825815532e+00
4.847102102102070376e+00
2.221441441441422415e-01
2.952952952952900278e-01
9.539873773773784649e+01
6.861768768768770954e+00
1.769015715715714521e+01
1.094844844844844872e-01
1.293980980980960593e+00
1.606176176176179915e+00
1.267160260260260607e+01
1.200750750750762263e-01
1.945285285285277277e-01
4.991991991992061721e-03
7.780075075075052915e+00
3.163373373373339348e+00
3.374154154154188623e-01
2.768281281281297623e+01
1.211361361361360967e+00
3.018298298298306981e-01
2.543293293293259483e-01
3.680120120120130789e+00
5.656091091091115963e+00
9.945875675675674188e+01
1.349057657657657927e+01
8.851951951951748943e-02
1.288788788788806233e-02
3.648918918918996335e-01
1.227448548548548501e+01
3.794756756756796801e+00
0.000000000000000000e+00
6.496716716716836038e-01
3.280674674674628033e+00
2.835814814814801466e+00
2.318289289289266364e+00
3.903074074074049715e+00
5.931238238238232263e+00
4.238129129129127648e+00
3.743121121121096184e+00
8.894794794794755322e-02
5.000000000000091177e-03
4.328570570570613896e+00
5.052552552552483922e-01
1.000000000000002840e-03
4.667887887887811060e-01
2.824064064064047974e-01
5.761621621621735301e-01
4.716770770770768451e+00
3.418813813813810665e+00
1.969939939939925555e+00
3.239129129129177942e-01
5.985985985986073260e-03
4.410160160160180309e-01
7.916575575575575563e+00
3.768630630630609879e+00
7.013586586586524341e+00
2.143618618618602589e+00
1.296298298298305562e+00
1.978496496496523926e+00
2.656718718718729111e+00
4.634871871871878213e+00
1.040149209209208578e+02
3.245994994995005101e+00
2.729334334334357237e+00
7.115815815815736967e-01
4.455349349349339683e+00
1.141227127127129037e+01
2.202568568568576968e+00
6.039449449449468821e-01
6.969969969969839162e-03
2.951455455455475274e+00
1.638921921921915992e+00
5.099593593593593432e+00
2.679069069069046072e-01
1.197987987988002045e-01
1.707047047047030863e-01
3.452391391391389508e+00
7.450550550550692763e-02
1.381781781781783215e-02
1.904317317317316238e+00
2.794774574574570281e+01
4.655198198198193360e+00
3.530977677677680049e+01
8.036336336336248609e-02
3.791531531531454613e-01
3.941727727727698749e+00
1.991901901901883820e-01
4.381983983983964492e+00
4.155239239239256754e+00
0.000000000000000000e+00
5.609662662662674215e+00
7.688171871871868746e+01
1.385907907907904857e+00
3.010554554554553341e+00
1.284678078078077590e+01
3.781116116116118420e+00
2.966828828828861564e+00
4.586087087087088676e+00
8.116016016016114332e-02
9.659089089089180069e-01
7.664203203203198811e+00
4.767437437437399006e-01
6.555067067067114728e+00
3.195317317317330374e+00
1.109173473473475013e+01
4.972472472472484750e-02
3.706336336336324422e+00
2.680750750750743316e-01
5.559499499499541697e-01
1.166293393393395128e+01
5.881348548548537281e+01
1.602562062062061443e+01
1.015749749749754738e+00
1.278858858858840930e-01
2.428927527527524788e+01
2.551626626626606775e+00
3.842102102102035177e-01
4.045903803803805232e+01
2.245387387387375533e+00
2.143403403403448815e-01
3.338414414414471842e+00
3.529751751751738720e+00
1.125885885885889726e-01
3.534285285285291955e+00
1.745495495495487659e-01
5.438737737737740829e+00
6.957957957957820565e-03
3.306737737737741600e+00
1.707506506506523358e+00
1.321301301301271713e-01
2.317587887887889764e+01
1.722102102102077981e-01
1.244105705705707621e+01
2.419925925925932475e+00
2.242192192192168643e-01
4.257681681681731334e+00
0.000000000000000000e+00
5.248375375375383456e+00
1.556882882882896890e+00
1.950009129129130372e+02
3.172626626626604551e+00
2.899531131131133677e+01
1.872984384384381329e+01
2.983186186186216116e+00
1.355235235235212055e-01
3.441845845845865171e+00
5.762545545545551207e+00
2.802925925925987549e+00
4.410756756756756936e+00
2.664054054054014742e-01
4.711117417417423781e+01
1.786372372372373007e+00
2.177277277277303302e-01
4.986086086086100266e+00
2.858096096096111260e+00
3.309849849849916259e-01
1.125167557557557529e+02
5.037696696696690069e+00
2.258552552552562709e+00
7.176198198198256328e+00
3.493373373373366952e+00
3.724596396396397324e+01
1.213313313313316433e-01
8.937637637637625698e-02
3.038436436436426469e+00
2.018137137137116177e+00
1.086329349349349229e+02
3.968507507507500698e+00
2.301251251251202057e-01
2.555845845845835296e+00
5.031020020019994377e+00
1.381781781781788246e-02
1.438171571571571050e+01
1.046004554554554744e+02
2.113760760760780677e+00
4.175045045045024938e-01
3.308368368368400092e-01
1.625322022022038126e+01
1.931111111111151746e-01
1.399834624624623700e+02
8.035735735735620444e-02
5.777797797797823431e-01
9.009709709709685932e-02
3.821307307307305834e+00
2.772972972972981842e-01
7.463363363363324787e-02
2.336263263263266943e+00
3.436996996996964371e-01
8.042985285285283226e+01
2.776136136136180266e-01
3.035981981981980660e+00
3.020610610610590663e-01
2.556986986986973798e-01
1.963131131131150564e+00
4.410604604604576373e+00
4.122232232232191929e-01
8.466927927927908826e+00
1.515455455455477496e-01
3.665415415415393507e+00
2.660046046046024237e+00
9.120059059059077100e+00
3.366144144144166628e+00
7.464871871871821440e+00
1.372474474474472794e+00
8.928828828828735964e-02
1.823174174174189810e+00
2.656556556556527449e-01
5.901451451451349417e-01
1.310299089089089364e+02
1.286248058058058064e+02
1.846072072072071135e+00
4.649509509509434646e-01
2.572478478478493535e+00
1.319449879879880143e+02
4.602946946946925522e+00
4.413298298298287570e+00
5.777037037036990563e-01
3.238537537537531819e+00
4.153783783783770445e-01
3.564035035035030052e+00
1.635366316316315931e+02
3.959669669669749759e-01
1.762392392392385099e-01
5.263226226226238147e+00
8.763810410410415841e+01
2.633915915915924888e+00
4.791490490490474485e+00
2.262012012011972995e-01
8.524243243243196488e+00
2.683283283283250387e-01
2.534934934934993458e-02
2.353293293293254873e-01
5.362348748748720340e+01
9.827017017017029232e+00
2.049154544544544478e+02
5.557457457457518069e-02
6.575425425425424075e-01
3.702565565565619110e+00
2.384858858858853736e+00
1.916276276276244472e-01
2.740079079079078550e+00
3.359006006005972100e+00
3.644184184184193209e-01
2.435596096096086072e+01
5.833633633633721061e-02
4.179509509509435339e-01
4.704334334334342671e+00
1.003313313313329153e-01
3.184654654654683337e-01
2.421975975975987350e+00
3.257414414414397719e+00
2.323998098098095966e+01
1.389940940940938008e+00
3.688238238238265021e-01
3.575546546546536586e+00
4.005095095095038693e-01
2.568718718718717486e+00
1.150553553553537833e+00
1.000000000000003924e-03
2.053962462462464700e+01
2.336976976976982978e-01
2.452042042042083259e-01
2.629729729729750332e-02
2.647277277277318430e-01
4.664564564564447485e-02
2.644002002002023843e+00
2.605115115115079205e-01
5.025965965965970561e-01
1.561781781781773626e-01
3.235683683683687750e+00
2.518468468468478161e+00
5.161489489489525795e+00
3.578845845845811446e+00
5.341496496496499269e+00
5.310349349349390735e+00
5.119110210210214262e+01
1.357725555555554422e+02
4.005884884884887143e+00
3.011451451451419459e+00
2.216538338338344261e+01
2.565025025025048921e-01
8.658541541541536546e+00
3.791291291291296744e-02
9.478024024024017891e+00
2.232507507507483169e+00
2.997997997997990313e-03
3.160535535535527352e+00
3.002832832832865728e-01
4.392792792792893364e-02
1.214467967967974715e+01
7.756645145145151332e+01
3.579239239239229153e-01
2.279193193193217226e+00
3.609456456456413775e+00
7.476990990990996622e+00
2.400040040040049671e+00
2.723638638638637310e+00
4.254294294294259648e-01
3.020567567567564282e+00
1.653613613613616473e-01
2.713723723723705739e+00
6.098476476476448305e+00
2.154245245245233420e+00
3.368751751751726253e+00
5.966636636636680757e-01
2.622442442442471378e-01
4.121628628628651647e+00
3.201901901901827996e-01
1.143987387387389631e+01
9.309552552552563753e+00
2.102265265265253813e+00
9.212959959959936995e+00
1.276656656656634803e-01
4.406236236236248938e-01
3.077347347347318962e-01
2.240877877877883062e+00
5.206293293293291491e+00
1.266696696696661684e-01
3.651817817817822664e+00
3.436047047047054104e+00
1.432825735735736714e+02
1.899899899899891165e-01
1.543033733733729207e+01
2.575085085085050962e-01
4.122262262262187393e-01
1.649078478478476484e+01
5.823081081081062926e+00
3.192431431431445255e+00
3.294684684684661136e-01
8.788021421421412072e+01
6.781639639639641892e+00
4.159717717717745344e+00
3.142902902902921514e-01
3.761751751751806205e-01
1.265581581581590509e+00
5.163000000000021572e+00
1.347799199199210918e+01
3.006906906906891760e-02
1.373653653653684192e-01
1.647313313313324201e+00
1.963181181181191004e+00
4.205594594594598057e+00
1.062132132132134821e+01
4.801555555555556687e+00
3.368367367367390841e+00
5.066726726726699104e-01
2.993993993994002473e-03
6.930030030029983579e-02
4.900446446446451887e+00
4.162956956956939791e+00
5.083674674674670158e+00
1.993183183183160623e-01
5.276822822822813563e+00
1.654909509509506904e+01
4.158198198198290174e-01
4.831887687687690658e+01
4.319444444444462405e+00
6.494400400400404116e+00
2.656450450450468903e+00
1.132773773773777215e+01
4.027037037037030309e+00
1.381781781781780440e-02
2.486435435435443875e+00
5.612930930930912332e+00
2.497407407407355451e-01
3.458196196196205996e+00
1.613311311311315333e+00
5.276174274274272591e+01
1.046271571571571002e+01
2.573167167167151881e+00
2.335161161161148247e+00
1.634704704704683931e-01
2.515915915915912238e-01
9.527827827827858864e-02
4.054354354354390289e-01
2.867246246246256458e+00
7.243793793793826818e-01
6.328108108108111418e-01
3.432866866866857603e+00
2.380363363363368734e+01
3.917562962962961848e+01
2.119066066066047860e+00
1.284384384384392765e-02
1.744444444444471776e-01
2.918752652652652202e+01
1.802264264264253013e+00
3.756756756756777893e+00
4.341436436436424628e+00
7.099699699699786593e-02
1.546269269269265445e+00
2.323903903903945245e-01
9.172172172172284033e-02
3.149039839839830890e+01
3.840812812812789190e+00
3.670232232232264025e+00
4.197697697697646002e-01
4.313991991991997565e+00
3.604804804804780383e-01
4.487738738738754840e+00
9.830368368368336718e+00
2.828203203203213167e+00
2.604787787787810505e+00
1.358538538538547891e-01
4.031871871871866908e+00
2.141830630630633436e+01
3.462273273273265950e+00
1.894045045045045894e+00
3.995995995995994463e-03
3.022722722722764876e-01
2.205871871871846857e+00
5.651145145145145321e+00
1.977936936936914414e+00
2.266486486486463670e-01
9.993287287287285992e+00
8.695166766766767807e+01
5.651117117117114397e+00
7.025271271271261497e+00
8.336091091090967353e+00
1.546335335335324190e+00
2.529239239239265413e-01
9.913213113113107511e+01
8.402155255255227928e+01
2.226357357357331423e+00
2.499438438438439380e+00
5.803553553553563837e+00
3.185584584584593149e+00
3.394453453453448954e+00
1.426237237237221622e+00
2.993993993994000739e-03
1.623373373373389328e-01
2.712519519519504652e+00
2.618059159159161098e+01
4.138628628628615580e+00
6.403004404404410366e+01
2.980746246246242848e+01
1.606744044044045339e+01
1.647922922922927080e+00
2.103543543543535677e-01
4.114540540540539304e+00
2.645959959959932828e+00
4.287487487487413873e-02
1.038914534534535079e+02
1.017403403403403406e+00
1.648109109109106241e+00
1.454025025025022178e+00
4.238724724724719728e+00
1.935788788788822989e+00
4.030755755755729197e+00
7.368502502502513707e+00
1.678628628628655306e-01
8.955955955956005146e-03
6.785660360360358823e+01
2.753739739739756942e+00
6.965002402402404869e+01
3.367417417417426506e-01
3.033168168168165479e+00
8.927927927927950189e-03
4.011287487487485492e+01
0.000000000000000000e+00
1.525708808808811234e+01
1.575975975975992330e-02
5.277577577577626800e-01
4.156666466466461429e+01
3.046177177177189499e+00
3.399124124124098145e+00
1.126752242242240953e+02
5.000525525525540083e+00
5.093672672672639123e+00
2.434654654654700434e-01
3.129196196196180058e+00
8.376176176176311494e-02
4.265103103103097482e+00
2.890916016016015888e+01
2.768438438438479698e-01
3.838762762762757319e+01
1.509587707707706272e+02
2.839900900900898861e+00
2.997997997998100034e-03
4.517968968968943066e+00
7.109664564564563705e+01
6.424226226226209313e+00
1.961775775775764563e+00
8.616158058058061897e+01
4.799799799799824712e-02
1.970174174174191606e+00
9.471571571571676951e-02
3.824924924924971159e-01
8.987018718718714183e+01
2.230810810810832379e-01
1.225228828828831595e+01
8.453553553553586397e+00
3.660147147147160052e+00
1.808778778778780794e+00
3.287797797797779031e-01
5.981081081081126571e-01
1.580822822822839369e+00
9.207246246246148402e+00
3.677621621621625980e+00
3.905675675675662539e+00
1.856696696696714943e-01
1.319203203203203945e+00
1.998403003003004841e+01
5.859858958958962916e+01
2.419794794794785542e+00
1.336454454454451657e+00
5.049814814814824082e+00
1.181781781781773843e-01
1.150645065065063619e+02
3.114809809809812702e+00
1.848826826826843739e+00
7.065624624624621042e+00
1.994228228228234423e+00
3.178176176176166656e+00
6.625815815815764509e+00
2.115745745745728490e-01
4.537887887887919192e-01
2.091191191191185336e-02
5.149939939939878197e-01
5.168922922922933871e+00
1.327859999999999161e+02
1.134464264264263420e+02
3.435545545545530377e+00
3.066986986986984798e-01
3.247259259259269726e+00
2.841480480480489401e+00
4.168482482482461116e+00
3.076346346346349736e-01
4.542581581581583983e+00
4.181781781781823693e-02
6.873435435435435892e+00
3.424647647647626414e+00
2.971030030030017866e+00
2.433824824824819988e+00
5.591695695695642954e+00
3.711141141141108823e-01
1.380557187187187367e+02
3.387561561561529988e+00
1.430977577577576376e+01
2.944239239239254680e+00
4.380931931931943524e+00
2.532459459459480478e+00
3.374769769769772498e+00
2.239358358358353840e+00
1.525489989989987905e+01
2.529719719719730975e+00
3.505188188188182785e+00
4.334347347347333290e+00
1.021821821821835008e-01
6.821781781781761644e-01
1.281155155155168757e+00
4.596207207207199552e+00
3.286037037037038644e+00
6.113869869869878571e+00
2.347607607607659075e-01
1.317957957957982817e-01
2.959669669669740544e-01
3.651351351351437430e-02
1.250661661661653712e+00
8.909309309309522418e-02
4.757307307307319100e-01
3.359198198198172669e+00
4.040750750750737197e+00
1.897797797797770858e-01
2.240510510510536901e-01
1.418219619619635452e+01
2.363769769769747509e+00
2.179032132132133270e+01
9.078078078078213875e-02
1.865765765765785983e-02
3.931183183183180052e+00
2.352102102102136827e-01
7.702102102102141579e-02
2.061736736736748288e+00
8.370249249249276602e+00
6.728228228228286256e-02
3.688563563563555192e+00
3.882594594594622972e+00
5.307862862862878117e+00
1.794934934934959703e-01
3.080680680680668582e-01
