1.069162162162162755e+00
7.202792792792793719e-01
0.000000000000000000e+00
5.843983983983969122e-01
1.301423423423418546e+00
5.601991991992036901e-01
2.274264264264309054e-01
7.320150150150167567e-01
2.333333333333290627e-01
6.778598598598651881e-01
2.181197797797802451e+01
1.219579579579563172e-01
0.000000000000000000e+00
3.716466466466431529e-01
5.313743743743799541e-01
1.957896896896890393e+00
0.000000000000000000e+00
0.000000000000000000e+00
1.157020120120117213e+01
4.670110110110075041e-01
0.000000000000000000e+00
3.543643643643689112e-01
8.696016016016060446e-01
2.077717717717764423e-01
0.000000000000000000e+00
0.000000000000000000e+00
8.006476476476417359e-01
1.000000000000003707e-03
0.000000000000000000e+00
6.660890890890860394e-01
1.749240240240230282e+00
3.680280280280294469e-02
2.069019019018999428e-01
3.133573573573568694e-01
7.732552552552383052e-01
6.920580580580527608e-01
2.267868968968966215e+01
1.131574574574574932e+01
2.277277277277319212e-01
8.622002002001911691e-01
3.188814814814851850e+00
4.351181181181130730e-01
8.450520520520469203e-01
6.259239239239131614e-01
7.695915915915957362e-01
0.000000000000000000e+00
3.944294294294342085e-01
0.000000000000000000e+00
9.226416416416298727e-01
4.733397397397425266e+00
7.182102102102039254e-01
1.000000000000010863e-03
3.100700700700727980e-02
2.687677677677645649e-01
9.033613613613689086e-01
2.036716716716759634e-01
7.017517517517618542e-01
2.448318318318298270e-01
1.506092092092085721e+00
6.801491491491548080e-01
1.359800900900901155e+01
4.316706706706704422e-01
9.547593593593585837e+00
0.000000000000000000e+00
5.921351351351314962e-01
6.977977977977788820e-03
1.660164164164165346e+00
6.539649649649621477e-01
2.494654654654701043e-01
2.344744744744731157e-02
1.048685685685706748e+00
0.000000000000000000e+00
8.302002002002053516e-01
9.908098098098176987e-01
1.094994994995012252e-02
1.441612212212216448e+01
6.772892892892806715e-01
7.090840840840855197e-01
8.898238238238221243e+00
3.342042042042041028e-01
6.089349349349318929e-01
6.330720720720762751e-01
3.222322322322371257e-02
1.808150150150185320e+00
1.401951951951949660e+00
9.637937937938171329e-01
5.114944944944980199e-01
8.605465465465471642e-01
3.809359359359394959e-01
2.209799799799755660e-01
9.957957957958007977e-03
5.261961961961995060e-01
2.842742742742714740e-02
8.017557557557588588e-01
6.226616616616590383e-01
4.256316316316401949e-01
8.254384384384422235e-01
7.415875875875881373e-01
4.459169169169192593e-01
1.637016916916916287e+01
1.249864864864859593e+00
0.000000000000000000e+00
8.927927927927953658e-03
4.037817817817825450e+00
2.387897897897889865e-01
7.195405405405413957e-01
4.761061061060997690e-01
2.986326326326378955e-01
2.482232232232262359e-01
8.937437437437504295e-01
2.426736736736707922e-01
5.969969969969957969e-03
1.000000000000019103e-03
1.099264264264269597e+00
7.675315315315321962e-01
2.257757757757768852e-02
0.000000000000000000e+00
9.959419419419481834e-01
6.386916916916960396e-01
2.567636636636624115e+00
1.955385385385409069e+00
3.466976976976953173e-01
1.603603603603633299e-01
5.011451451451522932e-01
7.754144144144112794e-01
2.726726726726722561e-01
6.843363363363285101e-01
1.672772772772792085e-02
3.803645645645640894e+00
0.000000000000000000e+00
0.000000000000000000e+00
0.000000000000000000e+00
0.000000000000000000e+00
7.006546546546651433e-01
5.390950950950996745e-01
5.255458458458496018e+00
2.447687687687753466e-01
1.380678678678671334e+00
6.082272272272218894e-01
0.000000000000000000e+00
4.978128128128188612e-01
6.599459459459533495e-01
0.000000000000000000e+00
7.879949949949914823e-01
2.144934934934918380e-01
7.305525525525503605e-01
5.405475475475551850e-01
2.199079079079109822e-01
6.392182182182177819e-01
1.997997997997974246e-03
9.965985985986132167e-01
6.833353353353223136e-01
0.000000000000000000e+00
9.352852852852910903e-01
1.902964964964965144e+00
5.696626626626687395e-01
8.357267267267226574e-01
2.008147147147131495e+00
5.571831831831758342e-01
2.157957957957973294e-02
2.344744744744711035e-02
0.000000000000000000e+00
7.785285285285270529e-02
4.336555555555578145e+00
8.350390390390349804e-01
1.880185585585588370e+01
5.969969969969905060e-03
7.277067067066940176e-01
3.052462462462450343e+00
7.167627627627700670e-01
3.006906906906893842e-02
6.783733733733604554e-01
5.086556556556585118e-01
0.000000000000000000e+00
2.743823823823785535e-01
2.902763763763771543e+00
6.733423423423456899e-01
7.451351351351412355e-02
3.100700700700726592e-02
4.499509509509539984e-01
8.927927927927950189e-03
8.487637637637769350e-01
1.086996996996992954e-01
7.984244244244251831e-01
1.302122122122136849e-01
5.087507507507454951e-01
8.144384384384307785e-01
4.584524524524534184e-01
5.405355355355438984e-01
1.269259259259241379e-01
7.799619619619604372e-01
9.362982982983042435e-01
6.386346346346327696e-01
7.658198198198157280e-01
1.000000000000000238e-03
1.042730730730729194e+00
0.000000000000000000e+00
7.910570570570630844e-01
1.000000000000008911e-03
6.354318318318317615e+00
3.360479479479494991e+00
6.153613613613643230e-01
6.108808808808977031e-02
0.000000000000000000e+00
7.501851851851815134e-01
0.000000000000000000e+00
1.324923923923934099e+00
0.000000000000000000e+00
3.987987987988050875e-03
1.712772772772804819e-01
1.802767867867863316e+01
2.482232232232262081e-01
1.323323323323316036e-01
3.040460460460448489e-01
8.527387387387458384e-01
1.463704704704710124e+01
7.572223223223238264e+00
8.113387387387401617e+00
2.509499499499532882e-01
6.180070070070121657e-01
4.607117117117103811e-01
2.414564564564589955e-01
1.602217217217232426e+00
0.000000000000000000e+00
6.255164164164177976e+00
5.759179179179156893e-01
9.164424424424401083e-01
3.614604604604574334e-01
2.145663663663666565e+00
5.167957957957929338e-01
0.000000000000000000e+00
2.950260260260257894e-01
7.968518518518474814e-01
8.121221221221119890e-01
2.599849849849857453e+00
1.400239239239235989e+00
2.907082082082069974e+00
7.051901901901964642e-01
6.402022022021964798e-01
4.089359359359355239e-01
5.330020020019983207e-01
4.467467467467486353e-01
0.000000000000000000e+00
1.490250250250260977e-01
7.786576576576443864e-01
8.862402402402436152e-01
6.016031031031005227e+00
6.968668668668702715e-01
3.442452452452408052e-01
5.174824824824812985e-01
7.466476476476464619e-01
7.855365365365347685e-01
1.194264264264256470e-01
1.575975975975992677e-02
2.185345345345396095e-01
3.175629629629638018e+00
4.527387387387387663e-01
1.478802802802787975e+00
1.293728728728719135e+00
8.193853853853879654e-01
0.000000000000000000e+00
0.000000000000000000e+00
5.964124124124116078e-01
2.614845845845833239e+00
1.297542842842843669e+01
6.490490490490511410e-01
1.988448448448441486e+00
6.019769769769774959e-01
3.498838838838780885e-01
5.947697697697670316e-01
7.563963963963884485e-01
2.188968968968960649e+00
0.000000000000000000e+00
2.220694694694686611e+00
0.000000000000000000e+00
1.997997997998008941e-03
9.666566566566719976e-01
9.088988988988905282e-02
1.000000000000010212e-03
9.970530530530425928e-01
7.349569569569645022e-01
5.440037037037016354e+00
6.194154154154090097e-01
5.834974974975000173e-01
1.878852852852848088e+00
8.181771771771867430e-01
7.729588588588592657e+00
7.873383383383458778e-01
8.024964964965055625e-01
2.383573573573510296e-01
7.336836836836793108e-01
4.870536536536519634e+00
8.471861861861877951e-01
0.000000000000000000e+00
9.367757757757928516e-01
6.090770770770792542e-01
2.376008008008029027e+00
2.257757757757737627e-02
8.203713713713791655e-01
9.406906906907047672e-02
6.618488488488479815e-01
5.939639639639623381e-01
3.946856856856814644e-01
5.549829829829924233e-01
0.000000000000000000e+00
6.941011011010895793e-01
5.024124124124080409e-02
2.192432432432491196e-01
7.040040040040068670e-01
6.232842842842772901e-01
0.000000000000000000e+00
1.997997997998016313e-03
7.378438438438419400e-01
4.688168168168250771e-01
0.000000000000000000e+00
0.000000000000000000e+00
6.088588588588537132e-01
9.613363363363395253e-01
8.739089089089111528e-01
0.000000000000000000e+00
1.385990990990978222e+00
2.766356356356316493e-01
2.516840840840851357e+00
1.575302302302299173e+00
2.202968968968965768e+00
6.583243243243259712e-01
4.942645645645664665e+00
6.668478478478515603e-01
6.400600600600619972e-01
0.000000000000000000e+00
6.649879879879864175e-01
7.775005005004976821e-01
8.360830830830742189e-01
1.090990990990979050e-02
7.921801801801733323e-01
3.499919919919917133e-01
1.117277277277298336e-01
5.380320320320303162e-01
4.791651651651629429e-01
1.079789789789794979e-01
8.330790790790859601e-01
0.000000000000000000e+00
2.629729729729761781e-02
1.961961961961948206e-02
0.000000000000000000e+00
2.079869269269269694e+01
6.496446446446393352e-01
6.532094094094083481e+00
2.993103103103077478e-01
9.673773773773821638e-01
1.166068068068073948e+00
1.007942942942962716e+00
1.997997997998018482e-03
4.221801801801737253e-01
6.969969969969900744e-03
2.461768768768772819e+00
1.000000000000000021e-03
1.089556556556563249e+00
8.311901901901946887e-01
0.000000000000000000e+00
1.365675675675691592e-01
3.473873873873899870e-02
0.000000000000000000e+00
1.673093093093079575e-01
0.000000000000000000e+00
3.929799799799815196e-01
3.133523523523594756e-01
1.031430430430419154e+00
1.224996896896883136e+01
2.026786786786736183e-01
8.280180180180153615e-02
0.000000000000000000e+00
1.931681681681640950e-01
1.000000000000002189e-03
7.669809809809839951e-01
0.000000000000000000e+00
6.641901901901968719e-01
2.487277277277258614e-01
7.119789789789787715e-01
5.741011011010961340e-01
3.364738738738730195e+00
8.959389389389365022e-01
0.000000000000000000e+00
2.993993993994000739e-03
5.809469469469460412e-01
5.439539539539436364e-01
3.972042042042044918e-01
1.018055055055062441e+00
5.291691691691568361e-02
3.462197197197195209e+00
1.063430930930928398e+01
5.695325325325324428e-01
1.977567567567589946e-01
5.148738738738787291e-01
6.960820820820768917e-01
8.249789789789798711e-01
6.329159159159288839e-01
1.677987987987969998e-01
7.434214214214337479e-01
1.460066066066062707e+00
7.137917917917956379e-01
8.571351351351318426e-01
1.032453753753755343e+01
3.937357357357362253e-01
1.417297597597598191e+01
7.122382382382341781e-01
4.602102102102128001e-01
1.997099099099122865e+00
6.720420420420477603e-01
7.219799799799840878e-01
0.000000000000000000e+00
1.598873873873872142e+00
1.799859859859872790e-01
6.323433433433336415e-01
8.981530530530580592e+00
1.017027027027016972e+00
1.041043643643644501e+01
9.308458458458418461e-01
1.445195195195185522e-01
9.649379379379346977e-01
6.814134134134083309e-01
8.834064064064087729e-01
7.943943943943859026e-03
2.385745745745714019e-01
1.425054154154150687e+01
1.237436436436438303e+00
2.807311311311326385e+00
2.993993993993999871e-03
6.106456456456509363e-01
4.436746746746755843e-01
1.910601601601582322e+00
1.997997997998032359e-03
7.029429429429315257e-02
0.000000000000000000e+00
1.318924924924921305e+00
7.401711711711810304e-01
1.196196196196211564e-01
4.237829829829810713e+00
4.299809809809775341e-01
8.963963963964066695e-03
2.424984984985015524e-01
7.692862862862827056e-01
1.055073073073073742e+00
1.539735635635634559e+01
2.379703703703696327e+00
0.000000000000000000e+00
0.000000000000000000e+00
1.159509509509527164e-01
2.081447447447459353e+00
8.778928928928889652e-01
0.000000000000000000e+00
4.234494494494411843e-01
6.366706706706778407e-01
6.874584584584541025e-01
5.281551551551533219e-01
8.443903903903912100e-01
1.114258258258256751e+00
8.671811811811892534e-01
7.234334334334419081e-01
0.000000000000000000e+00
0.000000000000000000e+00
8.841951951951821931e-01
7.342342342342268735e-02
0.000000000000000000e+00
2.043673673673635782e-01
1.483873873873870208e-01
1.218488488488477378e-01
8.833053053053072645e-01
7.371631631631747616e-01
7.339099099098960188e-01
2.156196196196172588e-01
0.000000000000000000e+00
2.602672672672621257e-01
1.432533533533536296e+00
8.510080080080015819e-01
1.308610610610608349e+00
4.239499499499459478e-01
3.157977977977943218e-01
2.797337337337291729e-01
6.928238238238265678e-01
8.211601601601486999e-01
1.587197897897895160e+01
6.952352352352320075e-01
6.174404404404423286e-01
5.196496496496598727e-01
9.065965965965856466e-01
1.890893893893907274e+00
4.080670670670696332e-01
3.771631631631589543e-01
0.000000000000000000e+00
7.728388388388417463e-01
2.654044044044051032e-01
9.828508508508555508e-01
1.846486486486500211e-01
1.997997997997976848e-03
1.997997997998003736e-03
6.767907907907803056e-01
1.997997997997988991e-03
0.000000000000000000e+00
3.939399399399349799e-01
4.497396396396415419e+00
9.637507507507455662e-01
5.155698698698687465e+00
0.000000000000000000e+00
1.906546546546560583e-01
8.183123123123259290e-01
2.993993993994003341e-03
8.588088088088183802e-01
8.656466466466468113e-01
0.000000000000000000e+00
1.065987987988001207e+00
1.177217017017020062e+01
3.972282282282355026e-01
6.657697697697719796e-01
2.241089089089117525e+00
7.928808808808774922e-01
7.336836836836817533e-01
8.546336336336390893e-01
0.000000000000000000e+00
4.995275275275246618e-01
1.401427427427448524e+00
3.840940940940851811e-01
1.281440440440451800e+00
6.945245245245207366e-01
2.004587587587611797e+00
0.000000000000000000e+00
7.113853853853879805e-01
4.392792792792887813e-02
6.687717717717803767e-01
2.045296296296326588e+00
8.676963963963947535e+00
2.570265265265247567e+00
3.048638638638640486e-01
0.000000000000000000e+00
3.760103103103116240e+00
7.472582582582614208e-01
3.907617617617656358e-01
6.265167167167217777e+00
6.545865865865780897e-01
1.672772772772785146e-02
8.217847847847871146e-01
7.209229229229254798e-01
0.000000000000000000e+00
8.292402402402251349e-01
2.344744744744709994e-02
1.009823823823814193e+00
0.000000000000000000e+00
7.295335335335331184e-01
5.544574574574538950e-01
1.997997997998005471e-03
3.556129129129124600e+00
3.380880880880812039e-02
2.074452452452427043e+00
7.072612612612725336e-01
8.687087087087001780e-02
8.171261261261441033e-01
0.000000000000000000e+00
1.058247247247238398e+00
3.882592592592533642e-01
2.740435535535528899e+01
6.867257257257239900e-01
4.617628628628628107e+00
2.827687687687670426e+00
7.188048048048061300e-01
0.000000000000000000e+00
6.382822822822880049e-01
1.041399399399409509e+00
6.391401401401385352e-01
9.092502502502533002e-01
2.233273273273255199e-01
7.417211211211137467e+00
6.947957957957968667e-01
8.033633633633832649e-02
9.343783783783741193e-01
7.325475475475508036e-01
5.072172172172294963e-02
1.913906406406405480e+01
9.030390390390330424e-01
5.878538538538434777e-01
1.366276276276301882e+00
7.101201201201162716e-01
5.354264264264236850e+00
0.000000000000000000e+00
1.000000000000007610e-03
7.370470470470522617e-01
2.885415415415403251e-01
1.493385185185184483e+01
8.222112112112223148e-01
1.381781781781783042e-02
5.705095095095015223e-01
8.618428428428601684e-01
0.000000000000000000e+00
2.370104104104119536e+00
1.613113513513514263e+01
5.629039039039047676e-01
1.977327327327367823e-01
1.412412412412392126e-01
2.619128128128124011e+00
4.664564564564480098e-02
1.989240340340342073e+01
0.000000000000000000e+00
6.430540540540538030e-01
0.000000000000000000e+00
7.829869869869888754e-01
2.491601601601629024e-01
0.000000000000000000e+00
7.144244244244226660e-01
1.935495495495534179e-01
1.208098498498499573e+01
2.423213213213258332e-01
6.690020020020035485e-01
2.502342342342292469e-01
1.631381381381371010e-01
3.962782782782801605e-01
8.568168168168135423e-01
1.886636636636642439e-01
1.437659659659653366e+00
1.000000000000005008e-03
7.785595595595655727e-01
7.270770770770667024e-01
1.714405405405390104e+00
7.022932932933032557e-01
1.210260260260253462e+00
7.219659659659665163e-01
1.000000000000010429e-03
5.931661661661655760e-01
5.024124124124079022e-02
2.887387387387414517e-01
1.663797697697695099e+01
2.030611211211218503e+01
5.881001001000970563e-01
7.781981981982083463e-02
6.700720720720736434e-01
1.925680580580582202e+01
8.694824824824722853e-01
8.565765765765732676e-01
2.562142142142167511e-01
7.281241241241177553e-01
1.336756756756791176e-01
7.665615615615474221e-01
2.383588688688687895e+01
1.625255255255273756e-01
1.997997997998034528e-03
1.043697697697691273e+00
1.336266366366368885e+01
5.290540540540483727e-01
9.072952952952997308e-01
1.324834834834810182e-01
1.658052052052067848e+00
1.438678678678680933e-01
0.000000000000000000e+00
1.483873873873866323e-01
7.329567567567584874e+00
1.621613613613640537e+00
2.849075075075079866e+01
0.000000000000000000e+00
4.706286286286194831e-01
6.928258258258259694e-01
5.214434434434344068e-01
4.934534534534543854e-02
6.919339339339278805e-01
7.029159159159252823e-01
1.710500500500518883e-01
3.819534534534525072e+00
0.000000000000000000e+00
5.353253253253143634e-02
8.714024024024167314e-01
1.000000000000002840e-03
1.385225225225220624e-01
4.972212212212209215e-01
6.326536536536566668e-01
3.835989989989996296e+00
6.142832832832748613e-01
2.135765765765725299e-01
7.090600600600616144e-01
2.565265265265310179e-01
4.963433433433496744e-01
3.545895895895956329e-01
0.000000000000000000e+00
3.073684684684681478e+00
1.385825825825853508e-01
2.098088088088121139e-01
0.000000000000000000e+00
4.483583583583646004e-02
0.000000000000000000e+00
6.438668668668532380e-01
9.088988988988919160e-02
3.458318318318328033e-01
7.943943943943895455e-03
7.725185185185210468e-01
5.915815815815859136e-01
9.620280280280306684e-01
7.823283283283238854e-01
1.004500500500494331e+00
9.374464464464523639e-01
8.387074074074076790e+00
2.110053453453453542e+01
8.285435435435328788e-01
5.591581581581556160e-01
3.481969969969952672e+00
1.654844844844842178e-01
1.393184184184186325e+00
0.000000000000000000e+00
1.708679679679687480e+00
6.984524524524513556e-01
0.000000000000000000e+00
7.228818818818892877e-01
4.518018018018143261e-02
0.000000000000000000e+00
1.925828828828813899e+00
1.201466566566567273e+01
1.400340340340348322e-01
5.759469469469522540e-01
8.363543543543587866e-01
1.406571571571558543e+00
5.294574574574638648e-01
6.649599599599620436e-01
3.338338338338382727e-02
6.218878878878849603e-01
1.865765765765741574e-02
7.702282282282293391e-01
1.076691691691685104e+00
7.273803803803751133e-01
7.521811811811818238e-01
2.242052052052105338e-01
1.977567567567594664e-01
7.744984984984821796e-01
7.635135135135100171e-02
2.001192192192196462e+00
1.557828828828828227e+00
3.484974974974983652e-01
1.491880880880879001e+00
1.997997997998004170e-03
2.379169169169122189e-01
2.394234234234256797e-01
6.773773773773762441e-01
9.811361361361353728e-01
2.993993993994003341e-03
6.181751751751799473e-01
7.200230230230185713e-01
2.091193793793789979e+01
1.865765765765761350e-02
2.426023023023020198e+00
3.380880880880759998e-02
1.255255255255262603e-01
2.712085085085087943e+00
1.001156156156167043e+00
6.996806806806895596e-01
7.985085085085018297e-02
1.313848548548547690e+01
1.244260260260265483e+00
7.674774774774654196e-01
6.132432432432451119e-02
1.964964964965005834e-01
5.408918918918884655e-01
1.028098098098095603e+00
1.997359359359363040e+00
0.000000000000000000e+00
2.993993993994002473e-03
2.361851851851874962e-01
5.201651651651700847e-01
7.547097097097088536e-01
1.692665665665661789e+00
9.460310310310221515e-01
7.416326326326285745e-01
2.194734734734716530e-01
0.000000000000000000e+00
0.000000000000000000e+00
9.420160160160245821e-01
7.634144144144231481e-01
9.892762762762780104e-01
5.969969969970007409e-03
9.660490490490475368e-01
2.431845845845839627e+00
1.613363363363343461e-01
7.185439439439453402e+00
8.629819819819838367e-01
1.132343343343339637e+00
6.721111111111035541e-01
1.885619619619614662e+00
7.982052052052083235e-01
0.000000000000000000e+00
6.692952952952959667e-01
1.067737737737751047e+00
3.006906906906893842e-02
7.494174174174231817e-01
6.810800800800749233e-01
8.774365365365346392e+00
1.992683683683681872e+00
3.816446446446418728e-01
4.451771771771793618e-01
1.000000000000006526e-03
1.977567567567589391e-01
0.000000000000000000e+00
2.350460460460425949e-01
6.449439439439410560e-01
1.334914914914941408e-01
3.302692692692767440e-01
6.978158158158178637e-01
3.330817817817826487e+00
5.691400400400421056e+00
4.468378378378315974e-01
0.000000000000000000e+00
1.575975975975993371e-02
4.285949949949942273e+00
5.063363363363435621e-01
8.480080080080153460e-01
8.415715715715716971e-01
0.000000000000000000e+00
4.696826826826788204e-01
7.868268268268170662e-02
0.000000000000000000e+00
4.702520520520479863e+00
8.299139139139243282e-01
7.179389389389367881e-01
2.495645645645617472e-01
9.087547547547502047e-01
2.181021021020979334e-01
8.151581581581497371e-01
1.744695695695700932e+00
7.252662662662648918e-01
4.937527527527490467e-01
0.000000000000000000e+00
8.857807807807906997e-01
3.511461461461433675e+00
6.467227227227198005e-01
4.877727727727649287e-01
0.000000000000000000e+00
1.192592592592576876e-02
6.441341341341295657e-01
1.051697697697690170e+00
2.912302302302318124e-01
1.412412412412393237e-01
1.649550550550539230e+00
1.273433133133136153e+01
1.079241241241241100e+00
1.281832832832832336e+00
1.258280280280282382e+00
1.965215215215224409e-01
2.277277277277320044e-01
1.548621121121126620e+01
1.094862262262270214e+01
5.423713713713737006e-01
6.572072072072085991e-01
1.089351351351352637e+00
6.884324324324319067e-01
7.887137137137203435e-01
2.264444444444466409e-01
0.000000000000000000e+00
1.381781781781785470e-02
6.035025025025010370e-01
4.149099099099097465e+00
7.707807807807743883e-01
9.530338338338312454e+00
5.082281281281318286e+00
2.577812812812786181e+00
5.450040040040051714e-01
2.572572572572529373e-02
8.561951951951896067e-01
6.245745745745707733e-01
0.000000000000000000e+00
1.593140040040043992e+01
4.213753753753703424e-01
2.954584584584626361e-01
7.266166166166097007e-01
8.765035035034947075e-01
7.520180180180210394e-01
7.768698698698720539e-01
1.186877877877875020e+00
1.000000000000008044e-03
0.000000000000000000e+00
1.006620020020017492e+01
6.047607607607540237e-01
9.776504504504490711e+00
1.559069069069055624e-01
5.563853853853791831e-01
0.000000000000000000e+00
6.754752752752674283e+00
0.000000000000000000e+00
2.554244244244254780e+00
0.000000000000000000e+00
4.054894894894988666e-01
6.066137137137134872e+00
6.920230230230285384e-01
7.203443443443454663e-01
1.578289289289291730e+01
1.019174174174186875e+00
9.505575575575484493e-01
2.993993993994002473e-03
6.457847847847809630e-01
0.000000000000000000e+00
8.614524524524534987e-01
4.565491491491516562e+00
1.288788788788800509e-02
6.067510510510489397e+00
2.302621221221230741e+01
6.695925925925975131e-01
0.000000000000000000e+00
8.052392392392435649e-01
1.113092992992995001e+01
1.199717717717735166e+00
5.659069069069107005e-01
1.228767667667666430e+01
0.000000000000000000e+00
3.897837837837820341e-01
0.000000000000000000e+00
7.822922922922978528e-02
1.270838738738739515e+01
1.304144144144122608e-01
1.997940940940943877e+00
1.347136136136133366e+00
8.402922922922848592e-01
4.049639639639581179e-01
2.058358358358320650e-01
1.564174174174158827e-01
5.225945945945974502e-01
1.553067067067066098e+00
7.423973973974052898e-01
8.518308308308151222e-01
2.057957957957904510e-02
3.039809809809841945e-01
3.228474474474477773e+00
8.959702702702712074e+00
6.235665665665619528e-01
5.728718718718756042e-01
9.507067067067161981e-01
3.987987987988029191e-03
1.843181881881880813e+01
6.789139139139176438e-01
3.476226226226282190e-01
1.254818818818823845e+00
4.910890890890987626e-01
6.454964964964993168e-01
1.209743743743754596e+00
4.934534534534566058e-02
3.446546546546495060e-01
0.000000000000000000e+00
3.618208208208260612e-01
9.993623623623640873e-01
1.859745345345355005e+01
1.616002902902905447e+01
7.564664664664685345e-01
2.410250250250276782e-01
7.666816816816914848e-01
5.795705705705688215e-01
8.508708708708780932e-01
2.137327327327344650e-01
9.059159159159180241e-01
0.000000000000000000e+00
1.156393393393391200e+00
7.271101101101171693e-01
7.348288288288309378e-01
6.755995995995952574e-01
9.757977977977878581e-01
2.431871871871908730e-01
2.112803403403404801e+01
6.568718718718743466e-01
2.328714714714704037e+00
6.882552552552567704e-01
9.469259259259206196e-01
5.134794794794769190e-01
6.571431431431405956e-01
5.822012012011952287e-01
2.362553553553539576e+00
7.514424424424333004e-01
6.561221221221117395e-01
7.529239239239150505e-01
0.000000000000000000e+00
4.842712712712762269e-01
5.517817817817736170e-01
8.706886886886873178e-01
7.537437437437337628e-01
1.074104104104105728e+00
1.625465465465479598e-01
1.997997997997992461e-03
1.483873873873864935e-01
0.000000000000000000e+00
5.367717717717709336e-01
0.000000000000000000e+00
1.292882882882845919e-01
7.326086086086096572e-01
7.511061061061002908e-01
2.724324324324316898e-02
1.233873873873857774e-01
2.250546546546533744e+00
6.380290290290251409e-01
3.207526526526506050e+00
0.000000000000000000e+00
0.000000000000000000e+00
8.533843843843742505e-01
4.979979979979967664e-03
0.000000000000000000e+00
5.467497497497598724e-01
1.513595595595591758e+00
0.000000000000000000e+00
7.761981981981910250e-01
7.120860860860881436e-01
1.006400400400394357e+00
7.943943943943876373e-03
6.957957957957831840e-03
