1.079111111111114907e+00
7.325535535535557807e-01
0.000000000000000000e+00
5.779009009009006270e-01
1.316057057057052893e+00
5.679259259259238357e-01
2.268178178178148208e-01
7.351291291291257579e-01
2.338498498498473577e-01
6.926036036036080645e-01
2.176234334334335330e+01
1.262222222222190438e-01
0.000000000000000000e+00
3.772362362362382537e-01
5.353743743743799577e-01
1.941930930930932719e+00
0.000000000000000000e+00
0.000000000000000000e+00
1.177446046046048522e+01
4.739329329329410867e-01
0.000000000000000000e+00
3.548418418418458065e-01
8.863323323323306635e-01
2.090000000000011571e-01
0.000000000000000000e+00
0.000000000000000000e+00
8.003743743743756411e-01
1.000000000000003707e-03
0.000000000000000000e+00
6.691681681681745930e-01
1.800666666666639992e+00
3.773273273273227563e-02
2.102862862862889537e-01
3.181491491491464929e-01
7.775085085085094994e-01
6.845445445445432764e-01
2.301239539539548673e+01
1.167698598598598281e+01
2.274264264264306834e-01
8.559919919919960485e-01
3.186704704704724556e+00
4.425435435435472464e-01
8.484514514514498451e-01
6.237427427427510995e-01
7.835655655655755503e-01
0.000000000000000000e+00
3.927027027027114592e-01
0.000000000000000000e+00
9.200590590590655982e-01
4.795959959959925634e+00
7.295845845845758681e-01
1.000000000000010863e-03
3.287687687687616822e-02
2.833613613613674698e-01
9.038498498498445111e-01
2.042032032031987077e-01
7.105015015015111457e-01
2.500490490490429596e-01
1.523330330330322280e+00
6.848678678678661313e-01
1.377481181181178016e+01
4.345055055055084825e-01
9.757212212212213132e+00
0.000000000000000000e+00
5.937077077077088649e-01
6.977977977977788820e-03
1.675717717717714939e+00
6.542462462462382833e-01
2.497207207207211010e-01
2.534934934934966744e-02
1.064655655655656563e+00
0.000000000000000000e+00
8.328318318318291835e-01
9.861091091091211958e-01
1.292792792792815497e-02
1.472819419419420406e+01
6.958218218218162887e-01
7.135205205205206180e-01
8.888183183183182123e+00
3.344274274274319780e-01
6.159499499499556663e-01
6.390380380380386027e-01
3.127727727727789425e-02
1.773196196196184626e+00
1.410829829829840287e+00
9.681631631631592017e-01
5.142412412412348255e-01
8.695925925925798161e-01
3.835715715715705132e-01
2.223333333333285811e-01
1.094594594594597639e-02
5.379219219219141257e-01
2.747347347347387295e-02
8.222582582582620425e-01
6.355445445445353503e-01
4.261061061061121591e-01
8.345805805805763811e-01
7.465295295295297784e-01
4.630130130130042376e-01
1.636298098098097142e+01
1.256611611611603285e+00
0.000000000000000000e+00
9.909909909909860731e-03
4.082268268268309797e+00
2.398358358358310405e-01
7.177137137137061806e-01
4.760180180180096365e-01
3.066316316316309298e-01
2.481321321321336149e-01
9.100600600600602386e-01
2.426736736736707645e-01
4.979979979979967664e-03
1.000000000000019103e-03
1.105620620620607397e+00
7.853893893893880707e-01
2.257757757757769199e-02
0.000000000000000000e+00
9.984054054054037897e-01
6.421461461461498432e-01
2.600526526526557358e+00
1.965068068068071216e+00
3.602822822822824289e-01
1.587457457457454590e-01
5.033883883883796262e-01
7.813803803803875958e-01
2.760070070070061998e-01
6.914644644644600824e-01
1.575975975976004126e-02
3.808203203203226028e+00
0.000000000000000000e+00
0.000000000000000000e+00
0.000000000000000000e+00
0.000000000000000000e+00
7.039599599599536406e-01
5.505815815815860992e-01
5.322166166166155676e+00
2.458898898898908281e-01
1.408389389389382851e+00
6.132912912912924508e-01
0.000000000000000000e+00
5.030460460460437488e-01
6.727237237237251311e-01
0.000000000000000000e+00
8.029269269269295739e-01
2.188898898898915812e-01
7.395625625625611432e-01
5.391181181181115001e-01
2.185565565565543433e-01
6.426216216216175114e-01
1.997997997997974246e-03
1.009159159159159547e+00
6.827177177177119471e-01
0.000000000000000000e+00
9.351851851851934461e-01
1.881900900900891127e+00
5.721471471471483161e-01
8.273983983983919099e-01
2.071738738738714058e+00
5.529029029029144393e-01
2.157957957957973294e-02
2.344744744744711035e-02
0.000000000000000000e+00
7.785285285285235835e-02
4.480231231231230460e+00
8.361501501501401590e-01
1.894806506506505528e+01
6.957957957957863065e-03
7.402342342342284054e-01
3.185264264264260348e+00
7.195985985985937639e-01
3.194294294294321157e-02
6.748878878878907805e-01
5.118828828828779764e-01
0.000000000000000000e+00
2.734784784784795586e-01
2.934078078078084406e+00
6.739039039039144141e-01
7.283183183183307430e-02
3.100700700700724857e-02
4.593653653653592128e-01
9.909909909909865935e-03
8.506216216216208048e-01
1.061781781781764855e-01
8.102202202202253289e-01
1.284124124124135236e-01
5.099239239239222732e-01
8.130650650650594891e-01
4.569949949949962953e-01
5.317997997997992998e-01
1.262222222222194046e-01
7.917107107107039798e-01
9.383383383383373522e-01
6.397807807807807112e-01
7.784634634634539641e-01
1.000000000000000238e-03
1.056274274274267011e+00
0.000000000000000000e+00
7.984804804804715994e-01
0.000000000000000000e+00
6.459038038038051432e+00
3.393207207207209031e+00
6.221361361361450459e-01
5.933433433433485393e-02
0.000000000000000000e+00
7.537317317317385745e-01
0.000000000000000000e+00
1.341236236236250878e+00
0.000000000000000000e+00
4.979979979979968531e-03
1.735245245245257417e-01
1.792035035035031854e+01
2.476466466466464567e-01
1.361961961961964396e-01
3.031671671671681279e-01
8.535165165165076173e-01
1.468623423423424512e+01
7.727047047047116202e+00
8.145989989990038538e+00
2.635465465465526846e-01
6.266456456456493962e-01
4.593513513513464153e-01
2.400060060060093259e-01
1.579907907907921016e+00
0.000000000000000000e+00
6.337612612612632645e+00
5.788818818818750600e-01
9.267427427427540332e-01
3.663953953953951181e-01
2.144063063063069929e+00
5.148988988988990601e-01
0.000000000000000000e+00
2.987227227227212123e-01
8.025605605605693471e-01
8.280340340340242022e-01
2.649159159159151677e+00
1.395918918918901408e+00
2.945107107107105993e+00
7.121661661661792264e-01
6.523623623623675538e-01
4.140120120120155400e-01
5.327367367367353834e-01
4.611681681681634171e-01
0.000000000000000000e+00
1.458168168168182677e-01
7.863673673673606812e-01
8.933873873873814375e-01
6.094342342342343066e+00
7.122922922922889644e-01
3.430650650650633460e-01
5.136716716716756004e-01
7.456866866866829202e-01
7.790250250250173591e-01
1.250160160160168898e-01
1.478978978979003656e-02
2.195945945945973754e-01
3.192072072072085653e+00
4.468978978978993544e-01
1.501151151151146390e+00
1.289620620620617997e+00
8.306416416416346760e-01
0.000000000000000000e+00
0.000000000000000000e+00
6.012442442442524904e-01
2.617949949949997634e+00
1.326895495495495148e+01
6.594184184184149755e-01
1.990818818818826941e+00
6.043483483483567120e-01
3.616756756756794866e-01
5.901491491491517305e-01
7.662922922922825730e-01
2.229083083083076566e+00
0.000000000000000000e+00
2.300627627627652050e+00
0.000000000000000000e+00
1.997997997998008941e-03
9.748498498498394671e-01
9.248348348348393866e-02
1.000000000000010212e-03
9.998118118118005659e-01
7.437097097097007392e-01
5.395589589589572022e+00
6.249879879879793876e-01
5.982482482482389674e-01
1.901976976976949452e+00
8.133393393393482107e-01
7.694000000000034589e+00
7.882492492492408909e-01
8.095115115115082416e-01
2.406366366366318177e-01
7.469459459459514283e-01
4.956916916916930482e+00
8.597937937937998321e-01
0.000000000000000000e+00
9.593183183183114915e-01
6.135335335335300178e-01
2.428400400400394954e+00
2.161761761761717485e-02
8.125235235235280795e-01
9.721621621621671927e-02
6.622122122122059418e-01
5.901681681681689717e-01
3.973633633633587015e-01
5.806976976976984117e-01
0.000000000000000000e+00
6.960550550550499427e-01
4.944744744744696691e-02
2.185345345345401091e-01
7.062322322322324153e-01
6.193683683683719465e-01
0.000000000000000000e+00
1.997997997998016313e-03
7.409919919919919495e-01
4.714934934934896793e-01
0.000000000000000000e+00
0.000000000000000000e+00
6.077977977977937485e-01
9.723993993994014540e-01
8.938938938938896239e-01
0.000000000000000000e+00
1.385560560560551435e+00
2.806986986987004551e-01
2.532091091091126067e+00
1.591162162162155447e+00
2.179288288288277364e+00
6.658708708708827029e-01
4.991101101101126147e+00
6.682162162162114116e-01
6.422892892892786421e-01
0.000000000000000000e+00
6.596826826826902579e-01
7.874314314314226904e-01
8.419529529529428125e-01
1.286786786786772371e-02
8.072022022022175003e-01
3.531281281281287154e-01
1.057057057057036037e-01
5.408558558558544949e-01
4.849639639639671262e-01
1.102342342342351456e-01
8.257827827828001510e-01
0.000000000000000000e+00
2.629729729729758311e-02
2.057957957957905551e-02
0.000000000000000000e+00
2.074357357357358822e+01
6.525345345345401338e-01
6.611257257257253883e+00
3.017977977977930881e-01
9.905075075074992741e-01
1.160646646646646074e+00
1.015082082082081616e+00
1.997997997998018482e-03
4.341681681681711646e-01
6.969969969969900744e-03
2.466062062062059024e+00
1.000000000000000021e-03
1.094297297297307736e+00
8.409439439439511110e-01
0.000000000000000000e+00
1.464624624624638327e-01
3.659259259259169117e-02
0.000000000000000000e+00
1.653453453453433697e-01
0.000000000000000000e+00
3.909489489489538228e-01
3.189219219219187051e-01
1.048538538538539955e+00
1.244113513513513425e+01
2.009169169169148506e-01
8.280180180180153615e-02
0.000000000000000000e+00
1.951451451451412522e-01
0.000000000000000000e+00
7.739039039039103951e-01
0.000000000000000000e+00
6.769249249249347233e-01
2.485675675675643459e-01
7.144254254254258640e-01
5.748688688688669002e-01
3.399053053053050721e+00
9.137997997997995281e-01
0.000000000000000000e+00
2.993993993994000739e-03
5.874144144144147761e-01
5.442442442442509964e-01
4.228768768768810804e-01
1.046624624624645783e+00
5.557457457457515987e-02
3.485161161161169918e+00
1.074752952952954210e+01
5.805375375375350089e-01
2.000240240240224732e-01
5.175965965965845239e-01
6.945305305305329302e-01
8.377967967967976382e-01
6.273253253253311401e-01
1.677987987987970830e-01
7.527517517517487988e-01
1.459645645645647249e+00
7.147507507507434577e-01
8.557407407407343625e-01
1.022759859859859155e+01
3.980720720720691275e-01
1.435568668668653025e+01
7.133273273273224024e-01
4.828218218218269242e-01
2.050976976976969013e+00
6.991861861861859984e-01
7.277087087087074080e-01
0.000000000000000000e+00
1.612784784784803138e+00
1.798708708708693371e-01
6.342252252252265077e-01
9.135526526526549063e+00
1.031386386386373255e+00
1.061982982982982904e+01
9.354864864864764762e-01
1.471061061061071651e-01
9.767787787787848286e-01
7.070240240240217577e-01
8.996746746746746570e-01
6.957957957957867402e-03
2.381381381381388884e-01
1.441967567567568409e+01
1.238969969969969220e+00
2.809553553553564065e+00
2.993993993993999871e-03
6.150620620620658174e-01
4.416276276276332458e-01
1.936579579579551291e+00
1.000000000000006309e-03
7.029429429429315257e-02
0.000000000000000000e+00
1.322252252252262839e+00
7.482482482482500918e-01
1.203473473473458122e-01
4.243519519519494132e+00
4.263403403403455139e-01
8.955955955956020759e-03
2.406366366366318732e-01
7.774564564564580005e-01
1.057876876876875372e+00
1.551162062062058666e+01
2.423234234234231455e+00
0.000000000000000000e+00
0.000000000000000000e+00
1.206156156156178022e-01
2.115270270270242836e+00
9.044784784784885012e-01
0.000000000000000000e+00
4.222182182182204202e-01
6.267177177177304381e-01
6.989139139139146639e-01
5.308798798798809448e-01
8.476096096096211729e-01
1.140204204204199989e+00
8.692192192192185196e-01
7.350010010009926376e-01
0.000000000000000000e+00
0.000000000000000000e+00
8.883903903904013521e-01
8.371871871871980342e-02
0.000000000000000000e+00
2.085795795795760132e-01
1.515555555555561928e-01
1.211371371371352396e-01
9.032522522522608011e-01
7.500010010009933170e-01
7.354654654654627643e-01
2.152462462462513548e-01
0.000000000000000000e+00
2.578328328328375885e-01
1.437306306306318948e+00
8.642952952953052437e-01
1.331954954954948311e+00
4.190330330330274133e-01
3.177327327327293949e-01
2.891231231231221610e-01
6.940530530530640840e-01
8.450100100100162992e-01
1.603354954954945200e+01
7.083873873873849369e-01
6.310430430430375992e-01
5.124184184184175095e-01
9.037147147147088777e-01
1.888936936936954414e+00
4.040190190190260378e-01
3.726116116116071630e-01
0.000000000000000000e+00
7.851911911912038411e-01
2.768028028028023391e-01
9.956816816816929094e-01
1.856696696696714943e-01
1.997997997997976848e-03
1.997997997998003736e-03
6.825245245245203929e-01
1.997997997998001568e-03
0.000000000000000000e+00
4.019329329329322520e-01
4.537692692692707475e+00
9.584534534534484562e-01
5.192020020020016169e+00
0.000000000000000000e+00
1.901651651651611319e-01
8.207947947948005529e-01
3.993993993993961295e-03
8.587517517517601062e-01
8.660330330330375803e-01
0.000000000000000000e+00
1.085219219219230258e+00
1.217157857857860748e+01
4.056506506506462606e-01
6.630780780780873851e-01
2.275929929929931372e+00
7.956746746746813370e-01
7.275715715715731502e-01
8.564394394394467813e-01
0.000000000000000000e+00
5.004944944945040053e-01
1.425069069069072381e+00
3.785685685685617474e-01
1.273455455455441143e+00
7.031581581581555218e-01
2.034685685685684753e+00
0.000000000000000000e+00
7.281261261261380291e-01
4.664564564564468996e-02
6.685745745745773627e-01
2.079053053053052658e+00
8.682757757757745054e+00
2.556766766766771504e+00
3.059369369369331904e-01
0.000000000000000000e+00
3.799622622622641277e+00
7.446086086085951239e-01
3.895895895895817862e-01
6.351310310310271490e+00
6.563713713713708042e-01
2.057957957957912837e-02
8.185725725725727653e-01
7.259209209209245284e-01
0.000000000000000000e+00
8.343593593593616742e-01
2.249349349349382202e-02
1.010874874874875928e+00
0.000000000000000000e+00
7.265085085084916905e-01
5.519099099099030736e-01
1.997997997998005471e-03
3.557748748748767120e+00
3.287687687687648047e-02
2.094396396396386528e+00
7.086576576576651965e-01
8.687087087087001780e-02
8.181801801801845686e-01
0.000000000000000000e+00
1.053968968968971964e+00
3.879149149149179188e-01
2.781382982982976415e+01
6.794944944944955045e-01
4.611833833833824059e+00
2.808973973973957872e+00
7.214074074074067200e-01
0.000000000000000000e+00
6.474664664664622205e-01
1.049835835835839060e+00
6.480540540540499217e-01
9.220920920920822050e-01
2.236546546546521741e-01
7.452595595595616018e+00
6.977167167167132034e-01
7.868268268268184540e-02
9.348038038038094522e-01
7.345135135135110183e-01
5.621121121121179509e-02
1.943617617617620397e+01
9.021131131131152614e-01
5.955655655655712755e-01
1.375634634634627096e+00
7.215315315315378175e-01
5.356578578578569783e+00
0.000000000000000000e+00
1.000000000000007610e-03
7.417917917917895565e-01
2.892912912912866119e-01
1.489780380380378233e+01
8.309099099099109820e-01
1.381781781781792583e-02
5.746536536536566153e-01
8.600000000000116440e-01
0.000000000000000000e+00
2.403137137137159041e+00
1.622913213213207229e+01
5.652132132132191566e-01
1.995225225225188970e-01
1.392502502502500350e-01
2.646145145145120114e+00
4.483583583583645310e-02
1.976331231231223740e+01
0.000000000000000000e+00
6.406676676676791304e-01
0.000000000000000000e+00
7.901551551551512231e-01
2.488048048048017713e-01
0.000000000000000000e+00
7.194144144144049013e-01
1.921111111111128700e-01
1.223811711711713635e+01
2.414054054054083354e-01
6.757867867867856093e-01
2.502412412412453047e-01
1.672232232232227500e-01
3.957627627627564038e-01
8.615805805805764050e-01
1.866136136136139489e-01
1.446662662662661747e+00
1.000000000000005008e-03
7.912452452452408691e-01
7.249269269269262850e-01
1.728407407407401841e+00
6.983203203203238729e-01
1.221117117117116457e+00
7.230490490490414368e-01
1.000000000000010429e-03
5.904814814814777213e-01
5.291691691691573218e-02
2.921981981981958132e-01
1.667681981981982986e+01
2.067106006006011754e+01
5.815765765765675832e-01
7.371871871871814308e-02
6.706686686686745835e-01
1.933906906906906187e+01
8.787257257257047316e-01
8.615885885885761208e-01
2.562292292292245310e-01
7.312622622622706459e-01
1.385385385385358159e-01
7.610070070069988590e-01
2.424688088088093352e+01
1.592372372372361788e-01
1.997997997998034528e-03
1.038824824824832405e+00
1.355247447447448472e+01
5.350060060060067846e-01
9.084804804804920142e-01
1.338528528528515893e-01
1.654788788788799092e+00
1.464624624624638327e-01
0.000000000000000000e+00
1.509259259259263797e-01
7.375287287287287441e+00
1.683528528528528856e+00
2.888186786786793903e+01
0.000000000000000000e+00
4.684474474474514816e-01
6.920510510510604618e-01
5.324744744744713820e-01
4.844744744744727827e-02
6.989109109109020723e-01
7.123663663663599710e-01
1.722472472472451333e-01
3.839590590590593155e+00
0.000000000000000000e+00
5.452852852852767274e-02
8.919229229229278522e-01
1.000000000000002840e-03
1.364714714714698740e-01
5.052862862862915749e-01
6.325555555555661957e-01
3.857363363363361497e+00
6.168998998999077887e-01
2.120070070070116386e-01
7.081591591591487322e-01
2.573123123123106648e-01
5.090600600600518888e-01
3.603513513513443289e-01
0.000000000000000000e+00
3.097403403403382161e+00
1.372412412412397087e-01
2.110070070070094728e-01
0.000000000000000000e+00
4.574174174174194113e-02
0.000000000000000000e+00
6.606996996996965521e-01
8.928828828828729025e-02
3.463743743743767367e-01
7.943943943943895455e-03
7.739809809809825580e-01
5.943823823823718433e-01
9.715515515515527056e-01
7.974594594594562880e-01
1.016899899899899040e+00
9.533973973974000371e-01
8.497703703703686884e+00
2.146456656656661011e+01
8.316076076076041046e-01
5.433293293293242066e-01
3.506040040040048211e+00
1.637277277277305321e-01
1.379285285285288598e+00
0.000000000000000000e+00
1.671038038038059170e+00
7.001751751751853492e-01
0.000000000000000000e+00
7.221371371371356762e-01
4.426426426426321309e-02
0.000000000000000000e+00
1.957963963963962550e+00
1.207542442442444219e+01
1.410160160160144338e-01
5.841381381381426374e-01
8.404794794794717694e-01
1.421828828828827440e+00
5.312892892892916441e-01
6.566156156156209844e-01
3.623923923923993290e-02
6.384494494494497019e-01
1.672772772772799024e-02
7.737787787787843152e-01
1.084783783783790367e+00
7.333853853853948834e-01
7.573643643643770407e-01
2.275505505505548420e-01
1.968358358358340832e-01
7.848108108108037273e-01
8.051051051051227869e-02
2.005467467467445974e+00
1.537787787787771698e+00
3.552742742742765469e-01
1.491286286286302998e+00
1.997997997998004170e-03
2.367807807807757736e-01
2.419609609609645051e-01
6.811391391391381500e-01
1.005715715715719716e+00
2.993993993994003341e-03
6.027617617617625490e-01
7.374924924924955993e-01
2.105505005004996733e+01
1.575975975975993371e-02
2.450609609609613493e+00
3.194294294294369729e-02
1.272652652652677130e-01
2.720470470470459645e+00
1.003667667667670349e+00
7.033003003002883391e-01
7.734934934935000506e-02
1.313148148148147420e+01
1.270917917917932627e+00
7.758658658658541540e-01
6.382982982982861320e-02
1.991231231231201937e-01
5.500330330330335249e-01
1.054257257257268154e+00
2.017539539539560334e+00
0.000000000000000000e+00
1.997997997998000267e-03
2.371061061061077724e-01
5.272852852852829564e-01
7.693693693693831603e-01
1.734973973973966022e+00
9.533083083083228049e-01
7.437577577577583199e-01
2.187127127127142245e-01
0.000000000000000000e+00
0.000000000000000000e+00
9.546826826826900758e-01
7.781451451451474322e-01
1.010220220220219733e+00
5.969969969970007409e-03
9.656266266266295695e-01
2.444311311311307300e+00
1.567237237237256720e-01
7.235755755755745255e+00
8.602342342342427228e-01
1.141571571571579291e+00
6.746246246246253575e-01
1.895251251251253599e+00
8.087037037037121401e-01
0.000000000000000000e+00
6.690040040040113878e-01
1.063925925925927718e+00
3.100700700700725898e-02
7.486746746746699710e-01
6.775955955955941246e-01
8.869469469469521528e+00
1.989920920920920322e+00
4.006866866866843901e-01
4.515895895895905010e-01
2.997997997998058401e-03
1.959069069069087066e-01
0.000000000000000000e+00
2.359949949949927683e-01
6.416776776776796920e-01
1.379119119119127657e-01
3.281791791791789370e-01
6.906206206206207954e-01
3.339111111111123353e+00
5.791653653653678013e+00
4.533203203203288734e-01
0.000000000000000000e+00
1.575975975975990248e-02
4.340227227227220652e+00
5.093763763763762276e-01
8.476396396396493893e-01
8.436816816816812281e-01
0.000000000000000000e+00
4.641641641641582328e-01
7.702102102102151293e-02
0.000000000000000000e+00
4.686481481481469480e+00
8.207237237237270389e-01
7.197907907907776792e-01
2.570850850850835978e-01
9.326416416416426491e-01
2.199789789789806660e-01
8.200790790790668527e-01
1.753499499499481029e+00
7.255395395395445313e-01
5.131641641641645490e-01
0.000000000000000000e+00
9.209449449449526037e-01
3.483578578578573115e+00
6.390300300300328917e-01
4.922862862862862898e-01
0.000000000000000000e+00
1.193993993993988992e-02
6.444144144144086095e-01
1.058713713713724136e+00
3.042872872872873780e-01
1.451691691691705532e-01
1.705188188188166531e+00
1.282831531531530800e+01
1.086712712712719409e+00
1.305132132132146960e+00
1.269720720720713958e+00
2.000420420420403467e-01
2.294934934934917403e-01
1.546268068068065205e+01
1.112553953953951336e+01
5.452152152152085485e-01
6.594974974975041926e-01
1.096128128128129875e+00
6.898998998999062993e-01
8.048758758758796095e-01
2.358488488488540979e-01
0.000000000000000000e+00
1.088988988988995842e-02
6.037147147147213788e-01
4.253475475475463341e+00
7.810150150150213522e-01
9.515603603603654648e+00
5.080419419419450300e+00
2.613989989990004759e+00
5.452092092092192255e-01
2.572572572572529373e-02
8.519429429429415945e-01
6.288268268268292216e-01
0.000000000000000000e+00
1.604377877877869807e+01
4.248688688688747050e-01
3.039589589589569707e-01
7.277097097097182665e-01
8.688418418418438760e-01
7.516046046045901097e-01
7.869019019018982375e-01
1.191348348348353126e+00
1.000000000000008044e-03
0.000000000000000000e+00
1.014788188188189189e+01
6.097157157157157004e-01
9.742411411411406874e+00
1.565205205205177363e-01
5.584854854854887085e-01
0.000000000000000000e+00
6.813479479479478407e+00
0.000000000000000000e+00
2.600675675675684140e+00
0.000000000000000000e+00
4.023823823823860502e-01
6.175005005004980063e+00
7.026096096096063892e-01
7.248548548548453541e-01
1.618940340340338224e+01
1.024119119119124566e+00
9.705665665665824671e-01
3.987987987988026589e-03
6.591771771771822719e-01
0.000000000000000000e+00
8.568478478478602778e-01
4.613699699699710166e+00
1.388388388388397607e-02
6.035551551551538552e+00
2.341900900900902016e+01
6.731521521521479645e-01
0.000000000000000000e+00
8.001151151151145724e-01
1.128396996997000556e+01
1.227081081081103919e+00
5.661611611611621075e-01
1.247724824824823209e+01
0.000000000000000000e+00
3.926036036035971399e-01
0.000000000000000000e+00
7.822922922922972977e-02
1.284684084084089939e+01
1.255165165165170182e-01
1.995934934934948668e+00
1.349217217217199227e+00
8.481891891891913948e-01
4.035905905905876057e-01
2.036786786786818626e-01
1.583633633633626525e-01
5.246916916916917195e-01
1.568701701701712858e+00
7.660350350350275672e-01
8.526746746746722838e-01
1.961961961961972145e-02
3.063123123123103198e-01
3.228458458458465685e+00
9.044310310310278211e+00
6.287267267267303561e-01
5.757627627627658340e-01
9.506416416416262338e-01
2.993993993994001172e-03
1.877432932932936183e+01
6.881301301301195883e-01
3.513533533533509945e-01
1.259896896896895768e+00
4.903853853853827882e-01
6.569669669669730983e-01
1.223772772772774076e+00
5.202702702702720339e-02
3.463213213213277575e-01
0.000000000000000000e+00
3.619369369369334621e-01
1.003121121121122616e+00
1.876223223223227521e+01
1.610601701701703092e+01
7.689579579579591817e-01
2.415925925925877793e-01
7.662372372372383555e-01
5.947537537537491703e-01
8.617287287287345166e-01
2.129639639639624438e-01
9.215405405405464601e-01
0.000000000000000000e+00
1.202688688688690277e+00
7.261141141141098654e-01
7.372392392392426164e-01
6.718338338338325499e-01
9.988898898898800338e-01
2.428468468468449881e-01
2.114920020020020175e+01
6.677137137137100220e-01
2.339537537537528689e+00
6.890960960960912374e-01
9.450060060060075928e-01
5.119789789789712664e-01
6.547847847847761971e-01
5.844024024024057073e-01
2.347513513513508787e+00
7.475215215215142983e-01
6.686326326326361702e-01
7.560910910910868532e-01
0.000000000000000000e+00
4.864814814814888422e-01
5.503313313313306088e-01
8.832252252252231761e-01
7.541261261261318349e-01
1.078089089089088848e+00
1.589549549549551521e-01
1.997997997997992461e-03
1.521831831831850224e-01
0.000000000000000000e+00
5.419729729729706458e-01
0.000000000000000000e+00
1.292042042042030880e-01
7.455205205205136521e-01
7.475495495495539933e-01
3.006906906906892107e-02
1.219579579579562340e-01
2.247094094094083783e+00
6.434274274274367489e-01
3.296906906906899248e+00
0.000000000000000000e+00
0.000000000000000000e+00
8.506236236236278669e-01
2.993993993994003341e-03
0.000000000000000000e+00
5.417087087087028019e-01
1.521571571571562753e+00
0.000000000000000000e+00
7.885435435435513840e-01
7.163053053053111130e-01
9.987897897897892729e-01
7.943943943943876373e-03
6.957957957957772860e-03
