1.088084084084091518e+00
7.481531531531607770e-01
0.000000000000000000e+00
5.927997997997980217e-01
1.311980980980979705e+00
5.625015015015040198e-01
2.280270270270239319e-01
7.432052052051983937e-01
2.353513513513487976e-01
7.021371371371250003e-01
2.217850950950952793e+01
1.276276276276303856e-01
0.000000000000000000e+00
3.836276276276222585e-01
5.520060060060079099e-01
2.002716716716706369e+00
0.000000000000000000e+00
0.000000000000000000e+00
1.220536936936937877e+01
4.916566566566558105e-01
0.000000000000000000e+00
3.775685685685666870e-01
9.075255255255293418e-01
2.085925925925940227e-01
0.000000000000000000e+00
0.000000000000000000e+00
8.053593593593594280e-01
2.000000000000013919e-03
0.000000000000000000e+00
6.703133133133176713e-01
1.824998998998991651e+00
3.587087087087125620e-02
2.144844844844820964e-01
3.357457457457408423e-01
7.906566566566461951e-01
6.780690690690736044e-01
2.368847847847847277e+01
1.163478478478486267e+01
2.268178178178149318e-01
8.665175175175002797e-01
3.252374374374365829e+00
4.545645645645726707e-01
8.600700700700754098e-01
6.288878878878799705e-01
8.030860860860776773e-01
0.000000000000000000e+00
3.947627627627718350e-01
0.000000000000000000e+00
9.468108108107996523e-01
4.975845845845834781e+00
7.400030030030093631e-01
1.000000000000010863e-03
3.659259259259162872e-02
2.931231231231285483e-01
9.340920920921086390e-01
2.093893893893870040e-01
7.062612612612638729e-01
2.586246246246304281e-01
1.537079079079052946e+00
6.932422422422405139e-01
1.402712912912914156e+01
4.286826826826758419e-01
1.002551151151151565e+01
0.000000000000000000e+00
5.972582582582662836e-01
6.977977977977788820e-03
1.754353353353362177e+00
6.666846846846881114e-01
2.498088088088057934e-01
2.629729729729753454e-02
1.070108108108110301e+00
0.000000000000000000e+00
8.400630630630588902e-01
1.030059059059073467e+00
1.587987987987958538e-02
1.485018118118114927e+01
6.895425425425293353e-01
7.240160160160100666e-01
9.017764764764741869e+00
3.279969969969940835e-01
6.182932932932871939e-01
6.404064064064037831e-01
3.222322322322370564e-02
1.798387387387362590e+00
1.444891891891880054e+00
9.846556556556689266e-01
5.180570570570615097e-01
8.716056056056075141e-01
4.132432432432379121e-01
2.206366366366374343e-01
1.094594594594597466e-02
5.470180180180240770e-01
2.548748748748733833e-02
8.305605605605635988e-01
6.663323323323385727e-01
4.279279279279247783e-01
8.420710710710809233e-01
7.414194194194161369e-01
4.899529529529516592e-01
1.663558758758760447e+01
1.265054054054053356e+00
0.000000000000000000e+00
1.284384384384383571e-02
4.251453453453470033e+00
2.406366366366318732e-01
7.293833833833831548e-01
4.779809809809816845e-01
3.107497497497430095e-01
2.472222222222240640e-01
9.360610610610613502e-01
2.446826826826854484e-01
6.957957957957820565e-03
1.997997997997984655e-03
1.103445445445439876e+00
8.100690690690778295e-01
2.165165165165172656e-02
0.000000000000000000e+00
1.021652652652656368e+00
6.528208208208243768e-01
2.623387387387384528e+00
1.977508508508524887e+00
3.699259259259201071e-01
1.564564564564570603e-01
5.197327327327274649e-01
7.847637637637625563e-01
2.760070070070061443e-01
6.909289289289198832e-01
1.575975975976002391e-02
3.841655655655630053e+00
0.000000000000000000e+00
0.000000000000000000e+00
0.000000000000000000e+00
1.000000000000012814e-03
7.130730730730842071e-01
5.504614614614649071e-01
5.358272272272219361e+00
2.461501501501536515e-01
1.430332332332322265e+00
6.190290290290275665e-01
0.000000000000000000e+00
5.322252252252369642e-01
6.797097097097063445e-01
0.000000000000000000e+00
8.111761761761678846e-01
2.229979979979944682e-01
7.659159159159166785e-01
5.645585585585582988e-01
2.219369369369382783e-01
6.384994994994936945e-01
2.993993993994003341e-03
1.039410410410419150e+00
6.860430430430435322e-01
0.000000000000000000e+00
9.370840840840800601e-01
1.974145145145139058e+00
5.771431431431396364e-01
8.667117117117132397e-01
2.095146146146136701e+00
5.748488488488526782e-01
2.444744744744729165e-02
2.629729729729753454e-02
0.000000000000000000e+00
8.361961961962052770e-02
4.430750750750731548e+00
8.514934934934894617e-01
1.945578978978974050e+01
7.943943943943874639e-03
7.361351351351363981e-01
3.222890890890892646e+00
7.215325325325342432e-01
2.912912912912940175e-02
6.718608608608680477e-01
5.160970970970938376e-01
0.000000000000000000e+00
2.817967967967935361e-01
2.894713713713683578e+00
6.782562562562587383e-01
7.451351351351427621e-02
3.100700700700723816e-02
4.703123123123155724e-01
8.927927927927950189e-03
8.494234234234273595e-01
1.066346346346352530e-01
8.183343343343515430e-01
1.400140140140162526e-01
5.076506506506412997e-01
8.052192192192143549e-01
4.701891891891936681e-01
5.422652652652528715e-01
1.304144144144124273e-01
7.751161161161221891e-01
9.569549549549497547e-01
6.486076076076086050e-01
7.743773773773675595e-01
1.000000000000000238e-03
1.065904904904914297e+00
0.000000000000000000e+00
8.217037037037022706e-01
0.000000000000000000e+00
6.599246246246242897e+00
3.453689689689648290e+00
6.275095095095120090e-01
6.021221221221382397e-02
0.000000000000000000e+00
7.607117117117212501e-01
0.000000000000000000e+00
1.351087087087075256e+00
1.000000000000002623e-03
4.979979979979968531e-03
1.738648648648649653e-01
1.824741441441445744e+01
2.480390390390345701e-01
1.529879879879885163e-01
3.066256256256257862e-01
8.614724724724698302e-01
1.503824124124120942e+01
7.957213213213221614e+00
8.402052052052040310e+00
2.742392392392424827e-01
6.429969969970016352e-01
4.618478478478527105e-01
2.425175175175149356e-01
1.670369369369363310e+00
0.000000000000000000e+00
6.370877877877913598e+00
5.824734734734663411e-01
9.235015015014957918e-01
3.658848848848856861e-01
2.175841841841841706e+00
5.120140140140134744e-01
0.000000000000000000e+00
3.079579579579579951e-01
8.180220220220223437e-01
8.559229229229086133e-01
2.699510510510502392e+00
1.403370370370368381e+00
3.008744744744741073e+00
7.234734734734659112e-01
6.557017017017031657e-01
4.206666666666656340e-01
5.387707707707635185e-01
4.679669669669632159e-01
0.000000000000000000e+00
1.534324324324310429e-01
7.952592592592562237e-01
8.904014014014022260e-01
6.259630630630610426e+00
7.146496496496481665e-01
3.456096096096092363e-01
5.086356356356401820e-01
7.386446446446416347e-01
8.066226226226235196e-01
1.212842842842856012e-01
1.865765765765763085e-02
2.195945945945973199e-01
3.235693693693709516e+00
4.629649649649546506e-01
1.525071071071065987e+00
1.304239239239227244e+00
8.349969969970107986e-01
0.000000000000000000e+00
0.000000000000000000e+00
5.947687687687751579e-01
2.683306306306292299e+00
1.369436936936936533e+01
6.535125125125132994e-01
2.077968968968959995e+00
6.024904904904903047e-01
3.600580580580545198e-01
6.110480480480525722e-01
7.686706706706766257e-01
2.233684684684680732e+00
0.000000000000000000e+00
2.340647647647656981e+00
0.000000000000000000e+00
1.997997997998008941e-03
1.024053053053059381e+00
9.406906906907008814e-02
1.997997997998038431e-03
1.031445445445435372e+00
7.524154154154211183e-01
5.392174174174174439e+00
6.312102102102110646e-01
5.975785785785879822e-01
1.932617617617611749e+00
8.460100100100149678e-01
7.876083083083056380e+00
7.881441441441381368e-01
8.168208208208120880e-01
2.419609609609644496e-01
7.619799799799944484e-01
5.091090090090052200e+00
8.871341341341423270e-01
0.000000000000000000e+00
1.001064064064065562e+00
6.256166166166210463e-01
2.446061061061062691e+00
2.924124124124155913e-02
8.205475475475485503e-01
9.799799799799870093e-02
6.671771771771797255e-01
6.022632632632549665e-01
4.088948948948968320e-01
5.960830830830847749e-01
0.000000000000000000e+00
7.036216216216200081e-01
5.024124124124085267e-02
2.206366366366374621e-01
7.065265265265399108e-01
6.502952952952851806e-01
0.000000000000000000e+00
2.993993993994003774e-03
7.483693693693720395e-01
4.712852852852772445e-01
0.000000000000000000e+00
0.000000000000000000e+00
6.119939939939839091e-01
9.892082082082065408e-01
9.101651651651683217e-01
0.000000000000000000e+00
1.367757757757754877e+00
2.830060060060098359e-01
2.595384384384392895e+00
1.610116116116121487e+00
2.182332332332332481e+00
6.735645645645678137e-01
5.169471471471490887e+00
6.748058058058037378e-01
6.647357357357323027e-01
0.000000000000000000e+00
6.578568568568664565e-01
7.826276276276381560e-01
8.399619619619611566e-01
1.186786786786794314e-02
8.229769769769883503e-01
3.535515515515526563e-01
1.087327327327340665e-01
5.411401401401350064e-01
4.919859859859811446e-01
1.064654654654643706e-01
8.425115115115150433e-01
0.000000000000000000e+00
2.724324324324316898e-02
2.249349349349381855e-02
0.000000000000000000e+00
2.106206406406407794e+01
6.541521521521519444e-01
6.781827827827822119e+00
3.000790790790759943e-01
9.937737737737626365e-01
1.220326326326323541e+00
1.041656656656659186e+00
1.997997997998018482e-03
4.382642642642733399e-01
8.963963963964056286e-03
2.492051051051053179e+00
1.997997997997979017e-03
1.097145145145136835e+00
8.574084084084159230e-01
0.000000000000000000e+00
1.445195195195186078e-01
3.659259259259180219e-02
0.000000000000000000e+00
1.706336336336305715e-01
0.000000000000000000e+00
3.900330330330260553e-01
3.287427427427454529e-01
1.053460460460456938e+00
1.277265065065064320e+01
2.026786786786737016e-01
8.443543543543433061e-02
0.000000000000000000e+00
1.911741741741739831e-01
1.000000000000002189e-03
7.937247247247291027e-01
0.000000000000000000e+00
6.859959959959978093e-01
2.488048048048017713e-01
7.280940940940882067e-01
5.739139139139118884e-01
3.430094094094098267e+00
8.971321321321427122e-01
0.000000000000000000e+00
2.993993993994000739e-03
5.890440440440460890e-01
5.594284284284330999e-01
4.184164164164166921e-01
1.052110110110124674e+00
5.380480480480444305e-02
3.607517517517534245e+00
1.108655255255255767e+01
5.779689689689720966e-01
2.004714714714722901e-01
5.269019019019011152e-01
7.301891891891989506e-01
8.682652652652627090e-01
6.522912912912931516e-01
1.689439439439435475e-01
7.536046046046118718e-01
1.506110110110131073e+00
7.222922922922836442e-01
8.757107107106965049e-01
1.051810910910912078e+01
4.260650650650621429e-01
1.443090890890893085e+01
7.229019019019002901e-01
4.961901901901937251e-01
2.053307307307296714e+00
6.950700700700721546e-01
7.388928928929017204e-01
0.000000000000000000e+00
1.603534534534526212e+00
1.774894894894930297e-01
6.403793793793753908e-01
9.201710710710701235e+00
1.054315315315333068e+00
1.070407807807810308e+01
9.532032032032060620e-01
1.445195195195185245e-01
9.750100100100224099e-01
7.241701701701833693e-01
9.259919919919865627e-01
7.943943943943874639e-03
2.394234234234256520e-01
1.469097797797798322e+01
1.270396396396402006e+00
2.852518518518560420e+00
2.993993993993999871e-03
6.263203203203235869e-01
4.513283283283239800e-01
2.029767767767759246e+00
1.000000000000006309e-03
7.029429429429311094e-02
0.000000000000000000e+00
1.346746746746742884e+00
7.526676676676696820e-01
1.246716716716739365e-01
4.344846846846833088e+00
4.407277277277331096e-01
8.955955955956020759e-03
2.408318318318348195e-01
7.814364364364253523e-01
1.075185185185184578e+00
1.571381481481480336e+01
2.470475475475504723e+00
0.000000000000000000e+00
0.000000000000000000e+00
1.242342342342369343e-01
2.158491491491477010e+00
9.060130130130237269e-01
0.000000000000000000e+00
4.195955955955864014e-01
6.437467467467439253e-01
6.984524524524369227e-01
5.487117117117062959e-01
8.628368368368293240e-01
1.161247247247243264e+00
8.938958958958972412e-01
7.576616616616687061e-01
0.000000000000000000e+00
0.000000000000000000e+00
8.834414414414488714e-01
8.062262262262322177e-02
0.000000000000000000e+00
2.134594594594545480e-01
1.565205205205176253e-01
1.203353353353362881e-01
9.231121121121058648e-01
7.533313313313384496e-01
7.456566566566648069e-01
2.133493493493531235e-01
0.000000000000000000e+00
2.605625625625588304e-01
1.429008008007999431e+00
8.720040040040208940e-01
1.355274274274280266e+00
4.160830830830856142e-01
3.257637637637608718e-01
3.145855855855896888e-01
6.900400400400518164e-01
8.495645645645664157e-01
1.650658558558544442e+01
7.200820820820857948e-01
6.408638638638618490e-01
5.146606606606608514e-01
9.031551551551326718e-01
1.959398398398399577e+00
4.023733733733725337e-01
3.820240240240196372e-01
0.000000000000000000e+00
7.866366366366310814e-01
2.893633633633653224e-01
1.023453453453441409e+00
1.901651651651611874e-01
2.993993993994000739e-03
2.993993993994002473e-03
7.015275275275317801e-01
3.987987987988064753e-03
0.000000000000000000e+00
4.173163163163159384e-01
4.593615615615628478e+00
9.808978978979085994e-01
5.282329329329352952e+00
0.000000000000000000e+00
1.963723723723714565e-01
8.364964964964933802e-01
3.993993993993961295e-03
9.008018018017999173e-01
8.764814814814677613e-01
0.000000000000000000e+00
1.090584584584577632e+00
1.228982182182184602e+01
4.141081081081151583e-01
6.835435435435386342e-01
2.294121121121122542e+00
8.083423423423355958e-01
7.429779779779842608e-01
8.641871871871800170e-01
0.000000000000000000e+00
5.020410410410455215e-01
1.432986986986988232e+00
3.817217217217277470e-01
1.298433433433429984e+00
7.044744744744689813e-01
2.073740740740741550e+00
0.000000000000000000e+00
7.433493493493387172e-01
4.483583583583659188e-02
6.694484484484356512e-01
2.055878878878875771e+00
8.843918918918914684e+00
2.568091091091114553e+00
3.137927927927936511e-01
0.000000000000000000e+00
3.953243243243243832e+00
7.470070070069960710e-01
3.875865865865952276e-01
6.587997997997996791e+00
6.575435435435402765e-01
2.153753753753780489e-02
8.155735735735819558e-01
7.500970970970910479e-01
0.000000000000000000e+00
8.438018018017993116e-01
2.534934934934978887e-02
1.012802802802820423e+00
0.000000000000000000e+00
7.408798798798874596e-01
5.618228228228174803e-01
1.997997997998005471e-03
3.779774774774770751e+00
3.935835835835874846e-02
2.188754754754748344e+00
7.106486486486546239e-01
9.327727727727878893e-02
8.379719719719725957e-01
0.000000000000000000e+00
1.083026026026029820e+00
4.072362362362388355e-01
2.841066166166146445e+01
6.937757757757817556e-01
4.767550550550553545e+00
2.900395395395421350e+00
7.304614614614671764e-01
1.000000000000007610e-03
6.477277277277156964e-01
1.055910910910917266e+00
6.760630630630727333e-01
9.348778778778845666e-01
2.243033033033073054e-01
7.734452452452456050e+00
6.987897897897931143e-01
7.785285285285292733e-02
9.554494494494534251e-01
7.456556556556628301e-01
6.351851851851959829e-02
1.996767967967973334e+01
9.471311311311173542e-01
5.909259259259198593e-01
1.406824824824825626e+00
7.235975975976022267e-01
5.438644644644657689e+00
0.000000000000000000e+00
1.000000000000007610e-03
7.601351351351292029e-01
3.000070070069998929e-01
1.540277377377381285e+01
8.446646646646683854e-01
1.186786786786794487e-02
5.836826826826769787e-01
8.717427427427577591e-01
0.000000000000000000e+00
2.416855855855851942e+00
1.632469169169166889e+01
5.724564564564565972e-01
1.941091091091074194e-01
1.471061061061073871e-01
2.671797797797775598e+00
4.301801801801780761e-02
2.047547547547549485e+01
0.000000000000000000e+00
6.405465465465546293e-01
0.000000000000000000e+00
8.272082082082029553e-01
2.495205205205226207e-01
0.000000000000000000e+00
7.213923923923875048e-01
1.916276276276242807e-01
1.246286186186193667e+01
2.428468468468449881e-01
6.735105105105049228e-01
2.502012012011969877e-01
1.689439439439431312e-01
4.265135135135223465e-01
8.657687687687670719e-01
1.901651651651614372e-01
1.484743743743730748e+00
1.000000000000005008e-03
7.940120120120088831e-01
7.501061061061078394e-01
1.759297297297296669e+00
7.241881881881890859e-01
1.259158158158159679e+00
7.261771771771703410e-01
1.000000000000010429e-03
5.940880880880949899e-01
5.024124124124079022e-02
2.933433433433371151e-01
1.715263563563565441e+01
2.100967167167171468e+01
5.832742742742772490e-01
7.866166166166006779e-02
6.719809809809847989e-01
1.991933433433432299e+01
9.021681681681669174e-01
8.763703703703863424e-01
2.552022022022051861e-01
7.576236236236275623e-01
1.384084084084116484e-01
7.771721721721817078e-01
2.517978978978986149e+01
1.640960960960972936e-01
1.997997997998034528e-03
1.044131131131141643e+00
1.388143543543542613e+01
5.453593593593605293e-01
9.311741741741739187e-01
1.412412412412393237e-01
1.649944944944916614e+00
1.458168168168182954e-01
0.000000000000000000e+00
1.490250250250257091e-01
7.591993993993981782e+00
1.686865865865837311e+00
2.925826926926927385e+01
0.000000000000000000e+00
4.769429429429302703e-01
7.014974974974980126e-01
5.358258258258213891e-01
5.380480480480434591e-02
6.933783783783739052e-01
7.217007007006991381e-01
1.666696696696689239e-01
3.895653653653650128e+00
0.000000000000000000e+00
6.306006006006112385e-02
9.150180180180202960e-01
1.000000000000002840e-03
1.412292292292281204e-01
5.000990990991013296e-01
6.555575575575569580e-01
3.910764764764761647e+00
6.212552552552477181e-01
2.116096096096073964e-01
7.455565565565591690e-01
2.578078078078109847e-01
5.163423423423355585e-01
3.812882882882827063e-01
0.000000000000000000e+00
3.111750750750767125e+00
1.345345345345330401e-01
2.129639639639624715e-01
0.000000000000000000e+00
4.844744744744727827e-02
0.000000000000000000e+00
6.651041041041102497e-01
8.767867867868082976e-02
3.459449449449474301e-01
4.979979979979973735e-03
7.819159159159145833e-01
6.042142142142106209e-01
9.975605605605675219e-01
7.845035035034906290e-01
1.046515515515513695e+00
9.498338338338297993e-01
8.562009009009017291e+00
2.172765465465466406e+01
8.360180180180188936e-01
5.548098098098193098e-01
3.577644644644612182e+00
1.631381381381372397e-01
1.410685685685677759e+00
0.000000000000000000e+00
1.760310310310325033e+00
7.006106106106081421e-01
0.000000000000000000e+00
7.277497497497460444e-01
4.150450450450458156e-02
0.000000000000000000e+00
1.976379379379398671e+00
1.231157257257256177e+01
1.419959959959973816e-01
5.813163163163068692e-01
8.391411411411218157e-01
1.469033033033039004e+00
5.480870870870843126e-01
6.729039039039034220e-01
3.907707707707820666e-02
6.510220220220243048e-01
2.344744744744718667e-02
7.841071071071071819e-01
1.119841841841841878e+00
7.356076076075952486e-01
8.007117117117177330e-01
2.303763763763777839e-01
1.968358358358340832e-01
7.843253253253174018e-01
8.133633633633698123e-02
2.057207207207220279e+00
1.597467467467469815e+00
3.493243243243191465e-01
1.540423423423408655e+00
2.993993993993999438e-03
2.361061061061074939e-01
2.408318318318348195e-01
6.867207207207199904e-01
1.015206206206219930e+00
2.993993993994003341e-03
6.090590590590544418e-01
7.341071071071112453e-01
2.166481581581580329e+01
1.865765765765759615e-02
2.452731731731727205e+00
3.380880880880762079e-02
1.272652652652677130e-01
2.788375375375342635e+00
1.032758758758743456e+00
7.017797797797895587e-01
8.967667667667511555e-02
1.314995695695695233e+01
1.283118118118118600e+00
7.933793793793717519e-01
6.120820820820758318e-02
1.993663663663645391e-01
5.434444444444421762e-01
1.079590590590595145e+00
2.006132132132121715e+00
0.000000000000000000e+00
1.997997997998000267e-03
2.459129129129175306e-01
5.208678678678627660e-01
7.931591591591599100e-01
1.757162162162164476e+00
9.674254254254122110e-01
7.409989989989974601e-01
2.252712712712738596e-01
0.000000000000000000e+00
0.000000000000000000e+00
9.708288288288251522e-01
7.865255255255142464e-01
1.022971971971957661e+00
6.957957957957890821e-03
9.946896896896895157e-01
2.537936936936928678e+00
1.699649649649677685e-01
7.441719719719811721e+00
8.831761761761741658e-01
1.143613613613615021e+00
6.877427427427271756e-01
1.959081081081101461e+00
8.329759759759843840e-01
0.000000000000000000e+00
6.646996996996943352e-01
1.091185185185181927e+00
2.912912912912958216e-02
7.491731731731714472e-01
6.748448448448444159e-01
9.052201201201222958e+00
2.046693693693700133e+00
4.166026026026029561e-01
4.791101101101162829e-01
4.987987987987934670e-03
1.977567567567588835e-01
0.000000000000000000e+00
2.333433433433477755e-01
6.558978978979026486e-01
1.376416416416417488e-01
3.270280280280277729e-01
7.260910910910803873e-01
3.441971971971994115e+00
5.875610610610605633e+00
4.448788788788815562e-01
0.000000000000000000e+00
1.769369369369375514e-02
4.420659659659686547e+00
5.035225225225326007e-01
8.554664664664554108e-01
8.582522522522511021e-01
0.000000000000000000e+00
4.671831831831823600e-01
8.198198198198065889e-02
1.000000000000011297e-03
4.772892892892949490e+00
8.434934934935007789e-01
7.486096096096206409e-01
2.584214214214278771e-01
9.251801801801824432e-01
2.208118118118107820e-01
8.162132132132262630e-01
1.805060060060063920e+00
7.287997997997986976e-01
5.224294294294268282e-01
1.000000000000005442e-03
8.876266266266318317e-01
3.612820820820826562e+00
6.554984984985011698e-01
5.083723723723608812e-01
0.000000000000000000e+00
1.193993993993988992e-02
6.578378378378287872e-01
1.071787787787782831e+00
3.104324324324379547e-01
1.464624624624635829e-01
1.762818818818836064e+00
1.317218618618617043e+01
1.108038038038035467e+00
1.352431431431445841e+00
1.332354354354357895e+00
2.081741741741759966e-01
2.314624624624602445e-01
1.607885385385388588e+01
1.150069769769778816e+01
5.536326326326338476e-01
6.521301301301360986e-01
1.105244244244249163e+00
7.204724724724732576e-01
8.020930930930997294e-01
2.315135135135117095e-01
0.000000000000000000e+00
1.575975975975985391e-02
6.059689689689765624e-01
4.295582582582569309e+00
8.421521521521496689e-01
9.799324324324325985e+00
5.184908908908888669e+00
2.635786786786757929e+00
5.603593593593509947e-01
2.669769769769809661e-02
8.601541541541540825e-01
6.359049049049106950e-01
0.000000000000000000e+00
1.634980580580588949e+01
4.213963963964020842e-01
3.006676676676712789e-01
7.269289289289296851e-01
8.954414414414515466e-01
7.551511511511497243e-01
7.953143143143148741e-01
1.197210210210219783e+00
1.000000000000008044e-03
0.000000000000000000e+00
1.022395995995995932e+01
6.221881881881856646e-01
1.000913913913914932e+01
1.631381381381375451e-01
5.537647647647657712e-01
0.000000000000000000e+00
6.961655655655627051e+00
0.000000000000000000e+00
2.633184184184185650e+00
0.000000000000000000e+00
4.089829829829736974e-01
6.240493493493505461e+00
7.134474474474491457e-01
7.361821821821802336e-01
1.641157057057055724e+01
1.023682682682679035e+00
9.670130130130066837e-01
6.969969969969868652e-03
6.630660660660639971e-01
0.000000000000000000e+00
8.650240240240312239e-01
4.698255255255277874e+00
1.486186186186135190e-02
6.210593593593580763e+00
2.391749649649649356e+01
6.748048048048049807e-01
0.000000000000000000e+00
8.271871871871854243e-01
1.145835435435437333e+01
1.245155155155152960e+00
5.824884884884928837e-01
1.267103303303301232e+01
0.000000000000000000e+00
4.016206206206154872e-01
0.000000000000000000e+00
8.103103103103023730e-02
1.287700800800800494e+01
1.262222222222192658e-01
2.004902902902903072e+00
1.382587587587591926e+00
8.529719719719712767e-01
4.173283283283236167e-01
2.023603603603639778e-01
1.654034034034021772e-01
5.243053053053007284e-01
1.642925925925920572e+00
7.731721721721676044e-01
8.540030030029994723e-01
2.439939939939869684e-02
3.104334334334352685e-01
3.243037037037039827e+00
9.161632632632629836e+00
6.515295295295265854e-01
5.775325325325364467e-01
9.808348348348273626e-01
1.997997997998013711e-03
1.896875475475474815e+01
7.060550550550585003e-01
3.497567567567569924e-01
1.292167167167173947e+00
4.986846846846829107e-01
6.662922922922847047e-01
1.222813813813822259e+00
5.024124124124081103e-02
3.514534534534572985e-01
0.000000000000000000e+00
3.662892892892859464e-01
1.005929929929949340e+00
1.938801701701702385e+01
1.645400900900900965e+01
7.663573573573488895e-01
2.408318318318347917e-01
7.722862862862740485e-01
6.029609609609590803e-01
8.657267267267320099e-01
2.125765765765735837e-01
9.204184184184217576e-01
0.000000000000000000e+00
1.213088088088088101e+00
7.236836836836787468e-01
7.404914914915041724e-01
6.761051051050953609e-01
1.020329329329341839e+00
2.446196196196235018e-01
2.171742742742743815e+01
6.792062062062098615e-01
2.397450450450427262e+00
6.848718718718660448e-01
9.372722722722738320e-01
5.264804804804732452e-01
6.630890890890878131e-01
5.977837837837880475e-01
2.428006006006000472e+00
7.535325325325427093e-01
6.771371371371388559e-01
7.676616616616529498e-01
0.000000000000000000e+00
4.859709709709786885e-01
5.615105105105212546e-01
9.134374374374204519e-01
7.543653653653551450e-01
1.110124124124133527e+00
1.631381381381374063e-01
1.997997997998028456e-03
1.559069069069055347e-01
0.000000000000000000e+00
5.468478478478503435e-01
0.000000000000000000e+00
1.359109109109089830e-01
7.460690690690698901e-01
7.525345345345314518e-01
3.006906906906892107e-02
1.205205205205212293e-01
2.268230230230241506e+00
6.401741741741799885e-01
3.278347347347374985e+00
0.000000000000000000e+00
0.000000000000000000e+00
8.675535535535578990e-01
3.987987987988040467e-03
0.000000000000000000e+00
5.595055055055079274e-01
1.582499499499472773e+00
0.000000000000000000e+00
7.893223223223150287e-01
7.061561561561469080e-01
1.024146146146144964e+00
7.943943943943876373e-03
7.943943943943879843e-03
