1.090673673673670852e+00
7.422652652652638183e-01
0.000000000000000000e+00
5.735785785785858515e-01
1.316194194194200806e+00
5.682622622622690578e-01
2.294934934934917403e-01
7.401461461461554814e-01
2.338498498498473299e-01
6.958148148147977885e-01
2.205365665665665631e+01
1.283273273273261295e-01
0.000000000000000000e+00
3.764204204204208426e-01
5.414564564564492422e-01
1.971001001001010833e+00
0.000000000000000000e+00
0.000000000000000000e+00
1.190110910910914477e+01
4.808318318318333118e-01
0.000000000000000000e+00
3.604264264264308015e-01
8.806986986986926613e-01
2.117957957957999349e-01
0.000000000000000000e+00
0.000000000000000000e+00
7.959229229229258795e-01
1.000000000000003707e-03
0.000000000000000000e+00
6.663323323323242509e-01
1.820995995995992489e+00
3.680280280280291000e-02
2.098048048048000991e-01
3.267227227227211261e-01
7.832332332332310187e-01
6.830540540540442906e-01
2.296230830830827685e+01
1.162303903903901769e+01
2.262012012011974382e-01
8.500810810810750517e-01
3.218744744744747699e+00
4.453313313313260746e-01
8.559829829829869174e-01
6.260060060060047560e-01
7.838448448448445127e-01
0.000000000000000000e+00
3.934934934934865569e-01
0.000000000000000000e+00
9.207947947947918710e-01
4.849509509509509542e+00
7.393703703703718988e-01
1.000000000000010863e-03
3.380880880880764855e-02
2.944444444444397901e-01
9.255955955955817993e-01
2.129639639639612780e-01
7.095405405405422750e-01
2.522582582582631461e-01
1.516979979979989457e+00
6.837607607607535387e-01
1.375234234234229191e+01
4.260540540540488919e-01
9.775262262262339519e+00
0.000000000000000000e+00
5.984924924924905909e-01
5.985985985986111424e-03
1.687839839839828215e+00
6.662972972972923680e-01
2.498498498498555320e-01
2.534934934934966744e-02
1.060035035035036488e+00
0.000000000000000000e+00
8.327907907907875495e-01
1.005340340340340699e+00
1.292392392392419619e-02
1.481961461461465390e+01
6.976146146146180449e-01
7.036666666666621106e-01
8.970736736736721895e+00
3.284784784784793854e-01
6.130530530530439171e-01
6.357297297297245242e-01
3.127727727727790813e-02
1.791435435435438928e+00
1.400870870870876583e+00
9.779599599599629878e-01
5.112452452452428409e-01
8.679679679679747073e-01
3.991301301301375393e-01
2.209799799799755937e-01
1.094594594594597639e-02
5.544424424424443387e-01
2.648148148148083900e-02
8.305375375375333435e-01
6.552742742742745374e-01
4.287327327327380977e-01
8.368728728728718202e-01
7.435935935935924501e-01
4.771111111111224212e-01
1.617885385385384822e+01
1.262724724724731962e+00
0.000000000000000000e+00
9.909909909909860731e-03
4.110065065065070300e+00
2.402402402402380455e-01
7.199349349349360994e-01
4.794294294294190739e-01
3.072612612612629079e-01
2.472222222222240362e-01
9.072652652652771765e-01
2.436826826826875847e-01
5.969969969969863427e-03
1.000000000000019103e-03
1.088938938938922796e+00
7.898728728728626747e-01
2.161761761761741424e-02
0.000000000000000000e+00
1.005419419419437022e+00
6.419319319319314321e-01
2.597048048048058444e+00
1.953827827827812280e+00
3.621171171171151393e-01
1.597377377377404151e-01
5.101161161161084090e-01
7.788128128128055661e-01
2.756816816816827220e-01
6.901161161161095681e-01
1.575975975976001350e-02
3.824538538538533761e+00
0.000000000000000000e+00
0.000000000000000000e+00
0.000000000000000000e+00
0.000000000000000000e+00
7.103313313313426303e-01
5.530070070070054467e-01
5.405655655655650094e+00
2.465255255255306144e-01
1.422064064064065159e+00
6.106066066065977127e-01
0.000000000000000000e+00
5.143123123123224394e-01
6.827647647647678841e-01
0.000000000000000000e+00
8.034224224224102429e-01
2.213213213213191533e-01
7.426726726726704531e-01
5.541601601601620075e-01
2.204574574574621193e-01
6.368118118118100135e-01
1.997997997997974246e-03
1.029170170170166987e+00
6.841591591591624777e-01
0.000000000000000000e+00
9.303413413413403887e-01
1.913147147147148175e+00
5.754284284284292283e-01
8.424954954954994024e-01
2.062077077077077547e+00
5.675415415415441256e-01
2.349349349349378127e-02
2.344744744744699586e-02
0.000000000000000000e+00
7.951051051051045981e-02
4.440973973973967759e+00
8.414414414414256305e-01
1.915010110110102914e+01
5.969969969969905060e-03
7.365745745745759798e-01
3.171545545545524813e+00
7.252162162162207881e-01
3.287687687687668864e-02
6.777877877877842572e-01
5.087557557557543797e-01
0.000000000000000000e+00
2.776086086086155813e-01
2.881204204204200536e+00
6.720260260260276786e-01
7.451351351351415131e-02
2.912912912912967930e-02
4.646396396396353934e-01
1.088988988988993933e-02
8.462252252252296936e-01
1.064084084084062076e-01
8.085705705705718005e-01
1.312962962962970770e-01
5.076946946946984118e-01
8.106366366366369869e-01
4.507257257257206162e-01
5.340010010010013408e-01
1.297207207207231872e-01
7.916706706706693186e-01
9.476986986986899453e-01
6.368478478478490912e-01
7.800140140140106038e-01
1.000000000000000238e-03
1.059785785785789525e+00
0.000000000000000000e+00
8.040490490490483921e-01
0.000000000000000000e+00
6.492495495495483659e+00
3.441759759759734028e+00
6.266826826826823460e-01
5.933433433433482618e-02
0.000000000000000000e+00
7.569349349349371314e-01
0.000000000000000000e+00
1.326604604604603388e+00
1.000000000000002623e-03
4.979979979979970266e-03
1.760070070070094694e-01
1.798077577577580044e+01
2.465255255255306421e-01
1.427717717717736368e-01
3.013813813813798759e-01
8.500600600600609624e-01
1.472225225225224321e+01
7.760851851851862548e+00
8.168907907907955845e+00
2.732702702702733411e-01
6.288348348348362649e-01
4.591841841841854399e-01
2.388468468468452344e-01
1.610246246246230140e+00
0.000000000000000000e+00
6.279578578578578707e+00
5.818128128128110532e-01
9.247697697697701003e-01
3.597177177177205420e-01
2.172991991991999772e+00
5.148088088088059733e-01
0.000000000000000000e+00
3.017167167167146280e-01
8.115675675675605438e-01
8.412272272272437457e-01
2.706186186186170239e+00
1.392829829829817623e+00
2.977892892892882948e+00
7.164904904904937366e-01
6.433293293293220749e-01
4.150260260260221212e-01
5.284394394394382743e-01
4.570750750750767200e-01
0.000000000000000000e+00
1.458168168168182399e-01
7.904294294294199608e-01
8.790550550550575437e-01
6.147984984984985246e+00
7.079209209209285092e-01
3.412882882882868896e-01
5.092342342342354167e-01
7.458948948948976865e-01
7.852842842842814308e-01
1.180690690690710254e-01
1.672772772772786187e-02
2.185345345345396095e-01
3.259265265265247624e+00
4.494844844844874121e-01
1.528527527527536733e+00
1.292334334334349411e+00
8.380730730730653333e-01
0.000000000000000000e+00
0.000000000000000000e+00
5.982432432432523983e-01
2.602374374374338384e+00
1.327501401401402248e+01
6.536596596596658815e-01
2.025380380380376710e+00
6.055875875875917913e-01
3.660370370370375492e-01
5.976716716716582445e-01
7.685975975975866126e-01
2.231445445445448872e+00
0.000000000000000000e+00
2.333372372372359393e+00
0.000000000000000000e+00
1.997997997998008941e-03
9.879109109109160958e-01
9.009009009009127933e-02
1.000000000000010212e-03
1.011357357357357323e+00
7.378928928928860653e-01
5.429508508508511966e+00
6.260450450450508741e-01
6.097557557557573560e-01
1.940499499499496405e+00
8.202242242242206993e-01
7.685032032032056648e+00
7.825525525525577342e-01
8.236796796796812536e-01
2.406366366366317899e-01
7.364754754754736510e-01
4.988179179179176082e+00
8.762902902902857116e-01
0.000000000000000000e+00
9.652992992993019161e-01
6.144884884884855847e-01
2.409088088088079171e+00
2.739339339339387502e-02
8.221331331331210857e-01
9.877777777777903279e-02
6.627297297297266576e-01
5.964474474474381616e-01
4.023753753753711582e-01
5.881621621621486717e-01
0.000000000000000000e+00
7.014844844844841942e-01
4.934534534534557731e-02
2.178178178178129254e-01
7.048508508508422032e-01
6.300010010010057560e-01
0.000000000000000000e+00
1.997997997998016313e-03
7.458158158158222362e-01
4.686106106106129321e-01
0.000000000000000000e+00
0.000000000000000000e+00
6.131271271271330203e-01
9.704294294294368850e-01
8.905965965965974007e-01
0.000000000000000000e+00
1.372943943943934375e+00
2.744484484484498998e-01
2.523574574574578566e+00
1.608772772772793402e+00
2.164963963963959959e+00
6.670910910910894387e-01
5.038428428428390227e+00
6.746646646646645706e-01
6.514704704704633587e-01
0.000000000000000000e+00
6.606366366366323017e-01
7.735225225225237367e-01
8.402952952952903454e-01
1.384384384384388170e-02
8.190150150150175001e-01
3.511561561561588052e-01
1.124714714714699498e-01
5.434304304304315991e-01
4.870550550550478142e-01
1.102342342342354370e-01
8.439289289289354512e-01
0.000000000000000000e+00
2.629729729729756577e-02
2.534934934935017745e-02
0.000000000000000000e+00
2.100681081081086177e+01
6.386736736736701170e-01
6.716503503503508554e+00
2.971611611611584269e-01
9.953853853853915634e-01
1.162116116116104214e+00
1.028958958958957615e+00
1.997997997998018482e-03
4.337087087087107551e-01
6.969969969969900744e-03
2.465635635635615941e+00
1.997997997997972945e-03
1.114256256256240141e+00
8.501331331331316576e-01
0.000000000000000000e+00
1.464624624624636384e-01
3.566666666666713087e-02
0.000000000000000000e+00
1.684784784784759126e-01
0.000000000000000000e+00
3.912772772772731278e-01
3.273053053053088801e-01
1.038104104104095704e+00
1.265115415415416678e+01
2.018018018017976867e-01
8.848448448448290038e-02
0.000000000000000000e+00
1.956346346346365672e-01
1.000000000000002189e-03
7.811241241241277944e-01
0.000000000000000000e+00
6.784934934935016315e-01
2.485675675675643459e-01
7.125665665665649184e-01
5.782532532532577152e-01
3.347936936936939389e+00
9.025735735735809229e-01
0.000000000000000000e+00
2.993993993994000739e-03
5.794884884884793363e-01
5.455395395395455926e-01
4.000270270270246398e-01
1.036151151151156080e+00
5.557457457457521538e-02
3.545336336336326610e+00
1.091193093093093047e+01
5.744254254254262948e-01
2.022412412412388227e-01
5.278938938938911862e-01
7.162252252252422347e-01
8.460060060060012876e-01
6.415345345345495609e-01
1.700810810810775564e-01
7.537037037036968812e-01
1.470627627627631995e+00
7.107777777777843919e-01
8.692752752752900269e-01
1.026769069069069751e+01
4.038578578578564948e-01
1.428357457457456192e+01
7.166016016016009127e-01
4.858098098098065920e-01
2.060794794794786888e+00
6.847507507507489821e-01
7.290400400400389724e-01
0.000000000000000000e+00
1.619966966966966293e+00
1.781921921921939544e-01
6.352742742742749638e-01
9.157112112112105962e+00
1.037883883883871761e+00
1.079304404404406093e+01
9.397457457457514263e-01
1.425585585585593118e-01
9.781771771771737845e-01
7.143763763763697483e-01
9.088358358358400446e-01
7.943943943943878108e-03
2.392142142142116290e-01
1.449852152152148399e+01
1.255074074074089108e+00
2.832491491491455626e+00
2.993993993993999871e-03
6.211001001000970856e-01
4.465635635635705758e-01
1.965506506506496942e+00
1.000000000000006309e-03
7.029429429429315257e-02
0.000000000000000000e+00
1.320118118118124739e+00
7.489869869869840713e-01
1.225185185185205389e-01
4.294514514514486514e+00
4.297217217217176310e-01
8.955955955956020759e-03
2.402402402402380455e-01
7.713373373373400010e-01
1.052142142142137526e+00
1.559261561561564946e+01
2.423738738738721921e+00
0.000000000000000000e+00
0.000000000000000000e+00
1.220690690690680452e-01
2.155430430430433031e+00
9.038048048048218375e-01
0.000000000000000000e+00
4.202012012012076858e-01
6.337317317317330279e-01
6.925135135135087605e-01
5.407267267267259481e-01
8.522242242242167309e-01
1.140415415415414246e+00
8.900700700700812096e-01
7.351961961961936964e-01
0.000000000000000000e+00
0.000000000000000000e+00
8.840790790790769016e-01
7.898898898898829013e-02
0.000000000000000000e+00
2.103813813813847633e-01
1.528088088088102037e-01
1.185975975975984559e-01
9.053413413413553545e-01
7.416476476476406843e-01
7.354464464464570694e-01
2.152462462462513548e-01
0.000000000000000000e+00
2.581381381381360196e-01
1.430324324324323548e+00
8.591541541541574123e-01
1.339082082082084346e+00
4.229729729729745369e-01
3.196576576576574125e-01
2.876096096096111276e-01
6.903983983983998929e-01
8.490640640640730874e-01
1.608422022022018538e+01
7.130950950950950551e-01
6.296406406406447331e-01
5.118508508508554655e-01
9.025075075074920905e-01
1.930624624624624142e+00
4.041901901901956973e-01
3.750850850850863116e-01
0.000000000000000000e+00
7.889039039039101864e-01
2.826716716716734523e-01
1.003605605605590867e+00
1.836196196196164254e-01
1.000000000000012164e-03
2.993993993994002473e-03
6.951901901901951231e-01
2.993993993994003341e-03
0.000000000000000000e+00
4.091971971971967714e-01
4.561253253253245710e+00
9.677387387387317297e-01
5.186932932932907470e+00
0.000000000000000000e+00
1.930720720720673078e-01
8.226126126126115379e-01
3.993993993993961295e-03
8.773123123123122147e-01
8.734524524524485134e-01
0.000000000000000000e+00
1.072412412412402372e+00
1.212423923923924818e+01
4.065185185185276051e-01
6.717507507507545217e-01
2.280535535535536340e+00
8.015555555555573530e-01
7.434174174174056349e-01
8.558258258258185647e-01
0.000000000000000000e+00
5.016726726726778995e-01
1.404340340340362259e+00
3.841021021020979420e-01
1.286205205205208202e+00
7.129349349349233256e-01
2.036055055055050467e+00
0.000000000000000000e+00
7.325635635635550091e-01
4.664564564564464139e-02
6.695925925925938493e-01
2.055751751751730971e+00
8.547785785785825041e+00
2.578919919919899328e+00
3.099069069069066429e-01
0.000000000000000000e+00
3.840683683683667304e+00
7.427377377377423207e-01
3.888748748748752648e-01
6.408519519519540353e+00
6.563973973973998843e-01
1.769369369369379677e-02
8.153343343343314453e-01
7.213073073073199559e-01
0.000000000000000000e+00
8.428538538538552505e-01
2.344744744744707218e-02
1.021352352352344450e+00
0.000000000000000000e+00
7.315465465465360584e-01
5.607227227227290500e-01
1.997997997998005471e-03
3.660105105105101675e+00
3.287687687687649435e-02
2.128378378378390057e+00
7.097837837837843722e-01
9.248348348348393866e-02
8.136846846846811365e-01
0.000000000000000000e+00
1.075165165165153924e+00
3.943583583583559204e-01
2.814126826826820249e+01
6.808398398398330942e-01
4.671717717717703167e+00
2.816827827827789843e+00
7.091011011011002507e-01
0.000000000000000000e+00
6.562832832832838914e-01
1.052675675675685207e+00
6.600520520520543055e-01
9.283713713713737103e-01
2.209799799799755660e-01
7.530764764764763086e+00
6.946686686686684986e-01
8.198198198198057562e-02
9.593183183183161544e-01
7.417127127127096653e-01
6.066066066066068407e-02
1.942429029029027987e+01
9.027187187187282191e-01
5.928288288288245944e-01
1.360962962962960932e+00
7.207707707707758926e-01
5.464933933933926014e+00
0.000000000000000000e+00
1.000000000000007610e-03
7.443063063063090068e-01
2.967097097097144420e-01
1.499756456456454323e+01
8.263083083083014868e-01
1.478978978979001921e-02
5.641991991991943678e-01
8.772402402402401655e-01
0.000000000000000000e+00
2.445721721721701769e+00
1.618164764764766872e+01
5.654884884884848750e-01
2.033223223223177833e-01
1.405795795795818925e-01
2.678470470470466491e+00
4.664564564564461363e-02
2.015805205205202100e+01
0.000000000000000000e+00
6.389049049048984852e-01
0.000000000000000000e+00
7.845945945945967948e-01
2.491601601601629024e-01
0.000000000000000000e+00
7.231891891891976121e-01
1.930720720720672801e-01
1.235634334334333140e+01
2.412162162162189982e-01
6.759219219219289032e-01
2.502492492492470744e-01
1.666456456456440194e-01
3.980960960961005823e-01
8.700010010009990857e-01
1.896576576576559092e-01
1.463907907907897155e+00
1.000000000000005008e-03
7.979639639639645177e-01
7.393923923923919617e-01
1.734626626626627921e+00
7.102762762762694360e-01
1.213449449449456985e+00
7.227757757757783397e-01
1.000000000000010429e-03
5.924984984984946745e-01
5.733633633633595378e-02
2.885795795795727536e-01
1.689159459459457580e+01
2.071630830830834569e+01
5.808768768768757251e-01
7.627427427427355133e-02
6.714464464464436899e-01
1.949055655655652330e+01
8.853913913913870060e-01
8.449559559559675082e-01
2.551891891891917008e-01
7.341081081080953474e-01
1.353833833833848477e-01
7.669219219219330919e-01
2.466770570570565013e+01
1.644474474474476589e-01
2.993993993994000305e-03
1.041131131131116883e+00
1.376311711711708519e+01
5.363363363363384817e-01
9.152862862862983784e-01
1.365675675675691314e-01
1.657103103103087838e+00
1.471061061061074149e-01
0.000000000000000000e+00
1.483873873873866600e-01
7.378026026026011763e+00
1.657128128128120270e+00
2.950271771771780394e+01
0.000000000000000000e+00
4.725065065065028325e-01
7.006306306306309128e-01
5.317507507507589493e-01
5.202702702702721033e-02
6.944194194194209802e-01
7.166556556556470392e-01
1.674104104104121582e-01
3.832173173173178959e+00
0.000000000000000000e+00
5.920220220220282631e-02
9.086486486486415881e-01
1.000000000000002840e-03
1.378408408408390851e-01
4.982412412412384750e-01
6.440750750750877662e-01
3.864179179179186185e+00
6.161761761761710421e-01
2.139639639639610569e-01
7.305325325325316976e-01
2.578078078078109847e-01
5.049269269269344163e-01
3.689689689689608643e-01
0.000000000000000000e+00
3.087142142142147438e+00
1.352142142142136183e-01
2.110070070070094728e-01
0.000000000000000000e+00
4.483583583583646004e-02
0.000000000000000000e+00
6.571721721721797138e-01
9.168768768768593980e-02
3.460310310310304449e-01
8.927927927927951923e-03
7.746886886886737988e-01
6.001541541541558500e-01
9.964794794794895605e-01
7.904254254254349243e-01
1.026570570570567664e+00
9.572472472472505212e-01
8.546253253253276227e+00
2.148493993993984930e+01
8.331871871871958657e-01
5.522992992993041028e-01
3.500951951951940533e+00
1.643153153153159851e-01
1.375582582582574709e+00
0.000000000000000000e+00
1.720988988988959356e+00
6.960770770770725591e-01
0.000000000000000000e+00
7.237377377377379739e-01
4.334634634634671607e-02
0.000000000000000000e+00
1.951911911911929032e+00
1.208293693693697435e+01
1.433733733733721094e-01
5.837307307307213478e-01
8.418068068068161880e-01
1.449340340340353528e+00
5.407027027027049293e-01
6.634284284284157618e-01
3.623923923924002310e-02
6.352862862862921345e-01
1.769369369369416106e-02
7.764434434434429599e-01
1.104125125125134499e+00
7.342462462462537864e-01
7.820090090090009438e-01
2.246596596596627526e-01
1.930720720720673356e-01
7.835945945945919089e-01
7.802102102102258241e-02
2.002458458458455492e+00
1.564392392392392805e+00
3.566986986986946384e-01
1.525810810810819484e+00
2.993993993993999438e-03
2.363513513513476050e-01
2.412162162162190815e-01
6.797837837837952257e-01
1.005685685685694386e+00
2.993993993994003341e-03
5.851871871871929809e-01
7.348378378378306319e-01
2.123177077077089692e+01
1.769369369369400147e-02
2.419353353353364433e+00
3.380880880880759998e-02
1.243193193193163903e-01
2.768427427427431642e+00
1.014460460460450797e+00
6.981141141141181672e-01
8.380180180180328564e-02
1.312792692692696761e+01
1.287978978978986611e+00
7.888078078078130106e-01
6.208408408408345319e-02
1.992952952952924128e-01
5.480550550550478128e-01
1.067993993993993085e+00
2.022748748748756764e+00
0.000000000000000000e+00
1.997997997998000267e-03
2.465715715715681156e-01
5.259119119119047836e-01
7.812152152152164186e-01
1.764241241241230052e+00
9.623333333333362605e-01
7.405915915916062575e-01
2.223303303303332257e-01
0.000000000000000000e+00
0.000000000000000000e+00
9.739009009009069739e-01
7.819769769769822076e-01
1.012178178178183119e+00
5.969969969970007409e-03
9.806236236236149928e-01
2.485460460460440668e+00
1.629739739739753390e-01
7.275590590590570450e+00
8.763073073073222030e-01
1.149908908908911620e+00
6.754904904904848184e-01
1.910173173173166372e+00
8.128508508508627273e-01
0.000000000000000000e+00
6.750960960960978863e-01
1.069435435435440729e+00
3.006906906906893842e-02
7.524514514514499819e-01
6.746646646646623502e-01
8.838387387387367511e+00
2.005879879879871375e+00
4.004194194194261036e-01
4.688438438438403133e-01
2.997997997998058401e-03
1.982142142142147290e-01
0.000000000000000000e+00
2.340540540540582415e-01
6.510970970970889615e-01
1.410970970971003879e-01
3.273503503503580325e-01
7.022942942942860256e-01
3.371539539539524455e+00
5.816335335335268475e+00
4.440350350350384945e-01
0.000000000000000000e+00
1.672772772772769187e-02
4.311517517517514442e+00
5.070410410410439717e-01
8.466356356356380397e-01
8.464524524524503768e-01
0.000000000000000000e+00
4.662322322322247081e-01
7.868268268268169274e-02
1.000000000000011297e-03
4.680052052052073641e+00
8.236446446446418213e-01
7.341371371371308019e-01
2.561351351351412453e-01
9.156546546546603382e-01
2.184814814814758366e-01
8.083473473473388182e-01
1.759710710710719939e+00
7.234264264264279598e-01
5.199179179179087562e-01
1.000000000000005442e-03
9.246716716716608664e-01
3.513822822822824321e+00
6.463233233233263153e-01
4.928268268268243824e-01
0.000000000000000000e+00
1.193993993993988992e-02
6.489329329329340812e-01
1.052518518518513080e+00
3.020770770770734304e-01
1.483873873873865767e-01
1.726185185185191262e+00
1.302102102102104375e+01
1.086712712712720963e+00
1.294180180180175777e+00
1.309339339339329111e+00
2.023853853853888607e-01
2.311871871871918616e-01
1.560730830830826399e+01
1.138187187187181415e+01
5.470770770770804203e-01
6.513093093093071939e-01
1.101762762762754422e+00
6.973833833833902318e-01
8.092012012012140820e-01
2.306846846846838939e-01
0.000000000000000000e+00
1.381781781781785470e-02
6.126626626626554550e-01
4.290308308308310004e+00
7.973763763763768164e-01
9.654155155155160983e+00
5.099449449449432237e+00
2.597975975975966634e+00
5.506066066066014342e-01
2.669769769769809661e-02
8.540330330330387909e-01
6.320480480480608065e-01
0.000000000000000000e+00
1.603735435435429935e+01
4.215765765765733253e-01
2.976206206206259974e-01
7.259049049049055569e-01
8.738288288288273975e-01
7.551261261261233981e-01
7.777797797797749713e-01
1.206112112112099011e+00
1.000000000000008044e-03
0.000000000000000000e+00
1.018259659659660521e+01
6.163023023022935476e-01
9.835201201201220655e+00
1.577417417417432965e-01
5.476016016016118648e-01
0.000000000000000000e+00
6.852683683683643778e+00
0.000000000000000000e+00
2.631941941941942531e+00
0.000000000000000000e+00
4.080390390390420952e-01
6.194080080080143880e+00
7.073733733733773565e-01
7.312942942942948221e-01
1.617764564564564012e+01
1.025902902902909863e+00
9.532832832832879300e-01
3.987987987988026589e-03
6.567477477477480230e-01
0.000000000000000000e+00
8.565905905905847328e-01
4.677263263263251147e+00
1.388388388388397607e-02
6.130788788788808397e+00
2.367730430430435007e+01
6.770810810810875546e-01
0.000000000000000000e+00
8.078918918918850389e-01
1.132831931931931635e+01
1.205671671671677325e+00
5.742912912912914170e-01
1.262532332332328444e+01
0.000000000000000000e+00
3.941771771771832023e-01
0.000000000000000000e+00
7.756356356356426673e-02
1.279701501501501859e+01
1.262222222222191270e-01
2.001532532532539044e+00
1.338636636636634902e+00
8.539319319319185198e-01
4.075495495495529696e-01
2.041141141141126214e-01
1.642102102102123984e-01
5.274314314314235697e-01
1.635485485485482560e+00
7.783533533533651960e-01
8.464764764764871607e-01
2.153753753753778061e-02
3.065655655655667999e-01
3.247036036036032858e+00
8.933888888888878554e+00
6.357867867867876832e-01
5.790420420420457903e-01
9.761811811811808015e-01
2.993993993994001172e-03
1.882094294294300951e+01
6.862252252252327711e-01
3.512062062061993006e-01
1.271253253253243232e+00
4.989119119119140300e-01
6.524264264264231228e-01
1.232406406406399535e+00
4.934534534534577854e-02
3.481781781781772001e-01
0.000000000000000000e+00
3.623603603603547385e-01
1.019229229229228650e+00
1.892107107107104724e+01
1.631956656656657856e+01
7.649139139139102817e-01
2.419609609609641998e-01
7.680470470470479594e-01
6.044624624624553855e-01
8.603113113113026733e-01
2.117957957958005177e-01
9.244354354354428205e-01
0.000000000000000000e+00
1.207475475475473514e+00
7.274014014013976404e-01
7.367427427427318820e-01
6.719509509509501433e-01
1.015605605605616857e+00
2.433543543543555399e-01
2.180489089089088495e+01
6.678778778778738934e-01
2.360620620620617505e+00
6.804634634634670887e-01
9.336086086086097247e-01
5.171841841841787746e-01
6.546336336336345818e-01
5.958948948948931124e-01
2.377608608608630547e+00
7.425645645645515547e-01
6.726986986987015804e-01
7.725075075075068520e-01
0.000000000000000000e+00
4.800370370370411477e-01
5.567507507507524211e-01
8.899799799799618105e-01
7.566146146146074392e-01
1.076401401401401614e+00
1.583493493493518256e-01
2.993993993994002040e-03
1.540540540540567271e-01
0.000000000000000000e+00
5.406766766766769594e-01
0.000000000000000000e+00
1.325435435435419196e-01
7.526306306306231875e-01
7.610250250250317761e-01
2.912912912912961685e-02
1.240990990991015785e-01
2.254445445445431684e+00
6.394014014013941205e-01
3.239134134134109555e+00
0.000000000000000000e+00
0.000000000000000000e+00
8.535495495495565299e-01
2.993993993994003341e-03
0.000000000000000000e+00
5.456596596596512416e-01
1.549962962962973645e+00
0.000000000000000000e+00
7.822172172172000559e-01
7.173593593593650120e-01
9.982082082082104346e-01
8.927927927927950189e-03
6.957957957957772860e-03
