1.073976976976989794e+00
7.345925925926047872e-01
0.000000000000000000e+00
5.733353353353394244e-01
1.285089089089101577e+00
5.619519519519460271e-01
2.277277277277318934e-01
7.138578578578594902e-01
2.317357357357358316e-01
6.692262262262224093e-01
2.100783883883880421e+01
1.205205205205212293e-01
0.000000000000000000e+00
3.672262262262241950e-01
5.106656656656567428e-01
1.929213213213216482e+00
0.000000000000000000e+00
0.000000000000000000e+00
1.159272772772772697e+01
4.593823823823833252e-01
0.000000000000000000e+00
3.582702702702765252e-01
8.567827827827770859e-01
2.133493493493528459e-01
0.000000000000000000e+00
0.000000000000000000e+00
7.984694694694773887e-01
1.000000000000003707e-03
0.000000000000000000e+00
6.679119119119201198e-01
1.749717717717739651e+00
3.306306306306260739e-02
2.140970970970947351e-01
3.070010010010008061e-01
7.541911911912018152e-01
6.613873873873832299e-01
2.224982882882888546e+01
1.123663063063065692e+01
2.262012012011974660e-01
8.397067067067036650e-01
3.134049049049033364e+00
4.209799799799730513e-01
8.341321321321356619e-01
6.216516516516489288e-01
7.770640640640696928e-01
0.000000000000000000e+00
3.883363363363427911e-01
0.000000000000000000e+00
8.954104104104190220e-01
4.628127127127131146e+00
6.858808808808775082e-01
0.000000000000000000e+00
2.912912912912983890e-02
2.652872872872932275e-01
8.779179179179320558e-01
1.939909909909950103e-01
7.058868868868830582e-01
2.324314314314279151e-01
1.466449449449443332e+00
6.790810810810780085e-01
1.337709209209213057e+01
4.128728728728691122e-01
9.512903903903856317e+00
0.000000000000000000e+00
5.849449449449444227e-01
7.973973973974325322e-03
1.655718718718734328e+00
6.570350350350261381e-01
2.491601601601628746e-01
2.249349349349375957e-02
1.021260260260272057e+00
0.000000000000000000e+00
8.143903903903880748e-01
9.652272272272360842e-01
1.193993993993977890e-02
1.394353353353356084e+01
6.576416416416457356e-01
7.127657657657758827e-01
8.703274274274299671e+00
3.327397397397401368e-01
6.115105105105134164e-01
6.366116116116140589e-01
3.127727727727774854e-02
1.765023023023006177e+00
1.332626626626633337e+00
9.666206206206077178e-01
5.156096096095991177e-01
8.444904904905019549e-01
3.837167167167140347e-01
2.199439439439483668e-01
1.094594594594603190e-02
5.182562562562488262e-01
2.747347347347388336e-02
7.985865865865883206e-01
6.134924924924937129e-01
4.240430430430464637e-01
8.307097097097119187e-01
7.330840840840864292e-01
4.440900900900972559e-01
1.568000700700696548e+01
1.194948948948937550e+00
0.000000000000000000e+00
8.927927927927953658e-03
4.038389389389396733e+00
2.385745745745713464e-01
7.102652652652630128e-01
4.799479479479510369e-01
2.870790790790768710e-01
2.486486486486459702e-01
8.832862862862954634e-01
2.454684684684657059e-01
3.987987987988025722e-03
1.000000000000019103e-03
1.069579579579599704e+00
7.531471471471389290e-01
2.161761761761743159e-02
0.000000000000000000e+00
9.785275275275301388e-01
6.217077077077127756e-01
2.490802802802803750e+00
1.924435435435444930e+00
3.415315315315297084e-01
1.557587587587594968e-01
5.011311311311305028e-01
7.585105105105068857e-01
2.730720720720704042e-01
6.791081081081050685e-01
1.381781781781803511e-02
3.737400400400386236e+00
0.000000000000000000e+00
0.000000000000000000e+00
1.000000000000006526e-03
0.000000000000000000e+00
6.993303303303359808e-01
5.278468468468512365e-01
5.114369369369352825e+00
2.450610610610673146e-01
1.334853853853857242e+00
5.979369369369379461e-01
0.000000000000000000e+00
5.034574574574671724e-01
6.506256256256337522e-01
0.000000000000000000e+00
7.673893893893847240e-01
2.213213213213191533e-01
7.241621621621580074e-01
5.326516516516577315e-01
2.175605605605630821e-01
6.262232232232294304e-01
1.997997997997974246e-03
9.874294294294339025e-01
6.698248248248223069e-01
0.000000000000000000e+00
9.393023023023112650e-01
1.829692692692677980e+00
5.683783783783888932e-01
8.242502502502695449e-01
2.011630630630610650e+00
5.549099099099179533e-01
2.349349349349381944e-02
2.153753753753778408e-02
0.000000000000000000e+00
7.367367367367275155e-02
4.261377377377400855e+00
8.138798798798739798e-01
1.831506506506511656e+01
5.969969969969905060e-03
7.116256256256328072e-01
3.015110110110093888e+00
7.157627627627555222e-01
3.194294294294310749e-02
6.558898898898883889e-01
4.924074074074182850e-01
0.000000000000000000e+00
2.534794794794821837e-01
2.826733733733727050e+00
6.679899899899895965e-01
6.773873873873945128e-02
2.344744744744730811e-02
4.347857857857862496e-01
9.909909909909865935e-03
8.341051051051029397e-01
1.109729729729720810e-01
7.774714714714680008e-01
1.204184184184166895e-01
5.055985985986050091e-01
7.996496496496560136e-01
4.369939939940040707e-01
5.247837837837809882e-01
1.276276276276301913e-01
7.515425425425411587e-01
9.347347347347384483e-01
6.367567567567556930e-01
7.781891891891959956e-01
1.000000000000000238e-03
1.007140140140126094e+00
0.000000000000000000e+00
7.797747747747817426e-01
1.000000000000008911e-03
6.236082082082088363e+00
3.333095095095090166e+00
6.101051051051047391e-01
5.845445445445530269e-02
0.000000000000000000e+00
7.495795795795709981e-01
0.000000000000000000e+00
1.291032032032020771e+00
0.000000000000000000e+00
3.987987987988050875e-03
1.628968968968972364e-01
1.738688488488488559e+01
2.479439439439473369e-01
1.193243243243234664e-01
2.986166166166164815e-01
8.189129129129046891e-01
1.412848748748747418e+01
7.261721721721698053e+00
7.797357357357335594e+00
2.363713713713677389e-01
6.175135135135012554e-01
4.514454454454495114e-01
2.398238238238280251e-01
1.567838838838833126e+00
0.000000000000000000e+00
6.184211211211215975e+00
5.652042042042092485e-01
9.149459459459554633e-01
3.408038038038085360e-01
2.107190190190185941e+00
5.065045045045103445e-01
0.000000000000000000e+00
2.924594594594585040e-01
7.881591591591673440e-01
7.948808808808704995e-01
2.533195195195198313e+00
1.398500500500491350e+00
2.803609609609594155e+00
6.866726726726746222e-01
6.278878878878880743e-01
4.201671671671731167e-01
5.250290290290360318e-01
4.371191191191259318e-01
0.000000000000000000e+00
1.432142142142128760e-01
7.743053053052924017e-01
8.553343343343366989e-01
5.889184184184175663e+00
7.037907907907940963e-01
3.367957957957945503e-01
5.109549549549577963e-01
7.386616616616632491e-01
7.792942942942835405e-01
1.176766766766747657e-01
1.575975975975992677e-02
2.192432432432486478e-01
3.106388388388378718e+00
4.408078078078077611e-01
1.455950950950946732e+00
1.259165165165157418e+00
8.096166166166189893e-01
0.000000000000000000e+00
0.000000000000000000e+00
5.824264264264231716e-01
2.539224224224202242e+00
1.253135235235233758e+01
6.264324324324278548e-01
1.941607607607623631e+00
5.946776776776733220e-01
3.336486486486506808e-01
5.846216216216231221e-01
7.391851851851986011e-01
2.099758758758753618e+00
0.000000000000000000e+00
2.231868868868859046e+00
0.000000000000000000e+00
1.997997997998008941e-03
9.533523523523548260e-01
9.564664664664593308e-02
1.000000000000018886e-03
9.866606606606513896e-01
6.963423423423505954e-01
5.187389389389393202e+00
6.134044044044075772e-01
5.579049049048978581e-01
1.851057057057049482e+00
7.968308308308281740e-01
7.594870870870837898e+00
7.605065065064947616e-01
7.992972972972893775e-01
2.383573573573510296e-01
7.224734734734779007e-01
4.880671671671667156e+00
8.296616616616501183e-01
0.000000000000000000e+00
9.347507507507637481e-01
6.033283283283331633e-01
2.373018018018008046e+00
1.775775775775759180e-02
7.904844844844827190e-01
8.524924924925141034e-02
6.600540540540459356e-01
5.886946946946921555e-01
3.971081081081073716e-01
5.453163163163176064e-01
0.000000000000000000e+00
6.920620620620562269e-01
4.764564564564624516e-02
2.216606606606592866e-01
7.074174174174120422e-01
6.076306306306245020e-01
0.000000000000000000e+00
1.997997997998016313e-03
7.319609609609623035e-01
4.691691691691768917e-01
0.000000000000000000e+00
0.000000000000000000e+00
6.101451451451296304e-01
9.425645645645720494e-01
8.676326326326403438e-01
0.000000000000000000e+00
1.314425425425417515e+00
2.576606606606650085e-01
2.435418418418418884e+00
1.559690690690688442e+00
2.182179179179189799e+00
6.406356356356313064e-01
4.742528528528502818e+00
6.636786786786740278e-01
6.235185185185165846e-01
0.000000000000000000e+00
6.433493493493511739e-01
7.618168168168205634e-01
8.112062062062074252e-01
9.909909909909864201e-03
7.759069069069199909e-01
3.435635635635654328e-01
1.087327327327339277e-01
5.337327327327254789e-01
4.768868868868825772e-01
1.049439439439451838e-01
8.190730730730626519e-01
0.000000000000000000e+00
2.534934934934984091e-02
1.865765765765801248e-02
0.000000000000000000e+00
2.044121921921928475e+01
6.336446446446368785e-01
6.455154154154143065e+00
2.838148148148145200e-01
9.349729729729638894e-01
1.162217217217223375e+00
9.793903903903825592e-01
1.997997997998018482e-03
4.066056056055944445e-01
6.969969969969900744e-03
2.404331331331333921e+00
1.000000000000000021e-03
1.092258258258264947e+00
8.301761761761738967e-01
0.000000000000000000e+00
1.392502502502500628e-01
3.287687687687627230e-02
0.000000000000000000e+00
1.670660660660661101e-01
0.000000000000000000e+00
3.913663663663645709e-01
3.036376376376349606e-01
1.009940940940946774e+00
1.193746246246243459e+01
2.018018018017979642e-01
7.367367367367251563e-02
0.000000000000000000e+00
1.911781781781756173e-01
0.000000000000000000e+00
7.495485485485500199e-01
0.000000000000000000e+00
6.690280280280186398e-01
2.478468468468436881e-01
6.934324324324396827e-01
5.690760760760722459e-01
3.300705705705725634e+00
8.787567567567536875e-01
0.000000000000000000e+00
2.993993993994000739e-03
5.715865865865976669e-01
5.160220220220314014e-01
3.828818818818858771e-01
9.972202202202139487e-01
5.202702702702721033e-02
3.350604604604618508e+00
1.041773273273272338e+01
5.714734734734722155e-01
1.954394394394352030e-01
5.042592592592669565e-01
7.060810810810920213e-01
8.062972972972956009e-01
6.249789789789719219e-01
1.601601601601573832e-01
7.473863863863784429e-01
1.435760760760760979e+00
7.071861861861818976e-01
8.278978978978904779e-01
1.012179279279276578e+01
3.803793793793789901e-01
1.380688388388391274e+01
7.103213213213220856e-01
4.519259259259172934e-01
1.984988988988991343e+00
6.459919919919940856e-01
7.004744744744756391e-01
0.000000000000000000e+00
1.599947947947950588e+00
1.833463463463434195e-01
6.364174174174062060e-01
8.847349349349372005e+00
1.025180180180178091e+00
1.015174274274273181e+01
9.300790790790937068e-01
1.445195195195185245e-01
9.601821821821743264e-01
6.708178178178293427e-01
8.735165165165076351e-01
3.987987987988044804e-03
2.370120120120149942e-01
1.406598798798797567e+01
1.185547547547538105e+00
2.730945945945947972e+00
2.993993993993999871e-03
6.056996996997014993e-01
4.258298298298330287e-01
1.873142142142139033e+00
1.000000000000013899e-03
6.688288288288239680e-02
0.000000000000000000e+00
1.293751751751753387e+00
7.356216216216231452e-01
1.159509509509532715e-01
4.167781781781799033e+00
4.375815815815780052e-01
1.094594594594602496e-02
2.430180180180206151e-01
7.606116116116060644e-01
1.021931931931927551e+00
1.491942742742742212e+01
2.286801801801811251e+00
0.000000000000000000e+00
0.000000000000000000e+00
1.097327327327339147e-01
2.052103103103104953e+00
8.573803803803858870e-01
0.000000000000000000e+00
4.203663663663550487e-01
6.192322322322251216e-01
6.814354354354372756e-01
5.249689689689790439e-01
8.307767767767662015e-01
1.086884884884874003e+00
8.785365365365268575e-01
7.256716716716700155e-01
0.000000000000000000e+00
0.000000000000000000e+00
8.848948948948974769e-01
6.402802802802681770e-02
0.000000000000000000e+00
2.028648648648642694e-01
1.565205205205176808e-01
1.215255255255243416e-01
8.849479479479500643e-01
7.277457457457426893e-01
7.330440440440451066e-01
2.163603603603554415e-01
0.000000000000000000e+00
2.546696696696658657e-01
1.401471471471476216e+00
8.402342342342397075e-01
1.288402402402403446e+00
3.987237237237299947e-01
3.183323323323363208e-01
2.685055055055098339e-01
6.819209209209172728e-01
8.113663663663707171e-01
1.543000900900904071e+01
6.911371371371386463e-01
5.960620620620642462e-01
5.035675675675710394e-01
8.846556556556565143e-01
1.847495495495507845e+00
3.949219219219231580e-01
3.728628628628684050e-01
0.000000000000000000e+00
7.737127127126991466e-01
2.665355355355314426e-01
9.452592592592625742e-01
1.836196196196164532e-01
1.997997997997976848e-03
1.997997997998003736e-03
6.543603603603653784e-01
2.993993993994001606e-03
0.000000000000000000e+00
3.986536536536530173e-01
4.417606606606627295e+00
9.402632632632552667e-01
5.050006006006008796e+00
0.000000000000000000e+00
1.820610610610565727e-01
7.948048048047937630e-01
2.993993993994003341e-03
8.464584584584489146e-01
8.623873873873936224e-01
0.000000000000000000e+00
1.018709709709689770e+00
1.150150750750751349e+01
3.843153153153215928e-01
6.606546546546567811e-01
2.215298298298304935e+00
7.934144144144139599e-01
7.264964964965010541e-01
8.094454454454371728e-01
0.000000000000000000e+00
5.011271271271259264e-01
1.355634634634639291e+00
3.799459459459531563e-01
1.245474474474472570e+00
6.978008008008079743e-01
1.973344344344347689e+00
0.000000000000000000e+00
6.797657657657732999e-01
4.301801801801764802e-02
6.686976976976958253e-01
2.023892892892884987e+00
8.405019019019048798e+00
2.492383383383363515e+00
2.972092092092047944e-01
0.000000000000000000e+00
3.650007007007008752e+00
7.423523523523627432e-01
3.911261261261277933e-01
6.123849849849835714e+00
6.539199199199129398e-01
1.961961961961959655e-02
8.076536536536541577e-01
6.991251251251273668e-01
0.000000000000000000e+00
8.220560560560757901e-01
2.057957957957904857e-02
9.705695695695711889e-01
0.000000000000000000e+00
7.199509509509530725e-01
5.502412412412498455e-01
2.993993993994003341e-03
3.485809809809824245e+00
3.659259259259192015e-02
2.068418418418399352e+00
7.119869869869828172e-01
7.785285285285270529e-02
8.134914914914980200e-01
0.000000000000000000e+00
1.042407407407412334e+00
3.804484484484568774e-01
2.701902202202201408e+01
6.637857857857886179e-01
4.581272272272277846e+00
2.764435435435433241e+00
7.220130130130154589e-01
1.000000000000008694e-03
6.438738738738782885e-01
1.031245245245244524e+00
6.223883883883875034e-01
9.106086086086060405e-01
2.236546546546521741e-01
7.221732732732729865e+00
6.854034034033967826e-01
7.702102102102198478e-02
9.240030030030011998e-01
7.294304304304298769e-01
5.233933933934006855e-02
1.847198698698699104e+01
8.841101101101060955e-01
5.929309309309298559e-01
1.327390390390380981e+00
7.014124124124035964e-01
5.207807807807819600e+00
0.000000000000000000e+00
1.000000000000007610e-03
7.459449449449521152e-01
2.849139139139101884e-01
1.425467767767767313e+01
8.256876876876894089e-01
1.186786786786796222e-02
5.601521521521486413e-01
8.308768768768712842e-01
0.000000000000000000e+00
2.306052052052051771e+00
1.585440940940942944e+01
5.571471471471385328e-01
1.949099099099139698e-01
1.358918918918935459e-01
2.558131131131132108e+00
4.844744744744727827e-02
1.935288588588589676e+01
0.000000000000000000e+00
6.437547547547441962e-01
0.000000000000000000e+00
7.689549549549549168e-01
2.495735735735719329e-01
0.000000000000000000e+00
7.080300300300320648e-01
1.856696696696715498e-01
1.180831031031032019e+01
2.406366366366318454e-01
6.558548548548527313e-01
2.502252252252207820e-01
1.583493493493519089e-01
3.938598598598516132e-01
8.381741741741688401e-01
1.803523523523543337e-01
1.443607607607613419e+00
1.997997997998013277e-03
7.586066066066017299e-01
7.435425425425472579e-01
1.716762762762752415e+00
6.934554554554506201e-01
1.160906906906898461e+00
7.227497497497454848e-01
1.000000000000010429e-03
5.864124124124131532e-01
5.024124124124076246e-02
2.916476476476467794e-01
1.605181481481477590e+01
1.988396296296296839e+01
5.799289289289354388e-01
7.712212212212246620e-02
6.636826826826798253e-01
1.934936036036039297e+01
8.477387387387325113e-01
8.347167167167266477e-01
2.562142142142167511e-01
7.258368368368344203e-01
1.284064064064029398e-01
7.685985985985942515e-01
2.324578078078083010e+01
1.559779779779752740e-01
1.997997997998034528e-03
1.036356356356348707e+00
1.303363163163161609e+01
5.212122122122240242e-01
8.897677677677603425e-01
1.317957957957983373e-01
1.576515515515519272e+00
1.438678678678680656e-01
0.000000000000000000e+00
1.438678678678679823e-01
7.278355355355342837e+00
1.567524524524515961e+00
2.810223623623623013e+01
0.000000000000000000e+00
4.663593593593512443e-01
6.711381381381507083e-01
5.052992992992915156e-01
4.664564564564466220e-02
6.877187187187252526e-01
6.918508508508542931e-01
1.690880880880879511e-01
3.646441441441454767e+00
0.000000000000000000e+00
5.170670670670744068e-02
8.703233233233349520e-01
1.000000000000002840e-03
1.350940940940922042e-01
5.128778778778739778e-01
6.335745745745808843e-01
3.700562562562582869e+00
6.140300300300297609e-01
2.154934934934905344e-01
7.046346346346260558e-01
2.512982982983024693e-01
4.847987987987860681e-01
3.535295295295286522e-01
0.000000000000000000e+00
2.984599599599572439e+00
1.385825825825854063e-01
2.137327327327344650e-01
0.000000000000000000e+00
3.843843843843815916e-02
0.000000000000000000e+00
6.437237237237243281e-01
9.485885885885754487e-02
3.472612612612686056e-01
4.979979979979967664e-03
7.822372372372319305e-01
5.766876876876833036e-01
9.531071071071013368e-01
7.653593593593576161e-01
9.883043043043067133e-01
9.071011011011014258e-01
8.180915915915928593e+00
2.088206906906908600e+01
8.060580580580587462e-01
5.666416416416415469e-01
3.398221221221225719e+00
1.631381381381372675e-01
1.365544544544537331e+00
0.000000000000000000e+00
1.626022022022022062e+00
6.972152152152200077e-01
0.000000000000000000e+00
7.037947947947870153e-01
3.951451451451400837e-02
0.000000000000000000e+00
1.850993993993998554e+00
1.166504804804804962e+01
1.327527527527507523e-01
5.678538538538431268e-01
8.206996996996946958e-01
1.383234234234231863e+00
5.250990990990987983e-01
6.621321321321256281e-01
3.813313313313267811e-02
6.212112112112109230e-01
1.478978978979029503e-02
7.605015015014949809e-01
1.046564564564570476e+00
7.220010010010124990e-01
7.409469469469404102e-01
2.246106106106062761e-01
2.009169169169150448e-01
7.665215215215215316e-01
8.361961961962049994e-02
1.972588588588570335e+00
1.529932932932936085e+00
3.285845845845877244e-01
1.481676676676682680e+00
1.997997997998004170e-03
2.385745745745713742e-01
2.379169169169120523e-01
6.675285285285273984e-01
9.512062062062012213e-01
2.993993993994003341e-03
5.836606606606626890e-01
7.111831831831927353e-01
2.068846746746749332e+01
1.865765765765759615e-02
2.374560560560576405e+00
3.287687687687605720e-02
1.231111111111093115e-01
2.676593593593590281e+00
9.948288288288342773e-01
6.811901901901981082e-01
7.383183183183122944e-02
1.267848148148150678e+01
1.214570570570558505e+00
7.563473473473460995e-01
6.208408408408343931e-02
1.956156156156179104e-01
5.399259259259301391e-01
1.032325325325332610e+00
1.939024024024050386e+00
0.000000000000000000e+00
2.993993993994002473e-03
2.131831831831800528e-01
5.130680680680622663e-01
7.516336336336386648e-01
1.648714714714703433e+00
9.347937937938013420e-01
7.369879879879903672e-01
2.198508508508517090e-01
0.000000000000000000e+00
0.000000000000000000e+00
9.311011011010892346e-01
7.204594594594502244e-01
9.647587587587654889e-01
6.957957957957858729e-03
9.760460460460256282e-01
2.403646646646647955e+00
1.520040040040039897e-01
7.037148148148117954e+00
8.423013013013026518e-01
1.142260260260269611e+00
6.678888888888904196e-01
1.815093093093102850e+00
8.031171171171105350e-01
0.000000000000000000e+00
6.600990990990927010e-01
1.014885885885891792e+00
3.100700700700727286e-02
7.506896896896808613e-01
6.743493493493433188e-01
8.611157157157135700e+00
1.935492492492504768e+00
3.895685685685685851e-01
4.317627627627663167e-01
0.000000000000000000e+00
1.959069069069087066e-01
0.000000000000000000e+00
2.333433433433477755e-01
6.282302302302371633e-01
1.300000000000013922e-01
3.265315315315264200e-01
6.752972972972932642e-01
3.307589589589581269e+00
5.627237237237203260e+00
4.490360360360349801e-01
0.000000000000000000e+00
1.575975975975987473e-02
4.170860860860870822e+00
4.902162162162209680e-01
8.575015015014875175e-01
8.310820820820730148e-01
0.000000000000000000e+00
4.675945945945994553e-01
7.535135135135198614e-02
0.000000000000000000e+00
4.438764764764783877e+00
7.999259259259317023e-01
6.922942942942810207e-01
2.487237237237186482e-01
8.942242242242333106e-01
2.225885885885845461e-01
8.128798798798866354e-01
1.722305305305295242e+00
7.208858858858850915e-01
4.777837837837909385e-01
0.000000000000000000e+00
8.352962962962912075e-01
3.422037037037077845e+00
6.459039039039010666e-01
4.765155155155181288e-01
0.000000000000000000e+00
1.192592592592576876e-02
6.514134134134116350e-01
1.038881881881867475e+00
2.870540540540547636e-01
1.365675675675686873e-01
1.633903903903895172e+00
1.221365965965966893e+01
1.063773773773780462e+00
1.219517517517508809e+00
1.261852852852855200e+00
1.844614614614641379e-01
2.303493493493498634e-01
1.511454654654652785e+01
1.070624924924925203e+01
5.373343343343335299e-01
6.623363363363294898e-01
1.075601601601612112e+00
6.829599599599665005e-01
7.854594594594515033e-01
2.203883883883907269e-01
0.000000000000000000e+00
1.186786786786791018e-02
5.906086086086144160e-01
4.087998998998983780e+00
7.726976976977054656e-01
9.472188188188162883e+00
5.058073073073079406e+00
2.545884884884857868e+00
5.364274274274342114e-01
2.475175175175172923e-02
8.457367367367306654e-01
6.174044044044016966e-01
0.000000000000000000e+00
1.573751651651659067e+01
4.123663663663586498e-01
2.893323323323285234e-01
7.306646646646672849e-01
8.682832832832826364e-01
7.520030030030198098e-01
7.925035035035036257e-01
1.179198198198201375e+00
0.000000000000000000e+00
0.000000000000000000e+00
9.936350350350368288e+00
5.910410410410423809e-01
9.550294294294321418e+00
1.521831831831845228e-01
5.416876876876830504e-01
0.000000000000000000e+00
6.592570570570594590e+00
0.000000000000000000e+00
2.467189189189189946e+00
0.000000000000000000e+00
4.036906906906953529e-01
5.961392392392368400e+00
6.863803803803750769e-01
6.915105105105119332e-01
1.565120020020016689e+01
1.006453453453439728e+00
9.229779779779825333e-01
4.979979979979970266e-03
6.321221221221164921e-01
0.000000000000000000e+00
8.485545545545554180e-01
4.518658658658629257e+00
1.388388388388393964e-02
5.867536536536536396e+00
2.230776776776778547e+01
6.620620620620648600e-01
0.000000000000000000e+00
7.779109109109283438e-01
1.086938838838834798e+01
1.161887887887894433e+00
5.613993993994010889e-01
1.195727127127130451e+01
0.000000000000000000e+00
4.029819819819835947e-01
0.000000000000000000e+00
7.919919919919833629e-02
1.219911411411410818e+01
1.226736736736728922e-01
1.984127127127117918e+00
1.313467467467462901e+00
8.226326326326409699e-01
3.928518518518575586e-01
2.046766766766792145e-01
1.498348348348346737e-01
5.242602602602493000e-01
1.556055055055058922e+00
7.364864864864949512e-01
8.211931931931866213e-01
2.344744744744732545e-02
2.962922922922858748e-01
3.184223223223218380e+00
8.782282282282292130e+00
6.278478478478526359e-01
5.742192192192248079e-01
9.202462462462456250e-01
2.993993993993997703e-03
1.775942842842842850e+01
6.707337337337294647e-01
3.281141141141178941e-01
1.207107107107110000e+00
4.616356356356397517e-01
6.329269269269190978e-01
1.206165165165172581e+00
4.754754754754642043e-02
3.420130130130137336e-01
0.000000000000000000e+00
3.572042042042076204e-01
9.878038038038078339e-01
1.825389789789791095e+01
1.577349949949947927e+01
7.504894894894914570e-01
2.404394394394442913e-01
7.550170170170128481e-01
5.882752752752761216e-01
8.176736736736662792e-01
2.106096096096094217e-01
8.926836836836898881e-01
0.000000000000000000e+00
1.152676676676687162e+00
7.211601601601657086e-01
7.026406406406258132e-01
6.754394394394376278e-01
9.728028028027971841e-01
2.428468468468449881e-01
2.029393993993986101e+01
6.410850850850899896e-01
2.292791791791782607e+00
6.711401401401331235e-01
9.200310310310266804e-01
5.006546546546579712e-01
6.711051051051092342e-01
5.874214214214229512e-01
2.315729729729732789e+00
7.487127127127286563e-01
6.267407407407417086e-01
7.540400400400433245e-01
0.000000000000000000e+00
4.791731731731807553e-01
5.434904904905010214e-01
8.320710710710639280e-01
7.501251251251302987e-01
1.062978978978972311e+00
1.589549549549551521e-01
2.993993993994002040e-03
1.399159159159177601e-01
0.000000000000000000e+00
5.311361361361371936e-01
0.000000000000000000e+00
1.212792792792805052e-01
7.196256256256222672e-01
7.180590590590599787e-01
2.534934934934995540e-02
1.176216216216217358e-01
2.204244244244228490e+00
6.443663663663719010e-01
3.181852852852838698e+00
0.000000000000000000e+00
0.000000000000000000e+00
8.424134134134040330e-01
3.987987987988040467e-03
0.000000000000000000e+00
5.400300300300275858e-01
1.480184184184185403e+00
0.000000000000000000e+00
7.788748748748692829e-01
6.877547547547548934e-01
9.637387387387483795e-01
5.969969969969903326e-03
6.957957957957755513e-03
