1.601198198198207301e+00
1.050967967967962213e+00
0.000000000000000000e+00
7.189099099099146573e-01
1.975678678678666422e+00
6.251881881881913294e-01
2.383573573573513904e-01
1.023273273273283657e+00
2.423213213213258055e-01
9.609659659659520736e-01
3.601564464464458126e+01
1.601261261261276436e-01
0.000000000000000000e+00
6.407027027027044630e-01
9.939279279279502610e-01
3.169485485485481924e+00
1.000000000000011513e-03
1.284384384384373683e-02
1.857967967967971390e+01
6.628888888888839759e-01
0.000000000000000000e+00
5.022612612612590288e-01
1.302971971971966125e+00
2.246246246246230427e-01
0.000000000000000000e+00
5.969969969969930214e-03
1.091881881881877847e+00
3.995995995996056045e-03
3.987987987988029191e-03
7.986446446446455738e-01
2.808894894894924388e+00
7.314014014013947573e-02
2.700610610610558737e-01
5.619579579579633277e-01
9.681651651651659307e-01
9.056086086086060361e-01
3.751697897897893341e+01
1.787427327327326410e+01
2.384684684684652001e-01
1.330912912912910029e+00
4.977182182182180448e+00
6.366336336336292367e-01
1.181591591591584001e+00
6.982232232232322700e-01
1.087906906906906501e+00
2.997997997998055365e-03
4.162772772772758145e-01
0.000000000000000000e+00
1.313223223223224601e+00
7.799449449449429750e+00
1.043526526526525444e+00
3.987987987988031793e-03
6.944444444444225484e-02
4.586376376376271047e-01
1.318451451451457146e+00
3.523503503503488399e-01
1.020287287287287903e+00
4.038398398398436173e-01
2.287041041041029565e+00
8.121951951951996707e-01
2.209154154154148841e+01
7.216226226226264417e-01
1.512093893893896457e+01
0.000000000000000000e+00
9.139349349349273899e-01
1.972172172172163493e-02
2.589316316316321753e+00
9.557127127127004185e-01
2.499939939939961608e-01
4.574174174174193419e-02
1.488478478478475031e+00
6.957957957957783268e-03
1.124192192192183581e+00
1.417246246246256725e+00
6.574574574574390540e-02
2.243114514514519442e+01
1.029787787787792785e+00
9.524614614614697050e-01
1.408160060060058072e+01
4.517717717717621428e-01
6.690820820820699844e-01
8.254554554554490720e-01
8.510010010010030101e-02
2.755841841841847106e+00
2.206193193193191515e+00
1.420274274274268889e+00
6.181091091091026613e-01
1.298692692692685391e+00
5.727607607607624329e-01
2.249439439439469002e-01
5.163463463463335845e-02
8.363113113113186392e-01
1.685985985985991378e-02
1.153326326326313822e+00
1.005193193193181456e+00
4.660240240240168808e-01
1.182913913913896886e+00
9.980560560560536310e-01
7.686266266266400526e-01
2.706070070070068212e+01
1.753532532532530608e+00
0.000000000000000000e+00
4.754754754754636492e-02
6.796447447447437895e+00
2.453153153153201371e-01
9.100650650650730089e-01
5.240500500500598902e-01
4.958178178178226925e-01
2.486486486486459702e-01
1.347894894894892337e+00
2.536286286286279501e-01
1.865765765765771411e-02
1.381781781781770031e-02
1.555014014014018953e+00
1.099166166166168024e+00
6.653653653653547606e-02
0.000000000000000000e+00
1.488187187187180793e+00
8.965495495495637845e-01
4.211505505505517277e+00
2.954599599599613491e+00
5.599109109109182691e-01
2.342472472472438005e-01
8.304934934934903312e-01
1.086182182182197753e+00
3.199649649649615180e-01
8.310650650650557303e-01
3.935835835835838764e-02
6.316394394394377443e+00
0.000000000000000000e+00
0.000000000000000000e+00
2.993993993993999004e-03
6.957957957957822299e-03
1.030480480480474359e+00
7.987467467467515014e-01
8.283758758758750673e+00
2.488048048048017713e-01
1.986480480480473432e+00
7.517037037037063163e-01
0.000000000000000000e+00
8.401591591591420771e-01
9.189939939939885116e-01
1.000000000000018235e-03
1.193956956956960358e+00
2.271231231231185532e-01
1.021530530530545322e+00
8.070580580580600794e-01
2.981811811811778123e-01
8.599609609609559779e-01
3.987987987988058682e-03
1.484270270270278802e+00
7.611671671671508266e-01
1.000000000000009128e-03
1.361181181181200017e+00
2.937836836836814847e+00
6.661211211211232053e-01
1.213571571571572028e+00
3.313051051051063567e+00
7.724554554554576846e-01
5.252752752752686688e-02
5.202702702702721033e-02
0.000000000000000000e+00
1.304144144144127049e-01
6.922488488488478531e+00
1.165143143143146709e+00
3.176638738738732926e+01
3.843843843843812447e-02
9.291581581581578320e-01
5.009184184184188204e+00
7.846626626626647116e-01
7.044444444444469822e-02
9.949039039039091481e-01
7.549609609609577721e-01
0.000000000000000000e+00
5.549169169169141380e-01
4.389553553553581899e+00
1.051134134134124265e+00
1.255165165165169905e-01
5.402502502502382065e-02
6.313753753753770237e-01
2.057957957957916653e-02
1.180075075075073032e+00
8.495995995995876682e-02
1.107546546546557042e+00
2.776036036035996468e-01
6.779239239239236436e-01
1.080695695695688796e+00
7.794054054054053715e-01
8.583863863864028554e-01
1.700810810810779172e-01
1.064310310310313978e+00
1.291533533533523181e+00
8.063003003002978675e-01
1.083569569569575730e+00
1.000000000000000238e-03
1.519586586586573862e+00
0.000000000000000000e+00
1.101315315315329002e+00
3.993993993994094001e-03
9.984798798798776076e+00
5.330148148148123433e+00
7.174344344344462110e-01
9.706006006005887810e-02
0.000000000000000000e+00
9.911421421421625633e-01
0.000000000000000000e+00
2.061161161161166877e+00
1.000000000000003707e-03
1.672772772772788963e-02
2.731361361361387963e-01
2.813236236236226873e+01
2.483993993993972860e-01
2.837097097097128762e-01
3.400510510510524331e-01
1.216278278278270841e+00
2.431724324324326503e+01
1.262314514514516084e+01
1.285174674674674833e+01
4.812612612612672258e-01
9.674444444444515456e-01
5.571071071071128644e-01
2.677627627627658935e-01
2.536066066066082314e+00
0.000000000000000000e+00
9.755698698698662241e+00
7.392582582582639672e-01
1.392806806806820230e+00
5.241611611611650678e-01
3.111894894894874142e+00
6.798378378378289177e-01
0.000000000000000000e+00
5.262512512512492746e-01
1.131606606606613052e+00
1.244282282282279439e+00
4.004662662662659578e+00
2.009083083083089249e+00
4.752213213213216214e+00
9.489599599599619628e-01
9.831291291291247569e-01
6.875085085085133052e-01
7.268368368368309795e-01
7.464004004004002324e-01
0.000000000000000000e+00
1.846486486486500211e-01
1.083593593593608517e+00
1.243101101101090622e+00
9.556646646646655086e+00
1.013452452452448638e+00
6.370760760760729724e-01
6.004594594594564461e-01
8.515425425425446893e-01
1.216285285285281903e+00
1.783533533533547266e-01
4.310610610610599025e-02
2.322062062062089371e-01
4.945748748748759027e+00
7.285675675675797880e-01
2.269588588588592248e+00
1.956320320320325656e+00
1.169916916916915905e+00
0.000000000000000000e+00
0.000000000000000000e+00
8.749359359359430988e-01
3.996250250250263480e+00
2.295870670670676716e+01
9.168448448448555110e-01
3.129599599599589332e+00
7.735205205205166745e-01
4.667657657657771075e-01
7.905555555555386915e-01
1.062781781781790835e+00
3.577196196196158695e+00
1.997997997998016747e-03
3.435686686686702185e+00
0.000000000000000000e+00
1.000000000000008911e-03
1.287722722722715263e+00
1.358918918918935459e-01
4.979979979979971133e-03
1.469458458458447359e+00
1.066375375375362644e+00
8.141509509509509357e+00
7.323713713713658757e-01
9.721581581581394405e-01
2.770111111111114077e+00
1.198732732732743944e+00
1.224303203203199963e+01
1.125400400400401679e+00
1.102843843843845040e+00
2.471111111111149450e-01
1.128450450450455556e+00
7.903876876876879898e+00
1.294483483483489072e+00
0.000000000000000000e+00
1.437465465465467052e+00
7.457247247247159594e-01
3.988562562562575575e+00
7.203203203203324689e-02
1.110289289289295267e+00
1.419009009009007671e-01
7.695805805805855382e-01
7.650020020020100731e-01
5.113563563563593428e-01
9.006206206206102127e-01
0.000000000000000000e+00
8.050420420420347778e-01
1.004204204204189044e-01
2.355945945945978615e-01
7.319469469469517264e-01
8.557057057056998151e-01
8.927927927927951923e-03
9.909909909909858997e-03
8.531511511511398194e-01
4.811441441441365319e-01
0.000000000000000000e+00
0.000000000000000000e+00
7.695655655655632144e-01
1.433028028028024092e+00
1.215294294294282818e+00
1.000000000000015200e-03
2.127346346346337125e+00
4.848598598598558573e-01
4.000378378378404598e+00
2.493136136136171466e+00
3.397059059059068797e+00
9.574324324324272606e-01
8.318944944944989928e+00
7.307687687687683953e-01
9.326036036036156052e-01
0.000000000000000000e+00
8.959219219219330954e-01
9.645395395395489624e-01
1.245871871871868874e+00
4.532832832832796310e-02
1.161973973973970065e+00
5.345335335335396065e-01
1.577417417417436019e-01
6.546726726726758150e-01
6.967037037036909464e-01
1.540540540540568937e-01
1.146400400400410691e+00
3.987987987988050008e-03
7.129429429429468001e-02
5.113513513513443659e-02
0.000000000000000000e+00
3.286511911911907191e+01
7.797037037037086726e-01
1.103140140140139280e+01
3.533173173173121406e-01
1.458650650650644476e+00
1.806273273273296454e+00
1.538372372372383223e+00
1.575975975975988513e-02
5.890840840840787518e-01
1.883783783783781265e-02
3.825683683683689829e+00
5.969969969969983990e-03
1.671649649649654457e+00
1.258632632632634474e+00
0.000000000000000000e+00
1.706466466466438070e-01
8.524924924925153524e-02
1.997997997997981185e-03
1.993103103103143203e-01
0.000000000000000000e+00
4.327747747747799911e-01
5.618528528528516919e-01
1.541725725725713536e+00
2.027136236236243150e+01
2.249959959959980105e-01
1.352142142142135905e-01
0.000000000000000000e+00
2.288678678678640610e-01
7.943943943943881578e-03
1.063945945945950378e+00
1.000000000000018235e-03
8.990660660660519943e-01
2.528028028028040386e-01
9.154544544544460649e-01
7.109249249249197655e-01
4.790644644644650008e+00
1.304731731731731736e+00
0.000000000000000000e+00
1.575975975975991636e-02
7.413603603603576842e-01
8.423563563563590817e-01
7.351781781781718816e-01
1.602218218218209200e+00
9.643243243243142249e-02
5.789812812812784593e+00
1.715552052052055743e+01
7.330310310310201860e-01
2.193543543543532703e-01
7.682782782782668907e-01
1.005255255255264268e+00
1.255313313313317414e+00
8.030730730730628597e-01
1.794234234234191594e-01
9.530040040040074212e-01
2.249780780780770151e+00
9.468268268268081878e-01
1.333354354354364224e+00
1.729682182182184746e+01
7.424084084084053847e-01
2.266995195195202939e+01
8.245605605605549338e-01
7.768048048048132870e-01
3.044283283283254260e+00
9.428088088088205643e-01
9.665925925925890061e-01
0.000000000000000000e+00
2.507995995995991212e+00
2.475695695695671050e-01
6.906796796796721427e-01
1.533096196196192551e+01
1.499222222222214684e+00
1.740986086086088491e+01
1.325275275275268783e+00
1.901211211211197016e-01
1.298767767767775583e+00
1.061072072072085204e+00
1.324678678678676391e+00
3.006906906906893842e-02
2.410250250250277615e-01
2.507537337337334193e+01
1.815559559559567049e+00
4.314293293293297360e+00
6.957957957957798013e-03
6.666086086085979412e-01
5.285725725725686219e-01
2.995765765765772581e+00
1.186786786786799865e-02
9.485885885885771140e-02
0.000000000000000000e+00
1.955081081081087246e+00
9.744324324324318276e-01
1.669329329329344580e-01
6.860618618618609332e+00
5.591531531531592769e-01
6.015815815815894751e-02
2.441601601601542382e-01
1.130101101101107508e+00
1.583010010010038160e+00
2.489935335335335154e+01
3.851225225225228588e+00
2.993993993993997703e-03
0.000000000000000000e+00
1.739779779779799807e-01
3.129349349349338283e+00
1.196090090090086377e+00
0.000000000000000000e+00
4.511611611611655026e-01
9.420220220220083540e-01
8.676496496496629574e-01
7.273093093093093708e-01
1.151918918918907409e+00
1.735001001000994192e+00
1.183457457457456341e+00
1.027342342342344006e+00
0.000000000000000000e+00
0.000000000000000000e+00
1.187289289289280569e+00
1.653933933933955380e-01
0.000000000000000000e+00
2.497797797797773611e-01
1.911421421421399258e-01
1.905805805805807773e-01
1.256459459459474903e+00
1.074351351351361838e+00
7.722662662662670430e-01
2.187257257257228249e-01
0.000000000000000000e+00
3.018608608608648880e-01
2.143284284284274754e+00
1.179715715715720759e+00
2.102172172172182218e+00
6.525265265265289827e-01
4.634024024023977173e-01
5.133883883883748611e-01
8.277387387387507012e-01
1.299119119119127141e+00
2.482248148148147493e+01
1.023757757757765008e+00
8.568228228228405019e-01
5.846156156156094852e-01
1.264767767767746909e+00
2.889543543543505066e+00
6.431441441441413387e-01
4.262732732732785745e-01
0.000000000000000000e+00
9.955895895895791048e-01
4.891281281281259496e-01
1.449969969969973294e+00
2.039789789789768493e-01
9.909909909909864201e-03
1.961961961961963472e-02
1.056114114114102165e+00
1.865765765765769676e-02
0.000000000000000000e+00
6.243953953953907954e-01
6.856419419419359507e+00
1.358721721721723563e+00
8.618782782782728802e+00
1.000000000000019320e-03
2.151141141141166835e-01
1.141891891891887445e+00
2.555955955955957482e-02
1.244019019019010130e+00
1.245171171171170599e+00
0.000000000000000000e+00
1.601579579579581081e+00
1.955368768768768817e+01
5.780410410410478095e-01
9.473743743743791024e-01
3.392558558558565363e+00
1.089880880880866654e+00
9.480580580580574290e-01
1.318107107107109321e+00
2.993993993994001172e-03
5.301281281281383650e-01
1.982288288288260647e+00
4.166396396396332413e-01
1.820375375375373972e+00
9.875925925925901350e-01
2.956367367367378041e+00
0.000000000000000000e+00
1.058601601601595776e+00
8.687087087086990678e-02
6.314294294294369170e-01
3.300791791791773733e+00
1.435628128128128189e+01
3.832438438438414252e+00
3.921761761761819454e-01
0.000000000000000000e+00
5.861850850850861328e+00
8.730470470470433897e-01
3.538048048048060834e-01
9.968143143143169738e+00
7.376856856856808253e-01
5.213513513513606812e-02
9.932732732732810765e-01
1.086757757757766507e+00
2.993993993994001606e-03
1.065972972972972999e+00
5.645645645645522986e-02
1.518211211211220490e+00
0.000000000000000000e+00
9.452752752752852095e-01
6.911771771771726414e-01
1.284384384384395714e-02
5.867544544544540663e+00
6.602502502502431703e-02
3.253211211211219034e+00
8.387107107107015791e-01
1.255165165165170182e-01
1.177317317317317480e+00
0.000000000000000000e+00
1.546532532532515880e+00
5.160060060060093212e-01
4.371798398398388485e+01
9.057967967967996969e-01
7.491453453453457811e+00
4.654569569569597220e+00
9.541831831831745214e-01
7.943943943943862496e-03
1.008562562562540066e+00
1.599755755755743136e+00
9.845195195195214355e-01
1.259033033033041704e+00
2.363123123123148928e-01
1.227935835835838319e+01
7.461001001000920896e-01
1.276276276276301636e-01
1.434420420420416287e+00
8.833093093093034032e-01
1.201421421421399183e-01
2.976201501501498825e+01
1.398065065065084100e+00
7.426936936936914258e-01
2.117426426426427089e+00
1.092521521521516270e+00
8.547056056056092643e+00
1.997997997998035829e-03
3.993993993994055837e-03
9.643513513513352065e-01
5.558388388388427748e-01
2.344823223223228581e+01
1.165320320320318404e+00
3.971871871871845289e-02
8.260890890890874028e-01
1.330216216216209224e+00
0.000000000000000000e+00
3.436487487487491332e+00
2.538492292292297847e+01
7.235265265265318213e-01
2.636936936936958298e-01
1.792892892892878898e-01
4.104879879879852034e+00
9.168768768768641164e-02
3.290776576576580226e+01
0.000000000000000000e+00
5.948568568568526338e-01
1.000000000000006960e-03
1.156034034034029601e+00
2.501501501501531832e-01
1.000000000000018886e-03
8.506726726726711041e-01
2.163823823823836368e-01
1.897261661661660170e+01
2.453453453453403044e-01
9.499769769769734751e-01
2.502492492492470744e-01
1.972972972972960870e-01
6.111221221221195821e-01
1.246228228228221102e+00
2.237897897897923316e-01
2.185654654654637596e+00
8.943943943943962263e-03
1.098848848848841042e+00
8.596986986987060764e-01
2.690616616616595458e+00
9.912902902902908098e-01
1.860673673673656880e+00
7.482832832832728709e-01
6.957957957957796279e-03
6.875465465465422366e-01
9.248348348348395254e-02
3.630340340340386107e-01
2.707346546546549604e+01
3.133760760760764441e+01
7.167547547547572506e-01
1.368208208208185617e-01
8.491671671671545685e-01
3.203271471471462206e+01
1.278438438438451730e+00
1.222685685685689583e+00
2.900290290290288286e-01
9.597337337337517038e-01
2.289079079079100187e-01
1.109692692692691107e+00
4.177644244244258687e+01
2.256006006006025244e-01
7.969969969969931123e-03
1.506697697697696237e+00
2.224851451451454309e+01
8.169049049049106337e-01
1.308787787787787593e+00
1.723313313313316053e-01
2.444143143143141739e+00
1.712102102102089629e-01
0.000000000000000000e+00
1.767357357357371428e-01
1.214860760760761949e+01
2.399566566566556425e+00
4.547677477477478902e+01
0.000000000000000000e+00
5.282422422422328179e-01
1.066536536536546675e+00
7.454784784784836971e-01
8.687087087087029535e-02
8.555175175175084856e-01
1.002708708708694108e+00
2.139849849849862762e-01
6.010474474474470696e+00
1.997997997998012844e-03
1.110820820820820898e-01
1.242591591591593270e+00
7.943943943943876373e-03
1.941691691691720123e-01
7.439179179179246093e-01
9.685255255255272866e-01
5.833016016016030925e+00
6.937487487487531412e-01
2.403843843843885553e-01
1.074633633633627738e+00
2.531121121121144846e-01
7.513983983984011683e-01
5.029979979979876115e-01
0.000000000000000000e+00
4.689900900900915381e+00
1.712102102102093237e-01
2.246246246246230427e-01
0.000000000000000000e+00
8.216016016015909029e-02
1.000000000000013682e-03
8.744774774774810577e-01
1.297207207207231316e-01
4.107867867867808775e-01
2.818718718718754221e-02
9.580180180180257743e-01
8.428618618618548552e-01
1.426360360360352963e+00
1.027088088088097262e+00
1.453491491491480714e+00
1.407147147147153943e+00
1.348270970970970417e+01
3.569318718718718486e+01
1.100546546546543381e+00
9.075305305305196857e-01
5.569363363363378561e+00
1.866696696696694691e-01
2.083685685685680689e+00
0.000000000000000000e+00
2.330041041041056360e+00
7.852602602602537507e-01
0.000000000000000000e+00
9.393813813813810532e-01
9.630330330330251487e-02
0.000000000000000000e+00
2.884065065065083644e+00
1.857426926926923727e+01
1.976526526526511951e-01
7.310810810810762783e-01
1.202936936936930268e+00
2.173548548548548176e+00
7.361711711711541595e-01
8.517147147146969521e-01
1.096526526526552109e-01
9.553103103103108840e-01
4.934534534534581324e-02
9.565905905905828233e-01
1.733839839839855124e+00
8.175815815815900001e-01
1.016127127127119278e+00
3.030990990990998779e-01
2.206366366366374621e-01
1.153663663663651695e+00
1.388328328328349015e-01
3.317144144144106299e+00
2.509508508508475622e+00
6.000750750750767359e-01
2.277081081081096858e+00
1.478978978979012676e-02
2.529549549549595100e-01
2.466216216216238766e-01
7.804504504504424789e-01
1.593060060060058847e+00
1.284384384384376458e-02
9.461781781781697376e-01
1.010081081081086296e+00
3.395628228228230938e+01
6.083583583583471871e-02
4.008234234234243409e+00
7.734934934934992179e-02
1.551341341341318791e-01
4.170671671671682290e+00
1.594012012012012480e+00
9.301601601601591218e-01
1.267567567567594589e-01
2.146885585585583200e+01
1.758004004003993481e+00
1.190494494494500621e+00
1.158338338338322643e-01
2.396376376376435358e-01
6.251771771771758024e-01
1.600330330330332451e+00
3.268098098098103588e+00
0.000000000000000000e+00
6.957957957957924648e-03
4.593103103103164941e-01
7.376786786786865280e-01
1.110853853853851048e+00
2.635369369369380710e+00
1.287866866866866689e+00
9.314494494494575116e-01
2.555465465465439623e-01
0.000000000000000000e+00
1.000000000000011947e-03
1.429498498498496639e+00
1.187807807807804483e+00
1.390364364364360839e+00
2.912912912912965849e-02
1.290541541541556869e+00
4.315885885885870188e+00
2.388698698698656919e-01
1.176986086086087546e+01
1.167406406406404029e+00
1.592798798798803039e+00
8.373453453453570949e-01
3.025006006006012882e+00
1.114572572572572140e+00
0.000000000000000000e+00
8.075265265265356707e-01
1.561525525525521596e+00
7.367367367367233522e-02
1.005010010010003674e+00
7.296596596596605089e-01
1.389099299299296320e+01
3.031133133133128155e+00
7.372832832832870720e-01
7.136636636636524145e-01
3.165765765765796158e-02
2.188898898898916368e-01
2.993993993994001172e-03
2.521481481481550047e-01
9.442432432432423806e-01
2.204744744744727702e-01
3.961541541541494515e-01
9.743553553553629953e-01
5.808782782782771825e+00
9.723149149149119097e+00
6.204104104104096740e-01
0.000000000000000000e+00
5.113513513513440190e-02
6.831613613613619407e+00
6.522382382382279076e-01
1.093184184184168961e+00
1.262867867867867533e+00
0.000000000000000000e+00
6.046816816816870110e-01
1.117277277277295977e-01
4.979979979979967664e-03
7.524291291291243411e+00
1.125076076076060083e+00
1.041252252252258703e+00
2.952052052052088760e-01
1.312886886886889926e+00
2.334804804804808120e-01
1.221112112112114234e+00
2.774251251251229622e+00
9.294694694694709547e-01
7.701861861861890590e-01
1.672772772772776126e-02
1.278921921921916338e+00
5.375163163163151125e+00
9.802752752752812437e-01
6.242702702702599415e-01
0.000000000000000000e+00
4.058858858858830493e-02
7.806926926927009180e-01
1.440251251251230435e+00
5.566426426426448471e-01
1.717717717717694159e-01
2.616991991991980626e+00
2.074417417417413390e+01
1.572674674674677586e+00
1.919062062062055096e+00
2.083345345345357646e+00
4.324554554554593255e-01
2.365475475475490863e-01
2.372998198198193620e+01
1.812547947947945914e+01
7.618398398398376070e-01
8.806196196196214299e-01
1.616623623623616224e+00
9.802592592592604959e-01
1.023556556556564967e+00
3.787977977977943222e-01
0.000000000000000000e+00
4.392792792792871853e-02
8.591821821821674643e-01
6.520559559559587548e+00
1.209299299299290364e+00
1.530716216216237413e+01
7.804574574574576928e+00
4.057032032032027224e+00
6.858538538538550000e-01
7.346346346346276091e-02
1.202351351351345521e+00
8.638338338338367173e-01
0.000000000000000000e+00
2.610259059059059794e+01
4.840010010010101227e-01
5.065675675675627154e-01
7.428988988989022602e-01
1.237051051051064610e+00
8.154904904904921592e-01
1.129935935935926450e+00
1.845028028028028899e+00
6.957957957957910770e-03
0.000000000000000000e+00
1.605105505505500219e+01
8.564344344344414495e-01
1.683407107107104395e+01
1.946546546546580048e-01
8.509449449449310032e-01
0.000000000000000000e+00
1.011426126126126235e+01
0.000000000000000000e+00
3.841603603603634731e+00
0.000000000000000000e+00
4.297797797797834329e-01
1.001858958958959533e+01
9.502752752752662291e-01
1.009192192192194693e+00
2.663443943943953585e+01
1.439750750750762975e+00
1.399853853853852304e+00
3.226726726726655142e-02
9.785135135135129003e-01
0.000000000000000000e+00
1.189643643643632620e+00
7.294228228228210043e+00
4.846046046046022238e-02
9.477983983983978789e+00
3.741572272272271960e+01
8.950300300300325640e-01
0.000000000000000000e+00
1.187386386386382497e+00
1.872339139139138808e+01
1.783858858858857976e+00
7.111701701701691469e-01
1.999341641641638390e+01
0.000000000000000000e+00
6.145585585585561228e-01
0.000000000000000000e+00
1.477757757757748591e-01
2.084631531531532289e+01
1.540540540540570602e-01
3.089479479479498192e+00
2.167273273273290890e+00
1.089363363363360149e+00
6.000550550550600715e-01
2.225885885885844073e-01
2.204784784784770413e-01
6.176526526526587846e-01
2.457782782782778508e+00
1.086976976976988141e+00
1.127158158158162671e+00
5.469069069068971389e-02
4.405795795795770520e-01
4.882321321321332341e+00
1.393203103103100027e+01
7.541641641641610994e-01
6.454844844844743745e-01
1.430573573573590496e+00
9.909909909909862466e-03
2.905317217217215386e+01
9.566116116116126777e-01
6.095595595595647564e-01
1.873987987987983495e+00
6.680860860860871053e-01
9.172672672672744776e-01
1.800962962962944003e+00
8.606106106105985976e-02
3.866886886886798935e-01
0.000000000000000000e+00
4.088808808808722106e-01
1.468315315315321889e+00
3.140967867867866659e+01
2.614795495495491551e+01
1.051101101101097779e+00
2.436826826826875014e-01
9.668818818818853966e-01
8.151261261261258939e-01
1.137616616616611509e+00
2.278178178178121849e-01
1.247756756756767560e+00
0.000000000000000000e+00
1.832791791791797298e+00
9.845325325325195998e-01
9.121361361361381981e-01
8.244584584584639941e-01
1.523185185185193191e+00
2.498958958959002219e-01
3.471145045045047084e+01
9.314174174174112419e-01
3.941581581581576454e+00
9.279959959960035754e-01
1.355799799799791927e+00
7.454414414414298751e-01
1.021040040040031238e+00
7.605515515515498537e-01
3.804050050050033605e+00
8.812142142142113110e-01
1.008819819819838592e+00
1.091182182182171445e+00
0.000000000000000000e+00
5.448988988989034166e-01
6.295795795795645633e-01
1.393273273273284429e+00
1.051463463463461423e+00
1.683770770770776970e+00
1.901651651651612707e-01
1.865765765765768983e-02
1.876826826826794026e-01
7.943943943943876373e-03
5.967057057057062464e-01
0.000000000000000000e+00
2.095495495495511007e-01
1.019833833833831083e+00
1.043795795795795511e+00
4.934534534534577854e-02
1.613573573573573727e-01
3.458623623623641841e+00
7.513013013012881380e-01
5.227913913913926791e+00
1.997997997998009374e-03
0.000000000000000000e+00
1.253996996997001512e+00
2.555955955955957482e-02
1.000000000000016067e-03
7.016136136136142953e-01
2.330701701701708206e+00
1.000000000000010863e-03
1.173967967967967541e+00
1.090770770770777887e+00
1.526784784784791071e+00
2.344744744744697157e-02
3.006906906906893148e-02
