1.089680680680678471e+00
7.672332332332353344e-01
0.000000000000000000e+00
5.872062062062051169e-01
1.321560560560564479e+00
5.641831831831916055e-01
2.300660660660629742e-01
7.419679679679619388e-01
2.335925925925893543e-01
7.060600600600555055e-01
2.238082282282277902e+01
1.276276276276306076e-01
0.000000000000000000e+00
3.876626626626579752e-01
5.617597597597568937e-01
2.009376376376365236e+00
0.000000000000000000e+00
0.000000000000000000e+00
1.211207707707697168e+01
4.946936936936924267e-01
0.000000000000000000e+00
3.800500500500433865e-01
9.160410410410275706e-01
2.102102102102073877e-01
0.000000000000000000e+00
0.000000000000000000e+00
8.138718718718731537e-01
2.000000000000013919e-03
0.000000000000000000e+00
6.660840840840905885e-01
1.842736736736726000e+00
3.866066066066059514e-02
2.144844844844820408e-01
3.270050050050075652e-01
7.932962962962835096e-01
6.806036036035978398e-01
2.344995195195187776e+01
1.201272272272273334e+01
2.262012012011974382e-01
8.802702702702652759e-01
3.297246246246237522e+00
4.570460460460537555e-01
8.665815815815934853e-01
6.299799799799770117e-01
8.143293293293289992e-01
0.000000000000000000e+00
3.915745745745682904e-01
0.000000000000000000e+00
9.428248248248241037e-01
5.028594594594602007e+00
7.564174174174176368e-01
1.000000000000010863e-03
3.843843843843820773e-02
2.973683683683672196e-01
9.672022022021790066e-01
2.155145145145098418e-01
7.148458458458508691e-01
2.592302302302256223e-01
1.567706706706725850e+00
6.940760760760782411e-01
1.427660160160158576e+01
4.258318318318363715e-01
1.014203703703705983e+01
0.000000000000000000e+00
5.987007007007042469e-01
5.985985985986111424e-03
1.756614614614617986e+00
6.771111111111172143e-01
2.501061061061102819e-01
2.629729729729759005e-02
1.082373373373380687e+00
1.000000000000006526e-03
8.507417417417483252e-01
1.032306306306312482e+00
1.489789789789766443e-02
1.488948148148143957e+01
6.886186186186135094e-01
7.268708708708836452e-01
9.221282282282235343e+00
3.233523523523576526e-01
6.208028028028075296e-01
6.439829829829881724e-01
3.316716716716694435e-02
1.771077077077099826e+00
1.447076076076079021e+00
9.810080080080099130e-01
5.187097097097168596e-01
8.895765765765804023e-01
4.122302302302345844e-01
2.195945945945975974e-01
1.094594594594597639e-02
5.454014014013989220e-01
2.552552552552502310e-02
8.368758758758851890e-01
6.536746746746786574e-01
4.275585585585678361e-01
8.538078078077975253e-01
7.515755755755741951e-01
4.825585585585480675e-01
1.685016816816813545e+01
1.269057057057059845e+00
0.000000000000000000e+00
1.186786786786792405e-02
4.241885885885920970e+00
2.415925925925877238e-01
7.347697697697609387e-01
4.803493493493613542e-01
3.149729729729775496e-01
2.472222222222240362e-01
9.546526526526434298e-01
2.436736736736694608e-01
5.969969969969880774e-03
0.000000000000000000e+00
1.106532532532547242e+00
7.980000000000111449e-01
2.157957957957924375e-02
0.000000000000000000e+00
1.037227227227222048e+00
6.546336336336225914e-01
2.656284284284279540e+00
2.010884884884893697e+00
3.712172172172197304e-01
1.577657657657677570e-01
5.259899899899899145e-01
7.835425425425519563e-01
2.766516516516556168e-01
6.917517517517504100e-01
1.672772772772799371e-02
3.914200200200188551e+00
0.000000000000000000e+00
0.000000000000000000e+00
0.000000000000000000e+00
1.000000000000012814e-03
7.195135135135153348e-01
5.626326326326308580e-01
5.309600600600606235e+00
2.461501501501536515e-01
1.437236236236227427e+00
6.236426426426352476e-01
0.000000000000000000e+00
5.338378378378304534e-01
6.845085085085035326e-01
0.000000000000000000e+00
8.054124124124055761e-01
2.202912912912938781e-01
7.621161161161176256e-01
5.640590590590636166e-01
2.224124124124072510e-01
6.348938938939017174e-01
1.997997997997974246e-03
1.051815815815813071e+00
6.854644644644576346e-01
0.000000000000000000e+00
9.420770770770707792e-01
1.976387387387358530e+00
5.855645645645644048e-01
8.841311311311345067e-01
2.083349349349333135e+00
5.769929929929901169e-01
2.634934934934931097e-02
2.439939939939883909e-02
0.000000000000000000e+00
8.198198198198061726e-02
4.448403403403405676e+00
8.525305305305379555e-01
1.982105005005002951e+01
5.969969969969905060e-03
7.335995995996018593e-01
3.258933933933930938e+00
7.214374374374376009e-01
3.194294294294321157e-02
6.669939939939887319e-01
5.288788788788849615e-01
0.000000000000000000e+00
2.858758758758727647e-01
2.993351351351350331e+00
6.848098098098135411e-01
7.618718718718824057e-02
3.100700700700723123e-02
4.671261261261287490e-01
8.927927927927950189e-03
8.584094094093916993e-01
1.048708708708696591e-01
8.191521521521543114e-01
1.398898898898915943e-01
5.075775775775807075e-01
8.178378378378453606e-01
4.750060060060142253e-01
5.494534534534488701e-01
1.290250250250219721e-01
7.851761761761808511e-01
9.621251251251370373e-01
6.470030030030038404e-01
7.800540540540470413e-01
1.000000000000000238e-03
1.063969969969966956e+00
0.000000000000000000e+00
8.271441441441416131e-01
0.000000000000000000e+00
6.725012012012006046e+00
3.459419419419401898e+00
6.291191191191219945e-01
6.196196196196244316e-02
0.000000000000000000e+00
7.598138138138066378e-01
0.000000000000000000e+00
1.358042042042032493e+00
1.000000000000002623e-03
6.957957957957932454e-03
1.779049049049028497e-01
1.863694294294295162e+01
2.475435435435400511e-01
1.591891891891917821e-01
3.075775775775764220e-01
8.584874874874931505e-01
1.546851851851853077e+01
8.035049049049051817e+00
8.338012012011992269e+00
2.767707707707707798e-01
6.391851851851894084e-01
4.691031031031078768e-01
2.435545545545504398e-01
1.665240240240223768e+00
0.000000000000000000e+00
6.329339339339353110e+00
5.869139139139138983e-01
9.444044044043989894e-01
3.726706706706701677e-01
2.167441441441440020e+00
5.168198198198243887e-01
0.000000000000000000e+00
3.068368368368324384e-01
8.204794794794729729e-01
8.546006006006143796e-01
2.757875875875878346e+00
1.412698698698683364e+00
3.008831831831841441e+00
7.130380380380417771e-01
6.607547547547457656e-01
4.403553553553504751e-01
5.401511511511472019e-01
4.623293293293314066e-01
0.000000000000000000e+00
1.534324324324309874e-01
7.976606606606744254e-01
8.986056056056117569e-01
6.322504504504467882e+00
7.123193193193291251e-01
3.440580580580575032e-01
5.135535535535451501e-01
7.415525525525531458e-01
8.061391391391314887e-01
1.247637637637658975e-01
1.769369369369392514e-02
2.216606606606595642e-01
3.299403403403396773e+00
4.752052052052115338e-01
1.542245245245239760e+00
1.300775775775768750e+00
8.426936936936949563e-01
0.000000000000000000e+00
0.000000000000000000e+00
5.973063063063156486e-01
2.769692692692692138e+00
1.378123923923923222e+01
6.526276276276200550e-01
2.080989989989999067e+00
6.093883883883918218e-01
3.647297297297272811e-01
6.103933933933929357e-01
7.593293293293235102e-01
2.248987987987985715e+00
0.000000000000000000e+00
2.362224224224212410e+00
0.000000000000000000e+00
1.997997997998008941e-03
1.018525525525511899e+00
9.248348348348395254e-02
1.997997997998038431e-03
1.057664664664653920e+00
7.450070070070082817e-01
5.406169169169163347e+00
6.329979979979958316e-01
5.982042042041971763e-01
1.959091091091086145e+00
8.674064064064017643e-01
7.771881881881872012e+00
7.911331331331410421e-01
8.350100100100124045e-01
2.424984984985015524e-01
7.622402402402377319e-01
5.113564564564557990e+00
8.757607607607672540e-01
0.000000000000000000e+00
1.008379379379369167e+00
6.303283283283256377e-01
2.447135135135126927e+00
2.544544544544507722e-02
8.298398398398337816e-01
9.799799799799871480e-02
6.632742742742715469e-01
6.067817817817793280e-01
4.132362362362297370e-01
6.000340340340309941e-01
0.000000000000000000e+00
7.011431431431423000e-01
5.113513513513434638e-02
2.223333333333281925e-01
7.092332332332370592e-01
6.364324324324298621e-01
1.000000000000012814e-03
2.993993993994003774e-03
7.495475475475473770e-01
4.708418418418329199e-01
0.000000000000000000e+00
0.000000000000000000e+00
6.140930930930916798e-01
9.922632632632532035e-01
9.127357357357396284e-01
0.000000000000000000e+00
1.378882882882889627e+00
2.786246246246195102e-01
2.570984984984964861e+00
1.621236236236242467e+00
2.220791791791793646e+00
6.807037037037008131e-01
5.127721721721712811e+00
6.736086086086099378e-01
6.689199199199259427e-01
0.000000000000000000e+00
6.688638638638629841e-01
7.854484484484469675e-01
8.484994994994996542e-01
1.381781781781801430e-02
8.252302302302321202e-01
3.525425425425404713e-01
1.087327327327338722e-01
5.480350350350358113e-01
5.115305305305387629e-01
1.087327327327336640e-01
8.416716716716603486e-01
0.000000000000000000e+00
2.912912912912946420e-02
2.057957957957905551e-02
0.000000000000000000e+00
2.141677077077074287e+01
6.498478478478555420e-01
6.812731731731744844e+00
2.980410410410371802e-01
1.007653653653651116e+00
1.207519519519501205e+00
1.057088088088070865e+00
1.997997997998018482e-03
4.333373373373450854e-01
8.963963963964056286e-03
2.551142142142136748e+00
1.997997997997979017e-03
1.107173173173190417e+00
8.585825825825798008e-01
0.000000000000000000e+00
1.458168168168182399e-01
3.659259259259169117e-02
0.000000000000000000e+00
1.669329329329344858e-01
0.000000000000000000e+00
3.960750750750730020e-01
3.330190190190224775e-01
1.073423423423422340e+00
1.278835535535538170e+01
2.000240240240225009e-01
8.687087087087036474e-02
0.000000000000000000e+00
1.966246246246270424e-01
1.000000000000002189e-03
7.915175175175048761e-01
0.000000000000000000e+00
7.019549549549516376e-01
2.492252252252255273e-01
7.303223223223191951e-01
5.822562562562452193e-01
3.501442442442447067e+00
9.052762762762801563e-01
0.000000000000000000e+00
2.993993993994000739e-03
5.855125125125167918e-01
5.673773773773778117e-01
4.264164164164208626e-01
1.050289289289281003e+00
5.645645645645550742e-02
3.544415415415431703e+00
1.125005505505504466e+01
5.796066066066022371e-01
2.031141141141103446e-01
5.347377377377291463e-01
7.202532532532424092e-01
8.610520520520459353e-01
6.490920920920866255e-01
1.689439439439436585e-01
7.570910910910927383e-01
1.515830830830838805e+00
7.257257257257277994e-01
9.015055055055077871e-01
1.065940140140142134e+01
4.282102102102066654e-01
1.454181081081082283e+01
7.282022022021924501e-01
5.010510510510525206e-01
2.100814814814828679e+00
6.933253253253223169e-01
7.430690690690586742e-01
0.000000000000000000e+00
1.642856856856841574e+00
1.769199199199176786e-01
6.436586586586650061e-01
9.292287287287273045e+00
1.037276276276297704e+00
1.089187787787795436e+01
9.605545545545556285e-01
1.442142142142175953e-01
9.891541541541595262e-01
7.234824824824732659e-01
9.259289289289373004e-01
9.909909909909862466e-03
2.400390390390358397e-01
1.475770870870868734e+01
1.252671671671660603e+00
2.861140140140138399e+00
2.993993993993999871e-03
6.233143143143125009e-01
4.471071071071099912e-01
2.033980980980989006e+00
1.000000000000006309e-03
7.283183183183293552e-02
0.000000000000000000e+00
1.347381381381383525e+00
7.497367367367325786e-01
1.263813813813825238e-01
4.336443443443459778e+00
4.472992992992889660e-01
8.955955955956020759e-03
2.414054054054083354e-01
7.849069069068963511e-01
1.081360360360362538e+00
1.580733333333337498e+01
2.484113113113120441e+00
0.000000000000000000e+00
0.000000000000000000e+00
1.263813813813823295e-01
2.187581581581587997e+00
9.031971971971963775e-01
0.000000000000000000e+00
4.200350350350404161e-01
6.381821821821731522e-01
6.970680680680575447e-01
5.433493493493465332e-01
8.783893893894005878e-01
1.166292292292286259e+00
8.976616616616625022e-01
7.664354354354445675e-01
0.000000000000000000e+00
0.000000000000000000e+00
8.910470470470452931e-01
8.165665665665713946e-02
0.000000000000000000e+00
2.160590590590627247e-01
1.607597597597625327e-01
1.248518518518506593e-01
9.133883883883779919e-01
7.684634634634569528e-01
7.438228228228140892e-01
2.133493493493530679e-01
0.000000000000000000e+00
2.614964964964935357e-01
1.447102102102104881e+00
8.780590590590733324e-01
1.360366366366363433e+00
4.152662662662677806e-01
3.238898898898883161e-01
3.110650650650664262e-01
6.976996996997100187e-01
8.559659659659792919e-01
1.666925225225222817e+01
7.255245245245244279e-01
6.377767767767767992e-01
5.175195195195154696e-01
8.970490490490564683e-01
1.996682682682691334e+00
4.027357357357366219e-01
3.830690690690738975e-01
0.000000000000000000e+00
7.968308308308216237e-01
2.833493493493488002e-01
1.034828828828845859e+00
1.925925925925955073e-01
1.997997997998024987e-03
2.993993993994002473e-03
7.070720720720713448e-01
4.979979979979967664e-03
0.000000000000000000e+00
4.127377377377294820e-01
4.686844844844809010e+00
9.737237237237281740e-01
5.417776776776771719e+00
1.000000000000003490e-03
1.944984984984953202e-01
8.426366366366285776e-01
4.987987987988031814e-03
8.985035035035039419e-01
8.835315315315303009e-01
0.000000000000000000e+00
1.102965965965957196e+00
1.229978178178177117e+01
4.190870870870902487e-01
6.891111111111085652e-01
2.311931931931947570e+00
8.146816816816884188e-01
7.507947947947919420e-01
8.734944944945046696e-01
1.000000000000000454e-03
5.034864864864838641e-01
1.432166166166156662e+00
3.804684684684653262e-01
1.330376376376381176e+00
7.154144144144086725e-01
2.082625625625629251e+00
0.000000000000000000e+00
7.442702702702710393e-01
4.301801801801773822e-02
6.682872872872861469e-01
2.070050050050056711e+00
8.850617617617636768e+00
2.564632632632624532e+00
3.176326326326330274e-01
0.000000000000000000e+00
3.980774774774761937e+00
7.475135135135075881e-01
3.861921921921868672e-01
6.694068068068077082e+00
6.628508508508494934e-01
2.439939939939895011e-02
8.158338338338431139e-01
7.688718718718855483e-01
0.000000000000000000e+00
8.409079079079120334e-01
2.534934934934979234e-02
1.031182182182192264e+00
0.000000000000000000e+00
7.361561561561698053e-01
5.606026026025994202e-01
1.997997997998005471e-03
3.797320320320329845e+00
3.843843843843857550e-02
2.162688688688680028e+00
7.175465465465444836e-01
8.928828828828731801e-02
8.419189189189041356e-01
0.000000000000000000e+00
1.102374374374369470e+00
3.989219219219224954e-01
2.875797697697697686e+01
7.019149149149014333e-01
4.817149149149142495e+00
2.932985985985963939e+00
7.250360360360273981e-01
1.000000000000007610e-03
6.571741741741770060e-01
1.065616616616618550e+00
6.748018018018021591e-01
9.343883883883912223e-01
2.219979979979965767e-01
7.742036036036031632e+00
6.956106106105967024e-01
7.951051051051113983e-02
9.617677677677551884e-01
7.346446446446499579e-01
6.253253253253189536e-02
2.018372572572574697e+01
9.470150150150073998e-01
6.023963963964041879e-01
1.432022022022017671e+00
7.259519519519502806e-01
5.489470470470476648e+00
0.000000000000000000e+00
1.000000000000007610e-03
7.613293293293279529e-01
3.054274274274317857e-01
1.533823223223223131e+01
8.416926926926971975e-01
1.286786786786772371e-02
5.767547547547592357e-01
8.614744744744629035e-01
0.000000000000000000e+00
2.382813813813803971e+00
1.652210410410411257e+01
5.760850850850910421e-01
1.991331331331322452e-01
1.432142142142131813e-01
2.681697697697693172e+00
4.392792792792891282e-02
2.059182582582581489e+01
0.000000000000000000e+00
6.366946946946931973e-01
0.000000000000000000e+00
8.203303303303307592e-01
2.495735735735719607e-01
0.000000000000000000e+00
7.261021021021040189e-01
1.935495495495533902e-01
1.271091791791792325e+01
2.421421421421472708e-01
6.904254254254325041e-01
2.502412412412453047e-01
1.706466466466431964e-01
4.436376376376278130e-01
8.724434434434491514e-01
1.916756756756730629e-01
1.474716716716717446e+00
1.000000000000005008e-03
8.137487487487392590e-01
7.542522522522507877e-01
1.789051051051045116e+00
7.141781781781791905e-01
1.260195195195195073e+00
7.283473473473475179e-01
1.000000000000010429e-03
5.893453453453478819e-01
5.024124124124079022e-02
2.913373373373343012e-01
1.724580880880882816e+01
2.118045845845846742e+01
5.901181181181094360e-01
7.866166166166006779e-02
6.787047047046955717e-01
2.008998398398393093e+01
9.088558558558511580e-01
8.840700700700634407e-01
2.561661661661661649e-01
7.522292292292304117e-01
1.433493493493476212e-01
7.866776776776773783e-01
2.544432932932930314e+01
1.647517517517529395e-01
1.997997997998034528e-03
1.034096096096097206e+00
1.395428028028036671e+01
5.502012012012018616e-01
9.332632632632575920e-01
1.432142142142132091e-01
1.648974974974971586e+00
1.464624624624638327e-01
0.000000000000000000e+00
1.502942942942932236e-01
7.705240240240251559e+00
1.702210210210204577e+00
2.946731831831834825e+01
0.000000000000000000e+00
4.744124124124117770e-01
7.202992992992971466e-01
5.378838838838958525e-01
5.113513513513444353e-02
7.056756756756767945e-01
7.282462462462501174e-01
1.684864864864833722e-01
3.905664664664680874e+00
0.000000000000000000e+00
6.396196196196261841e-02
9.336606606606546732e-01
1.000000000000002840e-03
1.465465465465472517e-01
5.088908908908843509e-01
6.717897897897869841e-01
3.913414414414425835e+00
6.177377377377351042e-01
2.151141141141166002e-01
7.501321321321318125e-01
2.578208208208233043e-01
5.177037037037061085e-01
3.884484484484444500e-01
0.000000000000000000e+00
3.185527527527487912e+00
1.352142142142137848e-01
2.106096096096094217e-01
0.000000000000000000e+00
5.113513513513438108e-02
0.000000000000000000e+00
6.544334334334273029e-01
8.848448448448291426e-02
3.474294294294260621e-01
7.943943943943895455e-03
7.844134134134159719e-01
6.175695695695622156e-01
1.001196196196187271e+00
7.893543543543468655e-01
1.034489489489491820e+00
9.746196196196243999e-01
8.664147147147156502e+00
2.200903003003006120e+01
8.483643643643575816e-01
5.606906906906888866e-01
3.584162162162094933e+00
1.660660660660669974e-01
1.415729729729743314e+00
0.000000000000000000e+00
1.758891891891907866e+00
7.000180180180131106e-01
0.000000000000000000e+00
7.252012012011979092e-01
4.242642642642573125e-02
0.000000000000000000e+00
1.984029029029022118e+00
1.233835135135134031e+01
1.410160160160144338e-01
5.914824824824809202e-01
8.550860860860796109e-01
1.489664664664672733e+00
5.462642642642741020e-01
6.687277277277244858e-01
4.388688688688583556e-02
6.601391391391416841e-01
1.961961961961969370e-02
7.878668668668719066e-01
1.122036036036040185e+00
7.390250250250200992e-01
7.934394394394495009e-01
2.284994994994955231e-01
1.972972972972960592e-01
8.037577577577407206e-01
8.706106106106209497e-02
2.080210210210213351e+00
1.595683683683661647e+00
3.521301301301285047e-01
1.529207207207199604e+00
2.993993993993999438e-03
2.377807807807866547e-01
2.396306306306243972e-01
6.892812812812781909e-01
1.009459459459443487e+00
2.993993993994003341e-03
6.034894894894970996e-01
7.408678678678565221e-01
2.185032432432431904e+01
1.478978978979008513e-02
2.511652652652624607e+00
3.287687687687606414e-02
1.262852852852868746e-01
2.849831831831819873e+00
1.044864864864861298e+00
7.153893893893886746e-01
9.288788788788723827e-02
1.324258158158159127e+01
1.283170170170170321e+00
7.959529529529645320e-01
6.120820820820757624e-02
2.021171171171179670e-01
5.509219219219202435e-01
1.105534534534518443e+00
2.020443443443458609e+00
0.000000000000000000e+00
1.997997997998000267e-03
2.421931931931873005e-01
5.329919919919900995e-01
8.122422422422364008e-01
1.744283283283297514e+00
9.433553553553557514e-01
7.413783783783602921e-01
2.258478478478460061e-01
0.000000000000000000e+00
0.000000000000000000e+00
9.693993993993976765e-01
7.948968968968942450e-01
1.033304304304303534e+00
6.957957957957890821e-03
1.000287287287288551e+00
2.610575575575580842e+00
1.741571571571580712e-01
7.491040040040000569e+00
8.792342342342208683e-01
1.131424424424446684e+00
6.967277277277266201e-01
2.003102102102092275e+00
8.352332332332199627e-01
0.000000000000000000e+00
6.700170170170198780e-01
1.113470470470454332e+00
2.724324324324317245e-02
7.572272272272274618e-01
6.752402402402488679e-01
9.123209209209187875e+00
2.087925925925935733e+00
4.278258258258291757e-01
4.840950950950940190e-01
4.987987987987934670e-03
1.991231231231202770e-01
0.000000000000000000e+00
2.324874874874897079e-01
6.527207207207157413e-01
1.410970970971006655e-01
3.254634634634614998e-01
7.278978978978869474e-01
3.428510510510511811e+00
6.062428428428422222e+00
4.545445445445422394e-01
0.000000000000000000e+00
1.672772772772771616e-02
4.444102102102110763e+00
5.105935935935951298e-01
8.437587587587576099e-01
8.779089089089181508e-01
0.000000000000000000e+00
4.730910910910846590e-01
8.361961961962047218e-02
0.000000000000000000e+00
4.880303303303301199e+00
8.447677677677762897e-01
7.475395395395317832e-01
2.594544544544558073e-01
9.364774774774868860e-01
2.204504504504473938e-01
8.309699699699664155e-01
1.825452452452428709e+00
7.290800800800720793e-01
5.249719719719662114e-01
1.997997997997995063e-03
8.820550550550448898e-01
3.600605605605609050e+00
6.567707707707685083e-01
4.933473473473432569e-01
0.000000000000000000e+00
1.193993993993988992e-02
6.610440440440380483e-01
1.082833833833827475e+00
3.237697697697721200e-01
1.464624624624638050e-01
1.756010010009993350e+00
1.314423023023022807e+01
1.120044044044042009e+00
1.332658658658656847e+00
1.341795795795800883e+00
2.068658658658662219e-01
2.320070070070099910e-01
1.631670270270270606e+01
1.158558858858865293e+01
5.541051051051092413e-01
6.518228228228217791e-01
1.123142142142141697e+00
7.170100100100177398e-01
8.049889889889890737e-01
2.384274274274243988e-01
0.000000000000000000e+00
1.672772772772785146e-02
6.268648648648724730e-01
4.342032032032032696e+00
8.275775775775687793e-01
9.766816816816847435e+00
5.240114114114120980e+00
2.704445445445469609e+00
5.629839839839766436e-01
2.865565565565573666e-02
8.695325325325413690e-01
6.415455455455426614e-01
0.000000000000000000e+00
1.648827227227224412e+01
4.198108108108036252e-01
2.956826826826840504e-01
7.269489489489558975e-01
8.778748748748678166e-01
7.535965965966089364e-01
7.929749749749720467e-01
1.240511511511518616e+00
1.000000000000008044e-03
0.000000000000000000e+00
1.039033133133130882e+01
6.252872872872816679e-01
1.013983383383380144e+01
1.601601601601574110e-01
5.499259259259382526e-01
0.000000000000000000e+00
6.953975975976042001e+00
0.000000000000000000e+00
2.709250250250262226e+00
0.000000000000000000e+00
4.099169169169086802e-01
6.383979979979970132e+00
7.161821821821858780e-01
7.352142142142058523e-01
1.644460960960958218e+01
1.040275275275264866e+00
9.814604604604570959e-01
4.979979979979967664e-03
6.680540540540598204e-01
0.000000000000000000e+00
8.772672672672904293e-01
4.773189189189192660e+00
1.585585585585538165e-02
6.317313313313317025e+00
2.418498998998996186e+01
6.840230230230266439e-01
0.000000000000000000e+00
8.481501501501378382e-01
1.147078978978978192e+01
1.241224224224210415e+00
5.783323323323243947e-01
1.285730130130130711e+01
0.000000000000000000e+00
4.159089089089140212e-01
0.000000000000000000e+00
7.833333333333271364e-02
1.303287187187188323e+01
1.248088088088106645e-01
2.033923923923917521e+00
1.394840840840839036e+00
8.594984984985121201e-01
4.158098098098035877e-01
2.045475475475519167e-01
1.673893893893870777e-01
5.196366366366365064e-01
1.657200200200191764e+00
7.627867867867942353e-01
8.718908908908920008e-01
2.629729729729765597e-02
3.153383383383417393e-01
3.247371371371363669e+00
9.293256256256295700e+00
6.512622622622624702e-01
5.798578578578605924e-01
9.863973973974168308e-01
1.997997997998013711e-03
1.910526826826824376e+01
7.153543543543521288e-01
3.490880880880831150e-01
1.292291291291300492e+00
4.959509509509564817e-01
6.593733733733675439e-01
1.231085085085071640e+00
4.934534534534566752e-02
3.530760760760788264e-01
0.000000000000000000e+00
3.633823823823836840e-01
1.016419419419405390e+00
1.950989189189189332e+01
1.646733433433433902e+01
7.695655655655683214e-01
2.387897897897889865e-01
7.740280280280332770e-01
6.097267267267159063e-01
8.775085085085063685e-01
2.156196196196170922e-01
9.328638638638566682e-01
0.000000000000000000e+00
1.215945945945928974e+00
7.357587587587568478e-01
7.394394394394313563e-01
6.767357357357326464e-01
1.051445445445437388e+00
2.431871871871909008e-01
2.191838038038038405e+01
6.743333333333274560e-01
2.441376376376374502e+00
6.941891891891911470e-01
9.504244244244299811e-01
5.243553553553491620e-01
6.541181181181158211e-01
6.008158158158183326e-01
2.455946946946951925e+00
7.547747747747717284e-01
6.664004004003997172e-01
7.601251251251186503e-01
0.000000000000000000e+00
4.887277277277154997e-01
5.630770770770728850e-01
9.321131131131036307e-01
7.612312312312204954e-01
1.097436436436439289e+00
1.631381381381373508e-01
1.997997997998028456e-03
1.544324324324302666e-01
1.000000000000003273e-03
5.445075075075048732e-01
0.000000000000000000e+00
1.426496496496535704e-01
7.504414414414367629e-01
7.648668668668617832e-01
3.006906906906892107e-02
1.233873873873857913e-01
2.307856856856850492e+00
6.465855855855835443e-01
3.261667667667686565e+00
0.000000000000000000e+00
0.000000000000000000e+00
8.435175175175315676e-01
3.987987987988040467e-03
0.000000000000000000e+00
5.535215215215124607e-01
1.591892892892866396e+00
0.000000000000000000e+00
7.901181181181080593e-01
7.080970970970968947e-01
1.037612612612610841e+00
8.927927927927950189e-03
7.943943943943879843e-03
