3.758260260260263941e+00
2.444391391391388169e+00
0.000000000000000000e+00
1.333339339339340901e+00
4.817926926926916487e+00
9.435905905905774826e-01
2.496526526526536560e-01
2.451885885885891181e+00
2.479439439439473647e-01
2.264048048048050710e+00
9.185419219219205900e+01
2.512652652652613838e-01
3.194294294294339892e-02
1.446749749749751235e+00
2.230149149149152965e+00
8.281700700700721285e+00
2.282582582582560332e-02
7.283183183183310205e-02
4.714172472472472464e+01
1.344723723723719733e+00
1.997997997998010242e-03
1.066020020020016945e+00
2.876846846846849104e+00
2.363123123123149205e-01
4.197297297297321317e-02
5.569069069069167155e-02
2.721047047047045808e+00
6.387787787787838067e-02
5.680480480480567390e-02
1.596834834834806260e+00
7.350225225225262449e+00
1.594024024024035813e-01
4.404114114114062728e-01
1.520522522522521403e+00
2.150290290290300721e+00
2.008981981981970755e+00
1.045363673673671485e+02
4.748972472472477335e+01
2.756546546546613796e-01
3.375451451451457974e+00
1.274687987987992699e+01
1.143497497497507398e+00
2.845831831831841185e+00
1.160522522522525524e+00
2.587362362362353174e+00
2.459959959959934217e-02
3.722072072072123983e-01
0.000000000000000000e+00
3.493992992992988711e+00
2.004085485485486018e+01
2.514599599599606883e+00
2.272972972972947883e-02
1.471061061061074149e-01
1.058074074074062398e+00
3.250773773773777187e+00
8.126396396396519117e-01
2.296773773773776117e+00
6.591491491491445753e-01
5.511323323323323642e+00
1.625924924924920134e+00
6.072517517517515273e+01
1.653364364364343864e+00
4.212944444444440251e+01
8.927927927927948454e-03
2.278292292292291243e+00
1.433273273273291404e-01
7.112671671671666473e+00
2.261304304304310175e+00
2.502252252252207820e-01
1.372412412412396532e-01
3.676255255255260757e+00
6.170570570570633323e-02
2.501767767767741901e+00
3.591062062062093219e+00
2.270540540540570140e-01
6.462956056056056298e+01
2.584861861861861065e+00
2.115722722722694904e+00
3.956842742742740882e+01
3.938548548548514994e-01
1.383977977977977281e+00
1.611322322322305434e+00
1.521911911911950355e-01
6.618124124124139307e+00
5.611075075075041774e+00
3.434188188188167068e+00
1.145157157157171257e+00
3.195760760760761432e+00
1.179485485485483265e+00
2.542122122122151273e-01
2.083523523523551912e-01
1.997528528528514036e+00
7.546146146146207045e-02
2.668302302302283380e+00
2.236507507507524473e+00
4.876976976977016043e-01
3.138890890890864149e+00
2.236591591591601258e+00
1.858252252252258430e+00
7.503216316316307655e+01
4.543477477477473769e+00
9.909909909909858997e-03
1.673503503503512291e-01
1.787586286286276405e+01
2.535475475475536533e-01
1.860886886886867320e+00
1.061111111111105565e+00
1.083738738738741381e+00
2.522822822822787248e-01
3.149141141141166056e+00
3.586376376376335107e-01
1.023313313313320844e-01
8.848448448448323345e-02
3.686689689689684357e+00
2.659134134134133021e+00
2.916336336336339818e-01
1.000000000000016934e-03
3.240333333333323296e+00
2.024212212212200157e+00
1.041153853853842826e+01
7.496675675675652073e+00
1.352491491491481401e+00
3.560340340340400478e-01
1.868151151151189016e+00
2.744845845845818033e+00
4.569309309309240175e-01
1.666032032032024324e+00
1.233873873873859023e-01
1.608558058058056162e+01
1.093793793793813342e-02
3.993993993993945682e-03
4.119219219219177192e-02
1.006716716716735405e-01
2.232256256256257121e+00
1.723365365365372437e+00
2.175114614614616926e+01
2.499939939939961886e-01
5.367322322322328532e+00
1.526565565565570992e+00
1.384384384384405517e-02
1.697823823823824130e+00
2.099001001001015165e+00
4.874874874874879360e-02
2.594053053053056779e+00
2.385745745745714019e-01
2.482673673673685855e+00
1.846604604604615618e+00
4.461261261261347255e-01
2.045911911911911574e+00
3.673673673673703843e-02
3.315937937937949886e+00
1.350936936936920629e+00
2.668568568568542229e-02
3.431900900900892282e+00
6.821620620620576503e+00
1.258813813813823623e+00
2.769147147147142718e+00
8.785511511511522542e+00
1.691857857857873793e+00
1.797687687687662128e-01
1.304144144144122330e-01
0.000000000000000000e+00
2.064174174174146781e-01
1.974236836836832509e+01
2.866717717717699898e+00
8.126810710710680041e+01
1.317957957957983373e-01
1.911994994994982155e+00
1.496297797797810780e+01
1.749039039039045784e+00
1.953223223223218841e-01
2.291945945945951468e+00
1.623933933933945362e+00
1.000000000000005659e-03
1.375605605605600967e+00
1.123688288288285975e+01
2.277290290290270747e+00
2.203343343343311111e-01
2.009109109109131208e-01
1.313613613613608733e+00
1.341311311311284560e-01
2.663743743743712145e+00
9.819919919919652129e-02
2.618542542542535934e+00
1.006441441441424445e+00
1.216410410410421861e+00
2.591307307307290753e+00
2.053128128128092644e+00
1.889703703703696780e+00
2.292192192192216427e-01
2.983299299299303708e+00
2.795661661661621888e+00
1.629528528528503717e+00
2.440895895895876411e+00
1.969169169169132302e-02
3.434071071071068015e+00
1.481781781781760753e-02
2.630219219219201765e+00
1.135875875875863306e-01
2.675500800800801926e+01
1.273034434434439355e+01
1.405474474474488478e+00
2.302722722722707338e-01
0.000000000000000000e+00
2.239938938938917712e+00
0.000000000000000000e+00
5.241214214214222622e+00
6.524124124124237867e-02
1.066346346346357110e-01
4.703243243243209193e-01
7.664957357357361900e+01
2.488798798798845247e-01
9.006396396396261217e-01
4.228498498498546310e-01
2.905211211211233824e+00
6.560628128128134051e+01
3.538569969969972817e+01
3.533388288288291079e+01
1.218328328328331489e+00
2.353636636636637913e+00
6.923583583583550194e-01
3.311591591591629413e-01
6.464877877877836632e+00
0.000000000000000000e+00
2.732544844844850473e+01
1.394056056056042880e+00
3.277656656656664502e+00
1.010676676676661057e+00
7.202687687687675755e+00
1.427150150150161334e+00
4.979979979979970266e-03
1.355645645645648933e+00
2.549306306306311498e+00
3.236529529529509119e+00
1.082447647647644651e+01
5.192998998999020621e+00
1.250963263263263947e+01
2.115774774774756839e+00
2.217900900900876771e+00
1.586581581581594458e+00
1.507398398398408501e+00
1.574641641641661538e+00
1.381781781781794491e-02
2.442342342342287143e-01
2.551941941941958891e+00
2.860566566566560720e+00
2.447716416416413310e+01
2.345115115115085747e+00
1.337054054054060082e+00
1.070204204204214360e+00
1.646145145145153865e+00
2.874840840840810596e+00
3.130090090090038024e-01
1.522942942942942801e-01
3.039869869869850083e-01
1.417507607607607412e+01
1.646532532532547277e+00
5.526339339339349621e+00
4.483278278278302054e+00
2.767959959959957139e+00
1.997997997997987690e-03
0.000000000000000000e+00
1.947173173173179173e+00
1.053154554554554956e+01
6.301363963963959947e+01
1.925569569569565154e+00
7.795062062062066310e+00
1.605796796796808978e+00
8.830330330330233846e-01
1.740766766766739693e+00
2.465221221221203685e+00
9.465688688688695507e+00
4.770270270270365182e-02
8.638009009009012473e+00
4.400800800800881707e-02
2.863563563563529743e-02
3.240235235235243483e+00
2.129409409409443732e-01
6.815915915915832235e-02
3.410656656656700925e+00
2.445756756756764627e+00
2.302467067067065187e+01
1.372030030030029435e+00
2.276823823823801440e+00
7.933912912912927773e+00
2.741535535535525536e+00
3.415005905905902495e+01
2.463669669669687146e+00
2.524702702702718238e+00
2.500250250250257711e-01
2.747160160160154518e+00
2.181478978978977423e+01
3.034733733733708139e+00
0.000000000000000000e+00
3.362576576576572052e+00
1.440524524524538386e+00
1.045509909909911350e+01
2.253603603603640815e-01
2.706260260260257677e+00
1.982142142142147012e-01
1.438409409409410422e+00
1.607990990991001956e+00
9.650150150150150763e-01
2.178239239239218250e+00
1.588188188188149191e-02
1.533031031031057534e+00
2.308528528528546175e-01
2.501381381381330704e-01
1.250773773773771413e+00
2.072431431431415394e+00
6.944444444444257403e-02
5.422922922923066602e-02
1.732219219219227613e+00
4.931631631631739898e-01
0.000000000000000000e+00
0.000000000000000000e+00
1.565276276276270195e+00
3.770493493493498161e+00
3.065414414414417088e+00
5.967067067067020891e-02
5.451294294294320331e+00
1.248498498498493703e+00
1.014250750750747621e+01
6.274497497497495857e+00
8.110049049049070646e+00
2.278237237237238144e+00
2.150850350350350126e+01
1.127509509509490027e+00
2.190156156156146228e+00
0.000000000000000000e+00
2.185846846846845271e+00
1.901243243243259773e+00
2.712023023023032664e+00
1.865415415415395128e-01
2.563549549549538842e+00
1.389127127127137040e+00
2.154934934934904511e-01
1.195921921921917486e+00
1.553816816816792512e+00
2.110070070070093340e-01
2.829524524524528406e+00
7.029429429429308318e-02
1.563393393393394670e-01
1.290250250250218056e-01
0.000000000000000000e+00
8.836738638638644261e+01
1.601859859859851687e+00
2.914920520520523795e+01
4.656686686686744570e-01
3.433583583583569077e+00
4.522196196196207829e+00
3.518004004004017915e+00
1.081511511511485252e-01
1.239569569569556329e+00
9.489289289289441764e-02
1.001536136136137500e+01
5.202702702702720339e-02
3.915113113113111165e+00
3.192191191191184885e+00
1.481781781781760232e-02
2.292042042041985139e-01
2.156306306306272069e-01
2.818718718718781283e-02
3.171921921921941334e-01
8.927927927927953658e-03
4.690480480480430092e-01
1.374611611611602280e+00
3.745735735735731264e+00
5.584026626626625500e+01
2.432112112112140567e-01
1.881871871871899082e-01
5.969969969969991797e-03
3.155855855855872472e-01
7.158658658658631491e-02
2.339285285285277016e+00
5.531831831831768992e-02
1.592082082082069583e+00
3.006106106106069542e-01
1.947946946946948810e+00
1.405308308308309773e+00
1.434654954954959294e+01
3.224951951951935403e+00
5.991991991992145009e-03
9.268768768768893829e-02
1.649318318318318877e+00
2.008301301301302466e+00
1.844454454454433900e+00
3.746052052052073034e+00
1.767357357357371428e-01
1.486775875875875030e+01
4.793903203203208818e+01
1.550073073073065855e+00
2.710180180180198350e-01
1.679450450450450161e+00
2.503126126126130835e+00
2.837618618618615418e+00
1.592773773773766388e+00
2.202912912912939336e-01
2.070533533533527315e+00
5.854003003002970829e+00
2.151165165165176862e+00
3.416907907907890340e+00
4.916720520520520665e+01
1.743710710710728584e+00
5.777339639639650670e+01
1.541715715715725521e+00
1.763562562562556391e+00
8.530376376376377578e+00
2.105816816816813652e+00
1.945028028028015665e+00
1.000000000000008044e-03
6.763906906906913541e+00
3.522662662662617850e-01
1.138784784784780291e+00
4.085992892892917183e+01
3.628659659659649428e+00
4.588424824824824100e+01
3.486024024024017898e+00
2.908978978979047114e-01
3.243267267267245124e+00
2.457056056056062587e+00
3.415957957957974855e+00
1.412662662662639013e-01
2.672662662662708688e-01
6.090037837837834900e+01
4.506181181181185380e+00
1.127043343343342663e+01
7.951051051051062635e-02
9.642672672672729650e-01
1.085192192192180993e+00
8.147306306306303370e+00
7.802102102102245751e-02
1.659259259259275865e-01
0.000000000000000000e+00
5.082048048048059208e+00
2.229665665665672147e+00
2.864214214214229615e-01
1.806648048048045041e+01
9.127847847847887497e-01
2.533483483483439103e-01
2.475435435435400511e-01
2.683138138138148943e+00
3.618344344344369912e+00
6.340472672672673582e+01
9.535910910910883942e+00
5.491491491491539562e-02
2.993993993993996836e-03
3.132562562562547503e-01
8.060969969969947968e+00
2.680027027027023667e+00
0.000000000000000000e+00
5.807147147147226907e-01
2.201190190190177809e+00
1.892238238238233228e+00
1.743163163163184315e+00
2.768838838838825644e+00
4.129879879879865712e+00
2.873835835835835795e+00
2.517924924924945795e+00
3.780280280280359784e-02
0.000000000000000000e+00
2.881670670670671619e+00
3.826936936936961020e-01
0.000000000000000000e+00
3.927417417417448098e-01
2.451601601601638702e-01
3.986566566566508429e-01
3.145668668668666346e+00
2.420976976976970008e+00
1.363574574574600184e+00
2.808958958958946983e-01
0.000000000000000000e+00
4.082862862862945974e-01
5.447434434434414996e+00
2.589777777777773071e+00
4.765226226226229045e+00
1.467297297297299519e+00
9.097407407407258617e-01
1.348663663663689061e+00
1.903574574574573353e+00
3.251982982982987824e+00
6.791421021020995852e+01
2.230227227227227882e+00
1.967538538538575077e+00
6.698838838838815368e-01
2.978124124124150285e+00
7.584653653653644412e+00
1.551532532532515773e+00
5.491881881881932603e-01
0.000000000000000000e+00
2.026841841841860781e+00
1.235520520520510424e+00
3.537973973973965958e+00
2.385295295295254969e-01
7.451351351351435948e-02
1.088748748748730177e-01
2.399685685685704950e+00
5.012012012012079243e-02
1.997997997997995497e-03
1.277648648648647356e+00
1.797431331331327442e+01
3.198401401401424149e+00
2.412013113113113505e+01
3.206706706706735632e-02
2.758708708708743629e-01
2.662713713713732222e+00
1.273543543543555479e-01
3.014188188188180018e+00
2.923282282282268163e+00
0.000000000000000000e+00
3.904372372372421740e+00
5.109836436436444274e+01
1.038017017017004440e+00
2.177244244244246119e+00
8.731091091091103706e+00
2.604746746746732899e+00
2.041657657657637515e+00
2.987416416416444065e+00
5.645645645645554211e-02
7.782652652652577441e-01
5.065116116116081812e+00
4.694294294294246717e-01
4.509228228228246316e+00
2.265003003003005944e+00
7.311820820820836175e+00
1.980180180180185490e-02
2.485756756756747343e+00
1.921501501501481357e-01
5.697457457457366647e-01
7.874697697697668808e+00
3.874462662662664059e+01
1.131402402402408569e+01
8.023673673673517026e-01
7.396496496496476891e-02
1.684922422422432220e+01
1.835306306306313084e+00
3.408428428428437740e-01
2.859248748748752789e+01
1.540513513513502408e+00
1.638628628628629458e-01
2.175138138138116517e+00
2.564714714714721566e+00
6.009009009008883795e-02
2.421724724724712896e+00
1.324834834834801300e-01
3.656411411411423451e+00
1.997997997998054043e-03
2.253810810810789267e+00
1.240578578578557467e+00
9.427727727727742979e-02
1.504810410410413546e+01
1.435585585585570645e-01
8.648594594594623430e+00
1.738751751751766106e+00
1.981001001001011785e-01
2.822699699699708464e+00
0.000000000000000000e+00
3.735789789789806026e+00
1.043062062062068751e+00
1.215297877877876971e+02
2.136727727727724346e+00
2.074989889889893391e+01
1.248759759759754218e+01
2.224634634634611974e+00
6.231631631631558838e-02
2.247458458458460928e+00
3.786095095095095786e+00
2.139670670670662300e+00
2.839329329329325802e+00
2.496096096096047379e-01
3.105940140140136663e+01
1.285316316316314600e+00
2.009169169169149893e-01
3.509015015015011230e+00
1.879284284284296058e+00
2.743293293293267987e-01
7.915514514514519817e+01
3.642512512512563916e+00
1.647466466466457558e+00
5.436402402402380041e+00
2.461927927927936022e+00
2.347332032032032245e+01
3.042942942942926041e-02
5.851351351351244401e-02
2.079061061061062698e+00
1.337838838838831368e+00
6.960487587587589076e+01
2.717401401401409178e+00
1.618888888888885269e-01
1.765311311311294595e+00
3.189215215215196242e+00
1.997997997997997665e-03
9.684302302302308263e+00
7.030146646646610975e+01
1.423322322322332356e+00
3.888878878878813117e-01
2.794334334334365177e-01
1.128072672672674948e+01
1.677987987987972496e-01
8.831676676676667626e+01
3.505705705705700753e-02
5.943133133133120527e-01
3.903903903903932493e-02
2.700238238238249266e+00
2.620540540540479135e-01
2.253753753753790640e-02
1.500550550550565854e+00
2.974324324324295055e-01
5.427872472472463272e+01
2.651271271271286589e-01
2.097919919919909226e+00
2.767637637637589965e-01
2.264784784784744376e-01
1.609548548548528135e+00
2.924398398398416976e+00
3.500750750750762363e-01
5.382117117117132921e+00
7.883383383383368859e-02
2.544853853853859427e+00
1.862856856856858867e+00
6.229509509509570719e+00
2.372847847847854297e+00
5.282126126126150290e+00
1.001139139139139766e+00
5.996396396396318912e-02
1.258727727727717571e+00
2.204824824824840601e-01
5.381371371371286294e-01
7.930409509509514976e+01
8.465711911911918719e+01
1.317799799799806992e+00
3.017737737737773429e-01
1.788659659659640022e+00
8.624098698698675491e+01
3.021098098098080165e+00
2.775404404404397507e+00
4.275265265265209558e-01
2.119699699699690409e+00
3.601251251251225138e-01
2.364934934934948885e+00
1.108213933933934072e+02
3.516916916916903446e-01
1.042422422422411427e-01
3.732891891891890079e+00
5.869132632632620528e+01
1.780851851851843248e+00
3.170909909909907398e+00
2.181771771771753854e-01
5.887596596596612386e+00
2.416716716716680313e-01
7.943943943943876373e-03
2.216366366366351037e-01
3.412721221221224255e+01
6.853176176176178913e+00
1.367815005005005276e+02
2.818718718718751445e-02
6.200180180180081546e-01
2.436951951951977779e+00
1.737900900900888557e+00
1.706466466466433352e-01
1.844602602602608554e+00
2.352066066066061722e+00
3.136696696696729125e-01
1.609050450450452630e+01
3.380880880880811346e-02
3.178828828828804687e-01
3.316377377377389912e+00
6.973873873873723261e-02
3.081301301301379025e-01
1.741464464464460571e+00
2.254801801801809447e+00
1.484202202202201626e+01
1.007932932932935177e+00
3.240070070070049102e-01
2.473838838838857246e+00
3.592282282282280303e-01
1.862117117117108922e+00
8.057317317317282956e-01
0.000000000000000000e+00
1.417472072072070866e+01
2.198898898898895282e-01
2.397897897897868225e-01
7.943943943943881578e-03
2.013523523523551850e-01
3.006906906906892801e-02
1.866272272272268662e+00
2.083483483483432597e-01
5.277827827827772378e-01
1.235225225225209805e-01
2.110049049049062209e+00
1.757384384384377274e+00
3.527946946946951545e+00
2.426152152152160291e+00
3.613044044044039893e+00
3.518602602602615370e+00
3.535014914914918904e+01
9.051036036036023802e+01
2.687558558558563071e+00
2.147736736736737040e+00
1.445369169169175905e+01
2.348538538538590681e-01
5.587213213213171770e+00
8.943943943943896344e-03
6.081544544544548181e+00
1.491298298298300518e+00
2.000000000000026062e-03
2.125748748748758743e+00
2.434744744744700151e-01
2.057957957957892020e-02
7.529439439439445714e+00
5.051981081081082436e+01
3.062562562562598512e-01
1.523453453453456952e+00
2.468546546546553699e+00
5.222460460460433218e+00
1.501602602602594372e+00
1.917875875875874492e+00
3.108218218218202766e-01
2.103017017017004164e+00
1.399159159159181764e-01
1.907736736736776573e+00
3.997784784784779610e+00
1.444118118118112415e+00
2.263113113113099484e+00
4.883743743743835242e-01
2.442702702702675699e-01
2.735321321321324994e+00
2.658898898898944263e-01
8.439876876876880374e+00
6.224487487487467163e+00
1.387042042042043732e+00
5.874257257257266218e+00
9.643243243243132534e-02
3.697207207207218183e-01
2.725745745745738469e-01
1.644083083083057062e+00
3.714698698698691182e+00
8.361961961962052770e-02
2.424419419419418187e+00
2.211497497497514786e+00
9.305189889889888377e+01
1.544064064064033515e-01
1.058496496496498196e+01
1.924054054054037122e-01
3.494104104104161501e-01
1.081499599599600714e+01
4.026057057057059296e+00
2.080074074074055535e+00
2.684714714714765971e-01
6.015623423423416938e+01
4.445520520520501506e+00
2.748338338338331521e+00
2.514904904904936567e-01
3.370240240240244267e-01
9.652842842842815907e-01
3.687346346346329184e+00
9.280183183183165596e+00
6.957957957957830106e-03
8.796796796796864382e-02
1.177327327327330808e+00
1.394365365365377141e+00
2.744363363363343744e+00
6.872320320320293163e+00
3.360751751751736016e+00
2.319581581581581009e+00
4.099669669669621097e-01
0.000000000000000000e+00
2.629729729729740617e-02
3.248258258258259534e+00
2.843913913913911351e+00
3.239289289289284834e+00
1.470730730730717972e-01
3.548614614614614471e+00
1.100235935935939402e+01
3.801031031031070206e-01
3.230678278278287507e+01
3.018716716716714821e+00
4.093319319319350669e+00
1.734828828828815395e+00
7.726131131131111829e+00
2.638812812812829645e+00
2.993993993994004208e-03
1.861643643643629664e+00
3.800586586586555793e+00
1.678188188188202423e-01
2.460894894894893881e+00
1.154189189189180231e+00
3.551922322322317882e+01
7.072435435435506790e+00
1.818985985985997367e+00
1.684410410410411840e+00
1.120370370370382118e-01
2.394234234234256797e-01
5.657457457457363420e-02
2.921621621621606768e-01
1.942316316316344160e+00
5.179959959960056537e-01
5.517237237237238023e-01
2.318163163163149854e+00
1.549192992992992046e+01
2.477255055055054811e+01
1.437483483483476432e+00
1.997997997998000701e-03
1.419009009009008504e-01
1.965898598598597502e+01
1.266916916916909663e+00
2.679974974974963509e+00
2.927175175175168231e+00
3.638538538538545197e-02
1.118312312312312207e+00
2.022772772772765959e-01
3.971871871871857779e-02
2.024629029029030036e+01
2.765103103103086823e+00
2.472634634634641060e+00
3.873663663663711731e-01
3.010333333333346406e+00
3.291561561561577309e-01
3.109909909909901682e+00
7.173228228228252235e+00
1.925555555555543918e+00
1.827462462462449810e+00
8.967667667667525433e-02
2.593340340340348771e+00
1.370989189189186241e+01
2.378889889889892473e+00
1.251418418418410061e+00
1.000000000000018886e-03
2.952732732732727405e-01
1.543553553553560276e+00
4.001246246246275007e+00
1.300347347347348803e+00
2.114024024024074577e-01
6.676258258258269684e+00
5.677683583583583982e+01
3.745699699699668983e+00
4.785781781781799360e+00
5.399365365365376590e+00
1.068495495495504821e+00
2.459159159159223507e-01
6.374485585585574654e+01
5.094096796796802806e+01
1.555130130130133903e+00
1.785035035035019479e+00
3.688427427427414695e+00
2.329321321321322635e+00
2.251642642642666114e+00
1.033844844844833633e+00
0.000000000000000000e+00
1.212402402402407431e-01
1.937708708708728134e+00
1.796011411411407721e+01
3.044915915915928473e+00
4.127931831831829612e+01
2.033583383383384202e+01
1.108140040040040653e+01
1.266893893893911605e+00
1.379569569569595311e-01
2.795373373373365666e+00
1.787745745745733750e+00
1.193193193193212501e-02
7.045861761761760533e+01
8.040300300300395886e-01
1.189973973973983856e+00
1.080431431431445599e+00
2.985614614614619633e+00
1.445335335335322213e+00
2.764719719719730406e+00
4.664747747747743034e+00
1.063813813813796333e-01
1.000000000000013248e-03
4.561914514514506891e+01
1.940971971971962917e+00
4.601798798798798629e+01
2.932082082082073660e-01
1.988351351351357321e+00
1.000000000000009562e-03
2.862848248248257477e+01
0.000000000000000000e+00
1.008362262262264153e+01
3.987987987988027457e-03
4.825595595595596476e-01
2.662791791791793727e+01
2.171398398398407981e+00
2.309344344344340438e+00
7.270609009009015722e+01
3.284806806806805923e+00
3.106501501501511164e+00
1.562122122122102108e-01
2.048507507507497660e+00
2.834334334334353417e-02
3.003640640640667492e+00
1.907270870870872059e+01
2.063223223223221992e-01
2.618974074074077407e+01
1.027620360360360507e+02
1.917090090090092236e+00
0.000000000000000000e+00
3.185843843843857215e+00
4.771208508508500756e+01
4.234185185185162403e+00
1.341531531531546584e+00
5.710851151151149452e+01
1.284384384384383744e-02
1.301528528528507644e+00
4.208708708708647217e-02
3.213233233233159236e-01
5.886628028028026449e+01
2.140800800800828352e-01
8.009806806806755830e+00
5.393001001000999217e+00
2.620903903903907928e+00
1.292052052052040878e+00
2.933553553553577276e-01
3.621291291291363623e-01
1.163354354354362519e+00
6.340835835835837209e+00
2.469831831831844848e+00
2.711585585585607472e+00
1.392502502502504791e-01
9.308808808808762825e-01
1.372121921921921306e+01
3.957297297297289163e+01
1.612241241241236800e+00
9.401671671671654185e-01
3.242225225225205953e+00
7.535135135135211104e-02
7.551275675675661603e+01
2.221009009009006441e+00
1.358203203203224518e+00
4.785355355355349616e+00
1.363690690690680940e+00
2.040784784784805073e+00
4.486841841841827438e+00
1.671261261261299536e-01
4.440190190190154707e-01
1.000000000000010863e-03
4.739449449449529839e-01
3.705902902902900031e+00
8.922152452452451143e+01
7.158591991991983150e+01
2.316550550550562804e+00
2.765675675675626222e-01
2.319337337337332716e+00
1.991452452452457500e+00
2.842860860860839001e+00
2.733913913913860183e-01
2.879081081081073190e+00
1.297997997998007885e-02
4.833637637637612450e+00
2.287230230230217654e+00
1.931902902902901786e+00
1.605740740740750461e+00
3.706038038038047322e+00
3.259209209209184555e-01
8.980715315315332248e+01
2.261320320320324928e+00
9.519085085085080777e+00
1.962616616616626786e+00
3.197843843843865219e+00
1.634648648648650893e+00
2.281631631631621637e+00
1.536431431431414918e+00
1.016551451451463883e+01
1.671177177177165962e+00
2.157639639639626683e+00
2.754916916916890113e+00
5.252252252252147952e-02
6.515735735735821432e-01
8.679229229229193932e-01
3.165034034034048371e+00
2.209902902902897814e+00
4.051930930930923047e+00
2.256526526526558551e-01
9.168768768768560673e-02
2.624844844844844149e-01
2.077577577577525980e-02
9.214614614614613508e-01
3.429329329329351694e-02
4.140350350350294195e-01
2.297665665665664658e+00
2.688595595595582477e+00
1.556306306306306508e-01
2.021171171171179948e-01
9.212947947947974114e+00
1.666212212212207167e+00
1.405964964964963393e+01
5.244344344344416264e-02
6.957957957957784136e-03
2.794069069069069045e+00
1.741291291291304222e-01
3.843843843843776364e-02
1.436242242242235623e+00
5.826644644644645155e+00
3.234334334334394712e-02
2.598236236236239893e+00
2.522797797797805774e+00
3.644248248248268762e+00
1.208918918918889807e-01
1.680040040040054472e-01
