9.709040040040040509e+00
6.011842842842934687e+00
3.146946946946910240e-02
3.076076076076076582e+00
1.304479379379382920e+01
2.062387387387381477e+00
3.176916916916913136e-01
5.849491491491490613e+00
2.655405405405392716e-01
6.040099099099091262e+00
2.570746526526527305e+02
3.656886886886818733e-01
1.008958958958952740e-01
3.742953953953930935e+00
5.630289289289210686e+00
1.931016516516517356e+01
7.714314314314348053e-02
1.660600600600615206e-01
1.240280510510509941e+02
2.903130130130123554e+00
5.181781781781912011e-02
2.252180180180188174e+00
8.064902902902909787e+00
2.724474474474417596e-01
2.202352352352379972e-01
1.943813813813803082e-01
6.909570570570524595e+00
1.783893893893879479e-01
2.207907907907870060e-01
4.064223223223219605e+00
2.078572672672668276e+01
2.644634634634697168e-01
5.984144144144052380e-01
3.938234234234224918e+00
5.415996996996963020e+00
4.964030030030043505e+00
2.847688218218226552e+02
1.367784774774775940e+02
3.912062062062062195e-01
8.266546546546564400e+00
3.525230330330347783e+01
3.061610610610596694e+00
7.768698698698720762e+00
2.612074074074076435e+00
6.867984984984993879e+00
1.584414414414399563e-01
6.581091091091108014e-01
4.987987987987927731e-03
9.364242242242250214e+00
5.199278678678684429e+01
6.365059059059054114e+00
7.244244244244181508e-02
2.358178178178159945e-01
2.718652652652636004e+00
8.086017017016917663e+00
2.053554554554535727e+00
6.036906906906906123e+00
1.480151151151146482e+00
1.395253653653653103e+01
3.642074074074045154e+00
1.560170350350352066e+02
4.467421421421393646e+00
1.206709739739739149e+02
9.758058058058188822e-02
5.002841841841821235e+00
3.131081081081143469e-01
1.945565065065062882e+01
5.901394394394376519e+00
2.597987987987996350e-01
1.955475475475450808e-01
9.146712712712696813e+00
1.491851851851883348e-01
6.480638638638662741e+00
8.797866866866863589e+00
3.813163163163217351e-01
1.883229099099098676e+02
5.575382382382358060e+00
4.851440440440431878e+00
1.040946916916915939e+02
7.127517517517575341e-01
3.472098098098153063e+00
4.046227227227201517e+00
3.011351351351394534e-01
1.936041341341335809e+01
1.673068468468472858e+01
8.866144144144133321e+00
2.535231231231230176e+00
7.984594594594601524e+00
2.934597597597616847e+00
3.913623623623698755e-01
3.543543543543491436e-01
5.521591591591560544e+00
1.125205205205217912e-01
7.158526526526515887e+00
5.724383383383405466e+00
5.540380380380391934e-01
7.766296296296181900e+00
5.832123123123141184e+00
4.712563563563556990e+00
2.031147207207204985e+02
1.200731631631622065e+01
8.222622622622546840e-02
3.399869869869946992e-01
4.797496896896893759e+01
3.167597597597572312e-01
4.404286286286228425e+00
2.550936936936880617e+00
2.510528528528517267e+00
2.838988988988995210e-01
8.689068068068067419e+00
7.575435435435483589e-01
2.148358358358314624e-01
1.957297297297314609e-01
9.423758758758737031e+00
6.859009009009032987e+00
7.139239239239193457e-01
2.370370370370337987e-02
8.300980980981023549e+00
5.001688688688698647e+00
2.768319819819838301e+01
2.049280680680677591e+01
3.134536536536546958e+00
6.441601601601755211e-01
4.897640640640634757e+00
7.020018018018016726e+00
5.986286286286268687e-01
4.064611611611639752e+00
2.174914914914971298e-01
4.645372872872870573e+01
8.914814814814613075e-02
9.000000000000210956e-03
1.454644644644667029e-01
4.626286286286315774e-01
5.833432432432416270e+00
4.467743743743750606e+00
5.612468268268273164e+01
3.126626626626613503e-01
1.524200100100099142e+01
3.588300300300287127e+00
1.003543543543546218e-01
4.703580580580607240e+00
5.235496496496485186e+00
2.311811811811775863e-01
6.813532532532548203e+00
2.471871871871837711e-01
6.241495495495511747e+00
4.400175175175148112e+00
8.626146146146014271e-01
5.236298298298348364e+00
1.211971971971985002e-01
9.935189189189234327e+00
3.330768768768733512e+00
7.819819819819757989e-02
9.177108108108091855e+00
1.810987287287285241e+01
2.952387387387382933e+00
7.165591591591638831e+00
2.373293893893891138e+01
4.192428428428438103e+00
4.185415415415383311e-01
2.076666666666716066e-01
9.957957957958027059e-03
3.166916916916910907e-01
5.275766666666626747e+01
6.904708708708798603e+00
2.381838788788784314e+02
2.233333333333317183e-01
5.321156156156159334e+00
3.704937337337341319e+01
4.110853853853868145e+00
3.231981981981929541e-01
5.822208208208217606e+00
4.156771771771803792e+00
5.851351351351290891e-02
3.177683683683646176e+00
3.305714814814812996e+01
6.498869869869922766e+00
3.825445445445421200e-01
3.432292292292271618e-01
3.231234234234244607e+00
2.910810810810827709e-01
6.268632632632662016e+00
3.245475475475443905e-01
6.789120120120152535e+00
2.345056056056056715e+00
2.873395395395437202e+00
6.446003003003084153e+00
4.850058058058031918e+00
4.946397397397380047e+00
3.338688688688657979e-01
7.460106106106117352e+00
7.882200200200197848e+00
3.925076076076082110e+00
5.974413413413421026e+00
1.262052052052079487e-01
8.800258258258244481e+00
1.287077077077042608e-01
6.955494494494514512e+00
3.038158158158091315e-01
6.472899899899900333e+01
3.417754754754753321e+01
3.422310310310325399e+00
3.747337337337290908e-01
1.295995995995995187e-02
5.714455455455460964e+00
1.484184184184186850e-02
1.351429029029027973e+01
2.078378378378396285e-01
2.514144144144118687e-01
1.057088088088086852e+00
2.165804834834837322e+02
2.547007007006965584e-01
2.307899899899895413e+00
4.946136136136010664e-01
7.153999999999972381e+00
1.742753693693692298e+02
9.664435635635629751e+01
9.632751751751747804e+01
2.795151151151133995e+00
5.889944944944949690e+00
1.289788788788780005e+00
4.921781781781868204e-01
1.684352952952961857e+01
3.183783783783817461e-02
7.258762962962947540e+01
3.453512512512499466e+00
8.887041041041001677e+00
2.421914914914904848e+00
1.949773173173175422e+01
3.657043043043052055e+00
6.682482482482410280e-02
3.302888888888904528e+00
7.117208208208250397e+00
7.959721721721749077e+00
2.629814414414418522e+01
1.324346546546545866e+01
3.366354654654656287e+01
5.577030030030022623e+00
5.655818818818811877e+00
4.080484484484493635e+00
3.786529529529513383e+00
4.111718718718696763e+00
1.057057057057039506e-01
3.866266266266268903e-01
6.404487487487468655e+00
7.483549549549537439e+00
7.028916116116111823e+01
6.900616616616702892e+00
3.359665665665669820e+00
2.422989989989998261e+00
4.313759759759720147e+00
7.397472472472471416e+00
6.575605605605611137e-01
3.402152152152198572e-01
5.133083083083160858e-01
3.525045345345339598e+01
3.906164164164148467e+00
1.543634734734738068e+01
1.238636636636637078e+01
6.643336336336354009e+00
9.012812812812916186e-02
8.963963963964097920e-03
4.708688688688676294e+00
2.678797097097105606e+01
1.686913853853852743e+02
5.133224224224229637e+00
2.091837237237239577e+01
3.842942942942942253e+00
1.915601601601576887e+00
4.518971971971981638e+00
6.782401401401395802e+00
2.437402102102111812e+01
2.032712712712686498e-01
2.244592892892893943e+01
3.938328328328306038e-01
7.164364364364321502e-02
8.500527527527548699e+00
3.218968968968932143e-01
2.112752752752788399e-01
8.873699699699750809e+00
6.082906906906923261e+00
6.283307807807806000e+01
3.238649649649648854e+00
5.865003003003015358e+00
1.973517417417413711e+01
6.930863863863850227e+00
8.893151351351340850e+01
6.110001001000999743e+00
6.744789789789837897e+00
2.795425425425396293e-01
6.902990990991006548e+00
5.657775875875874760e+01
7.459238238238280694e+00
1.190790790790792995e-02
8.847791791791790317e+00
3.213194194194217257e+00
2.878192992992994803e+01
3.634634634634665296e-01
7.094609609609599410e+00
2.405985985986035802e-01
3.875217217217216792e+00
3.986797797797823506e+00
2.293106106106099329e+00
5.575970970970959506e+00
1.724014014013991181e-01
3.689717717717693635e+00
5.076346346346298777e-01
3.012432432432411433e-01
2.856514514514515657e+00
5.222928928928930681e+00
1.519259259259264361e-01
1.946726726726742129e-01
4.168859859859866290e+00
5.087597597597556254e-01
2.475575575575552495e-02
2.344744744744699239e-02
3.917952952952953094e+00
9.609652652652673765e+00
7.865791791791765242e+00
1.932792792792755454e-01
1.440843943943943017e+01
2.749087087087101811e+00
2.737653153153149077e+01
1.673743343343346268e+01
2.177942242242250259e+01
5.546016016016024786e+00
5.676802402402388736e+01
2.734870870870909521e+00
5.707169169169132417e+00
1.490190190190204995e-02
5.543078078078047533e+00
4.931582582582584529e+00
7.197711711711698435e+00
3.566516516516606283e-01
6.442517517517519998e+00
3.500036036036012987e+00
2.785095095095064810e-01
2.735309309309306602e+00
3.845386386386396183e+00
2.461421421421400857e-01
7.317756756756783609e+00
1.530130130130119004e-01
2.905625625625654074e-01
2.102582582582556425e-01
1.585585585585552390e-02
2.613407297297296168e+02
4.349687687687652904e+00
8.206201701701706952e+01
5.927037037037028444e-01
8.865091091091104047e+00
1.223215115115113960e+01
9.589631631631609920e+00
2.855865865865868103e-01
2.540961961961947235e+00
9.125425425425452708e-02
2.756199099099095307e+01
1.582572572572546465e-01
1.033432532532530246e+01
8.304375375375389723e+00
9.044444444444234288e-02
3.264024024024057002e-01
3.713493493493519315e-01
1.654514514514501544e-01
4.214994994995031607e-01
8.315815815815849610e-02
5.042562562562483697e-01
3.447220220220226228e+00
9.611526526526491310e+00
1.386678428428425889e+02
3.226566566566503313e-01
2.288348348348320238e-01
5.779279279279315312e-02
4.029059059059006964e-01
2.289109109109160045e-01
6.091033033033004251e+00
2.140760760760720138e-01
3.815761761761762738e+00
5.111971971972002482e-01
4.984130130130132841e+00
2.967044044044058193e+00
3.573907307307307946e+01
8.938304304304319103e+00
7.146646646646667711e-02
2.041831831831870392e-01
4.144599599599556150e+00
5.595089089089082535e+00
4.435166166166138346e+00
9.310435435435508111e+00
2.319819819819866624e-01
4.252120120120110869e+01
1.399318258258258254e+02
3.867013013013047118e+00
3.911711711711743922e-01
4.126405405405389359e+00
5.598854854854907082e+00
6.907946946946933231e+00
4.352917917917909385e+00
2.422082082082059884e-01
5.402049049049003848e+00
1.637388988988988814e+01
5.246216216216230244e+00
9.237168168168235383e+00
1.261638498498499814e+02
4.363834834834784182e+00
1.590831741741745589e+02
3.908335335335301419e+00
4.604986986986983943e+00
2.174829529529530348e+01
5.435370370370327109e+00
5.143474474474412972e+00
3.433733733733715376e-02
1.836763063063058965e+01
5.805635635635617575e-01
2.517693693693693557e+00
1.165727767767765783e+02
8.355345345345387642e+00
1.266390680680680418e+02
8.380436436436411896e+00
3.868338338338389026e-01
8.371502502502508491e+00
6.509508508508485392e+00
8.371711711711721904e+00
3.249559559559518362e-01
3.451081081081115998e-01
1.648024374374377601e+02
1.217625825825825459e+01
3.060278678678680819e+01
1.739979979979965063e-01
2.426076076076120192e+00
2.893964964965006992e+00
2.080208108108099552e+01
1.870570570570598001e-01
2.668978978978932548e-01
3.922122122122116694e-02
1.213884484484486315e+01
5.484082082082079701e+00
4.138048048048064143e-01
4.820337737737764883e+01
1.762772772772775332e+00
4.318788788788908151e-01
2.851971971972013797e-01
6.664076076076070443e+00
9.077655655655611611e+00
1.872653263263260612e+02
2.466144244244240724e+01
1.852142142142181869e-01
5.225625625625563569e-02
4.221171171171189673e-01
2.120389689689690371e+01
6.743574574574582314e+00
3.993993993994054102e-03
8.652192192192250664e-01
5.490554554554529787e+00
5.083458458458425255e+00
3.916871871871841382e+00
7.061602602602640388e+00
1.086548648648649440e+01
7.551426426426415262e+00
6.513355355355390230e+00
2.009979979979953646e-01
1.985985985986013155e-02
7.482076076076101145e+00
7.083853853853783189e-01
2.388788788788839476e-02
5.441331331331421550e-01
3.486676676676634945e-01
9.398378378378461351e-01
8.938184184184214232e+00
5.492311311311319777e+00
3.133829829829865687e+00
3.883793793793757221e-01
4.019119119119207023e-02
4.578728728728802544e-01
1.397438038038036368e+01
6.233733733733750171e+00
1.275835635635637111e+01
3.583762762762762843e+00
2.074409409409398108e+00
3.391977977977933989e+00
4.488259259259236522e+00
8.328752752752768274e+00
1.839924524524525680e+02
5.442737737737729731e+00
4.665311311311318931e+00
8.125675675675714249e-01
8.150405405405411585e+00
1.887293393393393970e+01
3.729553553553567546e+00
7.059969969970034676e-01
4.481081081081009221e-02
5.119274274274308922e+00
2.872603603603599787e+00
8.883377377377350115e+00
3.455565565565512642e-01
1.528088088088103425e-01
2.965475475475438660e-01
5.897095095095125750e+00
1.341331331331310772e-01
4.899799799799825495e-02
3.075621621621623003e+00
4.829029229229217179e+01
8.510062062062079491e+00
6.658253853853859994e+01
1.468328328328344923e-01
5.917377377377373016e-01
6.441638638638641723e+00
2.976156156156077315e-01
7.485144144144149969e+00
6.857033033033044234e+00
1.883383383383376714e-02
9.655435435435455460e+00
1.365509239239239037e+02
2.481836836836813553e+00
4.914613613613613374e+00
2.422766966966955238e+01
6.680226226226223751e+00
5.007308308308290101e+00
7.829328328328300834e+00
1.381491491491479429e-01
1.512422422422402768e+00
1.380305705705700703e+01
4.911941941941834755e-01
1.155764364364361718e+01
5.811365365365412927e+00
2.014210510510515917e+01
1.483633633633633098e-01
6.863666666666651928e+00
4.164514514514595644e-01
7.412032032031938833e-01
2.161272672672669515e+01
1.135764044044044709e+02
2.807521421421415653e+01
1.660006006006003565e+00
2.629819819819836368e-01
4.265657357357356005e+01
4.430812812812781942e+00
5.297127127127213564e-01
7.421575075075072903e+01
3.738569569569568429e+00
3.100100100100069977e-01
6.008128128128142897e+00
6.189172172172218822e+00
1.810110110110132176e-01
6.466425425425451401e+00
2.035475475475499729e-01
9.641775775775762725e+00
6.276576576576493871e-02
5.852239239239242607e+00
2.749395395395409114e+00
2.215405405405446171e-01
3.993605105105104514e+01
2.163663663663663028e-01
2.257173073073058234e+01
4.062035035035036934e+00
2.818928928928917665e-01
7.494688688688648348e+00
1.591591591591562729e-02
9.275869869869868722e+00
2.675883883883909853e+00
3.486104474474472568e+02
5.618301301301310779e+00
5.253362862862862670e+01
3.396293693693688454e+01
5.697389389389367231e+00
2.462212212212246676e-01
6.126005005005030313e+00
1.010048048048046887e+01
5.398820820820816380e+00
7.835873873873890005e+00
3.027297297297291689e-01
7.567895095095100544e+01
3.125967967967981931e+00
2.384684684684647837e-01
8.978761761761710147e+00
4.856339339339377226e+00
3.977607607607570595e-01
2.196515105105107466e+02
9.170998998998991070e+00
4.340634634634624511e+00
1.318789889889895939e+01
6.577111111111078046e+00
6.426659759759733959e+01
1.633263263263279030e-01
1.932282282282249686e-01
5.531425425425426035e+00
3.279710710710726396e+00
2.041281071071072972e+02
7.409115115115127992e+00
3.414554554554504739e-01
4.536199199199220544e+00
8.358916916916825812e+00
6.245845845845945238e-02
2.534978178178173280e+01
1.858251791791791163e+02
3.588499499499515633e+00
4.462612612612543161e-01
4.188078078078022459e-01
2.735638738738745346e+01
2.289149149149108942e-01
2.553993303303300593e+02
1.750540540540551637e-01
1.102105105105104288e+00
1.799959959959946398e-01
7.017128128128119258e+00
3.188268268268232286e-01
1.921491491491499337e-01
4.163513513513496633e+00
4.162942942943044788e-01
1.380601741741739943e+02
3.166916916916905356e-01
5.493915915915920323e+00
3.813283283283190328e-01
3.028548548548562480e-01
3.687068068068101390e+00
7.812798798798816335e+00
5.150560560560460965e-01
1.472818218218217545e+01
2.701201201201205992e-01
6.860431431431454286e+00
4.698828828828848003e+00
1.656191191191184942e+01
6.280075075075060020e+00
1.365284284284280680e+01
2.354084084084077322e+00
1.275025025025005587e-01
3.091706706706753405e+00
3.372292292292293214e-01
6.563963963963985737e-01
2.361389219219217352e+02
2.282672262262261711e+02
3.091193193193161992e+00
5.263293293293290764e-01
4.352011011011005515e+00
2.415930320320319993e+02
7.604684684684648310e+00
7.657103103103067632e+00
8.010710710710766680e-01
5.438172172172193619e+00
4.955415415415445057e-01
6.538333333333342878e+00
2.829958908908905073e+02
4.339529529529613239e-01
2.971421421421426290e-01
9.235958958958944365e+00
1.652894224224225468e+02
4.417335335335341284e+00
8.057908908908935075e+00
2.382462462462437980e-01
1.638465865865858717e+01
3.340090090090117592e-01
6.716716716716707170e-02
2.799069069069049509e-01
8.692110910910935218e+01
1.703806406406412322e+01
3.861616786786781859e+02
1.154804804804828167e-01
7.392882882882976237e-01
6.496935935935917783e+00
4.098124124124138845e+00
2.114074074074097642e-01
4.765527527527522622e+00
5.947296296296305407e+00
4.116986986986969632e-01
4.154565665665671759e+01
1.240780780780794401e-01
5.620660660660727892e-01
8.218356356356332881e+00
1.783363363363349441e-01
3.956806806806859034e-01
3.913337337337375654e+00
6.237996996997084764e+00
4.088558058058050904e+01
2.525980980980973012e+00
4.145005005005009124e-01
6.415860860860865600e+00
6.834494494494562922e-01
4.328079079079057756e+00
1.882861861861841568e+00
8.955955955956003411e-03
3.474296696696682574e+01
2.904084084084089801e-01
2.625265265265294690e-01
5.909009009008962116e-02
4.032822822822886288e-01
1.036466466466459818e-01
4.784095095095102224e+00
3.188538538538595035e-01
9.426036036035945198e-01
2.545905905905958000e-01
5.632274274274265302e+00
4.260151151151113424e+00
9.315994994994984069e+00
6.267637637637648140e+00
9.616038038038054125e+00
9.200251251251245321e+00
8.360210110110098469e+01
2.521831371371366117e+02
7.449293293293298035e+00
4.673175175175163787e+00
4.097238238238238495e+01
2.956846846846808430e-01
1.529900800800804817e+01
1.102192192192174014e-01
1.825546346346341409e+01
4.036855855855859154e+00
3.942542542542484818e-02
5.665231231231189213e+00
3.905405405405447672e-01
1.028508508508509944e-01
1.982448348348347267e+01
1.533028018018018201e+02
4.087337337337257348e-01
4.095030030030020640e+00
6.263377377377373989e+00
1.293372772772774582e+01
4.084891891891910376e+00
4.735433433433428263e+00
6.272992992993017269e-01
5.248750750750748040e+00
2.462652652652605467e-01
4.899650650650634987e+00
1.106967467467466548e+01
3.520783783783779430e+00
6.619105105105102638e+00
7.661971971972014739e-01
3.136676676676731779e-01
7.085827827827855252e+00
3.848348348348271108e-01
1.946258758758753871e+01
1.729619019019020953e+01
3.310896896896896369e+00
1.525837737737740341e+01
2.171041041041026354e-01
5.562542542542467938e-01
3.602072072072025621e-01
3.956751751751755197e+00
9.392739739739761617e+00
1.978768768768783270e-01
6.100570570570542195e+00
6.267089089089155074e+00
2.597886826826825768e+02
2.754784784784776175e-01
2.909050350350354819e+01
3.403553553553583244e-01
6.726326326326446114e-01
2.867260260260263394e+01
1.051515415415409116e+01
5.313711711711667895e+00
4.026646646646585004e-01
1.578016956956958552e+02
1.223450150150151572e+01
7.017099099099098680e+00
4.207207207207238064e-01
4.439979979980089309e-01
2.163542542542538527e+00
9.448368368368399217e+00
2.214040740740739821e+01
6.702502502502671877e-02
2.317387387387350728e-01
2.902712712712723686e+00
3.418114114114116919e+00
7.003450450450465326e+00
1.922255255255254980e+01
8.519201201201166640e+00
6.071775775775785533e+00
7.734844844844890321e-01
3.112712712712644228e-02
1.492442442442440398e-01
8.587011011011016492e+00
6.879669669669661758e+00
9.146865865865756007e+00
3.456606606606549836e-01
9.354679679679676951e+00
2.981283983983995256e+01
4.556456456456535742e-01
9.200263263263273927e+01
9.007111111111079538e+00
1.147426526526523638e+01
4.380130130130107879e+00
2.259606506506507628e+01
6.987562562562565027e+00
4.764564564564591903e-02
4.018743743743716124e+00
1.091846946946942865e+01
3.350330330330243411e-01
6.624381381381404310e+00
2.814793793793787025e+00
1.032506246246244217e+02
1.833805305305303435e+01
4.197090090090096481e+00
4.154598598598615133e+00
2.731241241241214035e-01
2.791541541541525118e-01
1.711931931931920670e-01
6.753663663663677097e-01
5.079778778778748283e+00
1.076095095095080056e+00
1.088779779779795787e+00
5.948111111111128224e+00
4.047424524524529943e+01
7.017618318318324100e+01
3.301428428428470951e+00
4.242642642642580064e-02
2.165075075075060251e-01
5.268034134134141766e+01
3.131573573573572578e+00
6.483841841841859299e+00
7.825611611611630103e+00
1.328638638638657554e-01
2.602985985985952766e+00
2.963243243243247615e-01
1.939289289289286844e-01
5.792520320320263494e+01
6.408877877877829476e+00
6.770085085085074894e+00
4.499009009009077853e-01
7.658721721721736486e+00
4.260700700700690846e-01
8.033574574574586791e+00
1.717209109109109022e+01
4.842928928928863286e+00
4.607330330330352552e+00
1.987557557557542154e-01
6.857755755755825966e+00
3.774709809809812100e+01
6.325075075075109687e+00
3.112858858858900568e+00
3.861761761761771383e-02
4.628168168168143026e-01
3.750373373373385277e+00
1.013017417417418109e+01
3.058561561561545794e+00
2.583203203203223164e-01
1.845361561561559327e+01
1.559448368368367142e+02
9.993200200200151428e+00
1.263562662662657132e+01
1.362029429429427019e+01
2.440239239239231583e+00
2.776136136136180821e-01
1.653165435435439292e+02
1.502341131131130965e+02
3.973857857857820086e+00
4.117736736736700820e+00
9.889360360360347713e+00
5.739550550550549524e+00
5.850633633633585795e+00
2.395369369369368950e+00
8.943943943943967467e-03
2.237787787787814398e-01
4.970462462462444719e+00
4.509156856856857587e+01
7.568503503503503538e+00
1.147543083083084099e+02
5.099115015015014762e+01
2.804816816816823177e+01
3.267144144144167317e+00
3.366436436436361923e-01
7.013282282282315094e+00
4.846240240240265784e+00
1.226576576576565436e-01
1.903590100100101665e+02
1.789164164164138926e+00
2.554560560560540150e+00
2.592738738738731286e+00
7.031652652652657487e+00
3.406192192192132318e+00
7.093687687687678434e+00
1.363809909909909912e+01
2.556186186186213960e-01
4.493693693693784352e-02
1.244393013013011426e+02
4.320293293293278047e+00
1.188881901901902722e+02
4.333583583583649479e-01
5.177214214214218124e+00
3.427927927927888752e-02
7.738861161161169377e+01
6.969969969969810539e-03
2.755213313313315737e+01
4.664564564564471771e-02
6.403713713713786726e-01
7.280657357357328863e+01
5.573999999999998956e+00
6.114793793793787735e+00
2.018158628628629288e+02
8.308569569569524305e+00
8.959372372372397919e+00
3.258258258258228124e-01
5.531232232232248691e+00
1.896096096096053230e-01
7.377648648648652774e+00
5.590055855855861466e+01
3.954064064063992912e-01
6.615546446446450091e+01
2.774313103103104368e+02
4.903022022022027748e+00
2.657757757757695308e-02
7.845327327327343170e+00
1.240523043043040872e+02
1.146787787787794954e+01
3.325083083083102409e+00
1.576688078078080366e+02
1.166716716716727914e-01
3.173568568568564174e+00
2.355775775775795222e-01
4.608568568568447432e-01
1.582705965965966186e+02
2.444184184184226005e-01
2.064239139139141344e+01
1.486661661661662492e+01
6.450248248248311000e+00
2.917632632632640721e+00
4.263903903903957238e-01
8.434624624624711409e-01
2.752579579579567781e+00
1.739318218218213019e+01
6.466545545545536733e+00
6.758129129129107682e+00
2.076826826826787542e-01
2.345397397397382289e+00
3.518891091091088441e+01
1.006605285285285305e+02
4.120935935935955641e+00
2.210873873873871798e+00
8.320843843843825027e+00
1.852522522522501991e-01
2.163194704704703781e+02
5.452802802802794169e+00
3.170245245245260080e+00
1.270064664664668186e+01
3.428135135135137013e+00
4.863276276276265797e+00
1.155247947947947651e+01
2.657877877877832251e-01
4.800990990991077512e-01
8.136036036036009556e-02
6.279099099099243464e-01
9.394500500500443607e+00
2.370622222222220898e+02
2.158115205205202471e+02
6.156142142142114082e+00
3.615105105105100303e-01
5.768199199199209204e+00
4.648838838838826426e+00
6.981691691691663593e+00
3.530600600600590222e-01
7.659941941941883492e+00
1.709899899899891829e-01
1.218352552552557100e+01
5.647481481481530174e+00
5.358323323323369358e+00
4.114714714714723165e+00
1.024607307307305959e+01
4.589619619619667024e-01
2.527776816816821110e+02
5.950088088088110183e+00
2.496022322322320974e+01
4.877947947947917307e+00
7.854988988988957921e+00
4.019617617617617711e+00
5.683710710710707659e+00
3.870237237237247552e+00
2.758001901901906905e+01
4.447959959959959519e+00
5.906085085085095443e+00
7.093688688688702726e+00
2.403543543543504302e-01
7.434544544544542388e-01
2.132318318318322081e+00
8.403730730730751830e+00
5.874986986986973747e+00
1.058786186186187983e+01
2.751981981981946324e-01
1.750990990990962393e-01
3.962422422422486878e-01
6.599599599599495492e-02
2.105702702702709761e+00
1.789289289289306972e-01
5.660740740740750621e-01
6.121287287287352719e+00
6.982261261261238694e+00
2.445705705705691624e-01
2.654474474474455281e-01
2.355615115115108082e+01
3.914153153153141940e+00
3.727535035035032251e+01
1.794894894894903670e-01
6.283383383383477072e-02
7.248699699699676202e+00
3.451201201201185009e-01
1.340250250250233088e-01
3.461578578578571541e+00
1.493140540540544947e+01
1.692232232232205869e-01
6.083390390390499114e+00
6.540340340340272896e+00
9.076011011011052787e+00
2.618448448448416066e-01
5.112302302302300649e-01
