8.779210210210207421e+00
5.355001001000995409e+00
1.981181181181199125e-02
2.770056056056041882e+00
1.214312412412413344e+01
1.899913913913917618e+00
3.074374374374306274e-01
5.450664664664691017e+00
2.584334334334353334e-01
5.529704704704705875e+00
2.367521411411412089e+02
3.512302302302261481e-01
8.943143143143070239e-02
3.419442442442425012e+00
5.154104104104077599e+00
1.803046446446451512e+01
6.494694694694627679e-02
1.660600600600615484e-01
1.159322942942944081e+02
2.653732732732718702e+00
3.018518518518457233e-02
2.073687687687701064e+00
7.393310310310309497e+00
2.653763763763720696e-01
1.999149149149109239e-01
1.783763763763725196e-01
6.173484484484499824e+00
1.522512512512541327e-01
1.959349349349381875e-01
3.618591591591608481e+00
1.962869269269271300e+01
2.580330330330267152e-01
5.817157157157192282e-01
3.580889889889884881e+00
5.055393393393428525e+00
4.534053053053073157e+00
2.685738048048040696e+02
1.291054924924924308e+02
3.803953953953925216e-01
7.711290290290309990e+00
3.122314814814818007e+01
2.724274274274276042e+00
6.794673673673675474e+00
2.448694694694685037e+00
6.331096096096088921e+00
1.376376376376383104e-01
6.338798798798916945e-01
1.000000000000016501e-03
8.663725725725717197e+00
4.770721421421426811e+01
5.874071071071082173e+00
6.782982982983062903e-02
2.177877877877927304e-01
2.400914914914924481e+00
7.395730730730717184e+00
1.937352352352350371e+00
5.534996996996998320e+00
1.211170170170171589e+00
1.289494594594592236e+01
3.306327327327307941e+00
1.419152552552550048e+02
4.098324324324321033e+00
1.110852872872872297e+02
8.772572572572506777e-02
4.549275275275272534e+00
2.879799799799785953e-01
1.766920420420419191e+01
5.358208208208193213e+00
2.565825825825853168e-01
1.896736736736754636e-01
8.531761761761726959e+00
1.330130130130118271e-01
5.870539539539557872e+00
8.209670670670648818e+00
3.624054054054044460e-01
1.704430220220218075e+02
5.018232232232292311e+00
4.634348348348346747e+00
9.444490090090091883e+01
7.210560560560584920e-01
3.205586586586589792e+00
3.738533533533555886e+00
2.952992992993014876e-01
1.696606606606609091e+01
1.551424124124118187e+01
7.932715715715716875e+00
2.329908908908898901e+00
7.340281281281285430e+00
2.616205205205162532e+00
3.651001001000918622e-01
3.444594594594534431e-01
5.018473473473434865e+00
9.993893893893759928e-02
6.322848848848838799e+00
5.057584584584564169e+00
5.480830830830952793e-01
7.125692692692677355e+00
5.314580580580566149e+00
4.436358358358352127e+00
1.876161781781779609e+02
1.135087687687686575e+01
6.594394394394523240e-02
3.102282282282309289e-01
4.388432232232219121e+01
3.036956956956999298e-01
4.085304304304337997e+00
2.290169169169168129e+00
2.376611611611617825e+00
2.772802802802769029e-01
8.109139139139168506e+00
7.271351351351235115e-01
2.011021021021049127e-01
1.810000000000033527e-01
8.760436436436394914e+00
6.284526526526537538e+00
6.239189189189111584e-01
1.980180180180185490e-02
7.659250250250248193e+00
4.625984984984984116e+00
2.467029629629635679e+01
1.864612512512513476e+01
2.752063063063062476e+00
5.636426426426329739e-01
4.451521521521482505e+00
6.355830830830893952e+00
5.763023023022968427e-01
3.860051051051069049e+00
2.050760760760782231e-01
4.222463863863873712e+01
7.356956956957028115e-02
5.999999999999920328e-03
1.301041041041030022e-01
4.197457457457373087e-01
5.415309309309304986e+00
3.976355355355360555e+00
5.140529929929935093e+01
2.867217217217181147e-01
1.389382382382382453e+01
3.348614614614589868e+00
8.603603603603510175e-02
4.084320320320346198e+00
4.876170170170175844e+00
1.996506506506466883e-01
6.121367367367333223e+00
2.493563563563531427e-01
5.763330330330280304e+00
3.963678678678671741e+00
7.658318318318491080e-01
4.900287287287271809e+00
1.093233233233251861e-01
9.029423423423423856e+00
3.120237237237280858e+00
6.810710710710637938e-02
8.247773773773781514e+00
1.646893293293288352e+01
2.706670670670697998e+00
6.503761761761768234e+00
2.201800400400399838e+01
3.874508508508553106e+00
4.037067067067026671e-01
2.020210210210253987e-01
1.197197197197216560e-02
3.102282282282274317e-01
4.866841741741740179e+01
6.630802802802798546e+00
2.263029049049048353e+02
2.118018018017974458e-01
5.006249249249243860e+00
3.395884684684682497e+01
3.726161161161161584e+00
3.254124124124138095e-01
5.362680680680655065e+00
3.670581581581576547e+00
4.913613613613673076e-02
2.951637637637664291e+00
3.009234734734747008e+01
5.811313313313331008e+00
3.695995995996028682e-01
3.271941941941948206e-01
3.030320320320328609e+00
2.869569569569587197e-01
5.686690690690686445e+00
2.973993993994007434e-01
6.283319319319303098e+00
2.246605605605643596e+00
2.606634634634626302e+00
5.905255255255316804e+00
4.594937937937922712e+00
4.499762762762772539e+00
3.165435435435430267e-01
6.647913913913914286e+00
7.134725725725765244e+00
3.449711711711705764e+00
5.439172172172151321e+00
1.008278278278286061e-01
8.080943943943937668e+00
1.071941941941956383e-01
6.341027027027059226e+00
2.766386386386360252e-01
5.954510410410406251e+01
3.207802702702705488e+01
2.962222222222199886e+00
3.199829829829816674e-01
7.991991991991999333e-03
5.293568568568586485e+00
9.909909909909860731e-03
1.324899499499500521e+01
1.872552552552529392e-01
2.350400400400340373e-01
9.756546546546479570e-01
1.943006026026026234e+02
2.514064064064048809e-01
2.201244244244237258e+00
4.833623623623744536e-01
6.477532532532539022e+00
1.609428888888888309e+02
8.706644944944936526e+01
8.739130030030037233e+01
2.487586586586563175e+00
5.446227227227207202e+00
1.206352352352347168e+00
4.599259259259187993e-01
1.515799699699700298e+01
1.996196196196164604e-02
6.715420520520517300e+01
3.078993993993977885e+00
7.901391391391355157e+00
2.331000000000000849e+00
1.845643143143146148e+01
3.303801801801805382e+00
5.741541541541635846e-02
3.028649649649656883e+00
6.408394394394380633e+00
7.347590590590603377e+00
2.476357357357356292e+01
1.260435235235233620e+01
3.094033433433427405e+01
5.216643643643646300e+00
5.152639639639622793e+00
3.670833833833853976e+00
3.554696696696709068e+00
3.714952952952933707e+00
9.564664664664605798e-02
3.537737737737766675e-01
5.807078078078073524e+00
7.036139139139120147e+00
6.428390490490501463e+01
6.106776776776753124e+00
3.108706706706696465e+00
2.193003003003025864e+00
3.973580580580616584e+00
6.768042042041992445e+00
5.989869869869963726e-01
3.151621621621675806e-01
4.908248248248154866e-01
3.257867367367364864e+01
3.656135135135136771e+00
1.362707707707708948e+01
1.127729229229232821e+01
6.096940940940960729e+00
7.340340340340351100e-02
7.967967967968123469e-03
4.440910910910902842e+00
2.419816816816806693e+01
1.569450510510511378e+02
4.548857857857826481e+00
1.904978078078075399e+01
3.406785785785757081e+00
1.816254254254240807e+00
4.188231231231227980e+00
6.258744744744748623e+00
2.247834434434430051e+01
1.853603603603573569e-01
2.086945245245244607e+01
3.442912912912990953e-01
7.070570570570680613e-02
7.697788788788784586e+00
3.070070070070111679e-01
1.995415415415451033e-01
7.994767767767759103e+00
5.763464464464458814e+00
5.740024624624605565e+01
3.074030030030024285e+00
5.313967967967993644e+00
1.781115115115116510e+01
6.265688688688690888e+00
8.256593593593611047e+01
5.664371371371373698e+00
6.190539539539572367e+00
2.708588588588555224e-01
6.093587587587594001e+00
5.234916716716724494e+01
6.865291291291280906e+00
7.943943943943874639e-03
8.245840840840799046e+00
2.853284284284297811e+00
2.671858058058055718e+01
3.571621621621641762e-01
6.474604604604653701e+00
2.345415415415454674e-01
3.416596596596599422e+00
3.635125125125123091e+00
2.150901901901896895e+00
5.080980980980974060e+00
1.553063063063082339e-01
3.447502502502505894e+00
4.841441441441484694e-01
2.836666666666690650e-01
2.696587587587595092e+00
4.689944944944944183e+00
1.438678678678677048e-01
1.808318318318342666e-01
3.842398398398429116e+00
5.091091091091091148e-01
1.984584584584570335e-02
1.965765765765740969e-02
3.648419419419408172e+00
8.920487487487500644e+00
7.179158158158177372e+00
1.774724724724680847e-01
1.300628928928927053e+01
2.512823823823830516e+00
2.587760860860867140e+01
1.508535135135137217e+01
1.948160060060059706e+01
5.196291291291290193e+00
5.161529029029035343e+01
2.489590590590616159e+00
5.279417417417419323e+00
1.193993993993977716e-02
5.020846846846833245e+00
4.585316316316347063e+00
6.625743743743773173e+00
3.462082082082143519e-01
6.018709709709735733e+00
3.149432432432422768e+00
2.751261261261278013e-01
2.482223223223240627e+00
3.510473473473510353e+00
2.472382382382334876e-01
6.328483483483486438e+00
1.498048048048040981e-01
2.711031031031077010e-01
2.058598598598612162e-01
1.390790790790762815e-02
2.378723183183186620e+02
3.945806806806817058e+00
7.265366866866874318e+01
5.832572572572554126e-01
8.527398398398439383e+00
1.121777977977968987e+01
8.746680680680666953e+00
2.596016016016027272e-01
2.343458458458472560e+00
9.057257257257501915e-02
2.388678978978977696e+01
1.471831831831819648e-01
9.208479479479514396e+00
7.837811811811810969e+00
8.055555555555604652e-02
3.210850850850825999e-01
3.626526526526553384e-01
1.562172172172162088e-01
4.105385385385423858e-01
7.635135135135100171e-02
4.969199199199253458e-01
3.164137137137182698e+00
8.791862862862876327e+00
1.268831771771771741e+02
3.047327327327280511e-01
2.233183183183217735e-01
4.510010010009922465e-02
3.983733733733675897e-01
2.128628628628624342e-01
5.850783783783787939e+00
1.960380380380400689e-01
3.485500500500479326e+00
4.805205205205217989e-01
4.546460460460417075e+00
2.901184184184205428e+00
3.345815615615622818e+01
8.391945945945945340e+00
5.293193193193300450e-02
1.882192192192227720e-01
3.697796796796814167e+00
5.269644644644656317e+00
4.096635635635620609e+00
8.431545545545535703e+00
2.266976976976939895e-01
3.756463063063039698e+01
1.250604634634634209e+02
3.538785785785789173e+00
3.741051051050982568e-01
3.725786786786794202e+00
5.307558558558517880e+00
6.271505505505502676e+00
3.831570570570610901e+00
2.416286286286318252e-01
4.887886886886841253e+00
1.496349349349349112e+01
4.789495495495474486e+00
8.688146146146202398e+00
1.140905125125123050e+02
4.050837837837851119e+00
1.469415255255257762e+02
3.621759759759754171e+00
4.103986986987006702e+00
1.934449949949951630e+01
4.810909909909904414e+00
4.619080080080105510e+00
2.077577577577529450e-02
1.692122922922919059e+01
4.936346346346431324e-01
2.248747747747774639e+00
1.042681741741741774e+02
7.408586586586615397e+00
1.172868698698697472e+02
7.716873873873913325e+00
3.683583583583536214e-01
7.602378378378316981e+00
6.015350350350367137e+00
7.546033033032966131e+00
3.122982982983036337e-01
3.371121121121111175e-01
1.564526506506510088e+02
1.117128028028028552e+01
2.795482482482479014e+01
1.625465465465479875e-01
2.094109109109101308e+00
2.468907907907912591e+00
1.916365765765767293e+01
1.628628628628632224e-01
2.385715715715728824e-01
2.957957957957992046e-02
1.129659059059057569e+01
4.929029029029035947e+00
4.125075075075009812e-01
4.324697997998009669e+01
1.734176176176222661e+00
4.013583583583512637e-01
2.747337337337328877e-01
5.997874874874924878e+00
8.714904904904862804e+00
1.621394294294292138e+02
2.190787887887890051e+01
1.638428428428439221e-01
4.005505505505523728e-02
4.038668668668731754e-01
1.911195395395392538e+01
6.179864864864867968e+00
4.999999999999938521e-03
8.268738738738820038e-01
5.148563563563542722e+00
4.745891891891848680e+00
3.637031031031022543e+00
6.346136136136132144e+00
9.853236236236243784e+00
6.782576576576565763e+00
5.946959959959956521e+00
1.850380380380420020e-01
2.085185185185168405e-02
6.749780780780790579e+00
6.701631631631729258e-01
1.396396396396379185e-02
5.341601601601537741e-01
3.375885885885888671e-01
8.625365365365467163e-01
8.058508508508579027e+00
5.181479479479476957e+00
2.883267267267273670e+00
3.749259259259322685e-01
3.250750750750715928e-02
4.595895895895943939e-01
1.197285685685685763e+01
5.717840840840842098e+00
1.167155855855856572e+01
3.311738738738752463e+00
1.890215215215239608e+00
3.234993993993997563e+00
4.116065065065055428e+00
7.656666666666676058e+00
1.693878268268266254e+02
4.983107107107114686e+00
4.250732732732714680e+00
7.825975975976018351e-01
7.469600600600669438e+00
1.708350150150150171e+01
3.472502502502510247e+00
6.856416416416452053e-01
3.524724724724762059e-02
4.676706706706741379e+00
2.525109109109111127e+00
8.566268268268302677e+00
3.264324324324295867e-01
1.534324324324307653e-01
2.759139139139187846e-01
5.408827827827817458e+00
1.115885885885864459e-01
4.319219219219298106e-02
2.863090090090091966e+00
4.203418518518525104e+01
7.720939939939923669e+00
6.234985185185205836e+01
1.350930930930916984e-01
5.409089089089200719e-01
5.990776776776829848e+00
2.697927927927881164e-01
7.067152152152150535e+00
6.321446446446430834e+00
1.288788788788809529e-02
8.774258258258258891e+00
1.259052562562561235e+02
2.165943943943942074e+00
4.572510510510508830e+00
2.177679079079079116e+01
6.106742742742761187e+00
4.664698698698698465e+00
7.173343343343308476e+00
1.245145145145157839e-01
1.435087087087098645e+00
1.238169069069068229e+01
4.886036036035938945e-01
1.048710210210212779e+01
5.433473473473464210e+00
1.814658258258254619e+01
1.259529529529542224e-01
6.241016016016078360e+00
3.964174174174133758e-01
7.301931931931878728e-01
1.954462362362360039e+01
1.023073293293293204e+02
2.586245645645648850e+01
1.504970970970959998e+00
2.317827827827802778e-01
3.967044844844839702e+01
4.129036036036026758e+00
5.060130130130150450e-01
6.741814914914927215e+01
3.358628628628631319e+00
2.981891891891820801e-01
5.481830830830825008e+00
5.720820820820758712e+00
1.634224224224251898e-01
6.073256256256239993e+00
2.018018018017977977e-01
8.678173173173213684e+00
5.045645645645568250e-02
5.294425425425408172e+00
2.589440440440436308e+00
2.055565565565560804e-01
3.518908208208208066e+01
2.124194194194156948e-01
2.061435535535524011e+01
3.876110110110106088e+00
2.855715715715681502e-01
6.872950950950986737e+00
1.193793793793769542e-02
8.585391391391384630e+00
2.457667667667683631e+00
3.096505835835835683e+02
5.077192192192190312e+00
4.724068268268270998e+01
3.100292892892900554e+01
5.260665665665628765e+00
2.208028028027977374e-01
5.435306306306288526e+00
9.257285285285311360e+00
5.144210210210183654e+00
7.063821821821827385e+00
2.893283283283305529e-01
6.973258758758773013e+01
2.802581581581572223e+00
2.331251251251293677e-01
8.312731731731721752e+00
4.396650650650659742e+00
3.912622622622628499e-01
2.007395455455453828e+02
8.388081081081070423e+00
3.718092092092112111e+00
1.174193293293288498e+01
6.300507507507510319e+00
5.961370470470464511e+01
1.060930930930920474e-01
1.787337337337331078e-01
5.049061061061072664e+00
3.130562562562593687e+00
1.876105815815815845e+02
6.699734734734754227e+00
3.230370370370387878e-01
4.106485485485489306e+00
7.529156156156191493e+00
5.044544544544444370e-02
2.328236036036036793e+01
1.753687947947949226e+02
3.302852852852879995e+00
4.482832832832749914e-01
4.040190190190254826e-01
2.455860560560560302e+01
2.275505505505481529e-01
2.323166306306308968e+02
1.616156156156145496e-01
1.019935935935929461e+00
1.633813813813843330e-01
6.499106106106067315e+00
3.136406406406418990e-01
1.677347347347356854e-01
3.734355355355332584e+00
4.026776776776824773e-01
1.267919259259260514e+02
3.061771771771816808e-01
4.726061061061061608e+00
3.663373373373334796e-01
2.954824824824822116e-01
3.344630630630619272e+00
7.097633633633611439e+00
4.928728728728821729e-01
1.349870970970973616e+01
2.545725725725684341e-01
6.145700700700675867e+00
4.301660660660679092e+00
1.494972372372379432e+01
5.782176176176196947e+00
1.258947447447451395e+01
2.160362362362353572e+00
1.126876876876890810e-01
2.854385385385384222e+00
3.252922922922902860e-01
6.437137137137076692e-01
2.190329239239253525e+02
2.097078178178182100e+02
2.934204204204195587e+00
4.535335335335436979e-01
3.852967967967959151e+00
2.193362072072074227e+02
7.073153153153167949e+00
6.878489489489477471e+00
7.765385385385400463e-01
4.967753753753752832e+00
4.834994994995115980e-01
5.915510510510497255e+00
2.560061851851849610e+02
4.230630630630706213e-01
2.853763763763716987e-01
8.646910910910909465e+00
1.456846156156157122e+02
4.060886886886890146e+00
7.402774774774827371e+00
2.323473473473439965e-01
1.475111411411412732e+01
3.247627627627636682e-01
6.516516516516510094e-02
2.726556556556619104e-01
8.073567567567579317e+01
1.578209309309324837e+01
3.396220010010011947e+02
1.004344344344350742e-01
7.196266266266179157e-01
6.071282282282253639e+00
3.773715715715704633e+00
2.081831831831804647e-01
4.433495495495503924e+00
5.449699699699678490e+00
4.026806806806859651e-01
3.825915315315315723e+01
1.165955955955964157e-01
5.565245245245337147e-01
7.376007007007039817e+00
1.609329329329342861e-01
4.012952952952889007e-01
3.655215215215196434e+00
5.615277277277294310e+00
3.753585885885890150e+01
2.363805805805795135e+00
4.101161161161243629e-01
5.864229229229236395e+00
6.193143143143159390e-01
4.086107107107089575e+00
1.734257257257232343e+00
5.979979979980074370e-03
3.303144944944946815e+01
2.791941941941979977e-01
2.605445445445421226e-01
5.921421421421323855e-02
3.994054054053985392e-01
1.002102102102116893e-01
4.490521521521526616e+00
3.129399399399349080e-01
9.288558558558710487e-01
2.259809809809774916e-01
5.094733733733725067e+00
3.882945945945934341e+00
8.511755755755743280e+00
5.911924924924949032e+00
8.777948948948921526e+00
8.471441441441459830e+00
7.595343943943932175e+01
2.302178248248247883e+02
6.626616616616648692e+00
4.547312312312271843e+00
3.816393793793797329e+01
2.886296296296251285e-01
1.374146346346345027e+01
1.010110110110094134e-01
1.710944144144171020e+01
3.721079079079078866e+00
3.256756756756819249e-02
5.236382382382384293e+00
3.715315315315267930e-01
8.367867867868072906e-02
1.795408908908910917e+01
1.342922462462461226e+02
3.961531531531586880e-01
3.694140140140129258e+00
5.733914914914927330e+00
1.241314114114116585e+01
3.642006006006023089e+00
4.496446446446475065e+00
5.982672672672687542e-01
4.856242242242253759e+00
2.355385385385450336e-01
4.460786786786812286e+00
9.810590590590601678e+00
3.195810810810785441e+00
5.976360360360352786e+00
7.353493493493455935e-01
3.059979979979955966e-01
6.484588588588621860e+00
3.817217217217235281e-01
1.823860960960960753e+01
1.556290390390389256e+01
3.119461461461487506e+00
1.401511011011005259e+01
2.085985985985980007e-01
5.403513513513450439e-01
3.536456456456445463e-01
3.635690690690712934e+00
8.422197197197220930e+00
1.870690690690660907e-01
5.466465465465477180e+00
5.740171171171168929e+00
2.323234574574576357e+02
2.587327327327350046e-01
2.674420220220217814e+01
3.279349349349353071e-01
6.470930930930958169e-01
2.651490090090069884e+01
9.655690690690615696e+00
4.836777777777759191e+00
3.835515515515431906e-01
1.465711211211211946e+02
1.095361161161163466e+01
6.155279279279276317e+00
3.993243243243166374e-01
4.333503503503546850e-01
1.995029029029031786e+00
8.463396396396378307e+00
2.077643543543542393e+01
6.257357357357258565e-02
2.235905905905856417e-01
2.586700700700682365e+00
3.048789789789807525e+00
6.539937937937915002e+00
1.717130630630619592e+01
7.618153153153054191e+00
5.439201201201216307e+00
7.162752752752641339e-01
2.249349349349378385e-02
1.376486486486501737e-01
7.689276276276294730e+00
6.596544544544521216e+00
8.262244244244202562e+00
3.242042042042067029e-01
8.563144144144171577e+00
2.732546146146147947e+01
4.576336336336223054e-01
8.306920920920914853e+01
8.125204204204191427e+00
1.033739239239238650e+01
3.835773773773764717e+00
2.059414914914905026e+01
6.308647647647625867e+00
4.854754754754812829e-02
3.822316316316337392e+00
9.884407407407417523e+00
3.285475475475433393e-01
6.043077077077082748e+00
2.597484484484476219e+00
9.200836436436422616e+01
1.682374974974974791e+01
3.903755755755735635e+00
3.683470470470488145e+00
2.651021021021050528e-01
2.768348348348402821e-01
1.464974974974961874e-01
5.905445445445467456e-01
4.646924924924926259e+00
9.857667667667591171e-01
1.019710710710715729e+00
5.519900900900888807e+00
3.601762262262264613e+01
6.354328528528542819e+01
3.094113113113119429e+00
3.759259259259292024e-02
2.015875875875908774e-01
4.890115515515520173e+01
2.969009009009035083e+00
5.923726726726725289e+00
7.087338338338343036e+00
1.123683683683665557e-01
2.373612612612604700e+00
2.814844844844838767e-01
1.711471471471474326e-01
5.203852552552549326e+01
5.871145145145156619e+00
6.312277277277278387e+00
4.506406406406349152e-01
6.967889889889901767e+00
4.153873873873979439e-01
7.486637637637569398e+00
1.571052552552554360e+01
4.320397397397390371e+00
4.194321321321334395e+00
1.928318318318316682e-01
6.108719719719726271e+00
3.447286186186185830e+01
5.749567567567522630e+00
2.831782782782776398e+00
3.458958958958890245e-02
4.306516516516546433e-01
3.489707707707666806e+00
9.538911911911887032e+00
2.849871871871872742e+00
2.454754754754732982e-01
1.691800400400401827e+01
1.419870730730731339e+02
8.986637637637638676e+00
1.115562162162163062e+01
1.254310810810809329e+01
2.274049049049039262e+00
2.704374374374415857e-01
1.528156766766768158e+02
1.347316816816816072e+02
3.603721721721718119e+00
3.652304304304295535e+00
8.980126126126126707e+00
5.386513513513520479e+00
5.309783783783784017e+00
2.278433433433426192e+00
6.977977977977764534e-03
2.099979979980023670e-01
4.444331331331331292e+00
4.121390490490492908e+01
6.844955955955983384e+00
1.028071971971972260e+02
4.649360960960967759e+01
2.569139839839838757e+01
2.776822822822804238e+00
3.186196196196179331e-01
6.487187187187220871e+00
4.281924924924928710e+00
1.113713713713738312e-01
1.740870930930925056e+02
1.754080080080076876e+00
2.386236236236220609e+00
2.280942942942942420e+00
6.644711711711701163e+00
3.058537537537501017e+00
6.450528528528526984e+00
1.204483083083082207e+01
2.439939939939889946e-01
3.821721721721790810e-02
1.125972032032032217e+02
4.146832832832830107e+00
1.105554804804805542e+02
4.027607607607691653e-01
4.734828828828843150e+00
2.935135135135140752e-02
7.147417517517519059e+01
4.991991991992078201e-03
2.516070970970968190e+01
4.027627627627678591e-02
6.231801801801862828e-01
6.690264364364360006e+01
5.143213213213202906e+00
5.616534534534518563e+00
1.852047647647647182e+02
7.771026026026055078e+00
8.046545545545493283e+00
3.094294294294310244e-01
5.033992992992993187e+00
1.714274274274269205e-01
6.502936936936865919e+00
5.179859359359361548e+01
3.806996996996946936e-01
5.911328728728732074e+01
2.553813723723721978e+02
4.580418418418431337e+00
1.974774774774732539e-02
7.192578578578562976e+00
1.091666816816815668e+02
1.087315515515519770e+01
3.058636636636670403e+00
1.436268728728729229e+02
1.035195195195185713e-01
3.055109109109107379e+00
1.950570570570561990e-01
4.494764764764874188e-01
1.425562992992992690e+02
2.501801801801842307e-01
1.893444044044048979e+01
1.373963963963963231e+01
5.726261261261234914e+00
2.764115115115114207e+00
4.101841841841789571e-01
6.025965965966001425e-01
2.480733733733740731e+00
1.564510810810815045e+01
5.815309309309357744e+00
6.074508508508513316e+00
2.052612612612595144e-01
2.208517517517506690e+00
3.264105105105105054e+01
9.278223023023022620e+01
3.780371371371378242e+00
2.021794794794792072e+00
7.682824824824855625e+00
1.771671671671677106e-01
1.897070780780779558e+02
4.919257257257245719e+00
2.821096096096106454e+00
1.154439439439432924e+01
3.096247247247265300e+00
4.424262262262276479e+00
1.093394994994994285e+01
2.525995995996005439e-01
4.753673673673750044e-01
6.102102102102232445e-02
6.058398398398501250e-01
8.192551551551558120e+00
2.107781561561561432e+02
1.898706446446445284e+02
5.439085085085085147e+00
3.557947947948010836e-01
5.220203203203267250e+00
4.247905905905875024e+00
6.584078078078053231e+00
3.459439439439439545e-01
7.340046046045979544e+00
1.388048048048029781e-01
1.099774074074075436e+01
4.975018018017998145e+00
4.669531531531476709e+00
3.725476476476452969e+00
9.186138138138151277e+00
4.426326326326303628e-01
2.343476546546547468e+02
5.384038038038036156e+00
2.234574774774768713e+01
4.629963963963959372e+00
7.157347347347339905e+00
3.723296296296293217e+00
5.334444444444442546e+00
3.568348348348372667e+00
2.600606206206203552e+01
4.145719719719725305e+00
5.439425425425461924e+00
6.620376376376387206e+00
2.182292292292244973e-01
7.293183183183110652e-01
1.816682682682674521e+00
7.535033033033032623e+00
5.278803803803802097e+00
9.543228228228242571e+00
2.617957957957984805e-01
1.728888888888870379e-01
3.810510510510569104e-01
6.334234234234073502e-02
1.890925925925936557e+00
1.442042042042002981e-01
5.465405405405474593e-01
5.513003003002988400e+00
6.416450450450420284e+00
2.319869869869932433e-01
2.540770770770824916e-01
2.114938038038039636e+01
3.610053053053050576e+00
3.372842442442448885e+01
1.745335335335316540e-01
5.302702702702639936e-02
6.646830830830856129e+00
3.182202202202247809e-01
1.258028028028007062e-01
3.233315315315330007e+00
1.403669569569568409e+01
1.505505505505478903e-01
5.493823823823842822e+00
5.907867867867858891e+00
8.644974974974985571e+00
2.453633633633662547e-01
4.835695695695644281e-01
