3.020899899899924801e+00
1.885975975975977104e+00
0.000000000000000000e+00
1.086483483483483115e+00
3.874709709709708072e+00
8.066766766766816366e-01
2.492952952952978696e-01
1.873912912912919948e+00
2.472222222222239807e-01
1.708786786786796075e+00
6.857350450450428525e+01
2.187427427427440230e-01
1.088988988988998964e-02
1.188119119119130040e+00
1.745912912912895409e+00
5.895300300300301721e+00
2.165965965965947065e-02
5.733633633633568316e-02
3.683533933933948390e+01
1.106767767767756094e+00
0.000000000000000000e+00
8.065645645645698192e-01
2.180864864864850095e+00
2.379169169169123021e-01
1.978778778778789160e-02
3.935835835835859581e-02
2.062451451451454698e+00
4.113913913913967019e-02
3.053153153153092061e-02
1.271245245245232969e+00
5.471885885885868106e+00
1.293273273273258250e-01
3.808828828828861313e-01
1.145803803803801868e+00
1.714542542542528025e+00
1.539445445445444705e+00
7.595582582582568421e+01
3.612608008008006522e+01
2.577207207207162787e-01
2.583614614614653249e+00
1.036001001001002209e+01
1.022456456456455109e+00
2.191238238238245373e+00
9.530830830830889777e-01
1.960752752752749961e+00
1.976976976976987585e-02
3.887637637637682553e-01
0.000000000000000000e+00
2.559455455455440731e+00
1.580368568568568932e+01
1.931337337337341475e+00
1.192592592592577223e-02
1.212402402402407431e-01
8.202982982983100246e-01
2.410445445445451806e+00
6.850400400400290524e-01
1.773947947947954740e+00
5.418078078078133464e-01
4.314729729729737784e+00
1.219099099099087757e+00
4.411660160160158739e+01
1.327868868868849583e+00
3.294761761761753860e+01
1.997997997998007206e-03
1.815716716716696988e+00
9.515415415415205691e-02
5.209078078078065666e+00
1.744860860860865559e+00
2.493493493493506297e-01
1.226736736736729338e-01
2.926617617617610634e+00
3.751651651651607966e-02
2.007534534534521686e+00
2.634060060060063435e+00
1.783763763763739074e-01
4.560237237237231511e+01
1.974332332332338957e+00
1.669850850850864044e+00
3.041733533533528444e+01
3.730840840840888850e-01
1.131870870870868240e+00
1.302126126126117445e+00
1.213673673673646147e-01
5.447953953953950545e+00
4.284612612612640703e+00
2.676542542542537539e+00
9.265825825825635409e-01
2.378464464464473238e+00
9.282772772772829306e-01
2.418338338338382187e-01
1.493843843843863650e-01
1.534154154154144800e+00
8.075075075075170694e-02
2.018044044044049912e+00
1.755987987987977395e+00
4.835045045044997769e-01
2.417366366366368702e+00
1.804745745745752972e+00
1.480595595595586955e+00
5.839639139139143253e+01
3.313403403403380132e+00
5.969969969969883376e-03
1.294894894894924042e-01
1.373343943943951118e+01
2.479979979980017624e-01
1.576302302302299285e+00
7.870930930930960523e-01
8.759029029029049562e-01
2.494654654654701875e-01
2.491792792792749012e+00
3.041431431431468879e-01
8.524924924925121605e-02
6.602502502502438642e-02
2.898892892892895201e+00
2.068027027027040887e+00
1.914774774774787858e-01
0.000000000000000000e+00
2.582741741741747088e+00
1.583629629629624835e+00
7.500771771771781005e+00
5.727566566566579809e+00
1.058369369369377422e+00
3.311181181181201416e-01
1.455466466466467379e+00
2.098976976976970832e+00
4.205405405405338581e-01
1.347331331331324877e+00
1.026466466466477434e-01
1.179111711711708210e+01
1.997997997997983787e-03
3.987987987988050875e-03
2.249349349349380467e-02
5.060060060060035669e-02
1.737476476476485843e+00
1.416661661661661631e+00
1.651785285285281901e+01
2.500810810810806251e-01
3.959070070070066283e+00
1.209835835835845419e+00
1.000000000000002189e-03
1.463161161161153245e+00
1.626180180180188284e+00
1.883783783783811103e-02
2.067648648648658938e+00
2.363123123123148650e-01
1.932295295295307191e+00
1.421242242242236387e+00
4.331751751751721224e-01
1.494030030030034428e+00
1.965765765765772194e-02
2.585105105105116596e+00
1.125392392392380536e+00
1.290790790790778859e-02
2.527485485485503780e+00
5.219560560560596585e+00
9.791251251251336107e-01
2.196207207207218737e+00
6.416166166166128448e+00
1.402661661661664949e+00
1.478068068068054963e-01
1.049439439439451283e-01
0.000000000000000000e+00
1.834114114114133443e-01
1.424263863863855661e+01
2.205040040040027627e+00
6.378176476476473056e+01
9.485885885885786406e-02
1.540588588588588159e+00
1.132987687687690226e+01
1.346951951951954607e+00
1.630730730730688971e-01
1.722740740740746679e+00
1.245592592592606351e+00
1.000000000000005659e-03
1.093867867867870380e+00
9.092050050050016097e+00
1.866232232232232224e+00
1.949289289289269367e-01
1.639939939939909774e-01
1.052276276276263633e+00
7.862862862862844693e-02
2.081415415415378334e+00
7.786886886886865144e-02
1.988217217217212562e+00
7.117627627627580722e-01
9.643673673673734958e-01
1.915465465465465478e+00
1.586767767767760740e+00
1.505916916916935078e+00
2.046766766766792978e-01
2.166020020020005266e+00
2.301304304304320425e+00
1.367260260260264371e+00
1.908214214214202231e+00
8.943943943943970937e-03
2.605613613613615431e+00
4.987987987987969364e-03
2.023054054054055584e+00
2.967567567567627393e-02
2.032085185185180265e+01
9.915767767767771801e+00
1.114223223223208770e+00
2.002562562562541226e-01
0.000000000000000000e+00
1.734289289289292046e+00
0.000000000000000000e+00
3.683881881881903464e+00
3.509909909909914721e-02
8.250450450450309836e-02
4.529709709709819898e-01
5.820998498498497753e+01
2.495205205205225929e-01
6.945095095095092930e-01
4.048028028027940151e-01
2.206168168168180177e+00
4.891924624624627427e+01
2.741793993993990952e+01
2.708596196196193873e+01
8.852472472472494580e-01
1.857315315315309912e+00
6.556736736736759052e-01
3.111541541541554268e-01
4.901285285285298166e+00
0.000000000000000000e+00
1.998825225225225921e+01
1.073668668668650739e+00
2.530529529529530475e+00
8.401731731731656438e-01
5.610866866866854430e+00
1.077983983983972660e+00
2.993993993994002473e-03
1.085298298298309705e+00
1.975877877877876720e+00
2.510153153153153571e+00
8.298518518518525511e+00
4.016819819819839488e+00
9.788022022022017765e+00
1.669823823823817444e+00
1.715985985985977402e+00
1.374141141141134614e+00
1.170968968968965962e+00
1.232947947947953704e+00
9.909909909909865935e-03
2.259599599599629305e-01
1.956711711711732748e+00
2.273636636636649833e+00
1.753333633633639010e+01
1.844978978978984552e+00
1.098949949949945770e+00
8.508778778778700591e-01
1.406874874874871839e+00
2.218976976976988258e+00
2.822762762762728861e-01
1.201351351351366281e-01
2.801151151151137220e-01
1.071970370370371661e+01
1.401788788788788542e+00
4.251110110110115414e+00
3.552431431431419817e+00
2.205367367367360831e+00
1.000000000000015200e-03
0.000000000000000000e+00
1.502568568568579677e+00
7.728899899899912995e+00
4.761489689689696547e+01
1.513520520520517998e+00
6.277431431431426567e+00
1.177606606606614204e+00
7.255525525525502450e-01
1.403758758758750780e+00
1.875139139139150979e+00
7.152966966966903151e+00
2.257757757757733810e-02
6.941218218218168978e+00
2.497597597597633542e-02
2.353753753753728625e-02
2.425387387387382798e+00
2.005075075075052615e-01
3.012912912912862548e-02
2.532012012012021973e+00
1.921998998998965646e+00
1.824292892892901463e+01
1.158302302302317344e+00
1.720693693693694071e+00
6.032435435435450799e+00
2.072811811811797522e+00
2.488530930930923191e+01
2.046532532532504334e+00
1.968210210210204592e+00
2.487277277277258336e-01
2.095501501501497721e+00
1.607007307307308608e+01
2.388812812812830533e+00
0.000000000000000000e+00
2.598680680680673927e+00
1.117877877877859749e+00
7.596409409409346836e+00
1.849639639639617805e-01
2.117700700700707372e+00
1.846486486486496048e-01
1.261151151151143068e+00
1.247326326326320789e+00
8.269429429429391298e-01
1.750416416416438636e+00
4.993993993993976060e-03
1.238981981981980507e+00
1.665465465465439110e-01
2.433213213213236692e-01
9.842442442442447259e-01
1.585614614614620832e+00
4.027627627627691081e-02
3.680280280280262550e-02
1.390541541541554738e+00
4.927607607607500939e-01
0.000000000000000000e+00
0.000000000000000000e+00
1.262926926926916771e+00
2.675226226226228299e+00
2.357805805805798904e+00
3.573873873873943674e-02
4.113835835835786270e+00
9.146606606606555445e-01
7.903493493493535027e+00
4.910824824824798540e+00
6.222139139139113873e+00
1.810620620620615906e+00
1.579520920920920268e+01
9.145095095095031601e-01
1.780831831831830137e+00
0.000000000000000000e+00
1.638116116116094201e+00
1.499894894894911124e+00
2.199381381381382283e+00
1.439819819819800895e-01
2.066341341341351612e+00
1.100075075075091613e+00
1.940250250250296071e-01
9.688458458458468758e-01
1.169423423423428865e+00
1.935495495495532514e-01
2.163238238238219591e+00
4.844744744744724357e-02
1.203743743743710820e-01
1.102342342342357284e-01
0.000000000000000000e+00
6.750670670670650964e+01
1.277196196196204392e+00
2.278942342342349647e+01
4.255115115115155056e-01
2.700561561561547030e+00
3.257724724724748278e+00
3.020087087087094613e+00
6.734634634634524553e-02
9.577887887887852614e-01
9.353253253253497601e-02
7.300954954954961273e+00
3.751651651651675273e-02
3.037236236236239506e+00
2.317760760760775973e+00
2.993993993994003774e-03
2.187537537537561083e-01
1.720190190190157287e-01
1.575975975975989554e-02
2.806196196196176218e-01
1.997997997998022385e-03
4.690720720720817916e-01
1.159533533533537497e+00
2.879243243243246209e+00
4.100041641641643508e+01
2.365315315315340283e-01
1.728888888888873709e-01
1.000000000000002840e-03
2.951651651651618358e-01
5.223923923924007895e-02
1.851854854854847243e+00
2.177177177177195763e-02
1.354512512512525468e+00
2.762582582582530644e-01
1.559125125125137457e+00
1.122855855855838580e+00
1.084598398398398800e+01
2.464078078078078438e+00
1.000000000000018235e-03
6.343943943943894381e-02
1.216570570570574494e+00
1.513996996997004185e+00
1.391716716716698388e+00
2.814164164164182136e+00
1.583493493493516313e-01
1.126541941941939129e+01
3.602681781781787862e+01
1.180439439439437743e+00
2.561261261261214561e-01
1.350064064064063318e+00
1.792034034034059475e+00
2.245842842842848075e+00
1.278728728728716568e+00
2.129639639639624715e-01
1.729180180180178272e+00
4.278133133133146693e+00
1.650911911911901564e+00
2.543327327327284948e+00
3.599135835835836161e+01
1.354980980980973415e+00
4.450100200200198941e+01
1.185699699699706011e+00
1.456050050050082145e+00
6.518325325325308839e+00
1.559533533533540295e+00
1.532922922922913322e+00
0.000000000000000000e+00
5.070379379379378548e+00
2.843353353353388346e-01
9.041791791791806698e-01
3.139628328328323903e+01
2.712366366366326886e+00
3.589027927927925532e+01
2.600911911911934382e+00
2.634274274274247540e-01
2.520962962962946641e+00
1.899430430430446348e+00
2.621851851851836557e+00
9.122922922922856170e-02
2.539649649649650676e-01
4.537303103103108270e+01
3.330247247247268394e+00
8.375154154154040853e+00
4.934534534534571609e-02
8.502642642642626036e-01
8.785485485485392543e-01
6.074737737737736509e+00
5.833633633633742571e-02
1.408268268268262624e-01
0.000000000000000000e+00
3.878082082082058069e+00
1.712668668668676508e+00
2.462132132132083540e-01
1.328357457457456547e+01
7.989019019018993584e-01
1.298608608608619042e-01
2.452042042042083814e-01
2.041384384384388184e+00
2.701747747747762940e+00
4.810924824824819979e+01
7.275386386386382576e+00
2.629729729729754148e-02
0.000000000000000000e+00
2.729439439439435566e-01
6.124002002002002065e+00
2.143481481481484430e+00
0.000000000000000000e+00
5.339409409409414664e-01
1.737715715715725251e+00
1.489696696696693134e+00
1.359148148148156654e+00
2.182565565565575572e+00
3.173960960960973132e+00
2.268279279279269645e+00
1.841516516516533031e+00
2.157957957957972947e-02
0.000000000000000000e+00
2.231561561561578255e+00
3.005465465465458896e-01
0.000000000000000000e+00
3.373523523523502265e-01
2.214514514514472066e-01
3.277577577577594492e-01
2.334940940940925191e+00
1.852226226226246775e+00
1.081351351351358625e+00
2.645225225225222854e-01
0.000000000000000000e+00
3.858048048048033918e-01
4.095621621621614139e+00
2.051230230230242313e+00
3.811761761761714329e+00
1.152146146146147965e+00
7.308728728728677293e-01
1.020639639639632668e+00
1.480999999999993211e+00
2.467018018018034997e+00
5.177328728728734575e+01
1.744363363363341524e+00
1.562111111111086359e+00
6.546606606606617529e-01
2.242756756756776326e+00
5.605976976976976722e+00
1.244926926926919197e+00
5.174284284284184077e-01
0.000000000000000000e+00
1.624320320320334243e+00
9.985445445445370050e-01
2.700473473473469888e+00
2.321981981982023657e-01
5.469069069068974859e-02
7.129429429429488818e-02
1.865364364364346050e+00
2.534934934934970560e-02
0.000000000000000000e+00
1.064304304304288795e+00
1.439249449449444107e+01
2.400746746746734051e+00
1.865928928928916619e+01
9.909909909909864201e-03
2.467957957957967463e-01
2.137629629629628880e+00
9.098198198198030606e-02
2.326080080080070278e+00
2.336226226226231439e+00
0.000000000000000000e+00
3.032196196196192517e+00
3.923412512512514638e+01
9.077577577577661261e-01
1.669172172172174395e+00
6.632861861861841568e+00
1.953279279279274583e+00
1.635163163163142697e+00
2.312578578578591504e+00
3.100700700700725204e-02
6.617817817817857051e-01
3.983773773773781279e+00
4.524914914914842656e-01
3.575756756756740984e+00
1.748118118118120901e+00
5.774125125125114444e+00
8.967967967967803433e-03
2.033372372372365344e+00
1.561461461461477185e-01
5.771431431431384151e-01
6.103074074074029909e+00
2.962516716716712395e+01
8.612657657657708299e+00
6.403943943944039319e-01
3.050950950950929996e-02
1.235279079079079700e+01
1.409065065065081113e+00
3.333153153153112780e-01
2.064515115115114696e+01
1.231970970970967638e+00
1.151811811811787739e-01
1.682360360360359186e+00
2.036271271271258954e+00
4.227427427427322276e-02
1.828929929929941745e+00
1.049439439439451838e-01
2.752291291291257380e+00
0.000000000000000000e+00
1.709648648648649738e+00
1.043702702702719254e+00
7.283183183183310205e-02
1.145970170170169133e+01
1.283273273273261850e-01
6.672936936936950225e+00
1.306792792792788482e+00
1.713663663663679837e-01
2.091946946946957375e+00
0.000000000000000000e+00
2.862539539539540989e+00
8.427617617617474410e-01
9.081702802802794849e+01
1.668014014014007618e+00
1.544370770770767365e+01
9.369248248248206679e+00
1.760563563563563472e+00
4.135635635635651758e-02
1.746965965965960210e+00
2.910155155155148332e+00
1.607914914914928550e+00
2.178581581581580107e+00
2.444964964964916609e-01
2.391028928928921005e+01
1.008605605605602529e+00
1.794234234234195757e-01
2.778578578578569047e+00
1.449927927927923577e+00
2.182532532532507619e-01
6.045659659659661145e+01
2.598533533533530449e+00
1.300754754754751108e+00
4.088502502502482372e+00
1.956219219219209382e+00
1.819476876876880667e+01
1.394594594594601028e-02
2.363763763763729320e-02
1.721532532532517701e+00
1.093739739739727268e+00
5.139655355355359490e+01
2.111981981981985612e+00
1.162262262262241663e-01
1.461844844844846447e+00
2.458878878878892227e+00
1.997997997997997665e-03
7.000939939939912371e+00
5.280007507507502140e+01
1.178784784784778106e+00
3.572192192192120697e-01
2.432742742742693420e-01
8.165615615615612555e+00
1.577417417417432965e-01
6.733068068068062928e+01
2.061961961961938927e-02
6.441111111111156307e-01
8.927927927927951923e-03
2.100815815815821441e+00
2.541741741741715410e-01
1.478978978978998278e-02
1.302473473473474419e+00
2.674024024024068691e-01
4.027942942942945592e+01
2.549969969970022343e-01
1.562752752752763374e+00
2.588888888888914441e-01
2.131871871871901525e-01
1.165024024024013061e+00
2.391757757757746905e+00
2.896466466466421918e-01
4.128981981981977967e+00
4.926826826826910533e-02
2.091234234234233380e+00
1.443144144144137053e+00
5.215006006006019490e+00
1.947038038038001462e+00
3.785603603603601375e+00
8.665725725725660356e-01
2.724324324324317245e-02
1.033537537537539075e+00
1.768798798798754957e-01
4.724804804804767500e-01
5.874052652652663653e+01
6.226137037037035782e+01
1.068098098098091864e+00
2.662732732732734919e-01
1.314904904904890426e+00
6.318469069069077904e+01
2.396939939939954911e+00
2.335141141141141574e+00
3.798628628628679671e-01
1.609652652652633131e+00
3.255075075075066771e-01
1.840891891891881071e+00
8.117284884884905694e+01
3.211811811811823292e-01
5.986586586586449543e-02
2.841019019019023428e+00
4.525326526526524873e+01
1.393180180180176864e+00
2.335025025025026402e+00
2.052612612612596532e-01
4.722678678678667197e+00
2.226976976976977329e-01
1.000000000000007610e-03
2.114024024024075132e-01
2.525431831831846807e+01
5.012431431431439321e+00
1.026175195195194760e+02
1.672772772772787922e-02
6.086466466466450287e-01
1.953558558558573077e+00
1.354159159159151971e+00
1.559069069069054791e-01
1.471246246246248335e+00
1.758097097097072181e+00
2.843793793793800706e-01
1.259582682682683874e+01
1.672772772772794167e-02
2.711641641641613365e-01
2.471777777777806939e+00
4.392792792792907242e-02
3.011761761761724276e-01
1.347706706706697899e+00
1.710443443443442124e+00
1.143207807807802823e+01
8.760140140139934806e-01
2.974474474474512742e-01
1.932707707707690847e+00
2.413773773773745246e-01
1.370273273273279413e+00
6.633053053052985204e-01
0.000000000000000000e+00
1.036178178178182563e+01
2.094054054054078351e-01
2.383573573573514182e-01
3.987987987988045671e-03
1.509269269269280234e-01
1.769369369369381412e-02
1.528995995996008439e+00
1.884904904904939338e-01
5.075025025024948455e-01
8.848448448448291426e-02
1.654569569569587673e+00
1.332891891891894387e+00
2.616707707707690567e+00
1.924167167167168735e+00
2.680508508508523402e+00
2.753768768768786845e+00
2.714676476476476097e+01
7.097321221221221776e+01
2.090793793793786381e+00
1.598938938938949450e+00
1.091282782782777794e+01
2.225775775775799825e-01
4.364734734734722288e+00
2.993993993994004208e-03
4.679900900900888949e+00
1.151830830830821384e+00
1.000000000000013031e-03
1.642581581581579409e+00
2.048438438438404674e-01
4.979979979979967664e-03
5.672563563563560507e+00
3.789262862862866399e+01
2.856246246246193499e-01
1.182456456456456362e+00
1.976132132132126351e+00
4.071887887887847057e+00
1.205180180180198901e+00
1.406970970970976342e+00
2.879939939939942795e-01
1.669683683683705899e+00
1.168918918918945560e-01
1.503125125125131412e+00
3.102002002002007597e+00
1.206869869869863665e+00
1.749093093093123885e+00
4.184074074074097260e-01
2.371041041040998221e-01
2.106300300300311346e+00
2.303903903903860850e-01
6.574957957957966670e+00
5.136479479479493904e+00
1.099565565565556735e+00
4.491905905905912100e+00
5.380480480480434591e-02
3.243633633633614122e-01
2.662662662662628743e-01
1.307991991992002223e+00
2.826792792792798714e+00
5.113513513513432557e-02
1.769589589589567691e+00
1.708810810810819314e+00
6.823408508508505577e+01
1.220690690690679481e-01
7.809363363363400090e+00
1.601501501501494396e-01
3.139559559559572111e-01
8.037803803803811320e+00
3.230419419419400917e+00
1.665255255255245315e+00
2.172052052052018123e-01
4.178361861861854010e+01
3.310411411411407379e+00
2.157699699699719975e+00
2.028828828828852793e-01
2.995465465465508292e-01
7.895225225225162013e-01
2.746685685685675171e+00
7.115942942942897531e+00
1.000000000000010863e-03
5.034534534534502309e-02
9.313263263263132918e-01
1.174140140140147226e+00
2.036555555555571662e+00
5.321784784784793665e+00
2.587671671671690987e+00
1.747346346346364543e+00
3.539799799799854818e-01
0.000000000000000000e+00
1.578978978978980499e-02
2.623767767767763992e+00
2.034242242242255916e+00
2.653147147147159934e+00
1.021321321321306264e-01
2.510493493493482386e+00
8.514440440440427693e+00
3.385445445445487422e-01
2.437568668668664884e+01
2.359061061061051845e+00
3.091750750750746235e+00
1.283867867867891865e+00
5.969903903903928999e+00
2.145251251251258928e+00
0.000000000000000000e+00
1.425733733733721031e+00
2.913325325325347048e+00
1.425705705705669624e-01
1.895834834834835947e+00
9.540290290290356356e-01
2.755181781781784878e+01
5.616942942942962702e+00
1.426344344344341541e+00
1.352859859859854685e+00
9.094994994995096727e-02
2.398358358358310405e-01
3.659259259259176750e-02
2.566786786786790509e-01
1.588537537537508149e+00
4.216366366366311458e-01
5.560990990990959393e-01
1.705780780780785655e+00
1.162636036036034426e+01
1.793994594594596137e+01
1.167425425425422159e+00
1.000000000000004574e-03
1.183493493493517068e-01
1.452484384384381144e+01
9.978498498498493685e-01
2.144814814814823389e+00
2.178725725725718654e+00
1.687187187187181442e-02
9.222372372372302785e-01
1.824174174174166829e-01
2.353553553553573013e-02
1.475527527527529159e+01
1.991481481481503613e+00
1.952837837837838375e+00
3.679509509509454324e-01
2.349335335335334563e+00
3.028058058058009649e-01
2.371338338338329965e+00
5.463258258258275823e+00
1.532895895895882932e+00
1.390778778778789970e+00
7.029429429429309706e-02
2.224294294294293817e+00
1.034555855855852435e+01
1.878688688688686437e+00
1.045395395395390281e+00
1.000000000000018886e-03
1.376956956956954803e-01
1.275272272272258034e+00
2.939045045045015403e+00
1.018025025025032893e+00
2.094054054054076963e-01
4.956414414414425096e+00
4.514675275275278210e+01
2.878262262262270443e+00
3.594925925925932741e+00
3.962121121121118250e+00
8.742122122122064631e-01
2.414054054054083076e-01
4.790888388388391661e+01
3.898486386386397129e+01
1.231169169169170408e+00
1.401807807807792905e+00
2.768405405405358177e+00
1.752578578578583679e+00
1.757552552552546388e+00
7.931601601601531160e-01
0.000000000000000000e+00
9.088988988988927487e-02
1.528022022022021087e+00
1.300510510510514983e+01
2.257377377377369321e+00
3.081008508508497812e+01
1.570602802802801534e+01
8.398211211211236815e+00
1.033750750750750624e+00
1.198548548548529907e-01
2.213912912912916919e+00
1.458629629629625057e+00
3.993993993994034153e-03
5.347806706706705882e+01
6.728268268268213781e-01
9.350770770770693296e-01
9.247197197197107865e-01
2.316394394394395650e+00
1.098469469469470994e+00
2.167412412412417222e+00
3.568738738738750360e+00
6.282682682682683151e-02
0.000000000000000000e+00
3.266398098098095915e+01
1.516250250250261500e+00
3.409257757757753637e+01
2.588338338338372346e-01
1.548392392392391903e+00
0.000000000000000000e+00
2.064649749749748153e+01
0.000000000000000000e+00
7.157328328328333988e+00
0.000000000000000000e+00
4.665885885885937001e-01
2.105732832832831036e+01
1.646795795795777284e+00
1.767709709709716304e+00
5.642374974974979551e+01
2.588537537537528355e+00
2.650528528528541372e+00
1.165435435435426548e-01
1.611661661661650369e+00
1.974774774774755437e-02
2.341863863863863582e+00
1.519081681681685225e+01
1.597037037037049856e-01
1.990523123123123739e+01
7.685746446446445646e+01
1.555725725725734643e+00
0.000000000000000000e+00
2.337572572572585550e+00
3.676959259259257351e+01
3.269885885885870369e+00
1.082672672672672309e+00
4.115607007007005080e+01
3.987987987988028324e-03
1.043381381381386364e+00
2.473373373373396328e-02
2.647717717717748553e-01
4.449695095095092512e+01
1.971151151151192826e-01
6.075386386386401938e+00
4.167478478478476411e+00
2.027462462462445991e+00
1.009188188188178126e+00
2.596306306306318534e-01
3.575635635635597831e-01
9.716966966966965602e-01
4.876679679679635449e+00
1.900672672672685470e+00
2.018988988989018019e+00
1.026466466466476740e-01
7.589049049049026996e-01
1.025181381381382906e+01
2.921956356356357531e+01
1.272365365365367929e+00
8.377237237237115108e-01
2.717522522522533901e+00
6.430330330330143174e-02
5.789235935935933242e+01
1.669255255255259307e+00
1.093579579579577077e+00
3.641752752752756006e+00
1.138945945945953886e+00
1.588809809809803797e+00
3.544004004003980413e+00
1.512942942942954727e-01
4.341131131131182874e-01
0.000000000000000000e+00
4.511491491491534389e-01
2.770764764764747756e+00
6.733692692692683579e+01
5.517513813813809520e+01
1.824286286286281200e+00
2.605285285285239838e-01
1.787757757757767907e+00
1.494405405405383025e+00
2.081691691691705426e+00
2.592792792792792400e-01
2.340615615615595502e+00
5.999999999999927267e-03
3.668346346346352149e+00
1.721271271271266778e+00
1.441080080080092474e+00
1.317284284284285789e+00
2.820119119119126161e+00
2.903173173173191346e-01
6.679924224224231466e+01
1.715562562562559457e+00
7.663501501501509772e+00
1.554949949949959498e+00
2.346440440440447528e+00
1.419838838838850537e+00
1.917607607607609843e+00
1.194864864864866538e+00
7.388568568568575579e+00
1.330871871871874834e+00
1.743835835835828130e+00
2.170626626626652289e+00
2.174774774774767411e-02
6.218288288288336130e-01
7.532272272272351188e-01
2.246577577577578921e+00
1.770560560560576535e+00
3.055674674674671465e+00
2.098088088088122527e-01
6.773873873873952067e-02
2.394694694694675940e-01
1.877777777777746987e-02
8.191671671671819643e-01
1.486586586586615376e-02
3.518178178178145710e-01
1.768003003002993845e+00
2.001310310310286500e+00
1.286276276276285824e-01
1.881871871871894919e-01
7.051527527527543526e+00
1.288767767767762473e+00
1.020333733733733084e+01
2.829729729729705753e-02
2.993993993994002473e-03
2.223387387387380620e+00
1.088028028028037580e-01
2.818718718718765670e-02
1.159305305305302403e+00
4.280131131131123645e+00
1.583783783783779958e-02
2.025741741741760027e+00
2.022028028028057811e+00
2.832503503503522424e+00
8.100900900900753765e-02
1.188988988988975010e-01
