2.737563563563566671e+00
1.697892892892891359e+00
0.000000000000000000e+00
1.012108108108111137e+00
3.498242242242231903e+00
7.607037037036937788e-01
2.460120120120157516e-01
1.705254254254258361e+00
2.461501501501536238e-01
1.608629629629616753e+00
6.260887887887892589e+01
2.088148148148095407e-01
4.979979979979966796e-03
1.102436436436442957e+00
1.635385385385374812e+00
5.391692692692676481e+00
2.453953953954010267e-02
5.202702702702720339e-02
3.317912512512516088e+01
9.796876876876862150e-01
0.000000000000000000e+00
7.733673673673652216e-01
2.051344344344351089e+00
2.385745745745713742e-01
1.486186186186167456e-02
3.473873873873890156e-02
1.921080080080062480e+00
3.538538538538555517e-02
2.272972972972953781e-02
1.162209209209193572e+00
5.172519519519533482e+00
1.188898898898872597e-01
3.642622622622661011e-01
1.050120120120131562e+00
1.542397397397393455e+00
1.436788788788784466e+00
6.965480980980960624e+01
3.339372072072072228e+01
2.555505505505559216e-01
2.306672672672660962e+00
9.089279279279187662e+00
1.017877877877864767e+00
2.028766766766764373e+00
8.595415415415611493e-01
1.815058058058054424e+00
1.388388388388396219e-02
3.941671671671742594e-01
0.000000000000000000e+00
2.317298298298297254e+00
1.432752952952945336e+01
1.756788788788783640e+00
1.192592592592577223e-02
1.132132132132101371e-01
7.884274274274317706e-01
2.181559559559558270e+00
5.824974974974923558e-01
1.612875875875876552e+00
5.711581581581584022e-01
3.918608608608598942e+00
1.146834834834841388e+00
3.992449449449452459e+01
1.275693693693695119e+00
2.934609509509508740e+01
3.987987987988030059e-03
1.613523523523535452e+00
7.658858858858877405e-02
4.761792792792794771e+00
1.597911911911910066e+00
2.493493493493506297e-01
1.117277277277296532e-01
2.624583583583586233e+00
2.439939939939892583e-02
1.852591591591580711e+00
2.407436436436418692e+00
1.720500500500530827e-01
4.044065065065066733e+01
1.736840840840841116e+00
1.552723723723721472e+00
2.818491591591605783e+01
3.741101101101076964e-01
1.008595595595614958e+00
1.178761761761763616e+00
1.173723723723713169e-01
5.152686686686668516e+00
3.980902902902925700e+00
2.419154154154154135e+00
8.773483483483401901e-01
2.160789789789789417e+00
9.067817817817920290e-01
2.397897897897868225e-01
1.283183183183202181e-01
1.423273273273266248e+00
8.335435435435512019e-02
1.831697697697725058e+00
1.660089089089076042e+00
4.803423423423444083e-01
2.176098098098085742e+00
1.602552552552541032e+00
1.407738738738733675e+00
5.074278878878872945e+01
2.910297297297343544e+00
4.979979979979966796e-03
1.136496496496514214e-01
1.260782882882888600e+01
2.478828828828855413e-01
1.451370370370350438e+00
7.538368368368276728e-01
8.413283283283367053e-01
2.492252252252255273e-01
2.386864864864852276e+00
3.003113113113150545e-01
7.618718718718807403e-02
5.645645645645540334e-02
2.662477477477465548e+00
1.816965965965967156e+00
1.867787787787756892e-01
0.000000000000000000e+00
2.338653653653653297e+00
1.499837837837833421e+00
6.950356356356412135e+00
5.328426426426432272e+00
9.517537537537430481e-01
3.239629629629640628e-01
1.329232232232223421e+00
1.896141141141137298e+00
4.113373373373409025e-01
1.259961961961947097e+00
9.643243243243128371e-02
1.094566166166163335e+01
1.000000000000000671e-03
4.979979979979966796e-03
2.153753753753779102e-02
4.310710710710744659e-02
1.578463463463466665e+00
1.303993993994004619e+00
1.522469369369371783e+01
2.494654654654701598e-01
3.614821821821819992e+00
1.139953953953958043e+00
1.000000000000002189e-03
1.356927927927924493e+00
1.464917917917920365e+00
1.292792792792816191e-02
1.864206206206196592e+00
2.325435435435388443e-01
1.778769769769756426e+00
1.349098098098106213e+00
4.028618618618619585e-01
1.394461461461458995e+00
1.961961961961976655e-02
2.398963963963978596e+00
1.027877877877880985e+00
6.957957957957886484e-03
2.378530530530542197e+00
4.862771771771737583e+00
8.750160160160112000e-01
2.009487487487506385e+00
6.115322322322333193e+00
1.322492492492485017e+00
1.314774774774759014e-01
9.009009009009136260e-02
0.000000000000000000e+00
1.746346346346367151e-01
1.266868668668668008e+01
1.983962962962944721e+00
5.801205905905879945e+01
8.848448448448303916e-02
1.427650650650665876e+00
1.034405905905907730e+01
1.232810810810814894e+00
1.454804804804780693e-01
1.628152152152165799e+00
1.139755755755758271e+00
0.000000000000000000e+00
9.985845845845736646e-01
8.247266266266262136e+00
1.702222222222235404e+00
1.931181181181202688e-01
1.527597597597574186e-01
9.735685685685602220e-01
7.935435435435445051e-02
1.903773773773737243e+00
6.645345345345182730e-02
1.858813813813783744e+00
6.510060060060064435e-01
9.147057057056890983e-01
1.741407407407431496e+00
1.416453453453454525e+00
1.364222222222227998e+00
2.031141141141103168e-01
1.958868868868870683e+00
2.124758758758743316e+00
1.248958958958966026e+00
1.736610610610633598e+00
7.957957957957775483e-03
2.447086086086085022e+00
4.987987987988036151e-03
1.855617617617619564e+00
2.379979979979927190e-02
1.829728128128128617e+01
8.671261261261264508e+00
1.059677677677679286e+00
1.913973973973948917e-01
0.000000000000000000e+00
1.616952952952944944e+00
0.000000000000000000e+00
3.254157157157199887e+00
2.639739739739710087e-02
6.543743743743821173e-02
3.943563563563505792e-01
5.434081981981992726e+01
2.488798798798845524e-01
6.228598598598577007e-01
4.001441441441438984e-01
1.998084084084069012e+00
4.474756156156158227e+01
2.490353753753752386e+01
2.440051451451451214e+01
8.473813813813734219e-01
1.675426426426428250e+00
6.350700700700613321e-01
3.061921921921892387e-01
4.688325325325324755e+00
0.000000000000000000e+00
1.822589689689687731e+01
9.853923923924103878e-01
2.354484484484482110e+00
7.740580580580695980e-01
5.159634634634638672e+00
1.013707707707703687e+00
1.997997997997999400e-03
1.043393393393391211e+00
1.828249249249250807e+00
2.308142142142142195e+00
7.488387387387402505e+00
3.636930930930960315e+00
8.757073073073064151e+00
1.605272272272265432e+00
1.587493493493489227e+00
1.218212212212223422e+00
1.049489489489498828e+00
1.131030030030027556e+00
9.909909909909869405e-03
2.218058058058089144e-01
1.774805805805807379e+00
2.159770770770767179e+00
1.645043943943946019e+01
1.677920920920927150e+00
1.035046046046045110e+00
8.177407407407381035e-01
1.286297297297288589e+00
2.010657657657654251e+00
2.438228228228247751e-01
1.104364364364363027e-01
2.705005005004957885e-01
9.441363363363372230e+00
1.253188188188181229e+00
3.873545545545537205e+00
3.146837837837837437e+00
2.025787787787788119e+00
0.000000000000000000e+00
0.000000000000000000e+00
1.346895895895897199e+00
7.242652652652654233e+00
4.267349449449453402e+01
1.414432432432434661e+00
5.669707707707700273e+00
1.109426426426419310e+00
6.908298298298185536e-01
1.276671671671657071e+00
1.660361361361340604e+00
6.604254254254318113e+00
1.969169169169144445e-02
6.151873873873880072e+00
1.896596596596567333e-02
2.353753753753728625e-02
2.177276276276279621e+00
1.871581581581605591e-01
3.012912912912863242e-02
2.330559559559565841e+00
1.806596596596615090e+00
1.608125125125124200e+01
1.091418418418419689e+00
1.627949949949946795e+00
5.493599599599586547e+00
1.958601601601593245e+00
2.195061961961960151e+01
1.863382382382373192e+00
1.808207207207209288e+00
2.474384384384448743e-01
1.915271271271272724e+00
1.441907807807810293e+01
2.153308308308310437e+00
0.000000000000000000e+00
2.408291291291277947e+00
9.921151151151158532e-01
7.240207207207192575e+00
1.636066066066034497e-01
1.896245245245245181e+00
1.723313313313314943e-01
1.133323323323331078e+00
1.158889889889882063e+00
7.467847847847942644e-01
1.561190190190180793e+00
3.995995995996015279e-03
1.129044044044049455e+00
1.582532532532549274e-01
2.424374374374391738e-01
9.427297297297354550e-01
1.453626626626616680e+00
3.566666666666701985e-02
2.734734734734686409e-02
1.235378378378373165e+00
4.889969969970016095e-01
0.000000000000000000e+00
0.000000000000000000e+00
1.156695695695701520e+00
2.520426426426421784e+00
2.137728728728716998e+00
3.580680680680647932e-02
3.804510510510554333e+00
8.669929929929834911e-01
7.107936936936939176e+00
4.548233233233210271e+00
5.580798798798777938e+00
1.631321321321318241e+00
1.441818918918917802e+01
8.939729729729752883e-01
1.610348348348339620e+00
0.000000000000000000e+00
1.501979979979982005e+00
1.399549549549552685e+00
2.035971971971975325e+00
1.187807807807782501e-01
1.886621621621627387e+00
1.032053053053048730e+00
1.871861861861888465e-01
9.051991991992182074e-01
1.068019019019029070e+00
1.916276276276244472e-01
1.859992992992989258e+00
3.659259259259160790e-02
1.213963963963952397e-01
9.564664664664596083e-02
0.000000000000000000e+00
6.339992992992991816e+01
1.203601601601594462e+00
2.019225325325320242e+01
4.211201201201257849e-01
2.494080080080076200e+00
3.091110110110099729e+00
2.764938938938942048e+00
5.549149149149010946e-02
8.799029029028986315e-01
7.786486486486594860e-02
6.540527527527554064e+00
2.818718718718796548e-02
2.871905905905920875e+00
2.139367367367375206e+00
1.997997997997985088e-03
2.043543543543507868e-01
1.508058058058054096e-01
1.575975975975990595e-02
2.591351351351323107e-01
1.997997997998015446e-03
4.646716716716801088e-01
1.071858858858865782e+00
2.704133133133133082e+00
3.756531331331326129e+01
2.367967967967947451e-01
1.643153153153160129e-01
1.000000000000002840e-03
2.823763763763794121e-01
4.210610610610580895e-02
1.708427427427410716e+00
1.587987987987955762e-02
1.313775775775781085e+00
2.708868868868884450e-01
1.474602602602614443e+00
1.047633633633645145e+00
9.798756756756805686e+00
2.192466466466455710e+00
0.000000000000000000e+00
6.083583583583478116e-02
1.143278278278284432e+00
1.391371371371381560e+00
1.324458458458467103e+00
2.676466466466468574e+00
1.464624624624635552e-01
1.048577577577575681e+01
3.192182782782781203e+01
1.104870870870867883e+00
2.468898898898921612e-01
1.236592592592586026e+00
1.525976976976971322e+00
2.100087087087089799e+00
1.198604604604600388e+00
2.137327327327342430e-01
1.628395395395382916e+00
3.864917917917932044e+00
1.562152152152159967e+00
2.447446446446438717e+00
3.187984384384383674e+01
1.265791791791791132e+00
3.968260760760758643e+01
1.072502502502498345e+00
1.328549549549571385e+00
6.002633633633644550e+00
1.466087087087096785e+00
1.413259259259267653e+00
0.000000000000000000e+00
4.538121121121122314e+00
2.800990990990995799e-01
8.290910910910860299e-01
2.816653653653651190e+01
2.645951951951943659e+00
3.195495195195192650e+01
2.355445445445446762e+00
2.597597597597556818e-01
2.250829829829847917e+00
1.774240240240258615e+00
2.355840840840841555e+00
8.018118118118081061e-02
2.496406406406451450e-01
4.235056456456464247e+01
3.147541541541537757e+00
7.569703703703675401e+00
4.119219219219168865e-02
8.195475475475506588e-01
8.830570570570634992e-01
5.753523523523532468e+00
5.291691691691526728e-02
1.294894894894919601e-01
0.000000000000000000e+00
3.459709709709701819e+00
1.559677677677676844e+00
2.407117117117158756e-01
1.230239339339337512e+01
7.314454454454456522e-01
1.206106106106091397e-01
2.473313313313302564e-01
1.905047047047015329e+00
2.490060060060066416e+00
4.400849049049050166e+01
6.975933933933937681e+00
1.961961961961974227e-02
0.000000000000000000e+00
2.637187187187232662e-01
5.489075075075098731e+00
2.014148148148164008e+00
0.000000000000000000e+00
5.231311311311384049e-01
1.686686686686702075e+00
1.367777777777785975e+00
1.326579579579575618e+00
1.899919919919917488e+00
2.920727727727737921e+00
2.068422422422418361e+00
1.722053053053060001e+00
1.478978978979021176e-02
0.000000000000000000e+00
2.068134134134131941e+00
2.779319319319306647e-01
0.000000000000000000e+00
3.229569569569568643e-01
2.127517517517526213e-01
2.958778778778752838e-01
2.222913913913899808e+00
1.688029029029021633e+00
1.024647647647627613e+00
2.576236236236292276e-01
0.000000000000000000e+00
3.724554554554484476e-01
3.624196196196197928e+00
1.941517517517505453e+00
3.522868868868879400e+00
1.130144144144132445e+00
6.848028028027938197e-01
9.411911911912060891e-01
1.326096096096112564e+00
2.240627627627635565e+00
4.781535335335333770e+01
1.572083083083098076e+00
1.433356356356360051e+00
6.490670670670587450e-01
2.070176176176169225e+00
5.144363363363367192e+00
1.151833833833830978e+00
5.094604604604471287e-01
0.000000000000000000e+00
1.567326326326315522e+00
8.958228228228253265e-01
2.513134134134148656e+00
2.293243243243275886e-01
4.301801801801762026e-02
5.580680680680659422e-02
1.724914914914931208e+00
2.534934934934963968e-02
0.000000000000000000e+00
9.878378378378372959e-01
1.262882782782776658e+01
2.287718718718714683e+00
1.680699799799801752e+01
4.979979979979973735e-03
2.427817817817853052e-01
1.906767767767771682e+00
7.909309309309341118e-02
2.094877877877896921e+00
2.177707707707698503e+00
0.000000000000000000e+00
2.725839839839831580e+00
3.513021321321324564e+01
8.448368368368441850e-01
1.595609609609634161e+00
6.086717717717714748e+00
1.773372372372374439e+00
1.502425425425434558e+00
2.186335335335308550e+00
2.439939939939887378e-02
6.420040040040154716e-01
3.495230230230255142e+00
4.478628628628539832e-01
3.280896896896879689e+00
1.683720720720724984e+00
5.153307307307297691e+00
8.967967967967834658e-03
1.889213213213219111e+00
1.495405405405383081e-01
5.832222222222123165e-01
5.733983983983962140e+00
2.738294294294296094e+01
7.755446446446438991e+00
5.835295295295321871e-01
2.269769769769791612e-02
1.106580480480481654e+01
1.283842842842853882e+00
3.266576576576541990e-01
1.926796796796791966e+01
1.101317317317313860e+00
1.219109109109130645e-01
1.556451451451482892e+00
1.885727727727738445e+00
4.035835835835896446e-02
1.699370370370385963e+00
9.564664664664589144e-02
2.535409409409419723e+00
0.000000000000000000e+00
1.641483483483468842e+00
9.329089089089177556e-01
5.380480480480430427e-02
1.053963563563567263e+01
1.219579579579562062e-01
5.972982982982974143e+00
1.209620620620629472e+00
1.647277277277287011e-01
1.959073073073097193e+00
0.000000000000000000e+00
2.607021021021027174e+00
7.755375375375318514e-01
8.144813113113107761e+01
1.484471471471445314e+00
1.415564964964964467e+01
8.338319319319326794e+00
1.619833833833823844e+00
3.580680680680682626e-02
1.625315315315326581e+00
2.709543543543531552e+00
1.472422422422441812e+00
2.090172172172151566e+00
2.434034034033984994e-01
2.192370170170165977e+01
9.704644644644665474e-01
1.815375375375408440e-01
2.604097097097088920e+00
1.333723723723728272e+00
2.088118118118110489e-01
5.525425725725720127e+01
2.390889889889912467e+00
1.166633633633626044e+00
3.888936936936994382e+00
1.804083083083097838e+00
1.604608608608601372e+01
1.493393393393381910e-02
2.071571571571589193e-02
1.523074074074073136e+00
1.007017017017031613e+00
4.493926626626621612e+01
1.937081081081090339e+00
1.032742742742726871e-01
1.317354354354365986e+00
2.281676676676696491e+00
1.000000000000000238e-03
6.305500500500504479e+00
4.729160060060063131e+01
1.159329329329335856e+00
3.443393393393368029e-01
2.360500500500461729e-01
7.501887887887889406e+00
1.490250250250257924e-01
6.098157057057058950e+01
1.772772772772757133e-02
6.679989989990037236e-01
7.943943943943878108e-03
2.007329329329337941e+00
2.522442442442469068e-01
1.088988988989000178e-02
1.249759759759763167e+00
2.627217217217180378e-01
3.646387487487495349e+01
2.520270270270314472e-01
1.454093093093090650e+00
2.561711711711769368e-01
2.154934934934905622e-01
1.108859859859868902e+00
2.115986986986971186e+00
2.870980980980940012e-01
3.772529529529545123e+00
4.169669669669710116e-02
1.939605605605601024e+00
1.362526526526538273e+00
4.844361361361380069e+00
1.705559559559555627e+00
3.524307307307330550e+00
8.310540540540457544e-01
2.629729729729757964e-02
9.680610610610521638e-01
1.682222222222210239e-01
4.624574574574485397e-01
5.280144044044061502e+01
5.633369769769769420e+01
1.000207207207210347e+00
2.313883883883881276e-01
1.232878878878866269e+00
5.743227527527520948e+01
2.142580580580593530e+00
2.119461461461472851e+00
3.643193193193171031e-01
1.498581581581602151e+00
3.201001001001045898e-01
1.652212212212208486e+00
7.419018118118106031e+01
3.168108108108082521e-01
4.364264264264324650e-02
2.545651651651639202e+00
4.086755055055059671e+01
1.312347347347351256e+00
2.177231231231277153e+00
2.085925925925940505e-01
4.553416416416413703e+00
2.119939939939992635e-01
0.000000000000000000e+00
2.009169169169151004e-01
2.336393093093089846e+01
4.710755755755748453e+00
9.095739139139131169e+01
9.909909909909865935e-03
6.025645645645645310e-01
1.859714714714711503e+00
1.282953953953957171e+00
1.534324324324308486e-01
1.358728728728741508e+00
1.666301301301289728e+00
2.750250250250320661e-01
1.094377577577574279e+01
1.381781781781780787e-02
2.423013013013064487e-01
2.220642642642634002e+00
4.301801801801755781e-02
3.018688688688665467e-01
1.206860860860847540e+00
1.635530530530547422e+00
1.010093193193189975e+01
8.495245245245321986e-01
2.772122122122145371e-01
1.775726726726745364e+00
2.465565565565537298e-01
1.240429429429444896e+00
6.564774774774767563e-01
0.000000000000000000e+00
9.694635635635588500e+00
2.077717717717768309e-01
2.396306306306246192e-01
1.997997997998017181e-03
1.449109109109140980e-01
8.927927927927953658e-03
1.381159159159164762e+00
1.743423423423410279e-01
5.208958958958854746e-01
7.951051051051040430e-02
1.478829829829847453e+00
1.233964964964953559e+00
2.453692692692688748e+00
1.760803803803811629e+00
2.457831831831828850e+00
2.549535535535540465e+00
2.519140540540545459e+01
6.320671671671669856e+01
1.864666666666638717e+00
1.342312312312315070e+00
9.933010010010010049e+00
2.201311311311268948e-01
3.935065065065102008e+00
3.987987987988023120e-03
4.347762762762772404e+00
1.041646646646634755e+00
1.000000000000013031e-03
1.489526526526527839e+00
1.824414414414388674e-01
2.993993993994004208e-03
5.175433433433446417e+00
3.478958558558561265e+01
2.690640640640589165e-01
1.115210210210212383e+00
1.854537537537527259e+00
3.703275275275255130e+00
1.094114114114106195e+00
1.337579579579565747e+00
2.502662662662616944e-01
1.602248248248254736e+00
1.102342342342355480e-01
1.482380380380380780e+00
2.827366366366362183e+00
1.133544544544547117e+00
1.514989989990005004e+00
4.064414414414393995e-01
2.319099099099160288e-01
1.984827827827840618e+00
2.136286286286321889e-01
6.017581581581574746e+00
4.604319319319324144e+00
1.036168168168159154e+00
4.065654654654636602e+00
5.469069069068984573e-02
3.121961961961942089e-01
2.659889889889860970e-01
1.185124124124118827e+00
2.576099099099089518e+00
4.574174174174196889e-02
1.759859859859846276e+00
1.614953953953958798e+00
6.095236236236277705e+01
1.137257257257241194e-01
6.924569569569565708e+00
1.527887887887886542e-01
3.063803803803760162e-01
7.403417417417428759e+00
2.966694694694697709e+00
1.497668668668674430e+00
2.017327327327284314e-01
3.898001801801796518e+01
2.961467467467472581e+00
1.980097097097088366e+00
1.967967967967999277e-01
2.864264264264269610e-01
7.517247247247269559e-01
2.583983983983983546e+00
6.408493493493498505e+00
1.000000000000001972e-03
4.301801801801776598e-02
8.679919919919971694e-01
1.046108108108104728e+00
1.859880880880872445e+00
4.799346346346353265e+00
2.347248248248229530e+00
1.554535535535526591e+00
3.461751751751793171e-01
0.000000000000000000e+00
1.284384384384380275e-02
2.416716716716711399e+00
1.927830830830852271e+00
2.482052052052063029e+00
9.352952952953101640e-02
2.313355355355332765e+00
7.731488488488523103e+00
3.417237237237301661e-01
2.185438838838835451e+01
2.143557557557528526e+00
2.798789789789795091e+00
1.202001001001002489e+00
5.571005005004987964e+00
1.932695695695700655e+00
0.000000000000000000e+00
1.321156156156156225e+00
2.615754754754755051e+00
1.326076076076076193e-01
1.704883883883882456e+00
8.867767767767813503e-01
2.529556556556559954e+01
5.241352352352333988e+00
1.289543543543550053e+00
1.268362362362361884e+00
7.714114114114270504e-02
2.311871871871917783e-01
3.100700700700724163e-02
2.542212212212249800e-01
1.473837837837830955e+00
4.066096096096043500e-01
5.235595595595557983e-01
1.598483483483485346e+00
1.074210110110108296e+01
1.628404304304310202e+01
1.061800800800814626e+00
1.000000000000004574e-03
1.102342342342355203e-01
1.322486286286286195e+01
9.502162162162256509e-01
1.919990990991000013e+00
2.050149149149144812e+00
8.967967967967701085e-03
8.591381381381466564e-01
1.725075075075048481e-01
1.865765765765771064e-02
1.338647247247240735e+01
1.877503503503488158e+00
1.845796796796797867e+00
3.507007007006979760e-01
2.133244244244245635e+00
2.855405405405441188e-01
2.080924924924934416e+00
5.061519519519504406e+00
1.380465465465467334e+00
1.299920920920900835e+00
5.821421421421368869e-02
2.142601601601568095e+00
9.245504504504539867e+00
1.695163163163172060e+00
9.688548548548436834e-01
1.000000000000018886e-03
9.619619619619514117e-02
1.176054054054072262e+00
2.692742742742723738e+00
9.761301301301329447e-01
2.052612612612594867e-01
4.365589589589552233e+00
3.961937737737731169e+01
2.676559559559567258e+00
3.243322322322340412e+00
3.660638638638642028e+00
8.213203203203126579e-01
2.398358358358310127e-01
4.303413313313325972e+01
3.569002102102089680e+01
1.142041041041039096e+00
1.253780780780792803e+00
2.496554554554561545e+00
1.570908908908884571e+00
1.700967967967986771e+00
7.305825825825882358e-01
0.000000000000000000e+00
8.198198198198054787e-02
1.388995995995988775e+00
1.178106806806807327e+01
2.061536536536532349e+00
2.822894794794794748e+01
1.459556856856857898e+01
7.666949949950007337e+00
1.008459459459463359e+00
1.213923923923930781e-01
2.001103103103110126e+00
1.393957957957962623e+00
3.993993993993977774e-03
4.791455955955973423e+01
5.841021021021004511e-01
8.631851851851815027e-01
8.914174174174245291e-01
2.058278278278255602e+00
1.057947947947945444e+00
1.955311311311302536e+00
3.317471471471453270e+00
5.252752752752670728e-02
0.000000000000000000e+00
2.925420120120110568e+01
1.401752752752746245e+00
3.083464864864861710e+01
2.406786786786748455e-01
1.401905905905894034e+00
0.000000000000000000e+00
1.825601201201190094e+01
0.000000000000000000e+00
6.509899899899886933e+00
0.000000000000000000e+00
4.583493493493377424e-01
1.831138238238235871e+01
1.492687687687691556e+00
1.654028028028023511e+00
5.058943943943947374e+01
2.424736736736757159e+00
2.434104104104119148e+00
1.086586586586618108e-01
1.506265265265261055e+00
1.290390390390402237e-02
2.037503503503515390e+00
1.391330230230229681e+01
1.412252252252261253e-01
1.747572572572573435e+01
6.976268668668656403e+01
1.430685685685687325e+00
0.000000000000000000e+00
2.183946946946957013e+00
3.417621021021023608e+01
3.106240240240233597e+00
9.832422422422462116e-01
3.623762062062059641e+01
1.997997997998024553e-03
9.609719719719950204e-01
1.391391391391368776e-02
2.523393393393345563e-01
4.057259859859859574e+01
1.894124124124146324e-01
5.451397397397393263e+00
3.849611611611620354e+00
1.843906906906915166e+00
9.338848848848817497e-01
2.536036036036001806e-01
3.648948948948940729e-01
9.203673673673585798e-01
4.377575575575569644e+00
1.773519519519519250e+00
1.879587587587588260e+00
1.018768768768794492e-01
7.242792792792689394e-01
9.451735735735772082e+00
2.646065565565564981e+01
1.149290290290293948e+00
8.006446446446526810e-01
2.344663663663668629e+00
5.469069069068973471e-02
5.324974074074078345e+01
1.548649649649649795e+00
9.998048048048081560e-01
3.344126126126131471e+00
1.020724724724716426e+00
1.459186186186196332e+00
3.329148148148165731e+00
1.451691691691707198e-01
4.300580580580599666e-01
0.000000000000000000e+00
4.486726726726820713e-01
2.476377377377381173e+00
6.001018318318311628e+01
5.083465265265262900e+01
1.701907907907897144e+00
2.530880880880921335e-01
1.650921921921915780e+00
1.371613613613602345e+00
1.935996996996999675e+00
2.497217217217257423e-01
2.153696696696713264e+00
2.997997997998055799e-03
3.375774774774721543e+00
1.626488488488479378e+00
1.374453453453461593e+00
1.224843843843833380e+00
2.662301301301307266e+00
2.848728728728742166e-01
6.016035835835822354e+01
1.613490490490501195e+00
6.925520520520533907e+00
1.441032032032043331e+00
2.142241241241234828e+00
1.280066066066075647e+00
1.780736736736742376e+00
1.068990990990985157e+00
6.816483483483461114e+00
1.292555555555548130e+00
1.562788788788791905e+00
1.944750750750776636e+00
1.783783783783795054e-02
6.064174174174096210e-01
7.718258258258240412e-01
2.067709709709709465e+00
1.646157157157152273e+00
2.765149149149129570e+00
2.158708708708741153e-01
6.083583583583477422e-02
2.336846846846825920e-01
1.675975975975967092e-02
7.595255255255263238e-01
1.094194194194171577e-02
3.316726726726719199e-01
1.590765765765764783e+00
1.832070070070061840e+00
1.205205205205212293e-01
1.778168168168151597e-01
6.428382382382383575e+00
1.175513513513514186e+00
9.495350350350390656e+00
3.206906906906840243e-02
1.997997997998034528e-03
2.009716716716723361e+00
8.552352352352476927e-02
1.478978978979008513e-02
1.075080080080069500e+00
3.852913913913967203e+00
9.941941941942178049e-03
1.860291291291295002e+00
1.861600600600611166e+00
2.559629629629624148e+00
6.802302302302391801e-02
1.006276276276300286e-01
