5.239494949494948983e+00
2.837575757575758306e+00
0.000000000000000000e+00
1.213333333333334485e+00
5.140808080808078273e+00
8.864646464646470658e-01
2.521212121212118573e-01
2.944242424242425216e+00
2.354545454545460548e-01
3.100101010101013355e+00
1.261040404040403757e+02
2.867676767676772265e-01
1.979797979797979016e-02
1.673838383838385013e+00
2.694343434343430932e+00
8.617171717171714818e+00
9.999999999999965514e-03
1.142424242424245201e-01
5.772212121212125879e+01
1.066868686868687410e+00
0.000000000000000000e+00
9.587878787878794107e-01
3.067777777777775938e+00
2.327272727272732267e-01
0.000000000000000000e+00
2.939393939393943056e-02
2.927171717171717980e+00
8.575757575757581019e-02
7.858585858585832862e-02
1.540303030303032061e+00
7.790808080808080405e+00
1.688888888888889772e-01
4.322222222222217858e-01
1.745353535353532326e+00
2.505656565656571910e+00
2.506969696969699068e+00
1.102467676767677034e+02
5.287535353535353977e+01
2.848484848484851839e-01
3.477373737373733231e+00
1.475060606060606538e+01
1.124343434343435755e+00
3.059696969696968694e+00
1.602626262626264841e+00
3.322828282828279800e+00
1.131313131313130688e-01
3.845454545454550233e-01
0.000000000000000000e+00
4.313333333333341457e+00
2.447131313131313846e+01
2.791010101010098943e+00
9.999999999999975922e-03
1.788888888888890139e-01
1.217575757575758200e+00
3.370505050505047340e+00
9.133333333333331083e-01
2.112525252525256469e+00
8.340404040404028052e-01
6.057474747474738130e+00
2.051717171717170718e+00
6.400353535353536927e+01
2.206666666666669219e+00
4.519585858585858062e+01
9.999999999999949901e-03
2.386464646464643291e+00
2.115151515151515726e-01
7.465252525252517479e+00
2.592121212121206941e+00
2.524242424242423843e-01
1.554545454545456229e-01
3.903636363636368234e+00
8.272727272727277426e-02
2.337979797979804264e+00
4.836262626262626263e+00
2.276767676767676440e-01
7.180717171717168412e+01
3.365959595959592043e+00
2.032929292929292142e+00
5.075060606060608137e+01
4.321212121212126833e-01
1.915959595959597417e+00
1.887676767676772505e+00
1.166666666666669183e-01
7.154545454545457872e+00
7.937272727272717709e+00
4.124646464646462896e+00
1.097272727272727844e+00
3.492424242424239988e+00
1.245555555555554195e+00
2.758585858585864137e-01
2.633333333333333637e-01
1.699393939393935682e+00
1.999999999999994491e-02
2.519393939393936854e+00
2.257575757575756015e+00
4.933333333333342341e-01
3.183131313131311479e+00
2.529696969696966669e+00
2.086666666666662895e+00
8.834292929292924157e+01
4.406868686868690155e+00
9.999999999999960310e-03
2.124242424242427651e-01
1.959909090909090423e+01
2.509090909090911370e-01
2.001212121212119222e+00
1.471717171717173311e+00
1.083939393939395313e+00
2.521212121212118573e-01
4.469797979797983878e+00
4.136363636363636909e-01
1.142424242424243397e-01
8.272727272727277426e-02
3.853030303030302139e+00
3.426161616161614631e+00
3.744444444444448017e-01
0.000000000000000000e+00
4.815252525252522453e+00
2.044545454545458441e+00
1.135282828282828049e+01
9.680303030303026190e+00
1.808787878787884829e+00
5.226262626262631050e-01
2.572020202020198099e+00
3.519090909090914820e+00
4.887878787878784936e-01
2.202424242424245282e+00
1.425252525252529434e-01
1.538858585858583616e+01
3.939393939393939781e-02
1.999999999999993450e-02
6.575757575757590345e-02
1.557575757575755948e-01
2.567070707070709723e+00
1.561818181818182660e+00
2.649606060606061320e+01
2.516161616161619596e-01
5.636767676767679092e+00
1.885353535353532006e+00
0.000000000000000000e+00
1.322121212121210476e+00
2.139292929292926804e+00
7.676767676767677628e-02
3.027474747474744099e+00
2.233333333333338555e-01
2.741313131313128704e+00
2.316666666666666430e+00
4.164646464646463708e-01
2.217474747474752039e+00
3.939393939393939087e-02
4.480707070707071971e+00
1.764646464646463908e+00
0.000000000000000000e+00
4.297676767676762211e+00
6.939898989898990678e+00
1.177676767676766767e+00
2.321414141414144261e+00
8.481414141414152397e+00
1.992828282828287056e+00
1.724242424242422023e-01
1.287878787878785070e-01
0.000000000000000000e+00
2.188888888888892992e-01
2.518898989898989882e+01
3.399898989898988422e+00
1.044579797979797320e+02
1.425252525252527769e-01
2.244747474747480709e+00
1.580030303030302896e+01
1.939696969696967477e+00
1.905050505050502607e-01
2.439393939393943445e+00
2.050101010101012644e+00
0.000000000000000000e+00
1.406363636363636038e+00
1.435050505050505265e+01
2.579393939393936463e+00
2.701010101010102860e-01
2.124242424242428207e-01
1.573636363636362168e+00
1.315151515151516959e-01
1.911919191919189576e+00
1.053535353535352409e-01
3.268181818181821185e+00
1.120909090909091965e+00
1.407272727272728563e+00
3.077373737373733764e+00
1.801919191919189700e+00
2.424545454545451229e+00
2.609090909090912569e-01
3.633030303030303720e+00
2.423232323232319629e+00
2.112626262626259521e+00
2.159393939393935202e+00
6.696969696969702623e-02
4.123737373737373701e+00
9.999999999999965514e-03
2.779090909090903505e+00
1.059595959595960174e-01
2.699535353535354432e+01
1.434080808080808289e+01
1.488585858585858235e+00
2.305050505050505461e-01
0.000000000000000000e+00
2.653939393939393376e+00
0.000000000000000000e+00
5.288484848484851675e+00
8.555555555555546809e-02
8.272727272727277426e-02
5.118181818181823939e-01
1.028531313131313567e+02
2.525252525252525415e-01
9.339393939393950683e-01
4.331313131313131448e-01
3.031919191919187462e+00
8.563050505050509287e+01
3.321999999999999176e+01
3.465242424242424590e+01
1.588888888888886353e+00
1.994949494949497026e+00
7.227272727272739949e-01
3.550505050505050608e-01
6.712828282828275483e+00
0.000000000000000000e+00
3.534606060606062528e+01
1.664848484848484800e+00
3.513333333333334974e+00
1.163535353535352312e+00
1.002252525252525039e+01
1.408282828282829913e+00
9.999999999999996739e-03
1.285252525252526423e+00
2.807878787878784088e+00
3.888484848484849543e+00
1.076595959595958618e+01
4.453636363636370277e+00
1.293333333333334778e+01
2.580808080808077776e+00
2.458888888888890012e+00
1.811010101010103179e+00
1.719797979797980325e+00
1.594646464646469752e+00
3.878787878787879478e-02
2.397979797979796768e-01
2.819595959595961876e+00
3.626666666666665151e+00
3.101555555555556509e+01
2.948181818181819569e+00
1.065353535353533942e+00
1.251616161616162959e+00
1.955454545454542892e+00
4.200808080808078770e+00
2.293939393939392335e-01
1.414141414141413533e-01
2.879797979797982244e-01
1.428030303030302406e+01
1.938484848484851808e+00
5.403535353535358965e+00
5.425656565656571395e+00
3.415656565656567167e+00
0.000000000000000000e+00
0.000000000000000000e+00
2.289191919191925884e+00
8.607575757575759212e+00
6.317727272727272947e+01
2.519797979797977039e+00
8.310101010101014651e+00
2.185454545454542874e+00
7.677777777777786694e-01
2.085151515151511870e+00
2.155858585858585474e+00
8.614242424242421592e+00
3.878787878787880172e-02
9.066565656565657605e+00
9.999999999999986677e-02
5.919191919191918450e-02
4.372020202020198809e+00
1.943434343434342904e-01
8.272727272727277426e-02
3.728484848484847181e+00
3.413939393939394495e+00
2.279585858585858915e+01
1.564242424242423990e+00
2.245555555555553084e+00
8.603434343434347653e+00
3.187979797979799468e+00
2.921060606060603604e+01
3.125454545454547706e+00
3.059292929292926289e+00
2.525252525252525415e-01
2.796565656565660696e+00
1.821232323232322159e+01
3.246868686868685128e+00
0.000000000000000000e+00
3.079494949494946177e+00
1.510404040404040193e+00
1.055747474747474790e+01
2.205050505050506204e-01
2.847777777777778407e+00
2.036363636363636709e-01
1.511515151515150812e+00
1.904848484848483237e+00
1.099090909090906898e+00
2.353434343434340104e+00
2.999999999999997807e-02
1.849090909090909784e+00
2.929292929292922065e-01
2.379797979797985685e-01
1.269292929292930250e+00
2.039898989898991655e+00
7.434343434343430868e-02
8.434343434343431756e-02
1.938686868686869236e+00
4.863636363636359428e-01
0.000000000000000000e+00
0.000000000000000000e+00
1.663737373737372183e+00
4.110505050505056879e+00
4.113838383838382740e+00
6.575757575757590345e-02
6.501919191919186325e+00
1.272929292929295686e+00
9.382929292929283349e+00
6.216767676767675610e+00
9.668080808080805610e+00
2.341616161616163705e+00
1.984595959595960224e+01
1.113737373737374137e+00
2.894444444444441267e+00
0.000000000000000000e+00
2.297373737373738845e+00
3.058888888888894986e+00
3.408383838383834519e+00
1.139393939393942429e-01
2.906868686868690599e+00
1.639797979797982030e+00
2.136363636363637353e-01
1.326464646464648123e+00
1.907777777777777573e+00
2.197979797979799643e-01
3.527070707070707911e+00
9.090909090909075896e-02
1.878787878787881727e-01
1.425252525252528324e-01
0.000000000000000000e+00
1.236477777777776907e+02
1.462121212121209934e+00
3.680787878787878498e+01
4.579797979797985974e-01
4.351717171717170096e+00
5.702121212121212146e+00
3.080202020202023494e+00
1.651515151515149382e-01
1.168383838383838969e+00
8.818181818181818066e-02
1.001868686868686176e+01
4.797979797979802508e-02
4.820808080808080653e+00
4.499696969696969084e+00
5.797979797979805477e-02
2.197979797979799643e-01
2.121212121212118218e-01
9.999999999999996739e-03
3.295959595959598865e-01
0.000000000000000000e+00
4.787878787878787068e-01
1.532828282828282873e+00
4.763636363636365445e+00
6.934151515151516776e+01
2.543434343434350375e-01
1.990909090909089851e-01
0.000000000000000000e+00
3.368686868686877611e-01
8.272727272727277426e-02
2.632222222222227348e+00
7.757575757575758957e-02
1.866969696969694503e+00
3.093939393939387217e-01
2.193030303030301553e+00
1.753333333333332522e+00
1.508949494949495040e+01
3.763232323232329701e+00
9.999999999999972453e-03
1.066666666666667984e-01
2.001010101010097575e+00
2.395757575757572866e+00
2.498888888888885607e+00
3.565050505050501695e+00
1.616161616161617132e-01
1.673121212121211698e+01
4.690818181818180932e+01
1.832929292929289744e+00
2.955555555555558489e-01
1.769898989898986530e+00
3.098787878787876426e+00
3.425252525252529878e+00
1.594949494949497115e+00
2.424242424242418481e-01
2.110101010101006924e+00
5.909696969696972779e+00
2.015959595959599504e+00
3.476565656565655082e+00
5.346909090909091589e+01
1.931919191919194478e+00
6.237989898989898307e+01
1.936969696969699450e+00
1.994545454545456620e+00
9.197979797979803251e+00
2.810808080808077758e+00
2.045858585858587819e+00
0.000000000000000000e+00
7.767474747474749641e+00
3.849494949494948193e-01
1.361515151515150235e+00
4.248626262626262218e+01
3.967474747474757368e+00
5.157282828282827580e+01
3.178181818181816443e+00
3.288888888888888973e-01
3.660505050505047375e+00
3.029393939393937973e+00
4.343535353535356691e+00
1.305050505050505127e-01
2.460606060606066181e-01
7.571484848484850261e+01
6.059191919191927234e+00
1.077959595959596761e+01
1.216161616161617748e-01
1.106565656565653866e+00
1.439393939393940780e+00
7.249696969696965532e+00
8.272727272727277426e-02
2.407070707070710358e-01
0.000000000000000000e+00
6.098787878787879535e+00
2.671717171717168160e+00
2.778787878787881138e-01
2.240343434343433771e+01
1.111818181818180706e+00
2.963636363636357185e-01
2.525252525252525415e-01
2.555252525252526219e+00
4.032222222222220154e+00
6.590525252525249300e+01
9.424545454545457446e+00
6.575757575757587570e-02
0.000000000000000000e+00
2.803030303030298320e-01
1.033575757575758125e+01
3.045151515151518495e+00
0.000000000000000000e+00
6.148484848484837562e-01
3.185050505050505354e+00
2.569292929292932737e+00
1.666464646464648647e+00
3.318080808080808186e+00
4.507272727272725987e+00
2.759494949494949445e+00
2.806666666666666199e+00
3.939393939393939781e-02
0.000000000000000000e+00
2.872626262626265969e+00
4.915151515151512385e-01
0.000000000000000000e+00
3.752525252525251154e-01
2.266666666666662389e-01
4.580808080808086435e-01
4.324141414141420725e+00
2.019494949494946567e+00
1.787676767676767087e+00
3.158585858585861716e-01
0.000000000000000000e+00
4.137373737373737370e-01
6.063737373737377645e+00
3.422828282828286994e+00
5.226262626262621502e+00
1.970707070707068631e+00
1.131212121212122890e+00
1.547676767676766207e+00
2.063333333333332131e+00
3.676969696969698997e+00
7.618434343434341827e+01
2.518585858585860038e+00
2.002626262626265863e+00
6.621212121212122215e-01
3.756060606060604989e+00
9.391616161616159530e+00
1.471010101010102877e+00
5.727272727272739727e-01
0.000000000000000000e+00
2.342525252525248014e+00
1.276262626262627986e+00
4.075757575757574358e+00
2.427272727272731800e-01
4.797979797979803201e-02
1.142424242424244091e-01
3.490909090909093848e+00
5.797979797979802702e-02
9.999999999999951636e-03
1.318585858585858972e+00
1.419747474747475380e+01
3.631818181818179614e+00
2.842838383838380878e+01
1.999999999999993103e-02
2.718181818181821252e-01
2.804747474747479430e+00
1.767676767676764904e-01
3.551616161616160561e+00
3.052727272727274066e+00
0.000000000000000000e+00
4.410505050505049596e+00
4.881959595959596498e+01
1.155757575757577760e+00
2.223737373737376011e+00
1.206969696969697559e+01
3.205757575757578248e+00
1.725252525252525926e+00
4.227171717171718690e+00
3.878787878787880172e-02
9.050505050505028848e-01
6.646868686868690368e+00
4.888888888888885398e-01
5.112929292929291769e+00
2.177979797979804566e+00
8.457575757575760633e+00
0.000000000000000000e+00
2.268585858585862258e+00
2.237373737373738736e-01
5.622222222222232890e-01
7.807171717171724978e+00
4.861606060606060709e+01
1.590282828282828831e+01
9.775757575757585416e-01
4.919191919191923806e-02
1.877818181818182097e+01
1.987070707070709430e+00
3.510101010101004948e-01
3.431060606060606233e+01
1.671717171717172379e+00
1.688888888888891715e-01
2.398686868686868756e+00
2.776767676767672555e+00
8.272727272727277426e-02
2.286767676767673674e+00
1.616161616161617132e-01
4.318181818181818343e+00
0.000000000000000000e+00
2.735454545454540920e+00
1.177171717171719978e+00
1.554545454545456229e-01
1.773181818181818059e+01
1.142424242424245201e-01
1.059919191919191483e+01
1.700000000000002620e+00
1.990909090909091239e-01
3.805858585858584497e+00
0.000000000000000000e+00
4.085050505050507930e+00
1.069393939393938231e+00
1.186866666666666248e+02
2.460000000000002185e+00
2.123565656565657989e+01
1.210121212121213219e+01
2.178383838383840754e+00
1.037373737373738086e-01
2.831717171717169634e+00
5.266565656565657783e+00
2.950404040404039030e+00
3.295454545454547635e+00
2.521212121212118573e-01
3.778838383838385084e+01
1.488585858585858235e+00
2.079797979797981533e-01
3.827878787878782330e+00
2.526262626262630206e+00
3.010101010101014496e-01
9.885424242424244312e+01
3.330303030303030543e+00
1.908484848484843788e+00
5.933939393939386520e+00
2.797575757575754718e+00
3.462333333333333485e+01
4.878787878787879673e-02
8.555555555555550973e-02
2.308484848484844143e+00
1.686767676767673807e+00
7.543777777777775384e+01
2.901616161616165090e+00
1.857575757575754827e-01
1.945656565656567194e+00
4.186868686868690403e+00
1.979797979797979710e-02
7.324242424242420668e+00
9.594444444444442865e+01
1.334343434343432167e+00
3.348484848484851173e-01
3.201010101010095532e-01
1.228787878787878363e+01
1.943434343434342904e-01
1.227338383838384175e+02
4.797979797979803201e-02
6.272727272727278702e-01
1.999999999999990327e-02
3.055656565656565515e+00
2.815151515151515516e-01
3.878787878787880172e-02
1.337979797979798935e+00
3.418181818181816878e-01
7.234656565656568716e+01
2.818181818181823006e-01
2.412323232323229316e+00
2.912121212121215330e-01
2.654545454545449434e-01
1.727979797979799059e+00
3.654242424242425624e+00
3.550505050505049498e-01
6.504949494949486599e+00
1.223232323232318758e-01
2.992121212121207741e+00
2.212121212121209712e+00
7.420808080808074969e+00
2.636969696969693633e+00
6.315555555555557810e+00
1.023636363636361457e+00
5.696969696969712144e-02
1.388080808080809136e+00
2.500000000000001110e-01
5.744444444444445352e-01
8.418353535353533346e+01
7.535898989898988987e+01
1.512121212121209313e+00
3.130303030303024925e-01
1.866767676767678852e+00
7.269909090909091276e+01
4.480909090909091397e+00
3.795353535353537033e+00
4.259595959595955939e-01
2.368686868686873392e+00
4.022222222222215926e-01
2.841010101010100986e+00
1.088856565656565749e+02
3.659595959595955961e-01
1.253535353535352725e-01
3.791818181818182421e+00
7.359868686868688314e+01
1.866060606060604643e+00
4.619696969696972744e+00
2.197979797979799643e-01
6.484242424242416369e+00
2.297979797979792238e-01
0.000000000000000000e+00
2.379797979797985130e-01
3.829848484848484702e+01
7.188181818181816674e+00
1.473107070707070818e+02
1.979797979797979016e-02
6.467676767676773242e-01
2.777979797979800658e+00
2.348585858585856556e+00
1.616161616161617132e-01
2.325050505050507255e+00
2.368282828282822550e+00
3.057575757575754505e-01
1.445393939393939853e+01
4.797979797979808059e-02
4.116161616161618242e-01
3.593333333333329271e+00
5.696969696969709368e-02
4.123232323232320362e-01
1.657171717171717296e+00
2.929393939393934776e+00
1.886636363636363711e+01
1.167878787878789293e+00
3.369696969696970856e-01
2.603232323232321122e+00
3.533333333333343318e-01
1.862222222222224666e+00
8.122222222222230670e-01
0.000000000000000000e+00
2.116606060606060780e+01
2.233333333333338555e-01
2.454545454545459526e-01
0.000000000000000000e+00
1.852525252525255850e-01
1.979797979797979016e-02
2.043636363636367026e+00
1.993939393939393456e-01
5.505050505050494980e-01
1.490909090909092460e-01
2.664343434343438677e+00
2.100909090909094168e+00
3.879191919191918192e+00
2.664949494949492070e+00
4.747272727272725312e+00
3.795050505050503897e+00
4.621595959595959613e+01
9.202090909090908610e+01
2.842828282828281150e+00
2.262828282828289073e+00
2.029333333333333300e+01
2.160606060606058143e-01
6.005555555555545766e+00
1.979797979797979363e-02
5.231313131313128473e+00
1.432626262626264690e+00
0.000000000000000000e+00
2.884747474747475060e+00
2.909090909090913946e-01
3.878787878787880172e-02
7.551919191919189700e+00
5.713717171717168952e+01
3.181818181818174551e-01
1.480303030303027789e+00
2.901414141414138559e+00
5.278282828282824468e+00
1.659999999999996811e+00
1.949797979797976089e+00
3.458585858585858652e-01
2.094646464646464867e+00
1.654545454545455208e-01
1.806161616161616079e+00
5.249090909090914359e+00
1.679797979797978957e+00
2.907575757575754150e+00
5.064646464646460622e-01
2.433333333333337900e-01
2.990000000000005098e+00
2.616161616161619685e-01
9.444646464646472950e+00
8.655555555555558556e+00
1.990505050505049001e+00
6.930101010101020087e+00
1.425252525252529434e-01
3.686868686868683409e-01
2.831313131313127340e-01
2.296464646464642545e+00
3.785151515151512491e+00
1.088888888888891043e-01
3.178888888888885766e+00
2.749696969696970417e+00
1.126554545454545746e+02
2.040404040404039387e-01
1.458454545454546114e+01
2.010101010101010555e-01
3.553535353535353658e-01
1.358979797979797333e+01
4.287171717171709417e+00
2.067373737373733977e+00
2.722222222222219212e-01
6.172595959595958703e+01
4.564747474747472111e+00
2.938787878787878061e+00
2.500000000000001110e-01
3.469696969696977606e-01
9.574747474747488107e-01
3.833737373737371446e+00
1.213333333333332753e+01
0.000000000000000000e+00
1.025252525252525471e-01
1.221111111111109482e+00
1.651111111111111196e+00
3.244242424242427258e+00
7.605454545454541027e+00
4.863232323232323573e+00
2.166262626262628999e+00
4.576767676767665716e-01
0.000000000000000000e+00
2.939393939393944791e-02
3.599393939393946251e+00
2.852929292929296423e+00
4.025252525252526858e+00
1.555555555555555858e-01
3.278181818181815643e+00
1.251060606060605807e+01
3.695959595959599775e-01
3.498303030303029715e+01
3.422525252525256523e+00
4.859191919191916398e+00
2.044444444444446063e+00
8.226969696969696599e+00
2.884747474747475060e+00
9.999999999999953371e-03
2.181313131313129094e+00
4.251717171717172228e+00
1.816161616161616477e-01
2.588686868686869147e+00
1.211212121212123183e+00
3.521606060606059430e+01
7.412727272727270389e+00
1.607070707070705096e+00
1.598282828282827417e+00
1.049494949494951951e-01
2.233333333333339110e-01
6.575757575757587570e-02
2.015151515151513417e-01
2.346262626262628714e+00
4.765656565656573029e-01
6.497979797979812622e-01
1.900808080808076062e+00
1.896080808080809277e+01
2.862969696969695832e+01
1.702020202020199546e+00
0.000000000000000000e+00
1.425252525252529157e-01
2.206898989898989782e+01
1.455555555555554825e+00
3.059393939393939554e+00
3.376060606060605096e+00
3.959595959595958725e-02
1.341717171717171642e+00
2.040404040404039943e-01
9.414141414141424802e-02
2.070535353535354517e+01
3.129292929292930570e+00
2.202020202020206874e+00
4.015151515151518802e-01
4.161919191919191796e+00
3.352525252525255239e-01
3.948181818181811131e+00
8.748080808080814563e+00
2.131919191919195988e+00
2.306262626262630011e+00
1.142424242424245895e-01
2.724040404040406482e+00
1.597484848484848463e+01
2.519696969696977096e+00
1.209090909090909438e+00
0.000000000000000000e+00
2.643434343434349909e-01
1.716262626262623714e+00
4.029797979797981711e+00
1.295555555555556237e+00
1.733333333333332005e-01
9.195050505050510026e+00
5.704555555555555202e+01
4.851010101010099440e+00
5.066161616161620529e+00
5.193737373737376650e+00
1.213131313131314615e+00
2.543434343434349820e-01
8.252444444444444116e+01
7.193232323232325598e+01
1.860101010101007368e+00
2.136464646464649952e+00
4.264141414141411346e+00
3.340707070707067849e+00
3.166666666666669183e+00
1.321818181818183335e+00
0.000000000000000000e+00
1.590909090909092272e-01
2.432222222222215624e+00
2.011252525252525203e+01
3.866767676767675077e+00
5.636292929292929443e+01
2.401808080808080703e+01
1.265969696969697367e+01
1.299292929292926946e+00
1.690909090909090140e-01
3.696262626262624806e+00
1.995252525252521281e+00
0.000000000000000000e+00
9.252050505050505080e+01
1.064646464646465951e+00
1.001010101010101794e+00
1.021313131313132727e+00
3.209090909090907218e+00
1.757474747474748078e+00
2.713737373737371783e+00
4.743333333333333179e+00
5.797979797979805477e-02
0.000000000000000000e+00
4.973979797979797013e+01
2.085757575757572369e+00
5.549888888888887095e+01
3.142424242424242120e-01
2.076666666666662664e+00
0.000000000000000000e+00
3.254656565656565448e+01
0.000000000000000000e+00
1.200666666666667126e+01
0.000000000000000000e+00
5.142424242424239456e-01
3.088474747474749549e+01
2.490505050505055884e+00
2.682222222222219177e+00
8.517313131313132146e+01
3.676161616161613743e+00
4.115050505050501961e+00
1.724242424242423133e-01
2.649999999999999467e+00
8.555555555555553748e-02
3.902929292929294469e+00
2.575494949494949637e+01
2.143434343434342526e-01
3.325595959595959528e+01
1.233597979797979463e+02
1.591818181818180911e+00
0.000000000000000000e+00
3.579898989898989470e+00
5.361969696969696741e+01
4.738080808080805006e+00
1.511313131313131164e+00
5.534232323232323836e+01
2.939393939393944444e-02
1.603333333333332833e+00
4.878787878787889387e-02
3.101010101010107101e-01
7.063424242424245847e+01
2.233333333333338555e-01
1.224030303030302846e+01
7.263232323232325705e+00
3.120808080808084473e+00
1.509797979797979028e+00
3.469696969696969280e-01
3.837373737373732108e-01
1.202727272727271313e+00
6.385656565656564254e+00
2.871414141414139642e+00
2.770707070707070674e+00
1.490909090909092738e-01
1.015757575757574971e+00
1.336515151515150635e+01
5.126767676767676107e+01
2.200505050505050519e+00
1.035858585858586478e+00
3.786161616161615839e+00
7.575757575757582907e-02
9.816707070707067828e+01
2.490303030303033793e+00
1.267676767676770400e+00
6.027676767676764413e+00
1.516767676767675654e+00
2.443131313131312154e+00
4.716565656565656184e+00
2.090909090909088552e-01
4.403030303030298076e-01
9.999999999999949901e-03
5.413131313131317457e-01
4.521818181818185067e+00
1.028059595959595640e+02
8.095505050505055067e+01
2.896363636363632477e+00
3.094949494949487123e-01
2.400202020202023334e+00
2.234646464646460107e+00
2.947676767676771448e+00
2.601010101010097220e-01
4.330808080808075999e+00
9.999999999999960310e-03
6.307777777777777928e+00
2.860909090909096175e+00
2.045050505050501677e+00
2.219696969696966171e+00
4.957474747474751808e+00
3.303030303030295434e-01
1.003661616161615200e+02
2.830606060606053465e+00
9.286464646464645867e+00
2.588484848484843059e+00
3.282727272727271828e+00
1.781818181818184188e+00
2.277070707070710132e+00
1.783333333333335435e+00
1.220767676767676768e+01
1.706060606060603613e+00
2.942424242424237946e+00
3.019696969696968214e+00
9.595959595959606403e-02
6.394949494949478952e-01
8.696969696969706343e-01
3.638787878787886232e+00
2.298383838383840860e+00
4.921111111111109437e+00
2.266666666666662944e-01
8.272727272727277426e-02
2.955555555555551273e-01
0.000000000000000000e+00
9.286868686868700040e-01
5.797979797979802008e-02
4.763636363636358229e-01
2.569696969696965372e+00
3.347979797979801830e+00
1.788888888888891526e-01
1.990909090909089851e-01
1.088626262626262786e+01
1.929595959595957977e+00
1.460484848484847831e+01
5.696969696969704511e-02
9.999999999999989800e-03
2.813232323232324195e+00
1.546464646464645043e-01
3.878787878787880172e-02
1.742121212121211071e+00
5.955757575757576028e+00
1.999999999999996225e-02
2.556666666666669308e+00
2.862121212121210512e+00
4.325959595959597337e+00
1.316161616161619918e-01
2.496969696969693897e-01
