3.827747474747474143e+01
2.867131313131313775e+01
2.266666666666667107e-01
1.164484848484847923e+01
3.551464646464645369e+01
5.987373737373724580e+00
4.685858585858582170e-01
2.355646464646465787e+01
3.918181818181817322e-01
2.244292929292931049e+01
9.035346464646462437e+02
6.116161616161617243e-01
2.726262626262627164e-01
1.236101010101010722e+01
1.911717171717171126e+01
5.459383838383835297e+01
3.214141414141410968e-01
3.352525252525247468e-01
3.372397979797980270e+02
8.709797979797974321e+00
2.846464646464649806e-01
8.138787878787882235e+00
3.141050505050504782e+01
4.070707070707069719e-01
6.172727272727280834e-01
4.579797979797978202e-01
2.485959595959594992e+01
3.166666666666671515e-01
1.122626262626265969e+00
1.201272727272727003e+01
8.855767676767671048e+01
5.107070707070693327e-01
9.401010101010094377e-01
1.252363636363637589e+01
1.971747474747475692e+01
1.670414141414142861e+01
8.827787878787877389e+02
3.775565656565656241e+02
9.142424242424238567e-01
2.504686868686868451e+01
1.289405050505050099e+02
7.578787878787872856e+00
2.608787878787876835e+01
1.006131313131312588e+01
2.142858585858586196e+01
3.384848484848486661e-01
2.178181818181820883e+00
1.323232323232322316e-01
3.174787878787878626e+01
1.921522222222222638e+02
1.713797979797979565e+01
2.245454545454542983e-01
5.609090909090916899e-01
8.734444444444442013e+00
2.405101010101010317e+01
7.908888888888895075e+00
1.873808080808080589e+01
2.827777777777776613e+00
5.891505050505050889e+01
1.234575757575757571e+01
4.887847474747471779e+02
1.531707070707072127e+01
4.705763636363636238e+02
3.510101010101012164e-01
2.079989898989899544e+01
4.560606060606057777e-01
6.963292929292929045e+01
2.167444444444447171e+01
3.679797979797974627e-01
4.258585858585858253e-01
3.033484848484847518e+01
3.025252525252519198e-01
2.129919191919190524e+01
3.220919191919193025e+01
5.534343434343425017e-01
8.956458585858590595e+02
2.642737373737372408e+01
1.559595959595960224e+01
4.264092929292929739e+02
4.412828282828277437e+00
1.118373737373738130e+01
1.646202020202019867e+01
4.847474747474752599e-01
7.483292929292926488e+01
5.191868686868681237e+01
3.251252525252527192e+01
9.264848484848478449e+00
2.493030303030302619e+01
9.432121212121201026e+00
9.581818181818200220e-01
4.816161616161609427e-01
1.689898989898991388e+01
2.433333333333334847e-01
2.255545454545453765e+01
1.654020202020202390e+01
6.676767676767690896e-01
3.081040404040404823e+01
1.548272727272726712e+01
1.415333333333332178e+01
6.514854545454547861e+02
3.938808080808082934e+01
3.961616161616155485e-01
1.014545454545452197e+00
1.391607070707070193e+02
7.654545454545466088e-01
1.412141414141413698e+01
8.511515151515164135e+00
9.308282828282823829e+00
3.942424242424240610e-01
3.462363636363637198e+01
2.900505050505046700e+00
6.389898989899002180e-01
5.114141414141396558e-01
3.271464646464647075e+01
2.502404040404041297e+01
1.830505050505053299e+00
2.520202020202016446e-01
3.649959595959596470e+01
1.500191919191918544e+01
1.022842424242424784e+02
6.542010101010100698e+01
9.744747474747475380e+00
2.988888888888891593e+00
1.873525252525252327e+01
3.145636363636365473e+01
7.805050505050514786e-01
1.344202020202019909e+01
4.116161616161618797e-01
1.675281818181818210e+02
4.317171717171716105e-01
1.581818181818180624e-01
4.109090909090916122e-01
1.607979797979796510e+00
2.318929292929293240e+01
1.234494949494949978e+01
2.623708080808079899e+02
5.590909090909081947e-01
5.787585858585859455e+01
1.469151515151515142e+01
4.718181818181816367e-01
1.654282828282828888e+01
2.041545454545454774e+01
5.506060606060599882e-01
2.066616161616160952e+01
3.498989898989892100e-01
2.225767676767677017e+01
1.469242424242424683e+01
1.701313131313128446e+00
2.002939393939391977e+01
3.460606060606065681e-01
2.984515151515150322e+01
1.145717171717172356e+01
2.754545454545457850e-01
2.918444444444444841e+01
6.805919191919194589e+01
6.870505050505060218e+00
2.256505050505051457e+01
8.506292929292926885e+01
1.218212121212120813e+01
6.148484848484842002e-01
4.757575757575768227e-01
3.086868686868692868e-01
4.361616161616155840e-01
2.061695959595959380e+02
2.763222222222221802e+01
7.567671717171720047e+02
5.102020202020195461e-01
1.951676767676767454e+01
1.421784848484848283e+02
1.479343434343434538e+01
8.090909090909098600e-01
2.326414141414140602e+01
1.387010101010099916e+01
2.979797979797974006e-01
9.725454545454553568e+00
1.533748484848485703e+02
2.158121212121212196e+01
8.581818181818171576e-01
4.439393939393940225e-01
8.731111111111095724e+00
7.084848484848490502e-01
2.318070707070707570e+01
6.125252525252533609e-01
2.633030303030302477e+01
6.565959595959588668e+00
1.191343434343435348e+01
2.645202020202019710e+01
1.505484848484846694e+01
1.673727272727272819e+01
6.168686868686863445e-01
3.157161616161615925e+01
2.444595959595961077e+01
1.198898989898989775e+01
2.162686868686868991e+01
4.789898989898995763e-01
2.565747474747475820e+01
3.458585858585858652e-01
2.052060606060604542e+01
1.380909090909089532e+00
2.035347474747474337e+02
1.349646464646464779e+02
9.769494949494948344e+00
8.830303030303027212e-01
2.547474747474748336e-01
1.543747474747474868e+01
2.553535353535347774e-01
5.449171717171725504e+01
5.832323232323237683e-01
5.230303030303037337e-01
2.354646464646468651e+00
5.462968686868689474e+02
3.881818181818176283e-01
6.148989898989898784e+00
9.440404040404030139e-01
3.723737373737374412e+01
6.326010101010102744e+02
3.677347474747476213e+02
3.003355555555555156e+02
1.072989898989898805e+01
2.079383838383839134e+01
3.889595959595959496e+00
1.334747474747473683e+00
5.427575757575758786e+01
2.822222222222217081e-01
2.184491919191919180e+02
1.145636363636363519e+01
3.285747474747471841e+01
1.033939393939393447e+01
8.392727272727272236e+01
9.639898989898988191e+00
3.212121212121207825e-01
1.296444444444445310e+01
2.291010101010100541e+01
3.152676767676768677e+01
1.017966666666666811e+02
4.906040404040404468e+01
1.239203030303030317e+02
1.949151515151516989e+01
1.981797979797979536e+01
1.831454545454545624e+01
1.135636363636363200e+01
1.100101010101009713e+01
2.462626262626257112e-01
7.006060606060597884e-01
1.598242424242423532e+01
2.917767676767676832e+01
2.192015151515151956e+02
2.018969696969696059e+01
1.346777777777777985e+01
9.776060606060612557e+00
1.875010101010101948e+01
2.803939393939394975e+01
4.757575757575752684e-01
9.747474747474734746e-01
1.392222222222222250e+00
1.370462626262626316e+02
1.657111111111110802e+01
4.131808080808080774e+01
4.256656565656566471e+01
2.810040404040405093e+01
2.749494949494947771e-01
3.061616161616163012e-01
1.771161616161615626e+01
1.181321212121211630e+02
6.307347474747471097e+02
1.962848484848483466e+01
7.218999999999999773e+01
1.399525252525251950e+01
7.328383838383845550e+00
1.414363636363637688e+01
2.023272727272726712e+01
7.808474747474748767e+01
6.079797979797986196e-01
7.723171717171716466e+01
1.400606060606059522e+00
1.371414141414142751e+00
2.971080808080809632e+01
4.482828282828283939e-01
3.872727272727277126e-01
2.311828282828283321e+01
2.307000000000001094e+01
2.043989898989898677e+02
1.094090909090908958e+01
1.921969696969697949e+01
8.111868686868685074e+01
2.593060606060603490e+01
3.169550505050505649e+02
2.305444444444442453e+01
2.478525252525252398e+01
5.107070707070706650e-01
2.078323232323232617e+01
1.183561616161616428e+02
2.258888888888889213e+01
1.724242424242422023e-01
3.117595959595958277e+01
1.020343434343433842e+01
9.495545454545452912e+01
5.388888888888880846e-01
2.527262626262625744e+01
3.130303030303027145e-01
1.194969696969694972e+01
8.327878787878786326e+00
7.070606060606057675e+00
1.850616161616163424e+01
4.730303030303035783e-01
1.189969696969697388e+01
1.405555555555554115e+00
4.070707070707069719e-01
6.863939393939391564e+00
1.751929292929292714e+01
2.858585858585854234e-01
4.656565656565663236e-01
1.282929292929292231e+01
7.534343434343427903e-01
2.400000000000000466e-01
2.252525252525251209e-01
1.420454545454547279e+01
3.717282828282829144e+01
2.765333333333333599e+01
5.274747474747482068e-01
4.967434343434345578e+01
1.118686868686867975e+01
1.081600000000000392e+02
4.765676767676767156e+01
9.029878787878787705e+01
1.735828282828282454e+01
2.621553535353534130e+02
9.653434343434343035e+00
2.424383838383837642e+01
1.877777777777775159e-01
1.957838383838382867e+01
1.687656565656566698e+01
2.314181818181817718e+01
4.638383838383847713e-01
2.654161616161615456e+01
1.184828282828283008e+01
6.406060606060617335e-01
9.417272727272727906e+00
1.548909090909089592e+01
4.007070707070706783e-01
2.840656565656567167e+01
3.474747474747478804e-01
5.833333333333324822e-01
4.172727272727279613e-01
2.551515151515146851e-01
8.106727272727270019e+02
1.376898989898990067e+01
2.517791919191918737e+02
6.322222222222231292e-01
3.644838383838386164e+01
3.484838383838383891e+01
3.329555555555557333e+01
5.752525252525243493e-01
7.102929292929298200e+00
3.230303030303025014e-01
1.011667676767676909e+02
4.282828282828278210e-01
3.873888888888890136e+01
2.881040404040404468e+01
5.355555555555552294e-01
4.479797979797975893e-01
6.352525252525245136e-01
4.210101010101015007e-01
4.991919191919190757e-01
2.242424242424240488e-01
1.144949494949495827e+00
1.441767676767675965e+01
4.509959595959594481e+01
3.464504040404040666e+02
7.118181818181813503e-01
4.306060606060612694e-01
2.411111111111111927e-01
5.256565656565646005e-01
7.381818181818182723e-01
1.606070707070707115e+01
5.450505050505040083e-01
1.288232323232324461e+01
1.213131313131312394e+00
1.916070707070706902e+01
1.037717171717173059e+01
1.779942424242425147e+02
2.759171717171717120e+01
3.422222222222217614e-01
5.320202020202021709e-01
1.224272727272725625e+01
1.880898989898990337e+01
1.345636363636363519e+01
3.729000000000001336e+01
4.702020202020208428e-01
1.561958585858585309e+02
5.996763636363635896e+02
1.290757575757576348e+01
5.878787878787886667e-01
1.424757575757574912e+01
3.406252525252521934e+01
2.024111111111111327e+01
1.302696969696969376e+01
3.715151515151515760e-01
1.506131313131313476e+01
4.278505050505051344e+01
2.001353535353536017e+01
3.393595959595958789e+01
5.432871717171718728e+02
1.568494949494949431e+01
5.853344444444443297e+02
1.511787878787878370e+01
1.465878787878788181e+01
8.804070707070705737e+01
1.887030303030302392e+01
1.423878787878787122e+01
3.603030303030309023e-01
6.275383838383834956e+01
1.367676767676766492e-01
8.385454545454541275e+00
4.069365656565656764e+02
2.433727272727272606e+01
5.059233333333332894e+02
3.396232323232325001e+01
5.429292929292929282e-01
2.625111111111112194e+01
2.073595959595960281e+01
2.736434343434343930e+01
3.570707070707078712e-01
4.620202020202029969e-01
4.950152525252525493e+02
4.110494949494950845e+01
1.092196969696969688e+02
2.705050505050509702e-01
8.770707070707072006e+00
1.146353535353537012e+01
7.382343434343435717e+01
4.693939393939398630e-01
2.334747474747473905e+00
2.783838383838384001e-01
4.252383838383840242e+01
1.783959595959595745e+01
5.998989898989905978e-01
1.901408080808081138e+02
1.141919191919192222e+01
1.309999999999999609e+00
5.715151515151511985e-01
2.346050505050504142e+01
3.577777777777777146e+01
7.863810101010102471e+02
6.450191919191918544e+01
4.994949494949496027e-01
3.667676767676767979e-01
7.903030303030303960e-01
7.364969696969700408e+01
2.276585858585855959e+01
1.502020202020202533e-01
2.257272727272729096e+00
1.727909090909090750e+01
1.851696969696969219e+01
1.267010101010101408e+01
2.575444444444442738e+01
3.418030303030302264e+01
2.451909090909091304e+01
2.200171717171716423e+01
5.186868686868674194e-01
3.465656565656562993e-01
2.924787878787880757e+01
1.403737373737374616e+00
3.960606060606055023e-01
8.766666666666669272e-01
5.228282828282823091e-01
2.918686868686866998e+00
2.816656565656566258e+01
2.244838383838383677e+01
1.035979797979798178e+01
2.212020202020202220e+00
2.798989898989902581e-01
5.417171717171719303e-01
4.492909090909090253e+01
2.311010101010100115e+01
5.151464646464648922e+01
1.531292929292928839e+01
7.134848484848492767e+00
8.848686868686876039e+00
1.887818181818181529e+01
2.874333333333332163e+01
6.109336363636365377e+02
2.096313131313131706e+01
1.837929292929292657e+01
1.706969696969698136e+00
3.241949494949494692e+01
6.166373737373736219e+01
1.418101010101009685e+01
1.366262626262628732e+00
2.909090909090903954e-01
1.911818181818182438e+01
1.102414141414142357e+01
3.165050505050504981e+01
7.906060606060589802e-01
2.599999999999999534e-01
8.157575757575767916e-01
2.609696969696969759e+01
2.987878787878791020e-01
2.976767676767672066e-01
8.713030303030299351e+00
2.492123232323231150e+02
2.616929292929293638e+01
2.152543434343433546e+02
4.738383838383844471e-01
1.413131313131315459e+00
2.407696969696968736e+01
5.270707070707076891e-01
2.146525252525252370e+01
2.542767676767676832e+01
3.958585858585855211e-01
3.614787878787879549e+01
4.162390909090907485e+02
1.024202020202018915e+01
1.627989898989898876e+01
7.859232323232326678e+01
2.631222222222219642e+01
1.921858585858587176e+01
2.755050505050504484e+01
3.239393939393935273e-01
4.621212121212129986e+00
5.177717171717173272e+01
7.529292929292940029e-01
3.746252525252524634e+01
2.054535353535353437e+01
7.941313131313131635e+01
6.520202020202013893e-01
1.995979797979797610e+01
1.251717171717169785e+00
2.141717171717167911e+00
9.333878787878788330e+01
3.771033333333333530e+02
9.813373737373738948e+01
6.161212121212121140e+00
8.195959595959603217e-01
1.507267676767677358e+02
1.759444444444444500e+01
5.102020202020207673e-01
2.407915151515151990e+02
1.239181818181817718e+01
6.514141414141421116e-01
2.311575757575756995e+01
2.051252525252525771e+01
5.464646464646476520e-01
1.841646464646465020e+01
2.503030303030306936e-01
3.200545454545459023e+01
4.039393939393936539e-01
2.170090909090908937e+01
8.123636363636371982e+00
4.051515151515149848e-01
1.176474747474747744e+02
5.312121212121218017e-01
9.011090909090908951e+01
1.530535353535353948e+01
5.085858585858578085e-01
3.511767676767678381e+01
3.402020202020203388e-01
2.728383838383837912e+01
7.436868686868685963e+00
1.395437676767677203e+03
1.897363636363636274e+01
2.465864646464647194e+02
1.088136363636363200e+02
2.274565656565657079e+01
4.196969696969694019e-01
2.297090909090908539e+01
3.477131313131317825e+01
1.840111111111109921e+01
2.963010101010101494e+01
4.843434343434337985e-01
2.046084848484847782e+02
1.385222222222220978e+01
3.639393939393940069e-01
2.626292929292930722e+01
2.139898989898990322e+01
6.808080808080809732e-01
7.048996969696971746e+02
2.881717171717170345e+01
1.810323232323232290e+01
5.069434343434345180e+01
2.818333333333332646e+01
2.631395959595960790e+02
1.158989898989901457e+00
2.933333333333332793e-01
1.838696969696970029e+01
9.222929292929293865e+00
6.943278787878786034e+02
2.801313131313129645e+01
9.589898989898998360e-01
1.536090909090910728e+01
3.052040404040404553e+01
3.388888888888884066e-01
1.022895959595960136e+02
6.575373737373741960e+02
6.483333333333326287e+00
5.697979797979793037e-01
7.313131313131323585e-01
7.594818181818185110e+01
3.716161616161616776e-01
1.053524040404040534e+03
5.743434343434344891e-01
3.558282828282824273e+00
4.035353535353535803e-01
2.913323232323231338e+01
4.383838383838373765e-01
4.148484848484846887e-01
1.300383838383838686e+01
1.096868686868686549e+00
4.096302020202019207e+02
4.681818181818179214e-01
2.015767676767677230e+01
7.065656565656575072e-01
5.495959595959590827e-01
1.560030303030304211e+01
2.639262626262625844e+01
8.079797979797972429e-01
4.313949494949496000e+01
8.633333333333341741e-01
2.277959595959595873e+01
1.405919191919191569e+01
5.460313131313131407e+01
2.267050505050504583e+01
4.861474747474748881e+01
8.328686868686878242e+00
3.979797979797971563e-01
1.040656565656565036e+01
4.544444444444445397e-01
7.814141414141418940e-01
5.684119191919193099e+02
7.656595959595958902e+02
1.138454545454544942e+01
4.463939393939388545e+00
1.508232323232322436e+01
1.060566767676767995e+03
2.768575757575757734e+01
2.761717171717172192e+01
2.348181818181821257e+00
2.406646464646466299e+01
6.657575757575749931e-01
2.013434343434343532e+01
8.712873737373735139e+02
5.922222222222229826e-01
5.680808080808066318e-01
3.192636363636363583e+01
5.701250505050503534e+02
1.465121212121212402e+01
2.856464646464644375e+01
3.488888888888884710e-01
6.395747474747481931e+01
3.925252525252528879e-01
2.844444444444449993e-01
4.450505050505046412e-01
2.639639393939393699e+02
5.608040404040406912e+01
1.210856666666667024e+03
5.761616161616150977e-01
1.422929292929292044e+00
1.865797979797978101e+01
1.269525252525252768e+01
3.239393939393935828e-01
1.796545454545454845e+01
1.899242424242424221e+01
5.560606060606054779e-01
1.399674747474747676e+02
3.847474747474751156e-01
1.220303030303032887e+00
2.710696969696969916e+01
5.102020202020196571e-01
1.170101010101009642e+00
1.128070707070707179e+01
2.056727272727271583e+01
1.402568686868686427e+02
9.216767676767679163e+00
6.803030303030305204e-01
2.107949494949496128e+01
2.799999999999997491e-01
1.190797979797978456e+01
3.888282828282824344e+00
1.821212121212119894e-01
1.211254545454545450e+02
4.119191919191920737e-01
3.658585858585859385e-01
1.942424242424241887e-01
5.593939393939384441e-01
3.646464646464648851e-01
1.329313131313131002e+01
4.350505050505056870e-01
5.216161616161613113e-01
8.216161616161606895e-01
2.098969696969696841e+01
1.582212121212120159e+01
4.171737373737373389e+01
2.211323232323231736e+01
3.760494949494950134e+01
3.250171717171718200e+01
2.679837373737373696e+02
1.013357373737373450e+03
2.552363636363637767e+01
3.658191919191925479e+01
1.281045454545454163e+02
4.398989898989900116e-01
4.130767676767676733e+01
4.054545454545457339e-01
6.211777777777778198e+01
1.251585858585858269e+01
3.107070707070709870e-01
2.044686868686869019e+01
4.830303030303035872e-01
3.383838383838376762e-01
3.140606060606059557e+01
4.912685858585858796e+02
5.515151515151526240e-01
1.259181818181818713e+01
2.286121212121210533e+01
3.331474747474747033e+01
1.018444444444444130e+01
2.130999999999999517e+01
1.863737373737377023e+00
2.070959595959596911e+01
6.879797979797985796e-01
1.801676767676767454e+01
4.385030303030299592e+01
9.336161616161623655e+00
3.522666666666666657e+01
1.874646464646467336e+00
6.462626262626273155e-01
2.307515151515152851e+01
5.761616161616162080e-01
7.074646464646463073e+01
7.445242424242425727e+01
1.290090909090908866e+01
4.720656565656563686e+01
4.922222222222221166e-01
8.155555555555566993e-01
4.924242424242413207e-01
1.663898989898990521e+01
3.627656565656564425e+01
4.661616161616157217e-01
1.934575757575758104e+01
2.411252525252523782e+01
8.552946464646464619e+02
5.857575757575762543e-01
1.115928282828283216e+02
4.601010101010105657e-01
1.632525252525249160e+00
8.729686868686867740e+01
4.129838383838381333e+01
1.924838383838383749e+01
7.046464646464640769e-01
5.015651515151511717e+02
4.209454545454543251e+01
2.776222222222221703e+01
5.974747474747484910e-01
8.346464646464628601e-01
5.298383838383835531e+00
3.391575757575758132e+01
7.802292929292927681e+01
3.161616161616160325e-01
5.676767676767668913e-01
9.720808080808078344e+00
8.549292929292938936e+00
2.052878787878788103e+01
5.756727272727273714e+01
3.258161616161617502e+01
1.782797979797980048e+01
1.887979797979794760e+00
2.610101010101013586e-01
4.219191919191927487e-01
3.062090909090910174e+01
1.932262626262626881e+01
2.589202020202020549e+01
1.039797979797980609e+00
3.357313131313130583e+01
9.186969696969697452e+01
6.601010101010111875e-01
3.851611111111110972e+02
2.970484848484848328e+01
3.758696969696971024e+01
2.029525252525252910e+01
8.154202020202015433e+01
1.924474747474747360e+01
1.651515151515153823e-01
1.655131313131314030e+01
5.462929292929293723e+01
6.956565656565653066e-01
2.259858585858585656e+01
8.094848484848483849e+00
3.276459595959595390e+02
6.819020202020200827e+01
1.706121212121213304e+01
1.209282828282828426e+01
5.973737373737377787e-01
4.151515151515160484e-01
4.288888888888880424e-01
1.456767676767677822e+00
2.021606060606060851e+01
3.524242424242427507e+00
2.701616161616155587e+00
1.516757575757574728e+01
1.884027272727273044e+02
2.112048484848484406e+02
1.165232323232322997e+01
3.267676767676767069e-01
5.372727272727267911e-01
1.941009090909090844e+02
1.207787878787880054e+01
2.149858585858585869e+01
2.342797979797980901e+01
3.409090909090905508e-01
9.455959595959599895e+00
4.259595959595962045e-01
4.535353535353527366e-01
2.873537373737373741e+02
1.529353535353534355e+01
1.889868686868688386e+01
5.014141414141410902e-01
2.695767676767676591e+01
8.023232323232334373e-01
3.273313131313130242e+01
8.540454545454544188e+01
1.636727272727273785e+01
1.564828282828282191e+01
4.867676767676774596e-01
2.640595959595961872e+01
1.264140404040404206e+02
2.112060606060607526e+01
1.158848484848484794e+01
3.826262626262628141e-01
2.297979797979799177e-01
1.209131313131313412e+01
3.812181818181819182e+01
8.802626262626265685e+00
4.091919191919190513e-01
7.284393939393940798e+01
6.024858585858584092e+02
3.582060606060606034e+01
3.537797979797978343e+01
4.400878787878787790e+01
8.211313131313135116e+00
4.483838383838386066e-01
7.019764646464649331e+02
5.790624242424242993e+02
1.490696969696970164e+01
8.672121212121215450e+00
2.966363636363634626e+01
2.176424242424242905e+01
2.154282828282827467e+01
7.588787878787889518e+00
2.289898989898984660e-01
3.934343434343425261e-01
1.674252525252525103e+01
1.254430303030302838e+02
2.534474747474745726e+01
4.161029292929293320e+02
2.125529292929293490e+02
1.225203030303031682e+02
7.074141414141427830e+00
4.265656565656555377e-01
2.611343434343434922e+01
1.650737373737372948e+01
4.649494949494939466e-01
7.687615151515152547e+02
7.423333333333319572e+00
8.763030303030298285e+00
8.126161616161635237e+00
2.937727272727273586e+01
1.177959595959595518e+01
3.098929292929291890e+01
4.718131313131313220e+01
4.777777777777783008e-01
2.701010101010096753e-01
4.587084848484847726e+02
1.273282828282827772e+01
4.197713131313132635e+02
6.213131313131314837e-01
1.223898989898990841e+01
2.621212121212124768e-01
3.988140404040404405e+02
2.373737373737370149e-01
8.398494949494950390e+01
1.716161616161616665e-01
1.108484848484850405e+00
3.464751515151514241e+02
1.667585858585857750e+01
1.926606060606061277e+01
6.636762626262627691e+02
3.051838383838384772e+01
3.869595959595960011e+01
4.899999999999994915e-01
2.197595959595961901e+01
3.779797979797979157e-01
2.820343434343434552e+01
2.837132323232322619e+02
7.115151515151523220e-01
2.198182828282828609e+02
1.157752525252525629e+03
1.910797979797980162e+01
2.039393939393933375e-01
3.214818181818181131e+01
5.091359595959596618e+02
3.940060606060605153e+01
1.318202020202020819e+01
6.104543434343431727e+02
5.294949494949502400e-01
1.311909090909090914e+01
5.682828282828272792e-01
6.672727272727266845e-01
5.116684848484846952e+02
2.500000000000001110e-01
5.892313131313132857e+01
5.386939393939393028e+01
2.585717171717173812e+01
7.178888888888886655e+00
9.187878787878767106e-01
3.128686868686871847e+00
8.372929292929295997e+00
4.822888888888889625e+01
2.500444444444444514e+01
1.873525252525252327e+01
3.555555555555550695e-01
9.423030303030312638e+00
1.575096969696969325e+02
4.530499999999999545e+02
1.492111111111111654e+01
7.179898989898988226e+00
2.935262626262626284e+01
4.534343434343440782e-01
7.657930303030301502e+02
1.814787878787878128e+01
9.684747474747471330e+00
3.598333333333333428e+01
1.228989898989898855e+01
1.896606060606059074e+01
3.468787878787877332e+01
5.336363636363625762e-01
5.303030303030298320e-01
4.179797979797981733e-01
1.740909090909089629e+00
3.217030303030304594e+01
8.985647474747472643e+02
6.824534343434340826e+02
2.168202020202020108e+01
5.247474747474739631e-01
2.095939393939394080e+01
1.603797979797980844e+01
2.204262626262626057e+01
4.351515151515155111e-01
3.266363636363637113e+01
7.842424242424249625e-01
4.044181818181818500e+01
2.280191919191918970e+01
1.910666666666667624e+01
1.370696969696969525e+01
4.043090909090908269e+01
1.028989898989897789e+00
8.425318181818181529e+02
1.953060606060606830e+01
8.562616161616165300e+01
1.024959595959596470e+01
3.670626262626263525e+01
1.330090909090908546e+01
2.412707070707071466e+01
1.404111111111111754e+01
1.351240404040405281e+02
1.456919191919192436e+01
2.073888888888888005e+01
2.430323232323231863e+01
8.036363636363618168e-01
1.388383838383839608e+00
1.156272727272728673e+01
3.690545454545453197e+01
1.903494949494950106e+01
3.368757575757575040e+01
3.809090909090911414e-01
2.956565656565652844e-01
7.428282828282836148e-01
2.624242424242423377e-01
7.197070707070709616e+00
4.141414141414134220e-01
7.097979797979798722e-01
2.490454545454545610e+01
1.981404040404044409e+01
5.934343434343447576e-01
3.999999999999998002e-01
9.768555555555559522e+01
1.277191919191918856e+01
1.487962626262626884e+02
6.156565656565665678e-01
2.937373737373731863e-01
2.282585858585859384e+01
6.253535353535344399e-01
3.387878787878784159e-01
1.061101010101010722e+01
4.878212121212119712e+01
5.388888888888877515e-01
2.672848484848485029e+01
2.327787878787878384e+01
2.961141414141415140e+01
8.543434343434361811e-01
1.753838383838385306e+00
