4.806868686868683405e+00
2.232020202020199573e+00
0.000000000000000000e+00
1.210303030303028438e+00
5.157272727272724566e+00
8.838383838383858659e-01
2.509090909090911370e-01
3.091616161616169034e+00
2.379797979797985408e-01
2.989393939393938826e+00
9.842272727272725774e+01
2.685858585858582614e-01
2.939393939393944791e-02
1.571616161616161467e+00
2.710202020202019835e+00
7.241818181818182154e+00
1.999999999999996919e-02
1.287878787878785347e-01
5.042131313131313419e+01
1.071313131313131439e+00
0.000000000000000000e+00
9.714141414141431730e-01
2.848484848484851284e+00
2.297979797979792516e-01
0.000000000000000000e+00
6.575757575757584794e-02
2.598585858585863217e+00
4.939393939393937200e-02
4.959595959595954062e-02
1.384848484848485883e+00
6.763030303030313384e+00
1.623232323232320362e-01
3.530303030303034162e-01
1.290808080808080627e+00
2.148080808080803816e+00
2.082222222222226193e+00
9.285848484848486351e+01
4.592313131313133567e+01
2.767676767676770511e-01
3.223333333333334050e+00
1.284717171717171347e+01
9.514141414141399355e-01
2.700808080808083655e+00
1.480505050505049658e+00
2.692828282828281239e+00
3.939393939393939087e-02
3.688888888888892104e-01
0.000000000000000000e+00
3.917474747474746888e+00
2.335393939393937401e+01
2.691212121212121389e+00
9.999999999999967248e-03
1.733333333333331450e-01
1.046363636363633942e+00
3.321212121212120838e+00
8.034343434343449442e-01
1.842222222222220207e+00
7.050505050505067040e-01
5.627272727272727870e+00
1.970303030303029557e+00
5.863828282828286831e+01
1.846666666666662682e+00
3.518848484848484048e+01
0.000000000000000000e+00
2.293939393939389948e+00
1.767676767676764071e-01
6.599494949494946638e+00
2.509393939393935291e+00
2.525252525252525415e-01
1.216161616161618442e-01
3.390101010101005397e+00
6.575757575757588957e-02
2.362626262626256413e+00
4.196969696969695462e+00
2.266666666666668217e-01
5.880505050505050235e+01
2.776868686868683156e+00
1.885858585858585235e+00
4.729929292929289630e+01
3.928282828282824712e-01
1.499292929292930454e+00
1.711313131313134672e+00
1.027272727272726671e-01
7.159898989898989541e+00
7.701010101010096420e+00
3.112222222222223333e+00
1.288989898989901128e+00
3.198282828282830170e+00
1.078383838383840665e+00
2.395959595959594457e-01
2.051515151515151680e-01
1.626262626262624744e+00
1.999999999999994491e-02
2.397070707070711126e+00
2.156565656565655242e+00
4.945454545454541218e-01
3.092828282828281594e+00
2.202929292929288518e+00
2.095656565656561998e+00
8.196717171717173755e+01
3.910101010101004526e+00
9.999999999999960310e-03
1.942424242424242720e-01
1.691101010101010260e+01
2.621212121212116997e-01
1.613535353535353822e+00
1.387676767676764955e+00
1.138686868686868969e+00
2.500000000000001110e-01
3.558181818181817668e+00
3.978787878787881649e-01
1.066666666666667290e-01
9.888888888888922035e-02
3.373939393939396236e+00
2.954646464646464743e+00
3.918181818181822318e-01
0.000000000000000000e+00
3.925555555555552800e+00
1.847373737373736446e+00
1.003898989898990202e+01
8.188080808080806960e+00
1.601212121212123973e+00
4.034343434343432011e-01
2.033737373737376064e+00
3.031717171717171588e+00
4.596969696969687713e-01
1.772727272727273595e+00
1.142424242424245479e-01
1.206868686868685359e+01
2.979797979797975047e-02
9.999999999999965514e-03
5.696969696969707980e-02
1.261616161616162246e-01
2.334343434343432389e+00
1.323535353535352677e+00
2.358404040404038682e+01
2.500000000000001110e-01
4.434141414141419268e+00
1.604242424242426246e+00
0.000000000000000000e+00
1.304545454545455119e+00
2.076060606060605718e+00
6.818181818181823228e-02
2.672727272727276393e+00
2.197979797979799643e-01
2.770303030303026048e+00
1.924646464646467159e+00
3.815151515151516404e-01
2.145555555555553440e+00
2.979797979797979210e-02
3.709191919191920928e+00
1.433737373737373089e+00
1.979797979797979016e-02
3.264444444444444038e+00
5.899393939393937636e+00
1.168080808080806499e+00
1.805959595959596209e+00
6.744040404040405612e+00
1.760303030303028482e+00
1.837373737373737270e-01
1.357575757575757991e-01
0.000000000000000000e+00
1.775757575757578588e-01
2.081121212121215436e+01
2.871212121212118884e+00
8.610363636363638307e+01
1.425252525252528324e-01
1.992121212121216400e+00
1.304949494949495481e+01
1.666060606060604021e+00
1.340404040404039043e-01
2.028181818181815643e+00
1.751717171717173560e+00
0.000000000000000000e+00
1.113838383838382295e+00
1.238727272727271433e+01
2.175555555555557241e+00
2.330303030303026157e-01
1.745454545454546424e-01
1.486868686868687339e+00
1.045454545454546497e-01
2.013535353535357064e+00
1.413131313131311406e-01
2.821212121212118618e+00
8.584848484848478511e-01
1.219595959595957346e+00
2.645858585858581691e+00
1.888080808080808470e+00
1.944949494949496760e+00
2.403030303030308235e-01
3.192525252525252988e+00
2.312323232323231892e+00
1.777171717171713183e+00
1.904545454545455874e+00
5.797979797979802702e-02
3.147373737373734048e+00
0.000000000000000000e+00
2.231414141414136854e+00
8.737373737373720084e-02
2.528393939393938439e+01
1.409121212121211464e+01
1.472424242424241081e+00
2.248484848484851029e-01
0.000000000000000000e+00
2.225050505050508942e+00
0.000000000000000000e+00
4.499696969696966420e+00
7.737373737373731686e-02
9.090909090909080059e-02
5.298989898989893144e-01
9.095616161616156603e+01
2.525252525252525415e-01
8.377777777777786206e-01
4.419191919191910456e-01
2.691919191919187160e+00
7.377282828282825733e+01
2.754525252525253620e+01
3.088797979797980631e+01
1.361212121212119097e+00
1.919898989898994213e+00
6.192929292929287843e-01
3.368686868686871505e-01
6.567272727272732702e+00
0.000000000000000000e+00
3.119828282828284216e+01
1.492626262626262967e+00
3.127272727272722985e+00
1.025656565656565933e+00
8.841919191919188847e+00
1.279090909090911277e+00
0.000000000000000000e+00
1.217979797979797052e+00
2.494040404040402503e+00
3.485555555555549301e+00
9.090707070707074067e+00
4.487979797979798846e+00
1.165242424242423169e+01
2.505353535353529448e+00
2.124747474747478826e+00
1.461212121212120074e+00
1.319797979797977749e+00
1.192525252525254764e+00
1.979797979797979710e-02
2.136363636363637630e-01
2.434949494949494309e+00
3.230505050505053877e+00
2.768191919191918160e+01
2.704444444444448425e+00
1.064545454545453351e+00
1.098888888888889692e+00
1.503131313131314206e+00
3.569393939393942894e+00
2.389898989898986970e-01
1.142424242424245201e-01
2.762626262626267648e-01
1.276393939393939547e+01
1.900404040404042760e+00
4.441414141414132821e+00
4.805050505050504128e+00
3.038585858585855615e+00
0.000000000000000000e+00
0.000000000000000000e+00
2.148585858585856379e+00
8.814747474747473888e+00
5.723171717171717887e+01
2.256868686868690244e+00
7.102929292929287541e+00
1.876161616161616585e+00
8.253535353535351726e-01
2.221212121212123858e+00
2.398484848484850662e+00
8.918282828282830366e+00
4.878787878787893550e-02
8.448383838383829669e+00
5.040404040404038860e-02
3.939393939393939781e-02
3.763030303030304946e+00
1.616161616161617132e-01
7.434343434343430868e-02
3.267272727272725774e+00
2.594545454545456487e+00
2.036828282828281900e+01
1.133939393939393359e+00
2.178383838383841198e+00
7.049898989898988333e+00
2.857575757575760100e+00
2.850161616161614475e+01
2.828282828282830064e+00
2.168989898989895693e+00
2.524242424242423843e-01
2.703636363636362283e+00
1.772161616161616848e+01
2.886767676767673318e+00
0.000000000000000000e+00
2.810404040404037573e+00
1.359191919191920173e+00
7.778080808080808595e+00
1.969696969696964062e-01
2.684747474747471330e+00
1.616161616161617132e-01
1.339090909090908665e+00
1.513434343434345353e+00
8.212121212121205049e-01
2.076262626262623368e+00
3.979797979797979057e-02
1.602828282828282269e+00
2.929292929292921510e-01
2.379797979797985685e-01
1.121717171717170336e+00
2.113535353535350048e+00
9.090909090909075896e-02
8.434343434343442858e-02
1.535656565656566608e+00
4.901010101010097042e-01
0.000000000000000000e+00
0.000000000000000000e+00
1.574848484848486274e+00
3.434949494949493420e+00
3.344545454545454266e+00
4.797979797979808059e-02
5.984040404040398720e+00
1.185353535353537602e+00
8.324040404040406571e+00
5.535757575757573434e+00
9.253131313131314428e+00
2.162727272727269057e+00
1.777363636363637056e+01
9.735353535353542531e-01
2.546262626262628892e+00
0.000000000000000000e+00
2.160606060606063750e+00
2.454444444444440432e+00
3.098080808080810211e+00
9.575757575757563866e-02
2.610202020202024631e+00
1.394343434343432886e+00
2.036363636363636709e-01
1.295555555555551797e+00
1.846262626262624940e+00
1.893939393939393923e-01
3.148888888888889959e+00
8.272727272727277426e-02
1.554545454545456229e-01
1.142424242424244507e-01
0.000000000000000000e+00
9.152030303030301184e+01
1.312424242424239607e+00
3.243343434343434240e+01
4.323232323232322205e-01
3.680606060606059771e+00
5.292323232323227877e+00
2.570404040404040469e+00
1.088888888888890627e-01
9.921212121212110713e-01
1.163636363636361970e-01
9.680202020202017366e+00
2.939393939393943056e-02
4.272929292929294576e+00
3.959494949494948290e+00
1.979797979797979363e-02
1.990909090909091239e-01
2.082828282828283195e-01
9.999999999999965514e-03
2.976767676767684279e-01
9.999999999999970718e-03
4.690909090909085588e-01
1.409090909090910282e+00
4.475151515151516435e+00
5.577010101010100840e+01
2.524242424242421623e-01
1.893939393939393923e-01
0.000000000000000000e+00
3.146464646464653958e-01
5.696969696969701735e-02
2.677575757575761273e+00
8.676767676767667414e-02
1.675151515151516390e+00
3.069696969696964484e-01
1.915050505050507779e+00
1.579696969696967823e+00
1.351898989898990955e+01
3.167272727272726129e+00
9.999999999999972453e-03
1.142424242424244091e-01
1.735050505050509395e+00
2.055252525252527107e+00
2.038080808080806605e+00
3.304949494949489974e+00
1.616161616161617132e-01
1.458626262626263248e+01
3.894131313131310890e+01
1.548181818181819436e+00
2.923232323232317076e-01
1.443939393939396076e+00
2.570101010101012218e+00
3.206363636363633418e+00
1.348686868686870710e+00
2.297979797979792238e-01
2.106464646464644819e+00
5.224141414141415751e+00
1.888686868686864528e+00
3.263636363636362780e+00
4.558494949494949111e+01
1.616767676767677075e+00
5.345515151515153462e+01
1.571616161616158136e+00
1.678686868686868117e+00
8.202424242424235956e+00
2.557676767676762442e+00
1.463636363636364290e+00
0.000000000000000000e+00
6.350606060606063252e+00
4.542424242424242253e-01
1.210707070707068844e+00
3.660595959595959670e+01
3.181515151515149853e+00
4.567292929292931092e+01
2.733636363636366085e+00
2.737373737373741678e-01
2.953434343434341525e+00
2.598585858585856112e+00
4.273737373737373169e+00
1.440404040404038855e-01
2.673737373737370970e-01
6.548949494949498273e+01
4.928888888888888431e+00
8.241212121212118547e+00
8.272727272727277426e-02
9.584848484848490502e-01
1.248282828282825996e+00
6.729595959595954469e+00
5.696969696969703817e-02
2.288888888888891693e-01
0.000000000000000000e+00
5.525858585858588690e+00
2.384848484848482997e+00
2.693939393939400739e-01
2.196676767676768094e+01
9.554545454545448901e-01
2.802020202020195083e-01
2.500000000000001110e-01
2.081010101010101199e+00
3.646363636363634253e+00
5.002050505050503659e+01
8.247575757575754452e+00
6.696969696969710950e-02
0.000000000000000000e+00
2.818181818181820786e-01
9.358989898989900524e+00
2.408686868686874760e+00
0.000000000000000000e+00
6.213131313131308175e-01
2.716565656565654407e+00
2.318181818181813458e+00
1.709191919191921372e+00
2.567272727272732258e+00
3.877878787878787925e+00
2.733636363636362088e+00
2.298484848484851018e+00
4.878787878787880367e-02
0.000000000000000000e+00
2.801010101010098730e+00
4.034343434343429236e-01
0.000000000000000000e+00
3.612121212121209290e-01
2.260606060606057677e-01
3.507070707070701898e-01
3.830202020202017721e+00
1.855151515151513442e+00
1.501313131313133375e+00
2.972727272727268555e-01
0.000000000000000000e+00
3.951515151515149760e-01
4.905454545454549731e+00
3.032929292929292142e+00
4.369595959595959478e+00
1.750909090909092303e+00
9.619191919191913964e-01
1.319090909090911312e+00
1.937272727272731032e+00
3.250808080808079925e+00
6.761929292929293922e+01
2.068787878787877066e+00
1.841010101010103428e+00
6.668686868686859448e-01
3.638585858585862809e+00
8.014848484848483778e+00
1.279292929292927150e+00
5.428282828282822159e-01
0.000000000000000000e+00
1.890000000000004787e+00
1.214949494949497222e+00
3.890707070707066340e+00
2.297979797979792238e-01
5.696969696969706592e-02
1.066666666666668400e-01
2.738484848484853185e+00
4.797979797979804589e-02
9.999999999999951636e-03
1.262020202020204707e+00
1.268747474747475401e+01
3.050505050505054605e+00
2.748909090909090480e+01
9.999999999999951636e-03
2.424242424242418481e-01
2.248383838383840150e+00
1.530303030303028222e-01
3.191010101010103739e+00
2.782020202020196287e+00
0.000000000000000000e+00
3.712727272727271544e+00
4.075111111111112905e+01
9.910101010101021179e-01
2.102929292929296423e+00
1.013646464646464906e+01
3.114646464646463109e+00
1.729595959595956245e+00
3.401919191919189345e+00
3.878787878787880172e-02
9.032323232323238305e-01
6.175656565656565178e+00
4.943434343434345291e-01
4.187676767676768996e+00
2.138484848484847767e+00
6.408686868686859661e+00
1.999999999999992062e-02
1.897171717171721061e+00
2.027272727272722008e-01
5.619191919191907081e-01
6.578888888888891451e+00
3.692717171717169578e+01
1.487868686868686474e+01
9.164646464646480917e-01
6.818181818181824616e-02
1.771404040404039293e+01
1.738787878787876329e+00
3.316161616161617531e-01
3.050646464646465006e+01
1.594242424242424905e+00
1.264646464646463075e-01
2.007171717171720271e+00
2.700505050505047855e+00
6.575757575757593121e-02
1.805151515151518726e+00
9.090909090909073120e-02
3.919292929292934158e+00
0.000000000000000000e+00
2.357777777777773753e+00
1.100101010101008248e+00
1.009090909090910593e-01
1.600262626262626497e+01
1.216161616161617470e-01
1.045878787878787186e+01
1.425353535353534040e+00
1.842424242424241798e-01
3.275252525252522862e+00
0.000000000000000000e+00
3.465353535353531633e+00
8.776767676767683879e-01
1.018791919191919106e+02
2.264949494949497044e+00
1.983717171717173144e+01
1.197404040404040870e+01
1.810707070707068045e+00
3.878787878787880172e-02
2.418585858585862169e+00
4.543636363636361253e+00
2.524343434343437664e+00
2.542525252525256185e+00
2.475757575757577267e-01
3.137434343434343020e+01
1.342626262626263722e+00
1.733333333333330895e-01
3.164747474747479750e+00
2.121010101010101234e+00
3.130303030303024925e-01
8.551545454545454561e+01
2.980909090909090953e+00
1.848787878787878203e+00
5.888282828282818571e+00
2.393030303030307948e+00
2.622797979797981682e+01
1.979797979797979710e-02
8.555555555555556524e-02
1.977979797979800392e+00
1.472222222222220767e+00
6.638131313131312083e+01
2.456464646464643575e+00
1.767676767676764904e-01
1.710505050505047864e+00
3.398686868686861651e+00
0.000000000000000000e+00
7.160606060606066414e+00
8.128101010101013912e+01
1.285454545454547182e+00
3.527272727272735553e-01
3.436363636363631846e-01
1.196212121212121637e+01
1.893939393939393923e-01
1.083999999999999631e+02
4.878787878787876897e-02
6.281818181818166202e-01
0.000000000000000000e+00
2.632626262626266200e+00
2.625252525252524949e-01
9.999999999999955105e-03
1.409999999999999254e+00
3.090909090909095269e-01
6.121959595959596356e+01
2.621212121212118107e-01
2.104646464646461546e+00
2.601010101010097775e-01
2.260606060606056844e-01
1.394141414141415458e+00
2.942929292929293617e+00
3.384848484848488881e-01
6.014040404040404297e+00
8.555555555555556524e-02
2.643838383838386097e+00
2.166262626262630331e+00
6.526161616161618717e+00
2.391717171717172796e+00
6.314141414141419162e+00
1.110303030303031235e+00
5.696969696969712144e-02
9.763636363636346571e-01
2.560606060606064882e-01
5.448484848484839160e-01
7.070252525252527676e+01
6.840191919191921954e+01
1.520303030303029601e+00
2.778787878787874477e-01
1.352828282828283823e+00
7.068343434343434240e+01
3.790505050505050821e+00
3.283333333333334103e+00
4.002020202020207251e-01
2.173535353535350101e+00
3.913131313131325006e-01
2.340808080808080227e+00
1.024042424242424119e+02
3.343434343434352196e-01
1.433333333333333959e-01
3.716464646464642474e+00
6.655020202020200770e+01
1.433333333333331350e+00
4.096464646464650805e+00
2.036363636363636709e-01
5.985757575757586046e+00
2.233333333333338555e-01
0.000000000000000000e+00
2.266666666666662944e-01
3.387575757575757507e+01
6.119494949494954206e+00
1.246520202020201538e+02
3.878787878787880172e-02
6.293939393939377291e-01
2.242525252525255475e+00
1.944343434343436705e+00
1.675757575757578499e-01
2.003030303030302939e+00
1.816161616161618531e+00
3.300000000000007372e-01
1.262747474747475529e+01
3.878787878787880172e-02
3.262626262626257545e-01
3.616767676767676409e+00
3.878787878787880172e-02
3.959595959595963999e-01
1.539494949494949250e+00
2.074747474747472342e+00
1.589343434343433437e+01
1.205555555555556602e+00
3.566666666666666874e-01
2.680202020202016033e+00
3.422222222222223720e-01
1.713333333333329378e+00
8.471717171717179085e-01
0.000000000000000000e+00
2.004828282828284003e+01
2.297979797979792516e-01
2.454545454545459526e-01
0.000000000000000000e+00
1.814141414141414166e-01
2.939393939393943403e-02
1.881515151515150253e+00
2.040404040404038555e-01
5.590909090909098600e-01
1.357575757575757991e-01
2.452626262626261155e+00
1.936464646464644224e+00
3.344141414141416746e+00
2.244343434343436527e+00
4.796868686868687170e+00
3.292828282828281328e+00
3.780181818181819153e+01
9.115141414141413634e+01
2.576767676767672821e+00
1.973131313131309739e+00
1.540464646464645426e+01
2.197979797979799643e-01
5.092424242424244518e+00
9.999999999999965514e-03
4.234545454545462384e+00
1.325858585858584515e+00
0.000000000000000000e+00
1.991515151515149240e+00
2.560606060606057666e-01
3.878787878787880172e-02
5.950101010101014332e+00
5.561303030303029971e+01
3.200000000000003952e-01
1.321616161616159690e+00
2.260505050505055458e+00
5.639393939393938737e+00
1.293838383838384454e+00
1.681111111111112111e+00
3.267676767676773730e-01
1.770000000000001350e+00
1.425252525252528324e-01
1.628686868686866518e+00
4.387373737373739147e+00
1.647979797979797212e+00
2.379797979797974694e+00
5.139393939393949173e-01
2.260606060606056844e-01
3.078282828282830952e+00
2.616161616161619685e-01
8.530303030303031164e+00
6.173131313131315245e+00
1.723838383838388610e+00
6.586969696969693366e+00
1.287878787878785625e-01
3.643434343434344136e-01
2.782828282828281319e-01
1.952929292929296512e+00
3.585050505050503489e+00
9.888888888888898443e-02
2.972727272727271774e+00
2.295555555555551575e+00
9.893989898989897824e+01
1.842424242424241798e-01
1.270141414141413705e+01
1.788888888888890139e-01
4.195959595959591337e-01
1.171919191919191761e+01
3.747373737373734581e+00
1.831010101010100533e+00
2.852525252525249244e-01
5.915161616161613978e+01
3.670404040404042778e+00
2.681515151515149409e+00
2.863636363636360982e-01
3.316161616161623082e-01
9.667676767676753879e-01
3.793737373737381180e+00
1.095343434343434375e+01
0.000000000000000000e+00
6.575757575757584794e-02
1.231414141414143293e+00
1.499090909090911028e+00
3.235050505050508729e+00
6.916464646464649313e+00
4.901919191919191121e+00
2.131515151515148698e+00
3.674747474747473430e-01
0.000000000000000000e+00
1.979797979797979016e-02
3.115050505050501961e+00
2.512929292929296565e+00
3.605050505050506615e+00
1.340404040404040431e-01
2.841515151515153104e+00
1.209626262626262871e+01
3.652525252525257726e-01
3.176383838383839731e+01
2.735555555555551521e+00
4.495454545454548700e+00
1.789494949494948361e+00
6.527070707070701694e+00
2.584040404040403249e+00
9.999999999999953371e-03
1.947373737373732983e+00
3.629696969696969422e+00
1.814141414141413056e-01
2.205353535353539396e+00
1.036060606060603906e+00
3.135606060606060908e+01
6.274545454545446432e+00
1.774646464646465249e+00
1.491111111111112386e+00
8.676767676767674353e-02
2.327272727272732267e-01
4.797979797979799732e-02
2.394949494949497604e-01
2.077474747474750583e+00
4.450505050505050852e-01
5.203030303030315995e-01
1.783636363636367017e+00
1.662404040404039307e+01
2.446969696969696884e+01
1.487878787878788911e+00
0.000000000000000000e+00
1.490909090909092738e-01
1.953575757575757521e+01
1.120707070707072317e+00
3.007878787878786042e+00
3.015151515151516914e+00
1.999999999999999695e-02
1.390606060606062844e+00
1.775757575757578866e-01
3.939393939393939087e-02
1.846888888888890889e+01
2.740505050505049223e+00
2.076666666666667549e+00
3.966666666666670005e-01
3.101414141414138737e+00
3.207070707070700522e-01
3.309696969696970914e+00
7.678282828282830152e+00
1.954141414141412403e+00
2.412828282828285875e+00
7.434343434343430868e-02
2.257272727272729096e+00
1.410090909090909328e+01
2.322525252525247552e+00
1.040303030303026288e+00
9.999999999999956840e-03
2.397979797979798433e-01
1.615555555555559186e+00
3.493232323232323466e+00
1.118181818181816167e+00
1.893939393939393923e-01
7.903636363636360684e+00
4.871606060606060851e+01
4.012525252525252384e+00
4.416767676767676676e+00
4.412121212121207670e+00
1.258585858585860473e+00
2.354545454545460270e-01
7.296434343434343361e+01
6.065232323232321932e+01
1.725858585858588867e+00
1.989393939393936384e+00
3.895555555555551219e+00
2.652424242424248568e+00
2.627777777777780432e+00
1.036565656565656246e+00
0.000000000000000000e+00
1.357575757575757991e-01
2.302828282828285111e+00
1.804131313131313519e+01
3.486767676767676960e+00
4.344343434343434041e+01
2.212999999999999901e+01
1.265393939393939249e+01
1.344848484848486958e+00
1.615151515151519168e-01
3.179999999999994387e+00
1.689090909090908310e+00
0.000000000000000000e+00
7.786000000000002785e+01
8.309090909090903754e-01
8.610101010100992269e-01
1.108484848484850627e+00
3.174040404040404884e+00
1.567777777777776604e+00
2.598888888888888360e+00
3.785757575757572990e+00
7.575757575757584295e-02
0.000000000000000000e+00
4.753373737373735963e+01
2.017676767676771288e+00
4.628151515151515838e+01
3.010101010101003949e-01
1.998787878787874117e+00
0.000000000000000000e+00
3.132141414141413804e+01
0.000000000000000000e+00
1.116919191919191690e+01
0.000000000000000000e+00
5.038383838383828639e-01
2.359525252525254757e+01
2.335555555555554275e+00
2.453232323232320322e+00
6.682616161616162742e+01
3.024141414141411577e+00
3.327878787878792988e+00
1.215151515151517286e-01
2.292727272727277832e+00
3.939393939393939781e-02
3.367272727272730748e+00
1.965191919191919112e+01
1.885858585858589398e-01
2.843565656565658983e+01
1.089400000000000119e+02
1.820808080808080209e+00
0.000000000000000000e+00
3.482626262626264513e+00
4.531636363636366838e+01
3.995757575757571178e+00
1.348989898989897185e+00
4.658979797979799287e+01
1.979797979797979016e-02
1.223838383838385280e+00
1.979797979797979363e-02
2.557575757575760167e-01
6.142363636363639756e+01
2.297979797979792516e-01
1.000484848484848399e+01
6.436262626262625908e+00
3.065353535353539716e+00
1.458181818181817802e+00
3.312121212121211244e-01
2.719191919191926154e-01
1.140505050505051798e+00
6.202222222222224524e+00
2.651616161616164202e+00
2.588080808080811757e+00
1.142424242424245201e-01
8.536363636363643037e-01
1.211484848484848520e+01
4.119303030303029800e+01
1.855252525252523599e+00
1.083131313131310502e+00
3.223737373737372458e+00
6.575757575757587570e-02
7.863060606060609814e+01
2.013131313131310218e+00
1.186565656565656823e+00
5.601111111111106489e+00
1.446464646464644677e+00
2.294444444444442954e+00
3.833838383838383379e+00
1.990909090909092072e-01
4.323232323232320540e-01
0.000000000000000000e+00
4.984848484848495298e-01
4.046767676767679234e+00
9.301525252525254928e+01
5.971575757575759269e+01
2.369090909090903363e+00
3.001010101010097020e-01
2.228686868686865274e+00
1.951414141414138159e+00
2.868484848484848637e+00
2.560606060606065992e-01
3.283434343434344704e+00
0.000000000000000000e+00
5.833030303030302122e+00
2.352222222222221326e+00
1.764343434343437877e+00
1.728686868686869493e+00
3.969292929292928651e+00
3.014141414141410791e-01
9.205797979797978314e+01
2.536767676767681667e+00
9.310101010101011099e+00
2.076868686868684311e+00
3.101616161616159495e+00
1.655959595959593633e+00
2.268383838383843720e+00
1.419999999999999041e+00
1.225111111111109885e+01
1.316969696969697567e+00
2.081818181818177571e+00
2.628181818181815288e+00
6.818181818181824616e-02
6.288888888888883866e-01
8.783838383838372676e-01
3.244343434343433863e+00
2.210404040404037929e+00
4.027272727272729114e+00
2.079797979797981811e-01
9.090909090909066181e-02
2.454545454545460081e-01
0.000000000000000000e+00
8.636363636363632024e-01
2.939393939393942362e-02
4.334343434343436718e-01
2.529393939393941526e+00
2.970707070707076181e+00
1.733333333333330895e-01
1.990909090909090962e-01
8.964242424242431895e+00
1.731717171717171766e+00
1.245595959595960700e+01
5.696969696969703817e-02
0.000000000000000000e+00
2.127878787878785261e+00
1.186868686868685074e-01
2.939393939393943403e-02
1.429393939393940771e+00
5.836767676767685487e+00
1.999999999999996225e-02
2.276969696969695534e+00
2.711414141414138612e+00
3.824848484848486052e+00
1.186868686868683825e-01
2.092929292929291141e-01
