3.235181818181818869e+01
2.408020202020201239e+01
2.443434343434340295e-01
9.451616161616167133e+00
2.887898989898990365e+01
5.948989898989898606e+00
4.547474747474740120e-01
1.885747474747474328e+01
3.434343434343431478e-01
1.969444444444444997e+01
8.403074747474747710e+02
5.412121212121223657e-01
2.277777777777771351e-01
9.958686868686879023e+00
1.830969696969698290e+01
4.233626262626262360e+01
2.266666666666668495e-01
2.737373737373741678e-01
2.941630303030304390e+02
6.006666666666672150e+00
2.556565656565659150e-01
6.655656565656562051e+00
2.644131313131314442e+01
3.763636363636359006e-01
5.068686868686869129e-01
3.688888888888881556e-01
2.489656565656565590e+01
2.742424242424246761e-01
1.446565656565653279e+00
1.076030303030302804e+01
6.082939393939387429e+01
4.657575757575760922e-01
8.952525252525233013e-01
1.097676767676766829e+01
1.476787878787879471e+01
1.515747474747473333e+01
8.218636363636363740e+02
3.762608080808081468e+02
8.216161616161616887e-01
2.093272727272727352e+01
9.000717171717168696e+01
8.142525252525247836e+00
2.039525252525251986e+01
8.792222222222214612e+00
1.817929292929293439e+01
3.384848484848486661e-01
2.048282828282829371e+00
1.221212121212120055e-01
2.468757575757575395e+01
1.475538383838383538e+02
1.829070707070706803e+01
2.004040404040407508e-01
5.088888888888897233e-01
6.821111111111107128e+00
1.941808080808079140e+01
5.808080808080802626e+00
1.734151515151515000e+01
4.711919191919175631e+00
4.847040404040403416e+01
1.181666666666666288e+01
4.447367676767674993e+02
1.196565656565656255e+01
4.337238383838384266e+02
3.109090909090905797e-01
1.764595959595959940e+01
4.132323232323233397e-01
5.870212121212122014e+01
1.858020202020203371e+01
3.259595959595955050e-01
3.727272727272732400e-01
2.610202020202020279e+01
2.803030303030297765e-01
1.835303030303030880e+01
2.853525252525251688e+01
5.280808080808072624e-01
7.506991919191918896e+02
1.777969696969695335e+01
1.327787878787878739e+01
3.550540404040402223e+02
3.106868686868681895e+00
1.004636363636364571e+01
1.389646464646463642e+01
4.547474747474752332e-01
7.280242424242428001e+01
4.351707070707072944e+01
2.904303030303029587e+01
7.386060606060607547e+00
2.166525252525251588e+01
7.222525252525252348e+00
8.555555555555547365e-01
4.710101010100999352e-01
1.426848484848486542e+01
2.118181818181820997e-01
1.612989898989898307e+01
1.488989898989897576e+01
6.793939393939385507e-01
2.598686868686867868e+01
1.429111111111109444e+01
1.098515151515150556e+01
5.687120202020204260e+02
3.563454545454544586e+01
2.807070707070703497e-01
9.041414141414135797e-01
1.168309090909091879e+02
7.273737373737384493e-01
1.149030303030303024e+01
5.495858585858580447e+00
7.216464646464642918e+00
3.667676767676774641e-01
2.480808080808080263e+01
2.579797979797982421e+00
4.566666666666660546e-01
4.311111111111105565e-01
2.998818181818181117e+01
2.211545454545453993e+01
1.721414141414141508e+00
1.525252525252522584e-01
3.038080808080808026e+01
1.194030303030301887e+01
8.622494949494955563e+01
5.518636363636362319e+01
7.127373737373738471e+00
2.890101010101008061e+00
1.495121212121210874e+01
2.822858585858587332e+01
7.848484848484850174e-01
1.129151515151515817e+01
3.427272727272729913e-01
1.472257575757575978e+02
4.156565656565647804e-01
1.097979797979798389e-01
3.505050505050499865e-01
1.560707070707069821e+00
1.890080808080807628e+01
1.143676767676768335e+01
2.045513131313130373e+02
5.643434343434334810e-01
4.041727272727272435e+01
1.214171717171717368e+01
4.353535353535359365e-01
1.539757575757575125e+01
1.481888888888889433e+01
4.626262626262631628e-01
1.677909090909090750e+01
3.535353535353535359e-01
1.800494949494948926e+01
1.089242424242424789e+01
2.706464646464640911e+00
1.564545454545454639e+01
3.079797979797976870e-01
2.379707070707070216e+01
1.130272727272727273e+01
2.099999999999998257e-01
2.501959595959597493e+01
6.097414141414139976e+01
5.136363636363638463e+00
1.984787878787878768e+01
6.966606060606059714e+01
1.116909090909090274e+01
6.401010101010091713e-01
4.537373737373736615e-01
1.951515151515149371e-01
4.087878787878794773e-01
1.457728282828283000e+02
2.257161616161615925e+01
6.652260606060604005e+02
3.933333333333332571e-01
1.766232323232323154e+01
1.189083838383838412e+02
1.244454545454546768e+01
7.065656565656576182e-01
1.777313131313132644e+01
9.959191919191933806e+00
2.204040404040405465e-01
7.409090909090908283e+00
1.391605050505051224e+02
1.843696969696969745e+01
8.206060606060620044e-01
4.151515151515148272e-01
7.915757575757569775e+00
5.854545454545445615e-01
2.156868686868687135e+01
5.740404040404029073e-01
2.203464646464644616e+01
6.011212121212121673e+00
9.937575757575769941e+00
2.336313131313128721e+01
1.222818181818182737e+01
1.414585858585858169e+01
5.417171717171719303e-01
2.655545454545454476e+01
2.029808080808079396e+01
1.049868686868686929e+01
2.053646464646462633e+01
4.731313131313136799e-01
2.380393939393940528e+01
3.813131313131306599e-01
1.892080808080809007e+01
1.066565656565658271e+00
1.650059595959596095e+02
9.998373737373739800e+01
8.082222222222227970e+00
1.117676767676766048e+00
2.392929292929290574e-01
1.290090909090908688e+01
2.026262626262624600e-01
4.847212121212126590e+01
4.723232323232315344e-01
4.797979797979793903e-01
2.718585858585861992e+00
5.570651515151515696e+02
3.477777777777772972e-01
5.611515151515149569e+00
8.939393939393939226e-01
2.667787878787879308e+01
4.822121212121210760e+02
2.865258585858586002e+02
2.457757575757574955e+02
9.247575757575765110e+00
1.532868686868687824e+01
3.489898989898986503e+00
1.014848484848484444e+00
4.479444444444447981e+01
2.202020202020198991e-01
2.217541414141414009e+02
9.354949494949494238e+00
2.821717171717173045e+01
7.549393939393937991e+00
7.132858585858582501e+01
8.990202020202014310e+00
3.312121212121211244e-01
1.050404040404040451e+01
1.759181818181818713e+01
2.333121212121212196e+01
7.673727272727272464e+01
4.701979797979797127e+01
1.109337373737373014e+02
1.564313131313131677e+01
1.571464646464646187e+01
1.445010101010101700e+01
9.523131313131321107e+00
9.923434343434353266e+00
2.260606060606056567e-01
5.706060606060598950e-01
1.736828282828283676e+01
2.425393939393939391e+01
1.518895959595959368e+02
1.731565656565658529e+01
1.101121212121211990e+01
8.373131313131308318e+00
1.514777777777778489e+01
2.112161616161616706e+01
4.431313131313131537e-01
7.505050505050507859e-01
1.073939393939393305e+00
1.072717171717171709e+02
1.403010101010100108e+01
3.989262626262625844e+01
3.695717171717171112e+01
2.260424242424242536e+01
2.902020202020199058e-01
1.916161616161615455e-01
1.389676767676768598e+01
9.083979797979795023e+01
5.220196969696969518e+02
1.461929292929293744e+01
5.233414141414142051e+01
1.161626262626263717e+01
5.621616161616154628e+00
1.249838383838383571e+01
1.411161616161616550e+01
6.259616161616163055e+01
5.772727272727259384e-01
6.580151515151514729e+01
9.937373737373708105e-01
1.048888888888891868e+00
2.366979797979796984e+01
4.025252525252521751e-01
3.737373737373739790e-01
2.215181818181819295e+01
1.955969696969697935e+01
1.766583838383837985e+02
1.003616161616161762e+01
1.510878787878788110e+01
5.939646464646466484e+01
1.849434343434345962e+01
2.942216161616161685e+02
1.781878787878788373e+01
1.853393939393938084e+01
4.498989898989891878e-01
1.583232323232322791e+01
1.159897979797979559e+02
1.976070707070707400e+01
1.307070707070708548e-01
2.546464646464646364e+01
8.986464646464632722e+00
6.546000000000002217e+01
5.170707070707063480e-01
2.255141414141413492e+01
2.826262626262625588e-01
1.155424242424243708e+01
7.568282828282828056e+00
5.868383838383841145e+00
1.641202020202019796e+01
4.593939393939397986e-01
1.013444444444444770e+01
8.962626262626255391e-01
3.725252525252527036e-01
6.053232323232323964e+00
1.538656565656567032e+01
2.386868686868684197e-01
3.963636363636365290e-01
1.001353535353535662e+01
7.065656565656575072e-01
2.567676767676764227e-01
1.870707070707067488e-01
1.227787878787879450e+01
2.953444444444443917e+01
2.053666666666666885e+01
4.878787878787885779e-01
4.004777777777778880e+01
9.266565656565660447e+00
9.105555555555557135e+01
4.363787878787881169e+01
6.894121212121211784e+01
1.443222222222222406e+01
2.059435353535353102e+02
8.733131313131313078e+00
1.757161616161615569e+01
1.656565656565654188e-01
1.622808080808080433e+01
1.283383838383838160e+01
2.013070707070707499e+01
4.548484848484850573e-01
2.041878787878788160e+01
9.267171717171716949e+00
5.833333333333325932e-01
7.196565656565659275e+00
1.237676767676768108e+01
3.445454545454548767e-01
2.238363636363638776e+01
3.020202020202015225e-01
4.496969696969700392e-01
3.715151515151516870e-01
2.171717171717166273e-01
6.586187878787876571e+02
1.202373737373737228e+01
2.083586868686869593e+02
6.497979797979794858e-01
2.873404040404041382e+01
2.946979797979798121e+01
2.728757575757576603e+01
5.493939393939403226e-01
6.253636363636368323e+00
2.693939393939395743e-01
9.151222222222224900e+01
3.433333333333333792e-01
3.176757575757575225e+01
2.358242424242424207e+01
5.280808080808073735e-01
4.318181818181810461e-01
5.315151515151527173e-01
3.578787878787882959e-01
4.721212121212113311e-01
2.144444444444443543e-01
8.082828282828283806e-01
9.421010101010081073e+00
3.404747474747473035e+01
3.357607070707069852e+02
5.521212121212114576e-01
3.907070707070701143e-01
2.645454545454539730e-01
5.089898989898981041e-01
6.448484848484853371e-01
1.387777777777776933e+01
5.178787878787891596e-01
8.798686868686862894e+00
1.041010101010102717e+00
1.520252525252525899e+01
7.806161616161610084e+00
1.291558585858585388e+02
2.317161616161617488e+01
2.218181818181815534e-01
4.967676767676777461e-01
9.897171717171719507e+00
1.541070707070708501e+01
1.158040404040404248e+01
3.319050505050505961e+01
4.296969696969691332e-01
1.263735353535354164e+02
4.173670707070705816e+02
1.295363636363635607e+01
5.068686868686879121e-01
1.193151515151514985e+01
2.429959595959595475e+01
1.852161616161615854e+01
1.190535353535354091e+01
3.197979797979804695e-01
1.272595959595959236e+01
3.637000000000001165e+01
1.769292929292930694e+01
2.797666666666667012e+01
4.796758585858586343e+02
1.356292929292929550e+01
4.686605050505049803e+02
1.281282828282828490e+01
1.357565656565655843e+01
7.613313131313130100e+01
1.425121212121212011e+01
1.343343434343434595e+01
3.227272727272731401e-01
5.187818181818180818e+01
7.020202020202032100e-02
7.564747474747483658e+00
3.331080808080807287e+02
2.042191919191920135e+01
3.954188888888888300e+02
2.468878787878787762e+01
5.211111111111103034e-01
1.980595959595958178e+01
1.762808080808080646e+01
2.448717171717173002e+01
3.207070707070703852e-01
4.669696969696968680e-01
4.617824242424242129e+02
3.113444444444444770e+01
9.309515151515148546e+01
2.366666666666671637e-01
5.975252525252524372e+00
8.181313131313126874e+00
5.944747474747474314e+01
3.868686868686867508e-01
1.593434343434342537e+00
1.558585858585855577e-01
3.732878787878785687e+01
1.595343434343434907e+01
5.837373737373743321e-01
1.712717171717171993e+02
8.566060606060606375e+00
9.670707070707087460e-01
4.880808080808092808e-01
1.920545454545455044e+01
3.023383838383837841e+01
6.392965656565654626e+02
6.007020202020201083e+01
4.547474747474744006e-01
2.783838383838384001e-01
7.529292929292935588e-01
5.445313131313130839e+01
1.754181818181820418e+01
8.797979797979807448e-02
1.763535353535355510e+00
1.325838383838385148e+01
1.320515151515150798e+01
9.397878787878793716e+00
1.710232323232323637e+01
2.881787878787877588e+01
2.222585858585857821e+01
1.836303030303031036e+01
4.741414141414148631e-01
1.917171717171717304e-01
2.238606060606061732e+01
1.472121212121211720e+00
2.701010101010095088e-01
7.969696969696953293e-01
5.187878787878792419e-01
2.619797979797979792e+00
2.323242424242423709e+01
2.061808080808080845e+01
9.020101010101017280e+00
1.536565656565653137e+00
2.293939393939397609e-01
5.084848484848494277e-01
4.218333333333333002e+01
2.132030303030304097e+01
3.582898989898989583e+01
1.189434343434342445e+01
5.411919191919193572e+00
8.778383838383838622e+00
1.495696969696969525e+01
2.685080808080807557e+01
5.187684848484846043e+02
1.909636363636364820e+01
1.429282828282829065e+01
1.656060606060604234e+00
2.623151515151516477e+01
4.884767676767675226e+01
1.328626262626263710e+01
1.163434343434345264e+00
2.754545454545451189e-01
1.267080808080808652e+01
8.951414141414137049e+00
2.826404040404038298e+01
7.575757575757593454e-01
2.195959595959595390e-01
7.598989898989911840e-01
2.003616161616162117e+01
4.991919191919181320e-01
2.148484848484845944e-01
7.729898989898996930e+00
1.673809090909090571e+02
2.541585858585857594e+01
1.843219191919191928e+02
4.041414141414147454e-01
1.524343434343432779e+00
2.040414141414141369e+01
5.312121212121223568e-01
1.789808080808081669e+01
2.213000000000001322e+01
3.065656565656569854e-01
3.141070707070705481e+01
3.545437373737373719e+02
7.667777777777768478e+00
1.218363636363636360e+01
6.752959595959596584e+01
2.011868686868687206e+01
1.818858585858586352e+01
2.194999999999999574e+01
2.443434343434345291e-01
4.590707070707067849e+00
3.718333333333333712e+01
7.033333333333335879e-01
3.180505050505050946e+01
1.663676767676766488e+01
7.108565656565656354e+01
6.466666666666659458e-01
1.510616161616161612e+01
9.166666666666684060e-01
1.634747474747472173e+00
7.898686868686866092e+01
3.013681818181817107e+02
8.180292929292923532e+01
4.655151515151510822e+00
6.193939393939401628e-01
1.234835353535354017e+02
1.624181818181817860e+01
5.207070707070720061e-01
1.839107070707071045e+02
1.094979797979798697e+01
5.051515151515156843e-01
1.648181818181818770e+01
1.586575757575758949e+01
4.241414141414142080e-01
1.593595959595959854e+01
2.475757575757577267e-01
2.421909090909091589e+01
3.506060606060615314e-01
1.655545454545454120e+01
6.413333333333320674e+00
3.393939393939401916e-01
1.007264646464646347e+02
4.943434343434347511e-01
7.733989898989898393e+01
1.391383838383838700e+01
4.626262626262625521e-01
2.792474747474747687e+01
2.661616161616165432e-01
2.330090909090909079e+01
6.779595959595962285e+00
1.184630404040404301e+03
1.593080808080808630e+01
2.023001010101010024e+02
9.002464646464649434e+01
1.678636363636363882e+01
4.127272727272727204e-01
2.085878787878787577e+01
3.145030303030302576e+01
1.556101010101010829e+01
2.240040404040403388e+01
4.892929292929281138e-01
1.891441414141415009e+02
1.074020202020202674e+01
3.279797979797975382e-01
2.181191919191918061e+01
1.542080808080808119e+01
5.962626262626269380e-01
5.795371717171717592e+02
2.205979797979798462e+01
1.593636363636364095e+01
3.875383838383836377e+01
2.189282828282826898e+01
2.280653535353538075e+02
7.308080808080811286e-01
3.060606060606060330e-01
1.837848484848485953e+01
7.411616161616162657e+00
5.755259595959594208e+02
2.191424242424243118e+01
7.824242424242422445e-01
1.259939393939393604e+01
2.248787878787878114e+01
2.565656565656568300e-01
6.879848484848486123e+01
5.871836363636365377e+02
5.311717171717170949e+00
5.674747474747475762e-01
6.997979797979796412e-01
7.351939393939396439e+01
3.631313131313126386e-01
9.455611111111111313e+02
5.110101010101008034e-01
3.182020202020203747e+00
4.007070707070707338e-01
2.366727272727273501e+01
4.051515151515150959e-01
4.063636363636362603e-01
1.064919191919191910e+01
8.952525252525236343e-01
3.571465656565655991e+02
3.744444444444449682e-01
1.490141414141415233e+01
6.376767676767662874e-01
5.203030303030310444e-01
1.485757575757572546e+01
2.042767676767676122e+01
6.987878787878777365e-01
3.629080808080806975e+01
7.557575757575752951e-01
2.157717171717171567e+01
1.198686868686870177e+01
5.454686868686867030e+01
2.013444444444444770e+01
3.883353535353536046e+01
6.339393939393941579e+00
3.212121212121210601e-01
8.212020202020209325e+00
4.331313131313130893e-01
6.604040404040391055e-01
5.101808080808081058e+02
6.401584848484850454e+02
8.642727272727272592e+00
3.074646464646464405e+00
1.310787878787879279e+01
8.960195959595955628e+02
2.470858585858585599e+01
2.425353535353535861e+01
2.019696969696967770e+00
2.065626262626264165e+01
6.430303030303019529e-01
1.592313131313131436e+01
7.140793939393936398e+02
5.448484848484839160e-01
5.345454545454542128e-01
2.514979797979797738e+01
4.888243434343432341e+02
1.052787878787879272e+01
2.343505050505049425e+01
3.046464646464646098e-01
5.607737373737372621e+01
3.813131313131306599e-01
1.894949494949496605e-01
3.837373737373737659e-01
2.499817171717171504e+02
4.590858585858588725e+01
1.007468080808080913e+03
4.525252525252519975e-01
1.243737373737370477e+00
1.544797979797980148e+01
1.202494949494948884e+01
2.656565656565662570e-01
1.505141414141414913e+01
1.510373737373737768e+01
5.447474747474757573e-01
1.168641414141413719e+02
3.683838383838380359e-01
9.541414141414129579e-01
2.378121212121211414e+01
3.720202020202023618e-01
8.002020202020215800e-01
9.726464646464640040e+00
1.567979797979797851e+01
1.116895959595959766e+02
7.232222222222220331e+00
5.719191919191929374e-01
1.734535353535354218e+01
8.741414141414126648e-01
9.382121212121212750e+00
3.234848484848488859e+00
1.121212121212119411e-01
1.010136363636364081e+02
4.254545454545454741e-01
3.381818181818188607e-01
1.387878787878790154e-01
5.902020202020192841e-01
2.463636363636359516e-01
1.166797979797980211e+01
3.857575757575753550e-01
4.827272727272715613e-01
5.765656565656569477e-01
1.779454545454546022e+01
1.345191919191919183e+01
3.753606060606062300e+01
2.011818181818182438e+01
2.863939393939394051e+01
2.301424242424242195e+01
2.151483838383837508e+02
7.214442424242427023e+02
1.995656565656566883e+01
2.796272727272721781e+01
1.187594949494949503e+02
4.349494949494943086e-01
3.469151515151514786e+01
3.202020202020194883e-01
4.533515151515150876e+01
1.228474747474747275e+01
2.904040404040398871e-01
1.604797979797979934e+01
4.770707070707064790e-01
3.348484848484851728e-01
3.029484848484849380e+01
3.701743434343433705e+02
5.344444444444456099e-01
1.013353535353535584e+01
2.096717171717170913e+01
3.385636363636364621e+01
9.272121212121211542e+00
1.637020202020202930e+01
1.610606060606060819e+00
1.476282828282828774e+01
7.435353535353539378e-01
1.737676767676767753e+01
3.450252525252528102e+01
8.913434343434348150e+00
2.822424242424242991e+01
1.608787878787881098e+00
5.970707070707069741e-01
2.150808080808080547e+01
5.294949494949497959e-01
5.316858585858586395e+01
5.711373737373735793e+01
9.947878787878787321e+00
4.488040404040404496e+01
4.385858585858585235e-01
7.355555555555560732e-01
4.803030303030310089e-01
1.360848484848485107e+01
2.999767676767676150e+01
4.713131313131320721e-01
1.626696969696969930e+01
2.042767676767677187e+01
6.733268686868688064e+02
5.234343434343430301e-01
1.008743434343434160e+02
4.458585858585855100e-01
1.277777777777776347e+00
7.355949494949490486e+01
3.225959595959595561e+01
1.647424242424243701e+01
6.027272727272728892e-01
4.411828282828282113e+02
3.216232323232323154e+01
2.215414141414143501e+01
5.506060606060616536e-01
7.695959595959581678e-01
4.716767676767678275e+00
2.771212121212121815e+01
7.491828282828278418e+01
1.683838383838383579e-01
5.177777777777784474e-01
8.042727272727274723e+00
8.246363636363639671e+00
1.967090909090909889e+01
4.272313131313131152e+01
3.032676767676766616e+01
1.602929292929291805e+01
1.625252525252526503e+00
1.791919191919194021e-01
4.058585858585863626e-01
2.563626262626262786e+01
1.680757575757577982e+01
2.023414141414141199e+01
8.289898989898989434e-01
2.404000000000000625e+01
7.047414141414142819e+01
5.806060606060599039e-01
2.843211111111109517e+02
2.139545454545456593e+01
3.265161616161617530e+01
1.760868686868686694e+01
5.600262626262627208e+01
1.525737373737373304e+01
1.166666666666667102e-01
1.269808080808081385e+01
4.152121212121212324e+01
6.854545454545442063e-01
1.892989898989898379e+01
6.279191919191926097e+00
2.420646464646464437e+02
5.687747474747472154e+01
1.371939393939395124e+01
1.017979797979797318e+01
5.787878787878795173e-01
3.772727272727279813e-01
4.257575757575753350e-01
1.017373737373736819e+00
1.689707070707070358e+01
2.721010101010104876e+00
1.817979797979804690e+00
1.224868686868686574e+01
1.466995959595959675e+02
1.959251515151514695e+02
1.031686868686868763e+01
2.666666666666662189e-01
4.100000000000004752e-01
1.763711111111110768e+02
8.644040404040406855e+00
1.799595959595958305e+01
2.381080808080809419e+01
3.335353535353540178e-01
8.502020202020197814e+00
3.857575757575755215e-01
4.499999999999994560e-01
1.979254545454545848e+02
1.267989898989898911e+01
1.888868686868686808e+01
4.819191919191925244e-01
2.021757575757575864e+01
6.828282828282834505e-01
2.460868686868687050e+01
7.282666666666668220e+01
1.305030303030302896e+01
1.261111111111111960e+01
4.508080808080809909e-01
1.786808080808082266e+01
1.353399999999999750e+02
1.720303030303030667e+01
1.028393939393938439e+01
3.562626262626260032e-01
1.031010101010100266e+00
1.101434343434343255e+01
2.903989898989900809e+01
7.515454545454548274e+00
3.420202020202025017e-01
5.992949494949490941e+01
4.601627272727271247e+02
2.780212121212121446e+01
3.316181818181818386e+01
3.165505050505048956e+01
7.052828282828280670e+00
3.821212121212124724e-01
5.670711111111110085e+02
4.526271717171717341e+02
1.143292929292930182e+01
1.009717171717173478e+01
2.493333333333331225e+01
1.758212121212120493e+01
1.546515151515150777e+01
7.322727272727269643e+00
1.121212121212119411e-01
4.051515151515158730e-01
1.392181818181818365e+01
1.084819191919191894e+02
2.200141414141413065e+01
3.035106060606058804e+02
1.834918181818182461e+02
1.116322222222221825e+02
5.179797979797991836e+00
4.188888888888887552e-01
2.193636363636363740e+01
1.410888888888887926e+01
4.781818181818191515e-01
5.674070707070708295e+02
5.695656565656578074e+00
7.348888888888888360e+00
6.772020202020202717e+00
2.330494949494948287e+01
8.093838383838388495e+00
2.474939393939392218e+01
3.473222222222224076e+01
4.070707070707071940e-01
2.136363636363632912e-01
3.529878787878787989e+02
9.233333333333336057e+00
3.215639393939393358e+02
5.851515151515140900e-01
1.164878787878788735e+01
2.480808080808075688e-01
3.074480808080807606e+02
1.974747474747471643e-01
6.763333333333333997e+01
1.490909090909092738e-01
9.686868686868672640e-01
2.763707070707071694e+02
1.285999999999999588e+01
1.479464646464646371e+01
5.497025252525251062e+02
2.614545454545454461e+01
3.504191919191919879e+01
4.241414141414141525e-01
1.812989898989899018e+01
3.402020202020207829e-01
2.297363636363637696e+01
2.027618181818181995e+02
5.857575757575768094e-01
1.621593939393939934e+02
9.828589898989899893e+02
1.702565656565656127e+01
1.175757575757577778e-01
2.771515151515150777e+01
4.247219191919191417e+02
3.370101010101011241e+01
8.513333333333330089e+00
5.676317171717170140e+02
4.332323232323242457e-01
1.048676767676769295e+01
5.310101010101004881e-01
5.841414141414147387e-01
4.438322222222220148e+02
2.424242424242418759e-01
5.052262626262623968e+01
4.523666666666664327e+01
1.824191919191918032e+01
6.200303030303027541e+00
8.074747474747463460e-01
3.416666666666660301e+00
7.070909090909087702e+00
3.856262626262624593e+01
1.973525252525251972e+01
1.421606060606060673e+01
3.287878787878786846e-01
7.397373737373734492e+00
1.142814141414141318e+02
3.696165656565655127e+02
1.251949494949495545e+01
5.284141414141416249e+00
2.417919191919191135e+01
4.228282828282831640e-01
6.701035353535353352e+02
1.399525252525251773e+01
8.974747474747477582e+00
3.222292929292930097e+01
1.014090909090908710e+01
1.586606060606060531e+01
2.589484848484848101e+01
4.519191919191919427e-01
5.267676767676773286e-01
2.808080808080802293e-01
1.475656565656567443e+00
2.641111111111109011e+01
6.895570707070709204e+02
5.780664646464643965e+02
1.645151515151515298e+01
5.165656565656574495e-01
1.507333333333332881e+01
1.230070707070706604e+01
1.815131313131314172e+01
4.466666666666661012e-01
2.266333333333333755e+01
9.105050505050532594e-01
3.515515151515150905e+01
1.741717171717172619e+01
1.354252525252527128e+01
1.323131313131311870e+01
3.326777777777775924e+01
8.636363636363633134e-01
6.616559595959596436e+02
1.720626262626262815e+01
7.474828282828283932e+01
8.161818181818183859e+00
2.927575757575755588e+01
1.219959595959595866e+01
1.919939393939393568e+01
1.332828282828283051e+01
8.996666666666669698e+01
1.223989898989899139e+01
1.593888888888890953e+01
2.377313131313131223e+01
6.532323232323238305e-01
1.283131313131314233e+00
8.199393939393928576e+00
3.365767676767679006e+01
1.576252525252525238e+01
2.996858585858585755e+01
3.878787878787877119e-01
2.868686868686871616e-01
6.318181818181817233e-01
2.297979797979795014e-01
6.030808080808082394e+00
4.027272727272727670e-01
6.567676767676758898e-01
2.181888888888888189e+01
1.568828282828282639e+01
5.282828282828291311e-01
3.833333333333328041e-01
8.425484848484853728e+01
1.103545454545455762e+01
1.295509090909091583e+02
5.093939393939382887e-01
2.277777777777771351e-01
1.777595959595958064e+01
5.594949494949499336e-01
2.491919191919197141e-01
9.189292929292937728e+00
3.752070707070707556e+01
3.898989898989896341e-01
2.213323232323232403e+01
2.135171717171712658e+01
2.763707070707071622e+01
7.678787878787869392e-01
1.417272727272725463e+00
