3.423636363636362923e+00
1.839797979797982208e+00
0.000000000000000000e+00
9.206060606060589846e-01
3.497373737373736358e+00
7.853535353535354702e-01
2.460606060606065904e-01
2.153838383838388992e+00
2.379797979797985408e-01
1.940000000000004388e+00
6.859171717171719251e+01
2.509090909090912480e-01
1.979797979797979016e-02
1.310000000000001608e+00
2.049090909090912849e+00
4.521919191919193004e+00
1.979797979797979710e-02
5.696969696969709368e-02
4.207333333333336611e+01
1.171313131313132638e+00
0.000000000000000000e+00
6.531313131313130071e-01
2.221414141414141952e+00
2.327272727272731989e-01
0.000000000000000000e+00
1.979797979797979363e-02
1.643939393939392035e+00
2.979797979797977822e-02
4.878787878787906040e-02
1.319696969696967148e+00
4.588484848484844392e+00
1.142424242424244507e-01
2.977777777777780299e-01
9.255555555555536884e-01
1.684343434343432699e+00
1.576060606060601721e+00
8.667727272727272236e+01
3.108838383838384445e+01
2.397979797979798156e-01
2.683737373737376419e+00
1.001393939393938837e+01
8.423232323232325847e-01
1.942828282828286346e+00
1.046262626262625117e+00
2.004747474747471170e+00
2.939393939393941668e-02
3.973737373737376011e-01
0.000000000000000000e+00
2.964747474747472467e+00
1.443272727272727884e+01
2.012727272727269590e+00
0.000000000000000000e+00
1.616161616161617132e-01
7.546464646464634551e-01
2.279393939393938417e+00
6.960606060606050471e-01
1.344848484848482961e+00
5.432323232323240658e-01
4.122929292929292444e+00
1.334747474747475460e+00
4.459050505050504398e+01
1.695252525252526565e+00
3.739212121212122497e+01
0.000000000000000000e+00
1.626161616161614587e+00
1.340404040404040154e-01
5.299393939393945097e+00
2.251515151515148805e+00
2.516161616161619596e-01
9.090909090909075896e-02
2.472626262626265614e+00
3.878787878787880172e-02
2.030606060606056751e+00
3.245858585858590217e+00
1.893939393939389759e-01
4.532868686868685870e+01
1.925252525252521218e+00
1.887777777777775112e+00
3.182393939393938354e+01
3.330303030303026768e-01
9.070707070707059172e-01
1.375757575757575069e+00
9.272727272727274150e-02
5.106060606060617957e+00
5.315050505050509244e+00
2.371111111111105618e+00
7.941414141414145922e-01
2.301313131313127425e+00
8.170707070707082798e-01
2.524242424242421623e-01
1.546464646464646431e-01
1.340000000000002078e+00
4.959595959595955450e-02
2.233838383838379738e+00
1.828181818181819906e+00
4.851515151515145008e-01
2.254444444444447360e+00
1.915858585858581931e+00
1.750505050505053450e+00
6.806151515151509557e+01
2.902929292929294913e+00
9.999999999999960310e-03
1.457575757575757247e-01
1.353383838383836490e+01
2.443434343434337797e-01
1.315959595959598216e+00
8.567676767676781768e-01
7.031313131313142728e-01
2.525252525252525415e-01
2.845555555555553173e+00
3.231313131313131026e-01
9.888888888888891504e-02
6.575757575757587570e-02
2.654747474747478631e+00
2.327070707070711286e+00
2.366666666666664143e-01
0.000000000000000000e+00
2.918787878787880707e+00
1.553434343434342502e+00
7.486363636363637220e+00
6.539797979797977057e+00
1.119797979797980458e+00
3.582828282828279254e-01
1.333232323232322658e+00
2.500505050505053894e+00
4.314141414141414166e-01
1.401818181818180076e+00
9.888888888888897055e-02
9.733636363636367861e+00
0.000000000000000000e+00
9.999999999999965514e-03
2.939393939393942709e-02
5.858585858585859535e-02
1.679898989898991335e+00
1.321515151515149977e+00
1.919999999999999574e+01
2.500000000000001110e-01
3.625757575757576401e+00
1.315757575757578346e+00
0.000000000000000000e+00
1.330303030303028100e+00
1.518383838383840834e+00
5.858585858585859535e-02
1.947575757575753963e+00
2.160606060606059253e-01
2.191515151515154081e+00
1.516161616161615155e+00
3.946464646464648007e-01
1.469797979797982102e+00
9.999999999999993269e-03
3.143636363636364894e+00
1.224646464646466093e+00
0.000000000000000000e+00
2.417171717171718637e+00
3.876161616161617030e+00
9.549494949494939933e-01
1.513838383838383095e+00
5.748484848484845422e+00
1.490000000000000879e+00
1.675757575757574058e-01
8.272727272727277426e-02
0.000000000000000000e+00
1.654545454545455485e-01
1.230232323232323566e+01
2.232929292929291432e+00
7.373030303030304822e+01
7.434343434343430868e-02
1.383636363636363331e+00
9.780606060606046981e+00
1.406060606060607343e+00
8.272727272727277426e-02
1.563838383838384916e+00
1.364949494949497799e+00
0.000000000000000000e+00
9.463636363636367399e-01
8.315050505050491481e+00
2.020808080808078611e+00
2.140404040404038366e-01
1.767676767676764071e-01
1.235858585858583325e+00
7.737373737373720584e-02
1.632626262626261981e+00
9.575757575757581908e-02
2.108080808080806889e+00
5.844444444444449882e-01
1.024747474747476739e+00
1.953131313131310609e+00
1.351818181818180253e+00
1.473838383838383503e+00
2.197979797979799643e-01
2.504444444444448692e+00
1.982323232323230711e+00
1.299393939393940434e+00
1.693333333333333135e+00
2.979797979797977822e-02
2.637070707070703346e+00
0.000000000000000000e+00
1.718787878787880086e+00
2.939393939393944791e-02
1.832101010101009209e+01
1.001353535353535307e+01
1.196060606060605602e+00
1.821212121212122115e-01
0.000000000000000000e+00
1.698383838383835442e+00
0.000000000000000000e+00
3.716262626262632818e+00
5.858585858585859535e-02
6.575757575757583406e-02
5.466666666666657459e-01
6.262454545454545496e+01
2.516161616161619041e-01
6.547474747474752998e-01
4.232323232323226270e-01
2.087979797979794938e+00
4.714858585858586792e+01
2.284464646464648041e+01
2.490757575757576703e+01
1.073030303030303223e+00
1.720606060606065135e+00
6.439393939393930344e-01
3.384848484848486661e-01
5.791010101010105160e+00
0.000000000000000000e+00
2.038242424242425344e+01
1.169595959595957746e+00
2.065050505050500806e+00
6.887878787878801701e-01
6.599494949494951967e+00
1.045454545454547413e+00
0.000000000000000000e+00
1.078282828282829620e+00
2.035050505050504999e+00
2.399191919191911992e+00
6.881818181818176505e+00
3.813737373737375425e+00
9.525151515151511816e+00
1.895858585858589240e+00
1.597373737373737557e+00
1.474646464646462540e+00
1.135252525252522737e+00
1.107474747474747279e+00
0.000000000000000000e+00
2.333333333333338089e-01
2.060606060606061440e+00
2.255656565656563917e+00
2.000666666666666416e+01
1.923030303030300203e+00
9.006060606060589668e-01
8.345454545454559225e-01
1.252828282828285289e+00
2.731919191919193857e+00
1.958585858585860096e-01
8.555555555555569014e-02
2.762626262626267648e-01
1.095555555555556460e+01
1.612828282828282500e+00
3.391818181818184730e+00
3.757474747474746302e+00
2.498686868686863072e+00
0.000000000000000000e+00
0.000000000000000000e+00
1.512020202020199378e+00
6.728686868686868827e+00
4.735040404040406514e+01
1.599393939393940256e+00
4.785656565656564609e+00
1.357474747474748389e+00
7.372727272727275238e-01
1.492323232323232940e+00
1.976767676767673843e+00
7.890808080808080049e+00
1.999999999999992409e-02
6.424646464646462718e+00
5.000000000000003053e-02
2.939393939393943403e-02
2.531818181818182634e+00
1.616161616161617132e-01
1.979797979797979016e-02
2.463636363636366067e+00
2.279191919191917659e+00
1.596060606060605735e+01
8.970707070707082398e-01
1.387676767676764733e+00
5.540808080808084846e+00
2.166565656565651921e+00
2.193242424242423638e+01
2.022929292929297240e+00
2.159797979797978051e+00
2.488888888888884654e-01
2.122222222222220456e+00
1.579818181818179568e+01
2.072626262626259930e+00
0.000000000000000000e+00
2.203737373737370220e+00
1.047070707070706819e+00
5.484444444444449118e+00
1.969696969696964894e-01
2.514040404040400301e+00
1.490909090909092460e-01
1.064141414141413833e+00
1.198282828282827950e+00
6.976767676767692272e-01
1.681818181818181435e+00
1.999999999999998307e-02
1.216464646464646915e+00
1.589898989898992920e-01
2.354545454545460548e-01
1.066767676767678807e+00
1.511717171717168240e+00
3.878787878787880172e-02
4.878787878787885224e-02
1.375959595959594717e+00
4.851515151515145008e-01
0.000000000000000000e+00
0.000000000000000000e+00
1.175151515151517945e+00
2.858181818181817935e+00
2.482020202020205790e+00
2.939393939393944444e-02
4.679898989898985562e+00
9.746464646464668702e-01
6.790101010101008860e+00
4.734747474747479146e+00
7.625757575757575957e+00
2.014040404040407850e+00
1.553242424242423780e+01
8.273737373737354295e-01
1.978383838383840354e+00
0.000000000000000000e+00
1.567070707070706614e+00
1.710606060606058243e+00
2.220101010101011241e+00
8.676767676767671578e-02
1.972828282828286817e+00
1.155454545454543513e+00
1.554545454545456507e-01
1.153030303030301074e+00
1.609696969696970070e+00
1.943434343434342904e-01
2.747575757575755784e+00
9.090909090909075896e-02
1.142424242424244091e-01
1.142424242424244507e-01
0.000000000000000000e+00
7.151787878787877162e+01
1.257575757575755571e+00
3.079222222222221461e+01
4.245454545454543926e-01
2.885050505050503311e+00
3.786161616161614063e+00
2.661212121212126025e+00
4.797979797979806671e-02
1.045050505050503675e+00
1.337373737373738214e-01
5.832222222222221752e+00
1.979797979797979363e-02
3.169595959595960188e+00
2.905757575757580646e+00
9.999999999999968983e-03
2.090909090909090218e-01
1.873737373737369150e-01
1.979797979797979363e-02
2.606060606060604523e-01
0.000000000000000000e+00
4.622222222222217569e-01
1.084242424242425784e+00
2.761414141414134882e+00
4.123656565656562378e+01
2.424242424242418481e-01
1.554545454545456507e-01
0.000000000000000000e+00
3.154545454545449878e-01
2.939393939393940974e-02
1.852828282828283157e+00
4.919191919191921725e-02
1.553030303030301651e+00
2.818181818181822451e-01
1.512727272727275141e+00
1.118282828282828989e+00
1.142363636363636203e+01
2.191010101010099742e+00
9.999999999999972453e-03
9.888888888888895667e-02
1.215555555555555500e+00
1.467575757575758422e+00
1.506969696969698846e+00
2.817171717171723433e+00
9.888888888888898443e-02
1.003323232323232794e+01
3.062252525252525004e+01
1.159090909090907173e+00
2.427272727272731245e-01
1.243434343434341338e+00
1.908888888888890856e+00
2.492424242424239100e+00
1.167777777777775583e+00
2.160606060606057865e-01
1.959393939393943018e+00
3.954646464646465631e+00
1.580404040404040478e+00
2.035454545454542519e+00
3.132515151515151075e+01
1.219595959595960011e+00
4.018999999999997641e+01
1.225757575757573603e+00
1.419191919191920670e+00
6.357474747474745946e+00
1.740404040404042840e+00
1.245555555555555527e+00
0.000000000000000000e+00
4.659191919191920661e+00
3.364646464646461332e-01
8.639393939393931188e-01
3.043838383838382100e+01
2.206262626262622817e+00
3.944626262626263014e+01
2.165050505050504892e+00
2.585858585858589742e-01
1.907979797979795444e+00
2.106565656565660305e+00
2.964040404040401810e+00
4.797979797979808753e-02
2.488888888888884376e-01
4.928767676767675709e+01
3.584141414141417403e+00
7.207979797979798597e+00
8.272727272727276038e-02
8.316161616161611425e-01
9.052525252525253086e-01
5.677575757575762161e+00
3.878787878787879478e-02
1.581818181818183122e-01
0.000000000000000000e+00
3.713838383838382828e+00
1.745656565656567683e+00
2.467676767676770522e-01
1.436212121212122206e+01
7.969696969696983269e-01
1.137373737373739840e-01
2.424242424242418203e-01
1.693636363636361164e+00
2.695858585858584178e+00
4.289707070707070358e+01
5.794343434343432797e+00
9.999999999999981126e-03
0.000000000000000000e+00
2.500000000000001110e-01
7.412121212121210334e+00
1.993030303030306483e+00
0.000000000000000000e+00
6.011111111111117067e-01
1.869090909090906472e+00
1.712323232323233801e+00
1.111313131313133917e+00
2.102020202020204120e+00
3.203030303030304893e+00
1.984444444444445121e+00
1.633939393939397355e+00
2.979797979797978516e-02
0.000000000000000000e+00
2.134545454545452081e+00
3.887878787878789044e-01
0.000000000000000000e+00
3.476767676767672510e-01
2.197979797979799643e-01
3.189898989898992121e-01
2.899494949494946905e+00
1.401313131313134619e+00
1.194949494949494095e+00
2.552525252525248978e-01
0.000000000000000000e+00
3.787878787878788400e-01
3.728282828282822869e+00
2.514545454545459524e+00
3.216565656565660181e+00
1.290404040404038000e+00
7.445454545454549544e-01
1.004040404040403622e+00
1.385050505050504199e+00
2.662020202020202841e+00
6.462242424242423056e+01
1.558888888888892099e+00
1.525858585858587135e+00
6.467676767676773242e-01
2.243030303030301820e+00
5.820707070707072717e+00
1.070101010101009109e+00
5.210101010100999241e-01
0.000000000000000000e+00
1.500808080808082146e+00
9.908080808080825808e-01
2.786060606060601241e+00
2.454545454545460081e-01
5.696969696969716307e-02
7.434343434343430868e-02
2.036262626262621556e+00
2.939393939393942362e-02
0.000000000000000000e+00
1.070606060606057897e+00
1.201565656565657392e+01
2.935252525252526112e+00
2.217414141414140616e+01
0.000000000000000000e+00
2.366666666666671637e-01
1.940909090909089807e+00
1.121212121212119966e-01
2.463232323232323218e+00
2.436161616161611754e+00
0.000000000000000000e+00
3.281010101010096935e+00
3.118494949494949964e+01
8.531313131313119635e-01
1.687272727272729478e+00
7.875757575757569739e+00
1.795858585858584933e+00
1.425757575757573559e+00
2.545353535353530372e+00
1.979797979797979016e-02
7.312121212121209801e-01
3.921818181818180982e+00
4.895959595959600841e-01
3.438484848484844925e+00
1.732828282828284605e+00
5.406969696969698980e+00
1.999999999999995531e-02
1.737474747474745396e+00
1.216161616161618025e-01
5.843434343434354972e-01
5.513737373737370717e+00
2.817838383838383720e+01
1.021393939393938055e+01
8.175757575757574003e-01
1.999999999999998307e-02
1.234727272727272762e+01
1.287474747474745440e+00
3.146464646464652293e-01
2.181242424242424249e+01
1.189696969696970807e+00
1.009090909090909621e-01
1.851111111111109375e+00
2.174343434343436687e+00
4.797979797979804589e-02
1.478989898989899077e+00
9.090909090909075896e-02
3.136464646464643291e+00
0.000000000000000000e+00
1.802222222222224390e+00
9.542424242424253356e-01
8.272727272727277426e-02
1.380272727272727451e+01
1.425252525252528046e-01
6.945656565656570081e+00
1.223636363636364965e+00
1.893939393939393923e-01
2.352626262626261511e+00
0.000000000000000000e+00
2.604242424242421805e+00
7.910101010101010521e-01
7.499949494949495943e+01
1.689898989898989123e+00
1.307323232323230933e+01
8.210000000000000853e+00
1.500404040404043515e+00
1.979797979797979363e-02
1.871515151515148467e+00
3.448787878787883621e+00
1.893232323232320047e+00
2.020303030303028269e+00
2.424242424242418481e-01
2.299666666666667680e+01
1.018282828282830010e+00
1.554545454545456229e-01
2.657575757575757258e+00
1.332020202020200328e+00
2.669696969696976896e-01
6.737121212121211045e+01
2.798181818181821878e+00
1.491818181818182154e+00
4.583232323232330430e+00
1.656767676767679109e+00
1.857838383838386065e+01
0.000000000000000000e+00
2.979797979797979210e-02
1.552121212121208904e+00
1.234848484848486638e+00
5.100787878787881624e+01
2.253838383838386417e+00
1.454545454545451422e-01
1.657171717171718406e+00
2.754040404040407175e+00
0.000000000000000000e+00
5.296060606060598808e+00
5.969676767676766360e+01
9.885858585858599001e-01
3.036363636363642593e-01
2.790909090909095003e-01
8.542626262626258793e+00
1.675757575757577944e-01
7.287010101010098140e+01
2.939393939393943056e-02
6.362626262626257523e-01
9.999999999999991535e-03
2.014646464646467905e+00
2.516161616161619596e-01
9.999999999999955105e-03
1.092626262626264610e+00
3.123232323232330021e-01
4.490040404040401967e+01
2.609090909090912569e-01
1.537272727272728456e+00
2.616161616161620240e-01
1.990909090909089574e-01
8.927272727272709263e-01
2.267070707070704572e+00
2.842424242424246295e-01
5.119898989898993058e+00
5.696969696969713531e-02
2.096363636363631766e+00
1.723131313131313957e+00
5.247575757575760669e+00
2.040303030303033172e+00
4.188989898989897043e+00
9.996969696969706387e-01
1.979797979797979016e-02
7.638383838383836499e-01
1.888888888888888007e-01
5.164646464646452939e-01
5.595898989898987708e+01
4.555383838383837514e+01
1.106464646464644597e+00
2.449494949494948337e-01
1.092424242424244740e+00
4.260545454545454191e+01
2.989191919191921176e+00
2.729797979797981444e+00
3.757575757575761233e-01
1.706161616161617545e+00
3.181818181818175106e-01
1.950202020202020936e+00
7.631252525252523355e+01
3.107070707070702653e-01
8.757575757575766784e-02
2.340505050505048423e+00
4.956181818181818954e+01
1.372929292929294887e+00
2.520606060606065402e+00
1.893939393939393923e-01
4.012525252525256825e+00
2.121212121212122381e-01
0.000000000000000000e+00
2.327272727272731989e-01
2.296878787878789652e+01
4.631313131313143039e+00
9.365737373737373161e+01
0.000000000000000000e+00
5.922222222222226495e-01
1.954949494949496769e+00
1.530808080808079952e+00
1.616161616161617132e-01
1.500606060606059833e+00
1.449090909090906321e+00
3.186868686868689626e-01
1.019343434343434041e+01
1.979797979797979016e-02
2.961616161616159038e-01
3.061111111111110006e+00
2.939393939393944444e-02
3.401010101010104036e-01
1.229191919191920057e+00
1.681010101010105506e+00
1.194565656565657186e+01
9.748484848484840759e-01
3.207070707070700522e-01
1.884747474747477725e+00
2.481818181818176428e-01
1.153030303030301518e+00
6.524242424242427951e-01
0.000000000000000000e+00
1.323898989898990664e+01
2.121212121212122381e-01
2.424242424242418759e-01
0.000000000000000000e+00
1.357575757575757991e-01
9.999999999999962044e-03
1.384949494949493598e+00
1.942424242424241887e-01
5.091919191919191956e-01
1.287878787878786180e-01
1.950606060606058234e+00
1.508282828282826227e+00
2.583030303030301678e+00
2.017575757575755802e+00
3.288989898989899796e+00
2.645858585858581691e+00
2.970929292929292131e+01
8.458848484848486748e+01
2.096060606060603515e+00
1.308888888888892543e+00
1.012787878787879414e+01
2.327272727272731989e-01
4.666060606060608684e+00
0.000000000000000000e+00
3.896464646464655068e+00
1.112525252525253583e+00
0.000000000000000000e+00
1.647878787878784834e+00
2.212121212121210267e-01
1.979797979797979363e-02
4.661010101010097273e+00
4.420262626262626782e+01
2.984848484848491301e-01
1.148383838383840283e+00
2.013535353535351291e+00
4.902424242424239686e+00
1.234242424242426139e+00
1.350707070707071855e+00
2.963636363636360516e-01
1.578484848484844605e+00
1.287878787878784514e-01
1.493535353535355936e+00
3.812828282828283122e+00
1.298484848484850573e+00
1.878080808080803799e+00
4.544444444444450393e-01
2.160606060606058976e-01
2.036363636363637486e+00
2.187878787878788922e-01
5.921818181818181870e+00
6.047070707070706597e+00
1.406767676767675113e+00
5.415252525252523874e+00
1.066666666666667984e-01
3.130303030303037692e-01
2.707070707070700633e-01
1.282222222222224373e+00
2.839797979797985317e+00
5.696969696969710062e-02
1.944444444444446196e+00
2.012020202020198933e+00
7.685656565656566386e+01
1.287878787878785625e-01
9.639494949494949338e+00
1.387878787878792652e-01
3.250505050505043125e-01
8.598989898989893632e+00
2.985151515151513557e+00
1.407171717171718850e+00
2.082828282828283195e-01
4.303616161616161406e+01
2.954747474747476232e+00
2.215151515151511319e+00
2.359595959595962300e-01
2.713131313131313949e-01
7.848484848484843512e-01
2.737878787878789577e+00
9.449494949494948060e+00
0.000000000000000000e+00
1.979797979797979363e-02
1.134343434343436208e+00
1.353535353535352481e+00
2.481010101010096669e+00
5.567474747474746799e+00
3.276161616161620493e+00
1.548484848484852350e+00
3.133333333333327420e-01
0.000000000000000000e+00
9.999999999999955105e-03
2.753131313131312208e+00
1.756666666666671039e+00
2.590606060606066574e+00
9.272727272727272763e-02
2.559494949494947491e+00
9.295353535353539698e+00
3.569696969696969924e-01
2.378454545454546931e+01
2.758686868686864635e+00
3.175656565656559849e+00
1.351919191919190411e+00
4.772323232323221198e+00
2.082525252525249115e+00
0.000000000000000000e+00
1.513737373737373826e+00
2.998787878787880334e+00
1.716161616161616665e-01
2.083434343434340974e+00
1.044444444444446285e+00
2.444868686868687035e+01
5.677070707070704714e+00
1.173939393939391840e+00
1.145656565656565373e+00
7.818181818181819953e-02
2.327272727272732267e-01
2.939393939393940974e-02
2.319191919191922191e-01
1.873434343434340343e+00
4.369696969696961752e-01
5.576767676767673265e-01
1.404646464646467363e+00
1.355222222222222506e+01
1.759787878787877702e+01
1.287171717171720076e+00
0.000000000000000000e+00
1.066666666666667568e-01
1.436505050505049752e+01
1.048383838383838196e+00
2.441616161616164682e+00
2.836565656565655402e+00
9.999999999999993269e-03
1.105757575757573052e+00
1.590909090909091994e-01
1.999999999999995878e-02
1.394030303030301887e+01
1.885353535353536891e+00
1.749292929292925569e+00
3.566666666666667429e-01
2.287171717171712082e+00
2.940404040404042685e-01
2.448484848484844267e+00
5.706161616161616656e+00
1.377575757575754123e+00
1.550505050505050608e+00
4.797979797979799732e-02
2.287575757575754487e+00
9.620101010101000938e+00
1.631717171717168791e+00
6.798989898989896696e-01
9.999999999999956840e-03
9.555555555555549085e-02
1.286363636363638374e+00
2.701717171717175514e+00
9.206060606060603169e-01
2.036363636363636986e-01
6.585959595959602453e+00
3.725565656565657235e+01
2.896868686868687259e+00
3.134343434343436208e+00
3.342222222222220651e+00
9.219191919191895845e-01
2.197979797979799643e-01
5.842575757575760065e+01
3.843616161616160554e+01
1.106565656565657640e+00
1.653434343434341036e+00
2.944444444444445530e+00
2.108686868686865612e+00
1.595555555555553617e+00
7.832323232323226136e-01
0.000000000000000000e+00
9.888888888888897055e-02
1.732828282828279498e+00
1.325606060606061476e+01
2.640202020202023547e+00
3.112717171717170928e+01
1.749484848484848598e+01
9.084242424242425784e+00
1.230202020202019408e+00
1.347474747474748935e-01
2.191010101010104627e+00
1.397474747474749757e+00
0.000000000000000000e+00
6.778040404040405065e+01
6.949494949494967599e-01
7.703030303030296011e-01
9.756565656565655553e-01
2.486565656565649984e+00
1.112323232323235489e+00
1.870606060606059051e+00
3.083838383838385155e+00
4.797979797979808059e-02
0.000000000000000000e+00
3.422494949494947747e+01
1.744949494949497248e+00
3.366737373737375094e+01
2.585858585858589742e-01
1.657171717171717296e+00
0.000000000000000000e+00
1.891858585858586039e+01
0.000000000000000000e+00
7.347272727272722292e+00
0.000000000000000000e+00
4.775757575757579310e-01
1.930575757575756413e+01
1.462121212121213043e+00
1.865757575757575948e+00
5.156060606060606233e+01
2.066565656565654940e+00
3.434444444444447964e+00
8.555555555555559299e-02
1.747373737373740354e+00
9.999999999999977657e-03
2.474545454545451051e+00
1.502444444444444294e+01
1.131313131313129994e-01
1.895545454545452912e+01
7.585878787878787932e+01
1.524646464646466359e+00
0.000000000000000000e+00
2.401111111111108087e+00
3.590898989898989413e+01
2.928383838383838089e+00
1.174141414141417039e+00
3.554595959595962285e+01
9.999999999999953371e-03
9.229292929292928216e-01
0.000000000000000000e+00
2.346464646464645476e-01
4.319707070707070784e+01
1.893939393939393923e-01
6.470909090909094274e+00
4.898787878787880246e+00
2.218484848484851835e+00
9.594949494949508439e-01
2.673737373737369860e-01
2.891919191919186116e-01
1.019090909090909713e+00
5.437474747474746906e+00
1.925757575757574669e+00
1.738383838383837476e+00
7.434343434343430868e-02
7.416161616161605075e-01
8.479090909090899686e+00
2.885676767676768151e+01
1.339191919191919933e+00
7.771717171717186234e-01
2.457373737373739875e+00
6.575757575757587570e-02
5.620444444444443377e+01
1.709090909090909660e+00
9.170707070707065922e-01
3.483434343434342217e+00
1.106161616161615679e+00
1.672626262626260019e+00
3.402626262626262221e+00
1.675757575757577944e-01
4.169696969696967126e-01
0.000000000000000000e+00
4.954545454545459249e-01
2.927070707070707822e+00
5.858323232323233043e+01
4.715505050505051798e+01
2.108888888888885482e+00
2.719191919191925599e-01
1.821616161616165686e+00
1.560505050505049729e+00
2.321919191919196379e+00
2.575757575757576801e-01
3.129494949494950440e+00
0.000000000000000000e+00
4.531111111111115086e+00
1.538686868686866438e+00
1.451111111111109464e+00
1.274545454545453094e+00
3.178181818181820439e+00
2.909090909090902843e-01
5.758727272727270474e+01
2.036464646464650752e+00
8.640909090909085322e+00
1.585252525252526468e+00
2.197878787878785101e+00
1.530404040404041099e+00
1.971010101010097770e+00
1.095959595959594912e+00
9.782121212121204223e+00
1.119393939393937609e+00
1.638585858585861477e+00
2.088787878787877084e+00
3.959595959595958031e-02
6.058585858585846529e-01
8.103030303030311909e-01
2.420808080808086071e+00
1.761919191919191885e+00
2.803535353535352659e+00
2.121212121212122381e-01
4.797979797979806671e-02
2.036363636363636986e-01
9.999999999999991535e-03
6.931313131313121545e-01
1.979797979797979363e-02
3.885858585858578684e-01
1.773535353535351966e+00
2.542020202020198294e+00
1.425252525252528046e-01
1.788888888888890416e-01
6.482525252525260129e+00
1.365555555555556744e+00
1.077121212121211791e+01
2.939393939393943403e-02
0.000000000000000000e+00
1.677676767676765213e+00
1.242424242424243347e-01
1.979797979797979016e-02
1.060202020202021034e+00
3.863232323232321352e+00
1.999999999999995878e-02
1.834141414141416515e+00
2.092525252525254675e+00
3.261212121212125226e+00
8.272727272727277426e-02
1.331313131313131282e-01
