5.199898989898989576e+00
2.496161616161612695e+00
0.000000000000000000e+00
1.150909090909091992e+00
5.252727272727277352e+00
8.490909090909105617e-01
2.588888888888883355e-01
3.041414141414142680e+00
2.354545454545460270e-01
2.942020202020205311e+00
1.089315151515151285e+02
2.896969696969692309e-01
9.999999999999949901e-03
1.585252525252526690e+00
2.507676767676773721e+00
7.858787878787878434e+00
1.999999999999996919e-02
1.216161616161618442e-01
5.426999999999998892e+01
1.147373737373737601e+00
0.000000000000000000e+00
9.778787878787894572e-01
2.961919191919193839e+00
2.233333333333338555e-01
9.999999999999982861e-03
8.272727272727277426e-02
2.985757575757576276e+00
5.878787878787877091e-02
4.959595959595954062e-02
1.655959595959594521e+00
7.654747474747484404e+00
1.688888888888889772e-01
3.856565656565656419e-01
1.457676767676767904e+00
2.263333333333332309e+00
2.003131313131312652e+00
1.016187878787879129e+02
5.023767676767676704e+01
2.848484848484851839e-01
3.564242424242422214e+00
1.388828282828282212e+01
1.009090909090911259e+00
2.873131313131310982e+00
1.533939393939394380e+00
2.861818181818185369e+00
4.878787878787878979e-02
3.957575757575751974e-01
0.000000000000000000e+00
4.300909090909088128e+00
2.297303030303029914e+01
2.773535353535352410e+00
9.999999999999967248e-03
1.733333333333330895e-01
9.570707070707057396e-01
3.212727272727273320e+00
8.551515151515155511e-01
1.907070707070703808e+00
7.553535353535358876e-01
5.785959595959589308e+00
1.892626262626257772e+00
5.756474747474751297e+01
2.015555555555558431e+00
4.082686868686869985e+01
9.999999999999949901e-03
2.354545454545450944e+00
1.905050505050505383e-01
6.975959595959592363e+00
2.615656565656563792e+00
2.524242424242423843e-01
1.490909090909092460e-01
3.306161616161612304e+00
6.575757575757588957e-02
2.409696969696968782e+00
4.480707070707066642e+00
2.346464646464645754e-01
6.103383838383837912e+01
2.989393939393941491e+00
1.961212121212120296e+00
4.881282828282829200e+01
4.183838383838382469e-01
1.627676767676771608e+00
1.792121212121208895e+00
1.342424242424246350e-01
7.467272727272725064e+00
8.243030303030311146e+00
3.423838383838385457e+00
1.253939393939391689e+00
3.433737373737367982e+00
1.140808080808078939e+00
2.535353535353541132e-01
2.334343434343434387e-01
1.571616161616159690e+00
1.999999999999994491e-02
2.824848484848487384e+00
2.218282828282827079e+00
4.964646464646456647e-01
2.943939393939397853e+00
2.446969696969700792e+00
2.380909090909089976e+00
8.641373737373737640e+01
4.027575757575756477e+00
9.999999999999960310e-03
2.004040404040406675e-01
1.965818181818181998e+01
2.609090909090912569e-01
1.679393939393941881e+00
1.435353535353536936e+00
1.063737373737372094e+00
2.509090909090912480e-01
3.927171717171718424e+00
4.612121212121207403e-01
9.090909090909091161e-02
8.272727272727277426e-02
3.767575757575756690e+00
3.197979797979799255e+00
3.752525252525258370e-01
0.000000000000000000e+00
4.315555555555556033e+00
1.930808080808078087e+00
1.147131313131312602e+01
8.967474747474749819e+00
1.694747474747478444e+00
4.558585858585852413e-01
2.281414141414144225e+00
3.027171717171712739e+00
4.631313131313137821e-01
1.868989898989895648e+00
1.142424242424245479e-01
1.224434343434342765e+01
2.979797979797976087e-02
1.999999999999993450e-02
4.797979797979805977e-02
1.211111111111111832e-01
2.356161616161618788e+00
1.506464646464646506e+00
2.461525252525252938e+01
2.525252525252525415e-01
4.818383838383837769e+00
1.762323232323230959e+00
0.000000000000000000e+00
1.385252525252526734e+00
2.083838383838381603e+00
5.858585858585859535e-02
2.660303030303037719e+00
2.197979797979799643e-01
2.687979797979794583e+00
2.066060606060608151e+00
4.143434343434344025e-01
2.227878787878792011e+00
3.939393939393939087e-02
4.140909090909088874e+00
1.465050505050504048e+00
9.999999999999962044e-03
3.666363636363637823e+00
6.202929292929287186e+00
1.074343434343437487e+00
2.130303030303028144e+00
7.361111111111113381e+00
1.891919191919195109e+00
1.767676767676765182e-01
1.357575757575757991e-01
0.000000000000000000e+00
1.775757575757578588e-01
2.102535353535352769e+01
2.873636363636362212e+00
9.069888888888888800e+01
1.554545454545456507e-01
1.976767676767680060e+00
1.457484848484847717e+01
1.853232323232328005e+00
1.927272727272729136e-01
2.169595959595963741e+00
1.904949494949495614e+00
0.000000000000000000e+00
1.264646464646465018e+00
1.439777777777776890e+01
2.296363636363636385e+00
2.377777777777776991e-01
2.004040404040407508e-01
1.330202020202021052e+00
1.215151515151515621e-01
2.014343434343433881e+00
1.243434343434342421e-01
2.606868686868683671e+00
9.328282828282817851e-01
1.446363636363636074e+00
2.931111111111111889e+00
2.033434343434336711e+00
2.107676767676769813e+00
2.488888888888884376e-01
3.289494949494949250e+00
2.306060606060603480e+00
1.845757575757571267e+00
2.103636363636366635e+00
5.797979797979802702e-02
3.567070707070708835e+00
0.000000000000000000e+00
2.375353535353540657e+00
1.149494949494950791e-01
2.607222222222222641e+01
1.321656565656566151e+01
1.456464646464643797e+00
2.434343434343433643e-01
0.000000000000000000e+00
2.377474747474750849e+00
0.000000000000000000e+00
5.326767676767667936e+00
7.676767676767673465e-02
1.066666666666668678e-01
4.971717171717175976e-01
9.780434343434340860e+01
2.521212121212118573e-01
8.928282828282810835e-01
4.164646464646467039e-01
3.097474747474746604e+00
7.593494949494949253e+01
3.133585858585858119e+01
3.305444444444444940e+01
1.346464646464644810e+00
1.859595959595957249e+00
6.963636363636371840e-01
3.375757575757584728e-01
6.563131313131313149e+00
0.000000000000000000e+00
3.349888888888887095e+01
1.724242424242421912e+00
3.178888888888890207e+00
1.124747474747476605e+00
9.077474747474751027e+00
1.334747474747475238e+00
0.000000000000000000e+00
1.270707070707070896e+00
2.531919191919195455e+00
3.487171717171712704e+00
1.077838383838383152e+01
4.668686868686866553e+00
1.148191919191920363e+01
2.470101010101013461e+00
2.068585858585856752e+00
1.639494949494950449e+00
1.566262626262628022e+00
1.502525252525252153e+00
1.979797979797979710e-02
2.366666666666672469e-01
2.709696969696971269e+00
3.129696969696969866e+00
2.832919191919192414e+01
3.113434343434341223e+00
1.090303030303029885e+00
1.131313131313130382e+00
1.829898989898987915e+00
4.017575757575757578e+00
2.389898989898986970e-01
1.186868686868686185e-01
2.693939393939400739e-01
1.359545454545454390e+01
1.989393939393942823e+00
5.125959595959595383e+00
4.926767676767672910e+00
3.275353535353539680e+00
0.000000000000000000e+00
0.000000000000000000e+00
2.342424242424245850e+00
9.496666666666676804e+00
5.943090909090908980e+01
2.265656565656566812e+00
7.245858585858591105e+00
1.916262626262628554e+00
7.273737373737381162e-01
2.067474747474749464e+00
2.358282828282824539e+00
9.193030303030298001e+00
6.777777777777760360e-02
8.993434343434337563e+00
6.979797979797969232e-02
3.939393939393939781e-02
3.834545454545452703e+00
1.842424242424241798e-01
7.434343434343430868e-02
3.624040404040402397e+00
2.670101010101012307e+00
2.002343434343434225e+01
1.269696969696967992e+00
2.208383838383838338e+00
7.842727272727278987e+00
2.814848484848482713e+00
2.815858585858584462e+01
2.950505050505046523e+00
2.650303030303030383e+00
2.521212121212118573e-01
2.530303030303034273e+00
1.689141414141414899e+01
2.992323232323229387e+00
0.000000000000000000e+00
2.898383838383837396e+00
1.488888888888889594e+00
8.399090909090901391e+00
1.969696969696964062e-01
2.858787878787879766e+00
1.893939393939393923e-01
1.389898989898989745e+00
1.747171717171720040e+00
9.102020202020214557e-01
2.321515151515150421e+00
2.979797979797977128e-02
1.861111111111113381e+00
3.037373737373731952e-01
2.354545454545460548e-01
1.260505050505049018e+00
2.037777777777780130e+00
6.575757575757587570e-02
1.107070707070704485e-01
1.628080808080805353e+00
4.827272727272721720e-01
0.000000000000000000e+00
0.000000000000000000e+00
1.604949494949491351e+00
3.751515151515155910e+00
3.631313131313127496e+00
6.575757575757591733e-02
6.375959595959593607e+00
1.310909090909091024e+00
8.814343434343438588e+00
5.810000000000003162e+00
8.909696969696966562e+00
2.205050505050507148e+00
1.867252525252524009e+01
1.085858585858586745e+00
2.625353535353530443e+00
0.000000000000000000e+00
2.215252525252529026e+00
2.624646464646462007e+00
3.211111111111109917e+00
1.137373737373739563e-01
2.654747474747479075e+00
1.482323232323231155e+00
2.036363636363636986e-01
1.248383838383839040e+00
1.776464646464646524e+00
2.036363636363637819e-01
3.319797979797980414e+00
8.272727272727277426e-02
1.873737373737369150e-01
1.216161616161618442e-01
0.000000000000000000e+00
1.074253535353535653e+02
1.355050505050505727e+00
3.348272727272726002e+01
4.434343434343433477e-01
4.038585858585856059e+00
5.382727272727270140e+00
2.755757575757572297e+00
1.088888888888890627e-01
1.083838383838385599e+00
1.163636363636361970e-01
9.199797979797979863e+00
4.797979797979804589e-02
4.369595959595958590e+00
4.108989898989900524e+00
3.878787878787880172e-02
2.036363636363636986e-01
2.027272727272723396e-01
1.979797979797979363e-02
3.025252525252520308e-01
9.999999999999970718e-03
4.669696969696963129e-01
1.491212121212120989e+00
4.626868686868689018e+00
6.090333333333330756e+01
2.524242424242422178e-01
1.990909090909089851e-01
0.000000000000000000e+00
3.060606060606064771e-01
6.575757575757583406e-02
2.687878787878787534e+00
8.676767676767667414e-02
1.670909090909093564e+00
3.264646464646461799e-01
2.113939393939396449e+00
1.685454545454544650e+00
1.408515151515152652e+01
3.712121212121220371e+00
9.999999999999972453e-03
1.216161616161617331e-01
1.798989898989900915e+00
2.429292929292930836e+00
2.404141414141413691e+00
3.278989898989900009e+00
1.425252525252528324e-01
1.587808080808081179e+01
4.317101010101011127e+01
1.909696969696973223e+00
3.088888888888892126e-01
1.561111111111110450e+00
3.009999999999999343e+00
3.178888888888889319e+00
1.356969696969698491e+00
2.297979797979792238e-01
2.242727272727277121e+00
5.357171717171718583e+00
2.051717171717168497e+00
3.064848484848484489e+00
4.882666666666666089e+01
1.633333333333333526e+00
5.558888888888888147e+01
1.740505050505052775e+00
1.874343434343432424e+00
8.740404040404037289e+00
2.746565656565660873e+00
1.601515151515150670e+00
0.000000000000000000e+00
7.204949494949492106e+00
3.978787878787873322e-01
1.323939393939392639e+00
3.963585858585859256e+01
3.454141414141411737e+00
4.534303030303029658e+01
2.936060606060611367e+00
2.890909090909093426e-01
3.358585858585858119e+00
2.681313131313130427e+00
4.083434343434343639e+00
1.558585858585854189e-01
2.697979797979794814e-01
7.553414141414143046e+01
5.479393939393935931e+00
8.784848484848488681e+00
1.066666666666668400e-01
9.536363636363642815e-01
1.322222222222217969e+00
7.327878787878784550e+00
9.090909090909086998e-02
2.448484848484847320e-01
0.000000000000000000e+00
5.226161616161625112e+00
2.610303030303033900e+00
2.818181818181820786e-01
2.161030303030304012e+01
1.073333333333332584e+00
3.186868686868692957e-01
2.516161616161619596e-01
2.247070707070709883e+00
3.716262626262621716e+00
5.476454545454541289e+01
8.789797979797974392e+00
7.575757575757587070e-02
9.999999999999955105e-03
2.616161616161619130e-01
1.010212121212121161e+01
2.654848484848487455e+00
0.000000000000000000e+00
6.225252525252535918e-01
2.754646464646461457e+00
2.272222222222220367e+00
1.618787878787880441e+00
3.165252525252528759e+00
4.121616161616160845e+00
2.798585858585859398e+00
2.388989898989895888e+00
4.878787878787880367e-02
0.000000000000000000e+00
3.120909090909086636e+00
4.647474747474751311e-01
0.000000000000000000e+00
3.715151515151517980e-01
2.197979797979799643e-01
4.652525252525259170e-01
4.050101010101012200e+00
1.865353535353539538e+00
1.592525252525253343e+00
2.718181818181821252e-01
0.000000000000000000e+00
4.030303030303023504e-01
5.686363636363638285e+00
3.141919191919188670e+00
4.776868686868686709e+00
1.761919191919191885e+00
9.893939393939371607e-01
1.310000000000000941e+00
2.001616161616161627e+00
3.463333333333335595e+00
7.528595959595958220e+01
2.256767676767677422e+00
1.895959595959593180e+00
6.672727272727273506e-01
3.721313131313130462e+00
8.092828282828287811e+00
1.323535353535352455e+00
5.469696969696974387e-01
0.000000000000000000e+00
2.247979797979801297e+00
1.130808080808078930e+00
3.642222222222219585e+00
2.577777777777773838e-01
5.696969696969706592e-02
1.066666666666668400e-01
3.007979797979801084e+00
6.696969696969704011e-02
9.999999999999951636e-03
1.356565656565659195e+00
1.313898989898989456e+01
3.262828282828287296e+00
2.838151515151514204e+01
1.979797979797979016e-02
2.466666666666672558e-01
2.536060606060605238e+00
1.767676767676764904e-01
3.464040404040401810e+00
3.113535353535355821e+00
0.000000000000000000e+00
3.842222222222222872e+00
4.104797979797978513e+01
1.039494949494947695e+00
2.121111111111108283e+00
1.113717171717170196e+01
3.207575757575751751e+00
1.772828282828282198e+00
3.217171717171721124e+00
3.878787878787880172e-02
8.596969696969705144e-01
6.685050505050502245e+00
4.932323232323221895e-01
4.390505050505052687e+00
2.301515151515155733e+00
7.150202020202023334e+00
9.999999999999958575e-03
2.094040404040402148e+00
2.141414141414139660e-01
5.573737373737361889e-01
7.139292929292928136e+00
4.072010101010101124e+01
1.467898989898989193e+01
8.789898989898995429e-01
4.919191919191923806e-02
1.918505050505050136e+01
1.902929292929289362e+00
3.369696969696970856e-01
3.147333333333333982e+01
1.634040404040407957e+00
1.216161616161619136e-01
2.013636363636361892e+00
2.914242424242421858e+00
8.272727272727277426e-02
1.926767676767680681e+00
1.066666666666668678e-01
3.950909090909092036e+00
0.000000000000000000e+00
2.441010101010094413e+00
1.083737373737373888e+00
1.066666666666667568e-01
1.658010101010101423e+01
1.142424242424245201e-01
1.044757575757575729e+01
1.570808080808081098e+00
2.136363636363636520e-01
3.275050505050505212e+00
0.000000000000000000e+00
3.835454545454542785e+00
9.038383838383839963e-01
1.179006060606060231e+02
2.286767676767679891e+00
1.977959595959595518e+01
1.142737373737374895e+01
1.929090909090906969e+00
5.797979797979805477e-02
2.585757575757580806e+00
5.047474747474756995e+00
2.898484848484850218e+00
2.586464646464648798e+00
2.500000000000001110e-01
3.542131313131311998e+01
1.241111111111113718e+00
1.990909090909092349e-01
3.477777777777775192e+00
2.373232323232318031e+00
3.324242424242428440e-01
9.120262626262628203e+01
3.251919191919194319e+00
1.847676767676770693e+00
6.077878787878787215e+00
2.555959595959597763e+00
3.109474747474745371e+01
3.878787878787880172e-02
7.737373737373730298e-02
2.113838383838388069e+00
1.514444444444440707e+00
6.721969696969698305e+01
2.577777777777774837e+00
1.767676767676764904e-01
1.832525252525254666e+00
3.792323232323234983e+00
0.000000000000000000e+00
7.353333333333329058e+00
8.562525252525253450e+01
1.355959595959593367e+00
3.505050505050510967e-01
3.246464646464641279e-01
1.240242424242424235e+01
2.036363636363637541e-01
1.201950505050505171e+02
5.797979797979803396e-02
6.387878787878772391e-01
9.999999999999991535e-03
2.639898989898986859e+00
2.722222222222218657e-01
1.979797979797979016e-02
1.286363636363634377e+00
3.425252525252528435e-01
6.568030303030302264e+01
2.616161616161619130e-01
2.192929292929296725e+00
2.793939393939399718e-01
2.358585858585862671e-01
1.369797979797977350e+00
3.166767676767674455e+00
3.647474747474745427e-01
6.354848484848484524e+00
1.037373737373738364e-01
2.700101010101005894e+00
2.248888888888884274e+00
6.913030303030299528e+00
2.391010101010105249e+00
6.197474747474744916e+00
1.062020202020204085e+00
3.878787878787880172e-02
1.235454545454543807e+00
2.358585858585862671e-01
5.536363636363628160e-01
7.455818181818183632e+01
7.057404040404041723e+01
1.516060606060603444e+00
3.085858585858580749e-01
1.631818181818183389e+00
7.070525252525251858e+01
4.301616161616157896e+00
3.758484848484849206e+00
4.532323232323227091e-01
2.240303030303032461e+00
3.993939393939401894e-01
2.737171717171716256e+00
9.964464646464645625e+01
3.585858585858576753e-01
1.253535353535352725e-01
3.969696969696968392e+00
6.623747474747474939e+01
1.824848484848483610e+00
4.011616161616162302e+00
2.197979797979799643e-01
6.569898989898991459e+00
2.266666666666661001e-01
0.000000000000000000e+00
2.233333333333338000e-01
3.522292929292929387e+01
6.595656565656563330e+00
1.439193939393940127e+02
1.979797979797979016e-02
6.352525252525264010e-01
2.439494949494954490e+00
2.128686868686869627e+00
1.490909090909092460e-01
2.162525252525250519e+00
2.084040404040405914e+00
3.303030303030298764e-01
1.345040404040403459e+01
4.797979797979808059e-02
3.712121212121212155e-01
3.611111111111109384e+00
3.878787878787880172e-02
3.863636363636366311e-01
1.635858585858588565e+00
2.375959595959592274e+00
1.734606060606061462e+01
1.188686868686866349e+00
3.603030303030306802e-01
2.472828282828284596e+00
3.356565656565657085e-01
1.859292929292930552e+00
8.154545454545447658e-01
0.000000000000000000e+00
2.017222222222222427e+01
2.297979797979792516e-01
2.366666666666672469e-01
0.000000000000000000e+00
2.071717171717174788e-01
2.939393939393943403e-02
1.854343434343434405e+00
2.091919191919190124e-01
5.332323232323239459e-01
1.425252525252529157e-01
2.429999999999997495e+00
1.973737373737375123e+00
3.647777777777777342e+00
2.581111111111109135e+00
4.593030303030301909e+00
3.626565656565659879e+00
4.068181818181816567e+01
9.629161616161617587e+01
2.619999999999996554e+00
1.882121212121209863e+00
1.833737373737374554e+01
2.160606060606057865e-01
5.764747474747470513e+00
9.999999999999965514e-03
4.323434343434349181e+00
1.495050505050503853e+00
0.000000000000000000e+00
2.379696969696967646e+00
2.621212121212116997e-01
3.878787878787880172e-02
6.431717171717171944e+00
5.508999999999998209e+01
2.973737373737365131e-01
1.431414141414143470e+00
2.534343434343438783e+00
5.825252525252532898e+00
1.436969696969695676e+00
1.800808080808081968e+00
3.448484848484840160e-01
1.766060606060605442e+00
1.554545454545456229e-01
1.618787878787879553e+00
4.217979797979803713e+00
1.855252525252525153e+00
2.668282828282829033e+00
4.964646464646478297e-01
2.427272727272731800e-01
2.900101010101005183e+00
2.560606060606058221e-01
9.339090909090913328e+00
7.482727272727260903e+00
1.860505050505049107e+00
6.559393939393943107e+00
1.216161616161617193e-01
3.901010101010092268e-01
2.818181818181822451e-01
2.092727272727267884e+00
3.580101010101011116e+00
9.888888888888903994e-02
3.272929292929299017e+00
2.366363636363631784e+00
1.080227272727271810e+02
1.873737373737370260e-01
1.386484848484848342e+01
1.723232323232320173e-01
4.124242424242429150e-01
1.336868686868687028e+01
3.780101010101014403e+00
1.717070707070708302e+00
2.803030303030298875e-01
6.239858585858584661e+01
4.007070707070707449e+00
2.929696969696964803e+00
2.863636363636360982e-01
3.545454545454554407e-01
8.938383838383828772e-01
3.532727272727277601e+00
1.090595959595960096e+01
0.000000000000000000e+00
9.090909090909075896e-02
1.213535353535353467e+00
1.470303030303029779e+00
3.423232323232327179e+00
7.119090909090909136e+00
5.027979797979791776e+00
2.198888888888887561e+00
3.808080808080815394e-01
0.000000000000000000e+00
1.979797979797979016e-02
3.378484848484848868e+00
2.727878787878792899e+00
3.427676767676766989e+00
1.414141414141413533e-01
3.049090909090913737e+00
1.292909090909090963e+01
3.712121212121204938e-01
3.368070707070705794e+01
3.057676767676773100e+00
4.427373737373730300e+00
1.958989898989896616e+00
6.941818181818191213e+00
2.576868686868682090e+00
9.999999999999953371e-03
2.010707070707073996e+00
3.565353535353536163e+00
1.814141414141412778e-01
2.408989898989895462e+00
1.128181818181818841e+00
3.221484848484845287e+01
6.508383838383835496e+00
1.788484848484848566e+00
1.573232323232323315e+00
7.737373737373719196e-02
2.297979797979792238e-01
7.434343434343430868e-02
2.182828282828283561e-01
2.093131313131312066e+00
4.757575757575753239e-01
5.763636363636375215e-01
1.941919191919196486e+00
1.737191919191918998e+01
2.649080808080807614e+01
1.773535353535351300e+00
0.000000000000000000e+00
1.287878787878784237e-01
2.139212121212121787e+01
1.292424242424244252e+00
2.767171717171715173e+00
3.367272727272728083e+00
3.959595959595958725e-02
1.380303030303028367e+00
1.775757575757578866e-01
7.575757575757580131e-02
1.815666666666667695e+01
3.030101010101009518e+00
2.100505050505054427e+00
4.264646464646458801e-01
3.363636363636359761e+00
3.123232323232328911e-01
3.582222222222223973e+00
7.750303030303024698e+00
2.151414141414145220e+00
2.338484848484852829e+00
9.090909090909091161e-02
2.264545454545455527e+00
1.493686868686868685e+01
2.365959595959598261e+00
1.102626262626260845e+00
0.000000000000000000e+00
2.563636363636358495e-01
1.800303030303033180e+00
3.502929292929294114e+00
1.276161616161618273e+00
1.842424242424241798e-01
8.413636363636374682e+00
4.995565656565656809e+01
4.530000000000002025e+00
4.706565656565657285e+00
4.614343434343442851e+00
1.255151515151516017e+00
2.403030303030307679e-01
7.658161616161623897e+01
6.665515151515154457e+01
1.733535353535353041e+00
1.990505050505054330e+00
4.241111111111111498e+00
3.110505050505058655e+00
2.797070707070710149e+00
1.095959595959596689e+00
0.000000000000000000e+00
1.216161616161617748e-01
2.243939393939388349e+00
1.972989898989899160e+01
3.728686868686869271e+00
5.076929292929290227e+01
2.230848484848483793e+01
1.227676767676766367e+01
1.253939393939391467e+00
1.788888888888889583e-01
3.366666666666668473e+00
2.071717171717175621e+00
0.000000000000000000e+00
8.446171717171718285e+01
1.063535353535354666e+00
9.240404040404028851e-01
1.024141414141412243e+00
3.222525252525254569e+00
1.530707070707068684e+00
2.581919191919190837e+00
4.256363636363639458e+00
7.434343434343430868e-02
0.000000000000000000e+00
4.552000000000000313e+01
2.016767676767678097e+00
5.100909090909091503e+01
3.041414141414141570e-01
1.893737373737373053e+00
0.000000000000000000e+00
3.447858585858586622e+01
0.000000000000000000e+00
1.206525252525251624e+01
0.000000000000000000e+00
5.215151515151523753e-01
2.466494949494950006e+01
2.424242424242419869e+00
2.585353535353533072e+00
7.117020202020201225e+01
3.189393939393941668e+00
3.570303030303028979e+00
1.376767676767674808e-01
2.567676767676764449e+00
4.878787878787894938e-02
3.470606060606066023e+00
2.381030303030302520e+01
1.712121212121207880e-01
3.003484848484850644e+01
1.181958585858585451e+02
1.855656565656564005e+00
0.000000000000000000e+00
3.298383838383837308e+00
4.844989898989898336e+01
4.278282828282820915e+00
1.382222222222221353e+00
5.078727272727271469e+01
9.999999999999953371e-03
1.401010101010099929e+00
1.999999999999996919e-02
2.916161616161619397e-01
6.621191919191920761e+01
2.197979797979799643e-01
1.079151515151514218e+01
7.226868686868688663e+00
3.058484848484851693e+00
1.535252525252524425e+00
3.532323232323232864e-01
2.757575757575756459e-01
9.869696969696987177e-01
6.598989898989904290e+00
2.729898989898992046e+00
2.450808080808081435e+00
9.888888888888913709e-02
9.655555555555547231e-01
1.211010101010101536e+01
4.411969696969693899e+01
1.753333333333332522e+00
1.029898989898989869e+00
3.671313131313139522e+00
7.434343434343430868e-02
8.593797979797980702e+01
2.133232323232322258e+00
1.269393939393942627e+00
5.335656565656559991e+00
1.467272727272728838e+00
2.299595959595961414e+00
4.169797979797981391e+00
2.136363636363637630e-01
4.504040404040410284e-01
0.000000000000000000e+00
5.041414141414137795e-01
4.239090909090910131e+00
9.444949494949493385e+01
6.597111111111118475e+01
2.614848484848487864e+00
3.004040404040404511e-01
2.496060606060602094e+00
1.973232323232325669e+00
2.911717171717173702e+00
2.686868686868690848e-01
3.544545454545461549e+00
0.000000000000000000e+00
5.871616161616158180e+00
2.787070707070707698e+00
1.923333333333331785e+00
2.057171717171715208e+00
4.108989898989902301e+00
3.215151515151517536e-01
9.474565656565654592e+01
2.568383838383831108e+00
9.541717171717168711e+00
1.954646464646460524e+00
3.192020202020203090e+00
1.717171717171714684e+00
2.321111111111113789e+00
1.499595959595961148e+00
1.268474747474748199e+01
1.620101010101008265e+00
2.324646464646470179e+00
2.831010101010103863e+00
7.757575757575760345e-02
6.462626262626274265e-01
9.122222222222210464e-01
3.217575757575759976e+00
2.190606060606063110e+00
4.100101010101012911e+00
2.160606060606058976e-01
9.090909090909066181e-02
2.673737373737370415e-01
0.000000000000000000e+00
9.444444444444435316e-01
1.979797979797979363e-02
4.597979797979799277e-01
2.465050505050510044e+00
3.135252525252528955e+00
1.893939393939393923e-01
2.079797979797981811e-01
9.916666666666667851e+00
1.758686868686869076e+00
1.408191919191918018e+01
6.575757575757583406e-02
9.999999999999989800e-03
2.417676767676772975e+00
1.530303030303027390e-01
4.797979797979805283e-02
1.473838383838385280e+00
5.545353535353530816e+00
1.999999999999996225e-02
2.548787878787883265e+00
2.822121212121210476e+00
3.788080808080810602e+00
1.242424242424245845e-01
1.963636363636359072e-01
