4.880606060606058172e+00
2.742525252525258583e+00
0.000000000000000000e+00
1.234747474747472262e+00
5.141919191919189558e+00
8.876767676767697290e-01
2.516161616161619596e-01
3.085252525252528244e+00
2.354545454545460548e-01
3.151616161616160205e+00
1.267291919191919760e+02
2.777777777777773460e-01
1.979797979797979016e-02
1.726969696969695267e+00
2.707777777777776063e+00
8.714545454545458369e+00
9.999999999999965514e-03
1.287878787878785070e-01
5.645525252525251148e+01
1.034545454545454657e+00
0.000000000000000000e+00
9.607070707070715088e-01
3.015959595959600392e+00
2.297979797979792516e-01
0.000000000000000000e+00
2.939393939393943056e-02
2.959393939393942574e+00
8.575757575757581019e-02
6.898989898989868474e-02
1.493535353535352828e+00
7.615959595959598261e+00
1.814141414141415276e-01
4.192929292929295504e-01
1.682727272727274848e+00
2.466161616161610670e+00
2.430606060606057550e+00
1.071464646464646080e+02
5.163424242424241584e+01
2.790909090909095003e-01
3.491515151515151683e+00
1.490171717171715926e+01
1.124343434343435755e+00
2.940909090909090029e+00
1.612020202020205017e+00
3.369595959595955481e+00
8.434343434343431756e-02
3.870707070707075648e-01
0.000000000000000000e+00
4.195353535353532060e+00
2.462404040404039662e+01
2.683939393939397622e+00
1.979797979797979363e-02
1.554545454545456507e-01
1.211111111111107919e+00
3.339292929292924317e+00
9.247474747474738743e-01
2.143434343434346356e+00
8.361616161616179932e-01
5.958282828282830401e+00
1.888282828282831227e+00
6.038878787878790178e+01
2.190202020202021593e+00
4.430525252525255553e+01
9.999999999999949901e-03
2.383636363636363331e+00
2.196969696969694186e-01
7.241414141414134420e+00
2.684848484848481931e+00
2.524242424242423843e-01
1.425252525252528046e-01
3.764343434343434325e+00
8.272727272727277426e-02
2.391818181818175848e+00
4.738686868686867726e+00
2.414141414141419417e-01
6.803161616161618497e+01
3.313131313131316702e+00
2.072929292929290401e+00
4.998585858585853714e+01
4.249494949494952434e-01
1.865656565656565791e+00
1.809090909090905974e+00
1.242424242424244873e-01
7.230505050505060538e+00
8.032929292929289034e+00
3.983737373737370913e+00
1.145353535353533347e+00
3.551919191919188368e+00
1.186969696969695010e+00
2.758585858585864137e-01
2.424242424242418759e-01
1.742424242424239544e+00
1.999999999999994491e-02
2.646363636363632033e+00
2.218383838383837681e+00
4.969696969696977829e-01
3.266060606060603444e+00
2.580202020202015500e+00
2.208282828282830845e+00
8.760797979797982293e+01
4.308080808080799073e+00
9.999999999999960310e-03
2.095959595959598076e-01
1.903898989898990735e+01
2.516161616161619596e-01
1.965454545454541790e+00
1.450808080808080103e+00
1.115454545454545920e+00
2.524242424242423843e-01
4.401111111111112528e+00
4.644444444444443265e-01
1.142424242424243397e-01
9.090909090909066181e-02
3.717070707070706526e+00
3.309393939393942219e+00
3.849494949494955409e-01
0.000000000000000000e+00
4.601111111111109153e+00
1.972525252525254569e+00
1.123383838383837485e+01
9.875151515151513237e+00
1.893333333333333979e+00
5.351515151515144897e-01
2.644343434343436883e+00
3.392525252525253610e+00
4.872727272727271353e-01
2.165959595959592310e+00
1.287878787878785070e-01
1.483575757575755816e+01
3.939393939393939781e-02
1.999999999999993450e-02
5.696969696969710062e-02
1.351515151515151336e-01
2.464040404040401366e+00
1.587272727272726947e+00
2.637363636363637198e+01
2.516161616161619596e-01
5.613939393939392453e+00
1.832121212121210929e+00
9.999999999999998473e-03
1.350909090909093946e+00
2.155757575757574429e+00
6.777777777777772850e-02
2.981919191919193413e+00
2.266666666666661833e-01
2.746161616161610475e+00
2.335757575757577698e+00
4.107070707070706872e-01
2.186868686868683298e+00
3.939393939393939087e-02
4.386161616161622590e+00
1.742323232323231608e+00
9.999999999999962044e-03
4.224545454545454604e+00
6.922121212121207456e+00
1.131919191919193324e+00
2.333636363636359512e+00
8.149696969696964999e+00
2.046262626262628004e+00
1.736363636363633944e-01
1.425252525252529157e-01
0.000000000000000000e+00
2.090909090909089663e-01
2.447767676767676193e+01
3.239797979797978122e+00
1.043031313131313311e+02
1.554545454545456229e-01
2.227272727272731068e+00
1.581444444444443853e+01
1.856565656565659639e+00
1.837373737373737825e-01
2.220707070707069075e+00
2.047474747474749446e+00
0.000000000000000000e+00
1.354949494949493571e+00
1.415171717171716281e+01
2.484343434343436741e+00
2.701010101010102860e-01
2.185858585858584391e-01
1.513737373737375602e+00
1.221212121212118529e-01
1.998181818181819613e+00
1.149494949494951207e-01
3.293030303030301198e+00
1.118585858585860349e+00
1.400707070707069457e+00
3.035050505050512104e+00
1.865252525252521165e+00
2.467676767676769245e+00
2.609090909090912569e-01
3.696060606060602272e+00
2.421111111111106329e+00
2.011414141414140655e+00
2.081111111111110468e+00
6.696969696969702623e-02
3.822828282828283797e+00
9.999999999999965514e-03
2.640707070707065451e+00
1.059595959595960174e-01
2.746000000000000441e+01
1.434464646464646620e+01
1.509898989898988741e+00
2.305050505050505461e-01
0.000000000000000000e+00
2.506161616161614702e+00
0.000000000000000000e+00
5.339595959595964558e+00
6.777777777777767299e-02
8.272727272727277426e-02
5.118181818181823939e-01
1.039157575757575955e+02
2.524242424242423843e-01
9.430303030303013312e-01
4.331313131313131448e-01
3.077878787878791211e+00
8.298787878787879890e+01
3.209303030303030368e+01
3.434181818181819068e+01
1.553838383838384019e+00
1.949797979797980085e+00
7.118181818181811282e-01
3.550505050505050608e-01
6.782424242424254679e+00
0.000000000000000000e+00
3.536545454545455414e+01
1.749393939393939279e+00
3.476666666666662575e+00
1.133838383838381869e+00
1.033070707070706540e+01
1.376868686868685687e+00
9.999999999999996739e-03
1.300909090909092791e+00
2.728383838383839244e+00
3.909292929292927266e+00
1.065242424242424768e+01
4.488282828282819104e+00
1.347090909090909427e+01
2.639797979797974925e+00
2.412323232323231981e+00
1.806767676767678354e+00
1.699494949494950280e+00
1.536262626262625997e+00
3.878787878787879478e-02
2.495959595959598432e-01
2.921111111111111658e+00
3.710000000000002629e+00
3.078313131313131024e+01
2.982121212121212395e+00
1.110404040404038950e+00
1.242020202020204023e+00
1.868080808080805566e+00
4.211515151515150102e+00
2.216161616161614056e-01
1.510101010101012886e-01
3.009090909090911259e-01
1.387020202020203108e+01
1.948383838383838773e+00
5.628585858585860358e+00
5.458888888888885127e+00
3.465353535353538739e+00
0.000000000000000000e+00
0.000000000000000000e+00
2.363030303030299262e+00
8.730404040404037502e+00
6.169818181818180847e+01
2.420808080808074525e+00
8.156565656565659239e+00
2.059595959595961201e+00
7.725252525252521707e-01
2.100303030303033669e+00
2.076262626262630473e+00
8.698888888888891557e+00
4.878787878787899795e-02
9.075757575757572582e+00
9.999999999999986677e-02
5.919191919191918450e-02
4.224141414141416639e+00
1.893939393939393923e-01
7.434343434343430868e-02
3.662525252525250075e+00
3.063737373737370984e+00
2.208393939393940286e+01
1.551111111111111107e+00
2.167272727272721689e+00
8.298585858585857622e+00
3.112222222222222001e+00
2.900191919191919254e+01
3.111717171717178765e+00
2.993333333333333179e+00
2.524242424242423843e-01
2.711313131313133340e+00
1.840676767676766801e+01
3.155656565656562940e+00
0.000000000000000000e+00
2.994646464646468775e+00
1.489898989898989390e+00
1.001373737373735295e+01
2.205050505050506204e-01
2.812020202020205417e+00
2.036363636363636709e-01
1.346464646464645698e+00
1.808888888888888102e+00
1.019797979797977483e+00
2.350808080808079126e+00
2.999999999999997807e-02
1.907878787878786397e+00
2.984848484848479089e-01
2.424242424242418481e-01
1.229696969696971287e+00
1.990101010101013257e+00
9.090909090909075896e-02
8.434343434343431756e-02
2.013131313131310662e+00
4.863636363636359428e-01
0.000000000000000000e+00
0.000000000000000000e+00
1.692020202020201980e+00
4.090404040404047592e+00
3.994949494949496582e+00
7.434343434343430868e-02
6.537575757575759816e+00
1.301414141414142245e+00
9.338282828282835624e+00
5.944545454545457019e+00
9.883939393939387585e+00
2.335353535353535737e+00
2.003454545454544444e+01
1.135555555555554097e+00
2.797474747474748114e+00
0.000000000000000000e+00
2.174040404040406216e+00
2.974646464646460320e+00
3.319090909090908426e+00
1.227272727272730179e-01
2.872727272727274794e+00
1.683838383838381692e+00
1.943434343434342904e-01
1.290606060606064309e+00
1.883030303030307495e+00
2.233333333333338555e-01
3.426565656565661921e+00
8.272727272727277426e-02
2.004040404040406953e-01
1.490909090909092460e-01
0.000000000000000000e+00
1.192361616161615672e+02
1.434949494949494309e+00
3.814181818181818784e+01
4.551515151515147517e-01
4.326262626262623812e+00
5.610505050505046221e+00
3.056262626262630899e+00
1.651515151515149382e-01
1.167171717171718859e+00
8.818181818181818066e-02
1.000747474747475252e+01
4.797979797979802508e-02
4.641717171717172796e+00
4.242525252525244817e+00
5.797979797979805477e-02
2.233333333333338555e-01
2.121212121212118218e-01
9.999999999999996739e-03
3.263636363636366888e-01
0.000000000000000000e+00
4.804040404040404444e-01
1.557878787878788085e+00
4.572323232323239672e+00
6.839262626262622291e+01
2.622222222222225785e-01
1.943434343434342904e-01
0.000000000000000000e+00
3.312121212121211244e-01
7.434343434343430868e-02
2.649797979797978709e+00
7.757575757575758957e-02
1.803131313131312696e+00
3.094949494949488789e-01
2.219292929292931760e+00
1.772828282828285085e+00
1.505060606060603945e+01
3.731111111111102829e+00
9.999999999999972453e-03
1.216161616161617470e-01
2.032525252525256398e+00
2.409090909090904287e+00
2.350101010101007581e+00
3.513737373737375158e+00
1.733333333333331450e-01
1.678252525252525373e+01
4.742525252525251744e+01
1.846060606060606846e+00
2.940404040404042685e-01
1.719090909090910113e+00
3.071616161616157914e+00
3.406262626262627879e+00
1.558282828282829824e+00
2.297979797979792238e-01
2.069797979797981746e+00
5.580404040404043364e+00
2.019494949494950564e+00
3.396666666666663392e+00
5.359585858585857210e+01
1.836262626262624265e+00
6.434939393939394847e+01
1.898383838383835398e+00
1.977171717171718468e+00
9.503030303030302051e+00
2.834949494949500437e+00
1.986565656565656424e+00
0.000000000000000000e+00
7.638282828282835446e+00
3.849494949494948193e-01
1.338787878787881525e+00
3.952181818181817619e+01
4.246363636363627236e+00
4.880191919191916838e+01
3.199898989898991797e+00
3.041414141414141570e-01
3.696767676767680477e+00
3.169898989898990216e+00
4.286767676767679447e+00
1.384848484848483774e-01
2.488888888888884654e-01
7.450676767676766588e+01
6.075757575757577911e+00
1.071040404040404148e+01
1.216161616161617748e-01
1.101010101010100106e+00
1.445151515151512189e+00
7.613333333333331510e+00
7.434343434343430868e-02
2.407070707070710358e-01
0.000000000000000000e+00
6.062525252525255759e+00
2.604848484848487189e+00
2.677777777777780588e-01
2.186646464646465304e+01
1.068888888888887889e+00
2.891919191919194443e-01
2.521212121212118573e-01
2.492828282828287279e+00
3.928080808080808506e+00
6.173939393939394904e+01
9.069292929292931404e+00
7.575757575757587070e-02
0.000000000000000000e+00
2.852525252525250354e-01
1.036545454545454525e+01
3.069292929292934513e+00
0.000000000000000000e+00
6.126262626262636291e-01
3.307272727272731583e+00
2.547272727272727799e+00
1.743333333333330515e+00
3.222020202020200674e+00
4.490101010101014367e+00
2.871212121212123325e+00
2.721717171717168871e+00
2.939393939393944791e-02
0.000000000000000000e+00
2.948888888888885784e+00
4.843434343434349643e-01
0.000000000000000000e+00
3.743434343434339229e-01
2.333333333333337811e-01
4.217171717171712686e-01
4.258080808080807245e+00
2.126161616161611256e+00
1.831717171717169412e+00
2.963636363636367732e-01
0.000000000000000000e+00
4.059595959595957426e-01
6.098888888888891024e+00
3.608181818181821043e+00
4.888787878787876906e+00
1.932929292929295162e+00
1.068989898989897380e+00
1.515353535353536563e+00
2.054343434343433916e+00
3.517777777777782777e+00
7.417323232323235516e+01
2.541313131313132967e+00
1.980404040404043942e+00
6.483838383838395059e-01
3.581212121212128174e+00
9.338787878787876195e+00
1.443030303030302663e+00
5.805050505050517451e-01
0.000000000000000000e+00
2.308585858585863182e+00
1.313434343434341400e+00
4.013838383838383095e+00
2.525252525252521529e-01
5.696969696969706592e-02
9.888888888888892892e-02
3.244343434343436527e+00
6.696969696969704011e-02
9.999999999999951636e-03
1.376464646464649055e+00
1.390646464646464864e+01
3.559898989898992117e+00
2.951383838383838309e+01
1.999999999999993103e-02
2.621212121212116997e-01
2.671111111111108993e+00
1.675757575757573226e-01
3.666868686868679728e+00
3.125454545454548594e+00
0.000000000000000000e+00
4.306666666666665755e+00
4.677696969696971507e+01
1.186363636363638507e+00
2.301616161616157896e+00
1.208575757575756882e+01
3.189393939393937671e+00
1.710707070707068622e+00
4.178787878787885823e+00
3.878787878787880172e-02
9.114141414141425646e-01
6.768787878787884793e+00
4.948484848484853704e-01
4.817676767676768890e+00
2.238585858585863342e+00
8.300404040404043116e+00
0.000000000000000000e+00
2.343737373737369012e+00
2.082828282828283195e-01
5.639393939393935185e-01
7.896060606060602005e+00
4.730262626262626924e+01
1.541616161616160774e+01
9.706060606060589180e-01
3.939393939393939781e-02
1.940141414141414700e+01
1.988282828282827541e+00
3.542424242424245806e-01
3.334939393939394137e+01
1.569494949494949942e+00
1.752525252525255761e-01
2.523131313131317555e+00
2.822929292929289957e+00
9.090909090909080059e-02
2.327070707070706845e+00
1.554545454545456507e-01
4.243535353535353494e+00
0.000000000000000000e+00
2.671818181818178761e+00
1.161919191919189576e+00
1.554545454545456229e-01
1.838363636363635933e+01
1.287878787878785347e-01
1.096717171717171802e+01
1.697070707070709616e+00
2.036363636363636986e-01
3.800505050505047500e+00
0.000000000000000000e+00
3.992525252525251922e+00
1.081919191919193945e+00
1.143419191919191746e+02
2.434141414141410831e+00
2.116707070707070315e+01
1.188868686868687519e+01
2.143333333333332202e+00
8.555555555555562075e-02
2.770808080808082607e+00
5.404646464646471138e+00
3.036868686868683831e+00
3.119090909090913133e+00
2.521212121212118573e-01
3.597585858585856755e+01
1.440101010101012324e+00
2.036363636363635599e-01
3.671818181818180982e+00
2.477878787878792011e+00
3.103030303030299142e-01
9.610616161616160014e+01
3.506464646464649615e+00
1.940505050505054951e+00
5.936767676767669144e+00
2.738484848484848744e+00
3.468353535353534767e+01
4.878787878787879673e-02
6.777777777777770074e-02
2.382929292929291343e+00
1.704848484848483725e+00
7.483101010101010786e+01
2.645151515151518584e+00
1.604040404040401879e-01
1.890808080808077829e+00
3.986060606060605416e+00
1.979797979797979710e-02
7.781717171717168924e+00
9.282898989898990294e+01
1.292020202020202735e+00
3.348484848484851173e-01
3.319191919191923357e-01
1.247131313131312069e+01
1.990909090909089851e-01
1.243356565656565920e+02
4.797979797979803201e-02
6.384848484848495431e-01
1.999999999999990327e-02
2.979595959595963350e+00
2.815151515151515516e-01
2.939393939393944097e-02
1.346565656565655633e+00
3.418181818181816878e-01
7.073474747474752178e+01
2.818181818181823006e-01
2.337171717171712348e+00
2.810101010101004881e-01
2.654545454545449434e-01
1.666060606060603133e+00
3.474646464646466981e+00
3.501010101010103015e-01
6.127878787878793254e+00
1.307070707070708548e-01
3.019696969696971767e+00
2.327878787878793432e+00
7.407474747474750210e+00
2.538888888888883422e+00
6.439494949494950937e+00
1.045959595959595312e+00
5.696969696969712144e-02
1.331111111111109579e+00
2.500000000000001110e-01
5.606060606060614404e-01
8.124101010101010445e+01
7.688505050505052907e+01
1.478686868686869937e+00
3.052525252525258304e-01
1.859494949494952865e+00
7.238737373737373559e+01
4.377171717171714604e+00
3.848383838383838018e+00
4.366666666666662588e-01
2.384141414141416782e+00
3.925252525252534985e-01
2.844343434343434840e+00
1.121145454545455067e+02
3.570707070707079267e-01
1.433333333333333959e-01
3.760808080808082821e+00
7.384505050505049439e+01
1.979393939393942370e+00
4.514848484848485555e+00
2.233333333333338555e-01
6.599898989898986379e+00
2.266666666666661001e-01
0.000000000000000000e+00
2.354545454545459715e-01
3.980525252525252000e+01
7.364242424242417151e+00
1.446277777777777658e+02
2.939393939393944791e-02
6.584848484848475625e-01
2.696060606060602272e+00
2.355656565656561785e+00
1.616161616161617132e-01
2.296363636363636385e+00
2.294848484848480918e+00
3.222222222222228538e-01
1.413202020202021281e+01
3.878787878787880172e-02
4.202020202020199102e-01
3.762323232323232514e+00
3.878787878787880172e-02
4.123232323232320362e-01
1.769595959595957613e+00
2.959090909090904997e+00
1.898282828282827595e+01
1.154545454545454541e+00
3.391919191919197663e-01
2.461818181818187679e+00
3.783838383838392661e-01
1.878787878787881560e+00
8.617171717171704381e-01
0.000000000000000000e+00
2.095363636363635607e+01
2.297979797979792238e-01
2.479797979797984941e-01
0.000000000000000000e+00
1.723232323232321284e-01
2.939393939393943403e-02
2.069292929292932293e+00
2.091919191919190124e-01
5.457575757575764408e-01
1.490909090909092460e-01
2.577272727272730712e+00
2.110808080808078913e+00
3.718686868686865044e+00
2.724444444444441782e+00
4.644040404040400638e+00
3.675757575757578444e+00
4.745525252525250437e+01
9.330646464646463301e+01
2.875454545454544597e+00
2.328383838383843329e+00
2.061202020202021856e+01
2.160606060606057865e-01
6.044343434343435462e+00
9.999999999999965514e-03
5.149090909090902279e+00
1.428989898989897034e+00
0.000000000000000000e+00
2.809696969696966917e+00
2.855555555555551739e-01
3.878787878787880172e-02
7.260505050505047464e+00
5.812181818181817050e+01
3.181818181818174551e-01
1.429797979797977847e+00
2.755858585858587340e+00
5.402727272727269714e+00
1.641010101010101030e+00
1.910909090909088004e+00
3.343434343434347200e-01
2.076161616161614543e+00
1.616161616161617132e-01
1.826868686868690972e+00
4.970404040404039492e+00
1.664848484848484134e+00
2.882222222222216690e+00
5.064646464646460622e-01
2.527272727272731334e-01
2.923636363636367808e+00
2.616161616161619130e-01
9.826060606060602609e+00
8.681414141414149910e+00
2.050303030303023188e+00
6.830808080808085769e+00
1.357575757575757991e-01
3.781818181818174529e-01
2.737373737373734461e-01
2.402424242424241019e+00
3.641010101010101252e+00
1.088888888888891043e-01
3.289797979797973060e+00
2.693939393939394300e+00
1.088339393939393744e+02
2.040404040404039387e-01
1.447848484848485029e+01
1.852525252525255850e-01
3.475757575757573714e-01
1.332303030303029345e+01
4.230606060606053376e+00
2.052020202020200745e+00
2.682828282828285116e-01
6.079383838383837002e+01
4.555454545454546533e+00
2.730707070707065753e+00
2.500000000000001110e-01
3.446464646464655335e-01
9.943434343434353062e-01
3.721111111111107039e+00
1.203898989898988603e+01
0.000000000000000000e+00
1.088888888888890211e-01
1.260505050505051683e+00
1.648282828282829016e+00
3.070202020202020599e+00
7.485252525252522382e+00
4.983737373737383791e+00
2.136363636363634466e+00
4.412121212121202229e-01
0.000000000000000000e+00
2.939393939393944791e-02
3.566060606060606375e+00
2.958282828282830845e+00
3.890303030303036369e+00
1.485858585858582936e-01
3.033030303030305852e+00
1.249454545454545418e+01
3.695959595959599775e-01
3.456989898989900922e+01
3.345050505050508605e+00
4.717171717171712686e+00
1.946868686868690190e+00
8.099292929292932541e+00
2.956060606060611384e+00
9.999999999999953371e-03
2.095353535353531971e+00
4.078181818181813689e+00
1.754545454545452521e-01
2.668888888888894417e+00
1.162121212121210556e+00
3.723292929292928477e+01
7.376565656565651885e+00
1.618686868686865621e+00
1.657676767676770080e+00
1.045454545454547746e-01
2.266666666666661278e-01
6.575757575757587570e-02
2.015151515151513417e-01
2.266565656565658671e+00
4.725252525252536251e-01
6.497979797979812622e-01
1.921818181818178539e+00
1.859535353535352797e+01
2.819323232323231920e+01
1.737777777777780086e+00
9.999999999999998473e-03
1.490909090909092738e-01
2.185313131313131763e+01
1.380303030303032363e+00
3.006666666666669929e+00
3.398282828282829904e+00
2.979797979797976781e-02
1.387474747474748193e+00
2.040404040404039665e-01
6.777777777777765911e-02
2.046252525252524634e+01
3.160505050505050928e+00
2.193737373737377983e+00
4.076767676767680815e-01
3.965555555555558165e+00
3.133333333333336856e-01
3.927979797979793020e+00
8.663636363636356919e+00
2.214242424242429674e+00
2.306464646464647217e+00
1.066666666666669372e-01
2.704242424242428555e+00
1.552848484848484745e+01
2.447474747474743140e+00
1.249393939393939723e+00
0.000000000000000000e+00
2.563636363636357940e-01
1.691111111111114340e+00
4.077777777777775725e+00
1.238181818181816940e+00
1.733333333333332005e-01
9.186262626262625020e+00
5.748545454545455158e+01
4.660202020202017792e+00
4.861313131313131031e+00
5.267777777777771675e+00
1.265555555555552658e+00
2.403030303030307679e-01
8.194656565656568148e+01
6.968959595959594822e+01
1.887070707070704678e+00
2.088787878787879304e+00
4.301313131313134086e+00
3.290000000000004032e+00
3.087878787878786113e+00
1.315050505050502361e+00
0.000000000000000000e+00
1.457575757575757247e-01
2.484949494949490134e+00
1.943848484848484759e+01
3.921515151515154507e+00
5.636565656565660021e+01
2.319686868686868308e+01
1.292292929292928960e+01
1.333434343434341640e+00
1.607070707070709370e-01
3.567070707070708835e+00
1.896363636363632921e+00
0.000000000000000000e+00
9.268666666666663900e+01
1.077272727272725605e+00
9.166666666666661856e-01
1.002727272727271801e+00
3.026161616161616053e+00
1.716969696969693482e+00
2.689090909090909420e+00
4.813939393939397071e+00
4.878787878787904653e-02
0.000000000000000000e+00
4.916404040404042064e+01
2.064545454545456238e+00
5.615262626262625645e+01
3.025252525252520308e-01
2.045050505050507006e+00
0.000000000000000000e+00
3.273292929292929898e+01
0.000000000000000000e+00
1.244707070707069718e+01
0.000000000000000000e+00
5.121212121212129764e-01
3.112353535353537382e+01
2.402424242424240131e+00
2.676262626262624345e+00
8.355060606060608563e+01
3.551010101010101838e+00
4.056767676767679021e+00
1.724242424242423133e-01
2.691111111111107679e+00
5.797979797979806171e-02
3.641919191919188670e+00
2.703696969696970598e+01
2.143434343434342526e-01
3.207252525252524578e+01
1.236750505050504927e+02
1.688787878787876950e+00
0.000000000000000000e+00
3.720202020202025839e+00
5.275464646464646279e+01
4.787979797979787122e+00
1.567878787878790092e+00
5.446686868686870042e+01
1.979797979797979016e-02
1.552121212121208682e+00
3.939393939393939781e-02
2.949494949494943508e-01
6.932303030303030766e+01
2.197979797979799643e-01
1.227969696969696756e+01
7.056868686868691398e+00
3.106161616161615679e+00
1.492828282828282838e+00
3.627272727272736197e-01
3.700000000000005507e-01
1.141111111111112963e+00
6.660606060606053092e+00
2.814343434343435479e+00
2.671010101010099280e+00
1.357575757575757991e-01
1.030404040404039989e+00
1.285828282828283520e+01
4.909959595959595902e+01
2.072222222222224186e+00
1.011818181818182616e+00
3.630303030303029477e+00
8.434343434343438695e-02
9.826848484848481746e+01
2.484949494949493243e+00
1.275353535353533685e+00
5.823232323232316432e+00
1.437979797979800134e+00
2.400909090909091326e+00
4.569191919191919027e+00
2.043434343434342437e-01
4.393939393939386151e-01
9.999999999999949901e-03
5.413131313131317457e-01
4.420303030303033509e+00
1.048188888888888926e+02
7.861181818181816539e+01
2.782424242424246241e+00
3.093939393939386107e-01
2.423333333333328010e+00
2.148888888888893955e+00
3.035454545454545183e+00
2.622222222222224675e-01
4.268686868686870639e+00
9.999999999999960310e-03
6.140808080808082714e+00
2.846767676767676392e+00
1.964040404040406695e+00
2.284646464646459929e+00
4.837070707070710185e+00
3.283838383838379449e-01
9.804181818181815800e+01
2.832121212121216036e+00
9.148585858585859043e+00
2.612727272727270122e+00
3.438181818181814009e+00
1.741414141414143524e+00
2.377373737373743356e+00
1.735252525252525935e+00
1.245636363636362276e+01
1.579898989898991912e+00
2.857777777777776418e+00
3.150909090909089549e+00
9.595959595959606403e-02
6.255555555555544212e-01
8.612121212121206515e-01
3.808585858585856965e+00
2.235858585858585101e+00
4.849595959595958128e+00
2.233333333333338278e-01
9.090909090909073120e-02
2.807070707070707938e-01
0.000000000000000000e+00
9.554545454545452232e-01
2.939393939393942362e-02
4.652525252525242516e-01
2.419999999999998597e+00
3.187272727272727479e+00
1.788888888888891526e-01
1.943434343434342904e-01
1.087686868686867925e+01
1.980707070707067530e+00
1.441151515151515383e+01
5.696969696969703817e-02
9.999999999999989800e-03
2.882222222222216690e+00
1.785858585858581538e-01
2.939393939393943403e-02
1.598181818181817704e+00
5.829696969696968267e+00
1.999999999999996225e-02
2.596666666666668455e+00
2.824949494949493989e+00
4.337979797979794938e+00
1.387878787878792652e-01
2.131313131313135045e-01
