3.532828282828282429e+00
1.845252525252527809e+00
0.000000000000000000e+00
9.054545454545440686e-01
3.612828282828276283e+00
7.881818181818170954e-01
2.460606060606065904e-01
2.028181818181820528e+00
2.443434343434337797e-01
1.910505050505052926e+00
6.794252525252525743e+01
2.467676767676768856e-01
1.979797979797979016e-02
1.284848484848483796e+00
2.094747474747479021e+00
4.645757575757575530e+00
1.979797979797979710e-02
5.696969696969709368e-02
4.270121212121213006e+01
1.196565656565655056e+00
0.000000000000000000e+00
6.374747474747480824e-01
2.375151515151517678e+00
2.354545454545460270e-01
0.000000000000000000e+00
1.979797979797979363e-02
1.739696969696971962e+00
1.999999999999999695e-02
3.939393939393939781e-02
1.339393939393942468e+00
4.511515151515145483e+00
1.142424242424244507e-01
3.021212121212120683e-01
9.694949494949496316e-01
1.693030303030300665e+00
1.600404040404037609e+00
8.779626262626267419e+01
3.156777777777778127e+01
2.397979797979798156e-01
2.748888888888886051e+00
9.727676767676761926e+00
8.408080808080795610e-01
1.948888888888891557e+00
1.075757575757576801e+00
1.924343434343431136e+00
2.939393939393941668e-02
3.942424242424241165e-01
0.000000000000000000e+00
2.897171717171714622e+00
1.407373737373737121e+01
1.972020202020200452e+00
0.000000000000000000e+00
1.616161616161617132e-01
7.611111111111107386e-01
2.307979797979797354e+00
6.847474747474749934e-01
1.351212121212120643e+00
5.432323232323240658e-01
3.926262626262626565e+00
1.377070707070708000e+00
4.539131313131314016e+01
1.628383838383837601e+00
3.815818181818183064e+01
0.000000000000000000e+00
1.591515151515150883e+00
1.340404040404040154e-01
5.285959595959591972e+00
2.276565656565651352e+00
2.509090909090911370e-01
8.272727272727276038e-02
2.537272727272730233e+00
3.878787878787880172e-02
2.179292929292933945e+00
3.376060606060606872e+00
1.975757575757575990e-01
4.633444444444447186e+01
1.954646464646468296e+00
1.993434343434344447e+00
3.267989898989898023e+01
3.330303030303026768e-01
9.446464646464655113e-01
1.439393939393939892e+00
9.272727272727274150e-02
4.875858585858575012e+00
5.253131313131319757e+00
2.348383838383842903e+00
8.282828282828265110e-01
2.464747474747476463e+00
8.233333333333336945e-01
2.524242424242421623e-01
1.468686868686868985e-01
1.339595959595961894e+00
4.959595959595955450e-02
2.206161616161611772e+00
1.809595959595961423e+00
4.904040404040397871e-01
2.262525252525254160e+00
1.908787878787883363e+00
1.757676767676765062e+00
6.813434343434336427e+01
2.880101010101014047e+00
9.999999999999960310e-03
1.387878787878789599e-01
1.382535353535354261e+01
2.424242424242418481e-01
1.323838383838384702e+00
8.936363636363654495e-01
6.934343434343444024e-01
2.525252525252525415e-01
2.879393939393937174e+00
3.126262626262620858e-01
9.090909090909091161e-02
5.696969696969712144e-02
2.797070707070710149e+00
2.342929292929292195e+00
2.354545454545456107e-01
0.000000000000000000e+00
2.880606060606057284e+00
1.517373737373734599e+00
7.421717171717172157e+00
6.606666666666670906e+00
1.113838383838382295e+00
3.582828282828279254e-01
1.388383838383837388e+00
2.525454545454550281e+00
4.434343434343427925e-01
1.452727272727272645e+00
9.888888888888897055e-02
1.004141414141414401e+01
0.000000000000000000e+00
9.999999999999965514e-03
2.939393939393942709e-02
6.777777777777775625e-02
1.724646464646464761e+00
1.324646464646467958e+00
1.884464646464643423e+01
2.509090909090911925e-01
3.645555555555553884e+00
1.351818181818182474e+00
0.000000000000000000e+00
1.309393939393939554e+00
1.533636363636363242e+00
5.858585858585859535e-02
1.887777777777780441e+00
2.233333333333338278e-01
2.177171717171719756e+00
1.486767676767674518e+00
3.839393939393934696e-01
1.544848484848481140e+00
9.999999999999993269e-03
3.198585858585860198e+00
1.206565656565658395e+00
0.000000000000000000e+00
2.364242424242427809e+00
4.041515151515154614e+00
1.022121212121209544e+00
1.614040404040405940e+00
5.762020202020199378e+00
1.421313131313131972e+00
1.604040404040402434e-01
9.888888888888915096e-02
0.000000000000000000e+00
1.590909090909091994e-01
1.272585858585859597e+01
2.413636363636367577e+00
7.402666666666665662e+01
8.272727272727276038e-02
1.427171717171715315e+00
9.987676767676768819e+00
1.430202020202022251e+00
9.090909090909086998e-02
1.668080808080809385e+00
1.323535353535352010e+00
0.000000000000000000e+00
9.654545454545444549e-01
8.106565656565669187e+00
1.922323232323229769e+00
1.993939393939393456e-01
1.675757575757572948e-01
1.243030303030301598e+00
7.737373737373720584e-02
1.635454545454546604e+00
9.575757575757581908e-02
2.126262626262624078e+00
6.147474747474745982e-01
1.028080808080806152e+00
1.921212121212118262e+00
1.254949494949492816e+00
1.487575757575756441e+00
2.197979797979799643e-01
2.557373737373737743e+00
1.961313131313130009e+00
1.306060606060607920e+00
1.638888888888892614e+00
2.979797979797977822e-02
2.601111111111108265e+00
0.000000000000000000e+00
1.774343434343436998e+00
2.939393939393944791e-02
1.815767676767675809e+01
1.005272727272727096e+01
1.201010101010099973e+00
1.821212121212122115e-01
0.000000000000000000e+00
1.688181818181818672e+00
0.000000000000000000e+00
3.640404040404046970e+00
5.858585858585859535e-02
5.696969696969703817e-02
5.530303030303032052e-01
6.412999999999996703e+01
2.516161616161619041e-01
6.478787878787892751e-01
4.157575757575761588e-01
2.099191919191916167e+00
4.843010101010099788e+01
2.179898989898988404e+01
2.510606060606059842e+01
1.087070707070707520e+00
1.658888888888888413e+00
6.468686868686880365e-01
3.383838383838382313e-01
5.698888888888883564e+00
0.000000000000000000e+00
2.120121212121212295e+01
1.196060606060607823e+00
2.075555555555556708e+00
7.298989898989908243e-01
6.480909090909084291e+00
1.043939393939391724e+00
0.000000000000000000e+00
1.070101010101008887e+00
2.092020202020201669e+00
2.328383838383834892e+00
7.075959595959588455e+00
3.634848484848479888e+00
9.715858585858589080e+00
1.980000000000002869e+00
1.577171717171717669e+00
1.455959595959595454e+00
1.106565656565657196e+00
1.161111111111110539e+00
9.999999999999986330e-03
2.397979797979797600e-01
2.056666666666667087e+00
2.264545454545457304e+00
2.027464646464644105e+01
1.851717171717173871e+00
9.089898989898974602e-01
8.706060606060597173e-01
1.225353535353535417e+00
2.812424242424242049e+00
2.046464646464643822e-01
9.414141414141406761e-02
2.762626262626267648e-01
1.070888888888888779e+01
1.605555555555558511e+00
3.453131313131312830e+00
3.619999999999999218e+00
2.477373737373736340e+00
0.000000000000000000e+00
0.000000000000000000e+00
1.484747474747472928e+00
6.978484848484833414e+00
4.774323232323234123e+01
1.627676767676769609e+00
5.023232323232324603e+00
1.370606060606059939e+00
7.477777777777779855e-01
1.500505050505049676e+00
2.011111111111106187e+00
8.191818181818176114e+00
9.999999999999949901e-03
6.473131313131306186e+00
6.040404040404035585e-02
2.939393939393943403e-02
2.683636363636361377e+00
1.616161616161617132e-01
1.979797979797979016e-02
2.467979797979793055e+00
2.117575757575755890e+00
1.566393939393938872e+01
8.830303030303039424e-01
1.436666666666666758e+00
5.682525252525254977e+00
2.216969696969696368e+00
2.277969696969697821e+01
2.068181818181815235e+00
2.128686868686866074e+00
2.500000000000001110e-01
2.132727272727269252e+00
1.603131313131313007e+01
2.026767676767679216e+00
0.000000000000000000e+00
2.222626262626264726e+00
1.046363636363634830e+00
5.560303030303033189e+00
1.885858585858586067e-01
2.542525252525254409e+00
1.490909090909092460e-01
1.036868686868688494e+00
1.243434343434341560e+00
7.254545454545447969e-01
1.675353535353536039e+00
1.999999999999998307e-02
1.200202020202019382e+00
1.659595959595959458e-01
2.354545454545460548e-01
1.085959595959594237e+00
1.587777777777775512e+00
3.878787878787880172e-02
4.878787878787885224e-02
1.374444444444443469e+00
4.851515151515145008e-01
0.000000000000000000e+00
0.000000000000000000e+00
1.146969696969700303e+00
2.953333333333334032e+00
2.477171717171719134e+00
2.939393939393944444e-02
4.677171717171713539e+00
9.878787878787881338e-01
6.840606060606069683e+00
4.722626262626262061e+00
7.551010101010101394e+00
1.959898989898990251e+00
1.566898989898990102e+01
8.378787878787880006e-01
2.042828282828278219e+00
0.000000000000000000e+00
1.572626262626264593e+00
1.677777777777775148e+00
2.287171717171717855e+00
8.676767676767668802e-02
1.999797979797984349e+00
1.132727272727271250e+00
1.616161616161617132e-01
1.169595959595960855e+00
1.587272727272727169e+00
1.990909090909090684e-01
2.689191919191920466e+00
7.434343434343430868e-02
1.287878787878785347e-01
1.216161616161618442e-01
0.000000000000000000e+00
7.198767676767675994e+01
1.224444444444447555e+00
3.022898989898990862e+01
4.370707070707066655e-01
2.878484848484852865e+00
3.777676767676762637e+00
2.540000000000004476e+00
5.797979797979803396e-02
1.045858585858587375e+00
1.337373737373738214e-01
5.889898989898992632e+00
1.979797979797979363e-02
3.225050505050501393e+00
2.906565656565657907e+00
9.999999999999968983e-03
2.043434343434342437e-01
1.931313131313131815e-01
1.979797979797979363e-02
2.737373737373741678e-01
0.000000000000000000e+00
4.482828282828280053e-01
1.064040404040405452e+00
2.787878787878790288e+00
3.990393939393940315e+01
2.543434343434349820e-01
1.675757575757576834e-01
0.000000000000000000e+00
3.207070707070697191e-01
2.939393939393940974e-02
1.822323232323232567e+00
4.919191919191921725e-02
1.518686868686868863e+00
2.909090909090902843e-01
1.499292929292930898e+00
1.133838383838384534e+00
1.143858585858586885e+01
2.321414141414142041e+00
9.999999999999972453e-03
9.888888888888895667e-02
1.195353535353535390e+00
1.552424242424240930e+00
1.459292929292927310e+00
2.629696969696968090e+00
1.066666666666670066e-01
1.009868686868687071e+01
3.060030303030302434e+01
1.177373737373735851e+00
2.397979797979796768e-01
1.233535353535355039e+00
1.877272727272729202e+00
2.502525252525254817e+00
1.191414141414139927e+00
2.197979797979799643e-01
2.050404040404035122e+00
4.013939393939393696e+00
1.609999999999996101e+00
2.175555555555558129e+00
3.107171717171716452e+01
1.212020202020202220e+00
3.917969696969696258e+01
1.223737373737375789e+00
1.387373737373735594e+00
6.415555555555555678e+00
1.733535353535355261e+00
1.205151515151517971e+00
0.000000000000000000e+00
4.682222222222223174e+00
3.305050505050499132e-01
8.486868686868692668e-01
3.006888888888888545e+01
2.385252525252519185e+00
3.888898989898987679e+01
2.216464646464644694e+00
2.491919191919196308e-01
1.925757575757572448e+00
1.963434343434341312e+00
3.023737373737375833e+00
5.696969696969714919e-02
2.500000000000001110e-01
4.984545454545454390e+01
3.692020202020201758e+00
7.262525252525252384e+00
8.272727272727277426e-02
8.333333333333323711e-01
8.903030303030281534e-01
5.759494949494950333e+00
3.878787878787879478e-02
1.436363636363637564e-01
0.000000000000000000e+00
3.783232323232322170e+00
1.800505050505053717e+00
2.424242424242417648e-01
1.393686868686869573e+01
8.430303030303033518e-01
1.051515151515150237e-01
2.403030303030308235e-01
1.791616161616165437e+00
2.698888888888888893e+00
4.256343434343432364e+01
5.879090909090909811e+00
9.999999999999981126e-03
0.000000000000000000e+00
2.637373737373743809e-01
7.356161616161605465e+00
1.920303030303029956e+00
0.000000000000000000e+00
6.184848484848494143e-01
1.894545454545456975e+00
1.729191919191921167e+00
1.146060606060604226e+00
2.123636363636361324e+00
3.118787878787882661e+00
1.979797979797980556e+00
1.536363636363638596e+00
2.979797979797978516e-02
0.000000000000000000e+00
2.077373737373736873e+00
3.732323232323224715e-01
0.000000000000000000e+00
3.363636363636367532e-01
2.233333333333338278e-01
3.025252525252531410e-01
2.907474747474748877e+00
1.410101010101008079e+00
1.219696969696967503e+00
2.552525252525248978e-01
0.000000000000000000e+00
3.901010101010099484e-01
3.752626262626271192e+00
2.502424242424243772e+00
3.191010101010101963e+00
1.342525252525253565e+00
7.541414141414140015e-01
1.044040404040403214e+00
1.385757575757574855e+00
2.791414141414139127e+00
6.496595959595963166e+01
1.661212121212118920e+00
1.514545454545454417e+00
6.377777777777781099e-01
2.269797979797976595e+00
6.195757575757581570e+00
1.081111111111110468e+00
5.075757575757569029e-01
0.000000000000000000e+00
1.496868686868686460e+00
9.591919191919203724e-01
2.850101010101011578e+00
2.397979797979797045e-01
5.696969696969716307e-02
7.434343434343430868e-02
2.020101010101006178e+00
2.939393939393942362e-02
0.000000000000000000e+00
1.117373737373739351e+00
1.195868686868685948e+01
2.954141414141416178e+00
2.223424242424242081e+01
0.000000000000000000e+00
2.397979797979796768e-01
2.045353535353536589e+00
1.203030303030302867e-01
2.444343434343434041e+00
2.489090909090908799e+00
0.000000000000000000e+00
3.173131313131313025e+00
3.189323232323231139e+01
9.364646464646471102e-01
1.780404040404039767e+00
7.855151515151510999e+00
1.829090909090912653e+00
1.433131313131311035e+00
2.518888888888886513e+00
1.979797979797979016e-02
7.451515151515137880e-01
3.989292929292930889e+00
4.895959595959600841e-01
3.445151515151513966e+00
1.691515151515154081e+00
5.455656565656563650e+00
1.999999999999995531e-02
1.733232323232321015e+00
1.216161616161618025e-01
5.832323232323228801e-01
5.649595959595961503e+00
2.856272727272727252e+01
1.020828282828283129e+01
7.889898989898982418e-01
1.999999999999998307e-02
1.239676767676768421e+01
1.290404040404038888e+00
3.146464646464652293e-01
2.241646464646465020e+01
1.232727272727274004e+00
1.009090909090909621e-01
1.824747474747475895e+00
2.234444444444447342e+00
2.939393939393944444e-02
1.530606060606062524e+00
9.090909090909075896e-02
3.170303030303033953e+00
0.000000000000000000e+00
1.813131313131310929e+00
9.812121212121235336e-01
7.434343434343430868e-02
1.376636363636363214e+01
1.287878787878786180e-01
6.998282828282828660e+00
1.156161616161614614e+00
1.893939393939393923e-01
2.368585858585861459e+00
0.000000000000000000e+00
2.613434343434342555e+00
7.662626262626258677e-01
7.455505050505051656e+01
1.754646464646466120e+00
1.322646464646463826e+01
8.173333333333332007e+00
1.486262626262623288e+00
1.979797979797979363e-02
1.875757575757576179e+00
3.518585858585863591e+00
1.917171717171718415e+00
1.988080808080810336e+00
2.403030303030307957e-01
2.286888888888888260e+01
1.003737373737372707e+00
1.490909090909092460e-01
2.716565656565651743e+00
1.358989898989900302e+00
2.751515151515150914e-01
6.794323232323230854e+01
2.830909090909095482e+00
1.423838383838386124e+00
4.500404040404049510e+00
1.553030303030300097e+00
1.956060606060605522e+01
0.000000000000000000e+00
2.979797979797979210e-02
1.523232323232324603e+00
1.218080808080809430e+00
5.166424242424242408e+01
2.330707070707072059e+00
1.454545454545451422e-01
1.618686868686866287e+00
2.900404040404042760e+00
0.000000000000000000e+00
5.318787878787872181e+00
6.063373737373736816e+01
9.947474747474729373e-01
3.110101010101015140e-01
2.812121212121209135e-01
8.667575757575754380e+00
1.616161616161617132e-01
7.347171717171717376e+01
2.939393939393943056e-02
6.362626262626257523e-01
9.999999999999991535e-03
2.117070707070709989e+00
2.516161616161619596e-01
9.999999999999955105e-03
1.088585858585857213e+00
3.181818181818176217e-01
4.496272727272727820e+01
2.600000000000000644e-01
1.612020202020203019e+00
2.616161616161620240e-01
2.036363636363638652e-01
9.251515151515131707e-01
2.194141414141417723e+00
3.101010101010096554e-01
4.895151515151517252e+00
5.696969696969713531e-02
2.026868686868688929e+00
1.744848484848481984e+00
5.103232323232315792e+00
2.100505050505053095e+00
4.238686868686865949e+00
1.015555555555553990e+00
2.939393939393944097e-02
7.732323232323229378e-01
1.833333333333332926e-01
5.291919191919202126e-01
5.724181818181818926e+01
4.506131313131312055e+01
1.064545454545455350e+00
2.507070707070704341e-01
1.121515151515151132e+00
4.234121212121213063e+01
3.080202020202020385e+00
2.760303030303030258e+00
4.055555555555552805e-01
1.669393939393942095e+00
3.251515151515142477e-01
1.871010101010100124e+00
7.538252525252525515e+01
3.186868686868690737e-01
8.757575757575766784e-02
2.291919191919195686e+00
4.980555555555557135e+01
1.327070707070705069e+00
2.501313131313135596e+00
1.893939393939393923e-01
4.026767676767683213e+00
2.036363636363636709e-01
0.000000000000000000e+00
2.354545454545460270e-01
2.306010101010102176e+01
4.575656565656573527e+00
9.168444444444452301e+01
9.999999999999949901e-03
6.078787878787866861e-01
1.987878787878790687e+00
1.491515151515151461e+00
1.554545454545456507e-01
1.557474747474746346e+00
1.516262626262629309e+00
3.110101010101012364e-01
1.044303030303030511e+01
1.979797979797979016e-02
2.818181818181821341e-01
3.031919191919193235e+00
2.939393939393944444e-02
3.351515151515148117e-01
1.188282828282826387e+00
1.772828282828285973e+00
1.198727272727272286e+01
1.006969696969698846e+00
3.181818181818175106e-01
1.923131313131315245e+00
2.481818181818176428e-01
1.128383838383837823e+00
6.539393939393944866e-01
0.000000000000000000e+00
1.347262626262626206e+01
2.121212121212122381e-01
2.354545454545459715e-01
0.000000000000000000e+00
1.357575757575757991e-01
9.999999999999962044e-03
1.393333333333333313e+00
1.942424242424241887e-01
5.091919191919191956e-01
1.287878787878786180e-01
1.982828282828284161e+00
1.534646464646465924e+00
2.569898989898987018e+00
1.959494949494948512e+00
3.341616161616165481e+00
2.736464646464646044e+00
2.908111111111111313e+01
8.337474747474747971e+01
2.115454545454540813e+00
1.340101010101012236e+00
1.031707070707070883e+01
2.297979797979792516e-01
4.855959595959597586e+00
9.999999999999949901e-03
3.956262626262619708e+00
1.108080808080809554e+00
0.000000000000000000e+00
1.658585858585856165e+00
2.273737373737376444e-01
1.979797979797979363e-02
4.508585858585862027e+00
4.619000000000000483e+01
3.085858585858592962e-01
1.184646464646464281e+00
2.053131313131316915e+00
4.796666666666663303e+00
1.205050505050506482e+00
1.325959595959597781e+00
2.904040404040398871e-01
1.544949494949494628e+00
1.287878787878784514e-01
1.484848484848487082e+00
3.869797979797981125e+00
1.358484848484846186e+00
1.883434343434342351e+00
4.609090909090912125e-01
2.266666666666662389e-01
2.011616161616158305e+00
2.230303030303033285e-01
5.911515151515148503e+00
5.757171717171719827e+00
1.484545454545452836e+00
5.454040404040404688e+00
9.888888888888895667e-02
3.065656565656563748e-01
2.707070707070700633e-01
1.228888888888890030e+00
2.724949494949497009e+00
5.696969696969710062e-02
1.875656565656566688e+00
1.935151515151519508e+00
7.822161616161618269e+01
1.216161616161617887e-01
9.800606060606062542e+00
1.387878787878792652e-01
3.080808080808075666e-01
8.803333333333329236e+00
3.049797979797983949e+00
1.439191919191918023e+00
2.027272727272723118e-01
4.337757575757577655e+01
2.800101010101008203e+00
2.215959595959591688e+00
2.359595959595962300e-01
2.867676767676770599e-01
7.882828282828292510e-01
2.715252525252524585e+00
9.198787878787882732e+00
0.000000000000000000e+00
9.999999999999975922e-03
1.117373737373737130e+00
1.371717171717170780e+00
2.553838383838380022e+00
5.556363636363636616e+00
3.173434343434341276e+00
1.580808080808077998e+00
3.231313131313134912e-01
0.000000000000000000e+00
9.999999999999955105e-03
2.785050505050506331e+00
1.816363636363635070e+00
2.614242424242427809e+00
9.272727272727272763e-02
2.477070707070702760e+00
9.251919191919183660e+00
3.458585858585858652e-01
2.342979797979798207e+01
2.683232323232326966e+00
3.292020202020203623e+00
1.387272727272727879e+00
4.892727272727263710e+00
2.161515151515153832e+00
0.000000000000000000e+00
1.583333333333333259e+00
3.044040404040407655e+00
1.590909090909091994e-01
1.976666666666668126e+00
1.077878787878785438e+00
2.433707070707070486e+01
5.512525252525251496e+00
1.131515151515154027e+00
1.126565656565657214e+00
6.858585858585854178e-02
2.379797979797985685e-01
3.878787878787880172e-02
2.319191919191922191e-01
1.817777777777780379e+00
4.378787878787875343e-01
5.488888888888878714e-01
1.457676767676770568e+00
1.383989898989899814e+01
1.794191919191920448e+01
1.317777777777775272e+00
0.000000000000000000e+00
9.090909090909093937e-02
1.469969696969696749e+01
1.032727272727270718e+00
2.410404040404038106e+00
2.957474747474750032e+00
9.999999999999993269e-03
1.021515151515152597e+00
1.590909090909091994e-01
1.999999999999995878e-02
1.410858585858587055e+01
1.858888888888884594e+00
1.775656565656566821e+00
3.642424242424242009e-01
2.337272727272729611e+00
2.863636363636368198e-01
2.537777777777774357e+00
5.860000000000001208e+00
1.334848484848483396e+00
1.498383838383839040e+00
4.797979797979799732e-02
2.290303030303030507e+00
9.807171717171716097e+00
1.621616161616162177e+00
6.983838383838396613e-01
9.999999999999956840e-03
9.555555555555549085e-02
1.312929292929295944e+00
2.646666666666662060e+00
9.473737373737364242e-01
2.036363636363636986e-01
6.818888888888888999e+00
3.773202020202020179e+01
2.882323232323230400e+00
3.252525252525250377e+00
3.394545454545450092e+00
9.286868686868696710e-01
2.197979797979799643e-01
5.672414141414142108e+01
3.845646464646465290e+01
1.123838383838382526e+00
1.652323232323230640e+00
2.925151515151513948e+00
2.068484848484847038e+00
1.669292929292932826e+00
7.610101010101020247e-01
0.000000000000000000e+00
9.888888888888897055e-02
1.725656565656567221e+00
1.359050505050504398e+01
2.657878787878785065e+00
3.116141414141414145e+01
1.754121212121212636e+01
9.021010101010086046e+00
1.238282828282825765e+00
1.347474747474748935e-01
2.177777777777773593e+00
1.451313131313131999e+00
0.000000000000000000e+00
6.738686868686869502e+01
6.949494949494967599e-01
7.841414141414149164e-01
9.355555555555545855e-01
2.418383838383843631e+00
1.135656565656566919e+00
1.843030303030302575e+00
3.030909090909088999e+00
4.797979797979808059e-02
0.000000000000000000e+00
3.404747474747473035e+01
1.718181818181820031e+00
3.399979797979796814e+01
2.509090909090912480e-01
1.684747474747476881e+00
0.000000000000000000e+00
1.959949494949496440e+01
0.000000000000000000e+00
7.433434343434345060e+00
0.000000000000000000e+00
4.775757575757579310e-01
1.911909090909091447e+01
1.524646464646465249e+00
1.904949494949495614e+00
5.140595959595962228e+01
2.158484848484851781e+00
3.425252525252524549e+00
8.636363636363623975e-02
1.806363636363636171e+00
9.999999999999977657e-03
2.529595959595956955e+00
1.498444444444444024e+01
1.313131313131309652e-01
1.855181818181818088e+01
7.634404040404039904e+01
1.518686868686865976e+00
0.000000000000000000e+00
2.357373737373733125e+00
3.631303030303031676e+01
2.910606060606064194e+00
1.173737373737371525e+00
3.731868686868686780e+01
9.999999999999953371e-03
9.408080808080800939e-01
0.000000000000000000e+00
2.051515151515151680e-01
4.345272727272728730e+01
1.943434343434342904e-01
6.797373737373735736e+00
4.891111111111112741e+00
2.234242424242425695e+00
9.326262626262615818e-01
2.767676767676771621e-01
2.891919191919186116e-01
1.019292929292928251e+00
5.408787878787879144e+00
1.867373737373736464e+00
1.726060606060603408e+00
7.434343434343430868e-02
7.517171717171723389e-01
8.432121212121215237e+00
2.887464646464647089e+01
1.405151515151517483e+00
7.752525252525256372e-01
2.458484848484844498e+00
6.575757575757587570e-02
5.547585858585854623e+01
1.653232323232320500e+00
9.537373737373723293e-01
3.566262626262625801e+00
1.132727272727273915e+00
1.777777777777779011e+00
3.426666666666666305e+00
1.733333333333331450e-01
4.169696969696967126e-01
0.000000000000000000e+00
4.903030303030298520e-01
3.025353535353535239e+00
5.982080808080809931e+01
4.747464646464646876e+01
2.221212121212117641e+00
2.714141414141414410e-01
1.766060606060606331e+00
1.507171717171718717e+00
2.203737373737371108e+00
2.588888888888883355e-01
3.084343434343438606e+00
0.000000000000000000e+00
4.472222222222224097e+00
1.525757575757574536e+00
1.451717171717173738e+00
1.286565656565656246e+00
3.154747474747473746e+00
2.909090909090902843e-01
5.751878787878788302e+01
1.954040404040406687e+00
8.689393939393941224e+00
1.605858585858586096e+00
2.161515151515148059e+00
1.571212121212119284e+00
1.966262626262631041e+00
1.082323232323230799e+00
9.931212121212125155e+00
1.063030303030299439e+00
1.690303030303026866e+00
2.201414141414138381e+00
3.959595959595958031e-02
6.087878787878786557e-01
8.103030303030311909e-01
2.409494949494954685e+00
1.677070707070708266e+00
2.883838383838386310e+00
2.121212121212122381e-01
5.696969696969712144e-02
2.136363636363637353e-01
9.999999999999991535e-03
7.227272727272725517e-01
9.999999999999981126e-03
3.957575757575762521e-01
1.734848484848487082e+00
2.427676767676764769e+00
1.357575757575757991e-01
1.842424242424241798e-01
6.552929292929290384e+00
1.379797979797979357e+00
1.065858585858585883e+01
4.797979797979797650e-02
0.000000000000000000e+00
1.659696969696969449e+00
9.090909090909084223e-02
9.999999999999991535e-03
1.109393939393940709e+00
3.775454545454545396e+00
1.999999999999995878e-02
1.812626262626259921e+00
2.077474747474751471e+00
3.420808080808081186e+00
9.888888888888908157e-02
1.331313131313131282e-01
