4.506868686868688023e+00
2.047070707070709705e+00
0.000000000000000000e+00
1.032121212121213327e+00
4.776363636363636367e+00
8.568686868686866687e-01
2.509090909090911370e-01
2.968080808080802768e+00
2.297979797979792238e-01
2.908282828282825694e+00
8.631505050505050747e+01
2.685858585858582614e-01
9.999999999999949901e-03
1.540000000000002478e+00
2.493939393939391014e+00
5.771616161616159424e+00
1.999999999999996919e-02
1.142424242424244785e-01
4.752686868686869559e+01
1.151010101010099707e+00
0.000000000000000000e+00
9.958585858585843331e-01
2.774040404040405861e+00
2.354545454545460548e-01
0.000000000000000000e+00
6.575757575757584794e-02
2.352424242424238088e+00
4.939393939393937893e-02
3.959595959595958031e-02
1.407979797979796333e+00
6.758080808080817015e+00
1.590909090909091994e-01
3.744444444444447462e-01
1.117070707070707769e+00
2.025656565656568375e+00
1.931919191919191148e+00
8.531808080808079353e+01
4.160949494949495886e+01
2.622222222222224675e-01
3.398787878787877137e+00
1.224393939393938879e+01
9.843434343434337430e-01
2.535757575757580984e+00
1.319494949494949054e+00
2.581717171717169634e+00
1.979797979797979710e-02
3.585858585858582859e-01
0.000000000000000000e+00
3.620404040404040735e+00
2.163383838383837343e+01
2.495454545454546036e+00
0.000000000000000000e+00
1.554545454545456507e-01
9.830303030303038092e-01
2.946363636363640293e+00
7.573737373737376988e-01
1.683838383838381247e+00
6.345454545454536355e-01
4.940404040404041019e+00
1.819090909090911090e+00
5.510565656565658088e+01
1.714242424242428120e+00
3.847040404040406258e+01
0.000000000000000000e+00
2.258484848484845209e+00
1.651515151515149382e-01
6.574040404040399466e+00
2.365858585858579666e+00
2.521212121212118573e-01
1.142424242424244091e-01
3.405151515151513930e+00
8.272727272727277426e-02
2.307474747474751897e+00
3.831717171717169634e+00
2.131313131313134213e-01
5.652686868686872401e+01
2.692626262626255151e+00
2.112525252525254249e+00
4.022636363636364365e+01
3.395959595959600064e-01
1.213232323232324994e+00
1.706060606060603835e+00
1.109090909090912902e-01
7.075454545454539002e+00
7.137575757575760349e+00
2.892828282828279196e+00
1.175252525252527880e+00
3.213838383838380164e+00
1.039292929292930934e+00
2.495959595959599264e-01
1.897979797979797156e-01
1.799393939393938435e+00
3.959595959595958725e-02
2.679797979797977625e+00
1.975959595959597248e+00
4.964646464646456092e-01
2.871414141414141863e+00
2.153333333333334654e+00
1.911717171717168817e+00
8.355898989898992113e+01
3.899696969696961002e+00
9.999999999999960310e-03
1.510101010101013164e-01
1.746040404040405747e+01
2.609090909090912569e-01
1.645656565656566706e+00
1.224040404040406260e+00
1.035454545454544073e+00
2.525252525252525415e-01
3.392222222222224470e+00
3.400000000000004685e-01
8.272727272727276038e-02
7.434343434343430868e-02
3.365555555555552747e+00
2.502525252525248600e+00
3.373737373737377143e-01
0.000000000000000000e+00
3.576767676767677706e+00
1.767575757575758022e+00
9.711111111111110361e+00
7.795858585858582046e+00
1.457676767676767904e+00
3.412121212121217995e-01
1.739696969696973072e+00
3.100101010101006249e+00
4.348484848484847620e-01
1.638888888888891282e+00
1.066666666666669094e-01
1.050545454545454582e+01
1.999999999999992409e-02
9.999999999999965514e-03
4.797979797979805283e-02
1.093939393939394600e-01
2.270202020202025217e+00
1.282323232323234530e+00
2.316929292929292217e+01
2.509090909090911925e-01
4.416565656565659026e+00
1.635555555555552765e+00
0.000000000000000000e+00
1.515757575757574527e+00
1.943434343434344846e+00
7.737373737373731686e-02
2.576161616161611878e+00
2.297979797979792516e-01
2.822929292929295286e+00
1.669797979797979837e+00
3.703030303030306891e-01
2.136969696969700294e+00
3.939393939393939087e-02
3.284949494949495286e+00
1.285454545454546738e+00
0.000000000000000000e+00
2.821414141414140708e+00
5.094141414141409641e+00
1.173939393939396281e+00
1.867676767676768934e+00
6.647070707070708906e+00
1.459494949494949845e+00
1.468686868686866209e-01
9.090909090909075896e-02
0.000000000000000000e+00
1.888888888888889672e-01
1.974070707070708508e+01
2.641111111111114962e+00
8.172878787878786966e+01
1.357575757575757991e-01
1.725555555555559062e+00
1.270656565656565284e+01
1.603131313131315183e+00
1.186868686868687295e-01
2.036464646464645423e+00
1.602424242424240530e+00
0.000000000000000000e+00
1.116060606060607752e+00
1.041313131313132345e+01
2.304444444444441853e+00
2.478787878787877264e-01
1.905050505050503440e-01
1.339595959595958119e+00
1.237373737373739235e-01
1.759393939393937956e+00
1.155555555555553560e-01
2.815151515151513184e+00
1.028080808080808817e+00
1.186060606060607592e+00
2.300000000000000266e+00
1.616565656565654985e+00
1.948888888888888227e+00
2.424242424242418481e-01
3.045959595959599309e+00
2.375252525252521174e+00
1.650404040404038764e+00
1.886969696969700960e+00
3.939393939393939781e-02
2.926666666666668970e+00
0.000000000000000000e+00
2.253939393939395686e+00
6.797979797979801508e-02
2.475909090909089727e+01
1.338363636363635933e+01
1.347676767676766474e+00
2.224242424242427185e-01
0.000000000000000000e+00
2.186767676767677582e+00
0.000000000000000000e+00
4.247373737373731473e+00
5.797979797979802702e-02
1.066666666666667984e-01
5.069696969696976252e-01
8.375020202020201054e+01
2.521212121212118573e-01
8.649494949494960228e-01
4.382828282828274413e-01
2.815353535353539716e+00
6.588828282828282568e+01
2.689818181818181841e+01
2.831575757575756569e+01
1.250808080808082146e+00
1.949494949494943397e+00
6.336363636363639973e-01
3.296969696969688224e-01
6.151010101010112585e+00
0.000000000000000000e+00
2.797676767676768250e+01
1.287979797979798890e+00
3.064444444444445192e+00
8.276767676767688986e-01
8.254848484848489321e+00
1.182626262626265357e+00
0.000000000000000000e+00
1.294040404040406100e+00
2.518585858585856485e+00
3.508484848484843432e+00
8.049191919191917677e+00
4.255252525252529061e+00
1.043000000000000327e+01
2.095454545454543460e+00
2.047575757575755606e+00
1.525151515151515813e+00
1.343737373737375007e+00
1.127171717171720156e+00
1.979797979797979710e-02
2.234343434343434853e-01
2.335959595959593127e+00
2.945353535353536945e+00
2.478565656565657349e+01
2.497878787878794249e+00
1.039393939393937094e+00
1.106565656565655198e+00
1.480707070707073303e+00
3.372323232323235942e+00
2.216161616161614056e-01
1.121212121212120105e-01
2.858585858585857009e-01
1.157434343434344548e+01
1.781414141414143337e+00
4.111313131313137248e+00
4.717474747474748931e+00
2.907676767676771856e+00
0.000000000000000000e+00
0.000000000000000000e+00
1.990404040404044173e+00
8.396868686868689480e+00
5.337414141414141255e+01
2.134848484848490102e+00
6.538080808080814599e+00
1.869191919191922846e+00
8.012121212121200431e-01
2.046666666666666412e+00
2.256464646464648727e+00
7.961010101010104201e+00
1.979797979797979016e-02
8.270606060606054299e+00
5.040404040404038166e-02
2.939393939393943403e-02
3.488383838383832813e+00
1.616161616161617132e-01
5.696969696969713531e-02
2.932020202020202859e+00
2.549696969696963578e+00
2.023292929292929543e+01
1.277878787878787392e+00
1.630909090909090642e+00
7.112828282828282056e+00
2.512525252525254160e+00
2.803646464646464409e+01
2.493838383838387074e+00
2.059191919191918796e+00
2.516161616161619041e-01
2.513232323232319487e+00
1.693414141414141127e+01
2.386262626262626085e+00
0.000000000000000000e+00
2.415959595959592310e+00
1.313030303030301660e+00
7.461717171717169528e+00
1.959595959595958614e-01
2.585252525252528688e+00
1.842424242424241798e-01
1.319696969696971367e+00
1.309696969696966695e+00
7.506060606060609430e-01
2.117070707070702440e+00
3.979797979797979057e-02
1.449999999999999512e+00
2.483838383838385677e-01
2.403030303030307957e-01
1.227373737373736784e+00
1.879494949494947997e+00
9.090909090909086998e-02
1.009090909090910870e-01
1.471818181818184579e+00
4.895959595959599175e-01
0.000000000000000000e+00
0.000000000000000000e+00
1.489292929292929779e+00
3.303636363636365925e+00
3.145252525252521636e+00
4.878787878787898408e-02
5.693030303030303330e+00
1.204747474747473346e+00
7.769696969696968658e+00
5.775151515151508264e+00
9.130404040404039634e+00
2.179191919191917126e+00
1.735939393939395359e+01
9.182828282828291444e-01
2.326363636363642406e+00
0.000000000000000000e+00
1.997373737373733915e+00
2.287979797979800889e+00
2.838787878787879748e+00
7.757575757575760345e-02
2.510101010101012609e+00
1.190505050505049400e+00
1.943434343434342904e-01
1.266565656565658449e+00
1.727575757575758653e+00
1.943434343434342904e-01
3.208383838383836117e+00
7.434343434343430868e-02
1.490909090909092460e-01
1.142424242424244507e-01
0.000000000000000000e+00
9.218696969696966903e+01
1.301111111111109775e+00
3.014414141414143344e+01
4.370707070707066655e-01
3.575757575757573026e+00
4.827272727272728048e+00
2.703838383838382597e+00
1.009090909090911564e-01
9.670707070707064146e-01
1.163636363636361970e-01
9.061212121212125936e+00
4.797979797979804589e-02
3.934545454545447463e+00
3.708181818181820244e+00
1.979797979797979363e-02
2.136363636363637075e-01
2.136363636363635965e-01
9.999999999999965514e-03
2.852525252525250909e-01
0.000000000000000000e+00
4.669696969696963684e-01
1.339595959595961672e+00
4.047676767676764875e+00
5.187333333333334906e+01
2.560606060606065992e-01
1.616161616161617132e-01
0.000000000000000000e+00
3.125252525252529834e-01
4.797979797979799732e-02
2.469494949494954739e+00
5.878787878787884724e-02
1.492020202020202913e+00
3.090909090909094714e-01
1.717878787878786895e+00
1.326161616161614987e+00
1.204555555555555557e+01
2.775151515151518478e+00
9.999999999999972453e-03
1.142424242424243674e-01
1.367979797979796963e+00
1.888787878787875130e+00
1.648787878787879357e+00
2.908484848484854002e+00
1.425252525252528879e-01
1.366010101010101074e+01
3.497919191919192627e+01
1.411111111111113203e+00
2.923232323232317076e-01
1.357373737373735345e+00
2.207474747474751808e+00
3.007171717171717162e+00
1.302929292929294158e+00
2.197979797979799643e-01
1.899797979797979153e+00
5.181717171717171055e+00
1.807575757575756059e+00
2.788585858585856947e+00
4.046161616161616337e+01
1.485555555555554630e+00
4.927171717171719223e+01
1.601818181818183140e+00
1.589393939393937805e+00
7.915454545454543300e+00
2.038585858585860944e+00
1.262020202020199378e+00
0.000000000000000000e+00
5.931111111111108336e+00
4.058585858585853634e-01
1.272525252525254391e+00
3.423747474747477071e+01
3.101616161616162159e+00
4.415525252525251432e+01
2.796666666666663748e+00
2.746464646464641390e-01
2.744444444444443576e+00
2.316565656565651832e+00
3.708888888888888236e+00
1.414141414141412145e-01
2.616161616161620240e-01
5.983131313131313078e+01
4.512525252525258601e+00
8.699999999999995737e+00
9.888888888888890116e-02
8.798989898989892922e-01
1.161515151515148059e+00
6.810404040404042014e+00
8.272727272727277426e-02
1.937373737373735971e-01
0.000000000000000000e+00
5.196666666666665435e+00
2.060101010101011987e+00
2.606060606060604523e-01
1.870959595959597621e+01
8.862626262626261964e-01
1.983838383838384956e-01
2.460606060606066736e-01
1.908585858585862383e+00
3.268787878787881684e+00
4.993191919191919226e+01
7.506464646464653612e+00
6.575757575757587570e-02
0.000000000000000000e+00
2.932323232323238438e-01
8.797373737373739289e+00
2.412424242424245246e+00
0.000000000000000000e+00
5.833333333333343695e-01
2.682222222222219621e+00
2.197474747474749801e+00
1.504545454545452632e+00
2.579595959595957666e+00
3.717373737373736109e+00
2.555959595959594655e+00
1.911818181818184526e+00
4.797979797979808059e-02
0.000000000000000000e+00
2.476565656565651974e+00
4.192929292929288287e-01
0.000000000000000000e+00
3.493939393939399229e-01
2.079797979797981256e-01
3.434343434343433143e-01
3.562020202020200088e+00
1.695959595959594113e+00
1.387777777777776445e+00
2.859595959595963577e-01
0.000000000000000000e+00
3.934343434343425816e-01
4.546969696969698660e+00
2.419292929292925276e+00
4.148686868686866092e+00
1.512626262626261875e+00
9.029292929292944692e-01
1.241010101010103339e+00
1.763333333333336972e+00
3.014747474747474509e+00
6.799828282828283932e+01
1.847373737373738667e+00
1.835757575757576809e+00
6.702020202020201323e-01
3.639797979797982919e+00
7.310202020202020812e+00
1.307777777777776373e+00
5.505050505050500531e-01
0.000000000000000000e+00
1.873737373737376144e+00
1.153535353535354746e+00
3.475858585858584870e+00
2.354545454545460270e-01
4.797979797979803201e-02
1.242424242424243208e-01
2.581111111111114464e+00
3.878787878787879478e-02
9.999999999999951636e-03
1.288383838383834856e+00
1.335414141414142364e+01
3.138484848484849543e+00
2.608505050505052481e+01
0.000000000000000000e+00
2.622222222222225785e-01
2.400202020202017561e+00
1.622222222222219901e-01
2.847070707070708195e+00
2.628282828282831218e+00
0.000000000000000000e+00
4.223232323232321228e+00
3.925969696969696088e+01
8.583838383838392483e-01
1.976464646464645813e+00
9.296767676767673905e+00
2.819595959595956991e+00
1.741717171717172663e+00
2.986565656565657978e+00
4.797979797979805283e-02
8.128282828282837880e-01
5.868989898989894094e+00
4.901010101010097042e-01
3.976565656565657303e+00
2.197171717171716221e+00
5.984949494949498572e+00
9.999999999999975922e-03
1.929494949494953593e+00
2.063636363636363602e-01
5.534343434343428347e-01
5.958787878787883407e+00
3.531737373737372110e+01
1.353525252525252043e+01
8.091919191919194621e-01
3.939393939393939781e-02
1.586515151515151878e+01
1.647777777777780228e+00
3.316161616161617531e-01
2.824626262626261664e+01
1.395858585858585466e+00
1.414141414141412145e-01
1.952626262626261822e+00
2.508181818181824063e+00
6.575757575757588957e-02
1.724646464646466537e+00
9.888888888888902606e-02
3.629797979797978247e+00
0.000000000000000000e+00
2.279696969696974662e+00
1.146060606060609333e+00
1.088888888888889656e-01
1.431171717171716651e+01
1.216161616161618164e-01
9.098080808080812432e+00
1.416161616161614623e+00
1.893939393939393923e-01
3.176868686868684399e+00
0.000000000000000000e+00
3.281414141414145558e+00
8.704040404040404022e-01
8.678575757575761429e+01
2.116161616161613246e+00
1.684909090909090779e+01
1.113070707070707499e+01
1.903131313131316338e+00
1.979797979797979016e-02
2.202020202020203321e+00
4.397777777777783115e+00
2.129191919191922189e+00
2.392222222222224470e+00
2.379797979797985685e-01
2.832181818181817690e+01
1.231313131313130249e+00
1.842424242424241798e-01
2.879090909090911143e+00
1.841111111111109588e+00
3.159595959595964954e-01
7.637575757575758928e+01
2.926161616161619961e+00
1.716565656565656184e+00
5.718585858585858439e+00
2.320202020202017046e+00
2.418939393939393412e+01
0.000000000000000000e+00
6.696969696969701236e-02
1.907676767676766971e+00
1.698888888888885784e+00
5.806484848484846850e+01
2.215151515151516648e+00
1.905050505050503995e-01
1.829898989898988138e+00
3.283131313131313789e+00
0.000000000000000000e+00
6.249292929292931120e+00
7.497121212121213318e+01
1.247171717171719152e+00
3.675757575757572782e-01
2.831313131313125675e-01
1.016313131313132168e+01
1.842424242424241798e-01
1.012940404040403735e+02
5.797979797979803396e-02
5.603030303030310799e-01
1.999999999999998307e-02
2.436262626262629016e+00
2.810101010101004881e-01
9.999999999999991535e-03
1.348989898989899627e+00
3.232323232323227047e-01
5.832030303030300900e+01
2.624242424242423377e-01
2.147979797979796768e+00
2.848484848484852949e-01
2.179797979797982732e-01
1.368383838383836704e+00
2.910909090909093333e+00
3.343434343434348865e-01
6.205959595959598118e+00
8.434343434343435919e-02
2.421717171717168160e+00
2.213232323232320997e+00
5.983737373737368692e+00
2.307373737373739520e+00
5.161010101010096385e+00
1.049494949494949703e+00
5.696969696969710756e-02
1.017979797979795986e+00
2.188888888888894380e-01
5.312121212121221348e-01
7.206949494949493840e+01
6.064141414141412412e+01
1.462424242424241072e+00
2.690909090909092694e-01
1.493333333333333179e+00
6.255252525252524975e+01
3.614040404040408827e+00
3.156262626262630100e+00
3.756565656565660771e-01
2.017777777777774340e+00
3.855555555555554292e-01
2.311818181818181106e+00
9.914898989898989612e+01
3.337373737373739990e-01
9.737373737373707094e-02
3.265757575757577413e+00
6.075717171717170828e+01
1.349898989898988821e+00
3.611111111111117378e+00
2.036363636363636709e-01
5.662121212121212999e+00
2.233333333333338555e-01
0.000000000000000000e+00
2.197979797979799643e-01
3.065090909090909577e+01
5.956161616161618433e+00
1.177622222222222064e+02
1.979797979797979016e-02
6.297979797979813554e-01
2.309696969696966917e+00
1.838989898989899396e+00
1.788888888888890139e-01
1.853737373737373240e+00
1.737979797979797736e+00
3.068686868686872904e-01
1.371949494949494763e+01
3.878787878787880172e-02
3.675757575757575002e-01
3.263333333333336306e+00
3.878787878787880172e-02
3.598989898989898295e-01
1.368282828282827879e+00
2.082424242424245620e+00
1.508565656565655466e+01
1.128787878787877341e+00
3.333333333333325377e-01
2.633434343434348790e+00
3.053535353535362096e-01
1.623535353535350945e+00
8.491919191919187204e-01
0.000000000000000000e+00
1.787424242424241783e+01
2.266666666666662389e-01
2.424242424242418759e-01
0.000000000000000000e+00
1.425252525252529157e-01
2.939393939393943403e-02
1.686868686868689737e+00
1.931313131313131815e-01
6.112121212121200964e-01
1.287878787878785347e-01
2.156565656565657463e+00
1.786464646464644535e+00
3.460505050505052527e+00
2.372323232323231945e+00
4.205555555555552161e+00
3.164747474747474865e+00
3.684323232323232133e+01
8.971353535353533459e+01
2.521818181818185067e+00
1.925151515151513726e+00
1.474363636363635877e+01
2.121212121212122381e-01
5.131616161616157967e+00
0.000000000000000000e+00
4.049090909090904411e+00
1.302121212121209792e+00
0.000000000000000000e+00
2.052626262626263465e+00
2.381818181818184110e-01
3.878787878787880172e-02
5.383737373737372600e+00
5.318474747474747488e+01
3.214141414141410413e-01
1.326262626262628475e+00
2.190909090909091361e+00
5.325858585858592953e+00
1.419696969696969013e+00
1.697878787878788431e+00
3.106060606060601081e-01
1.803535353535351549e+00
1.425252525252528879e-01
1.576666666666666439e+00
4.157373737373736944e+00
1.408787878787877146e+00
2.249191919191924072e+00
5.121212121212125323e-01
2.327272727272732267e-01
2.663535353535355199e+00
2.686868686868692513e-01
7.314040404040407672e+00
6.034646464646463038e+00
1.649595959595964167e+00
7.099898989898989043e+00
1.066666666666667984e-01
3.291919191919185916e-01
2.621212121212116997e-01
2.042727272727274723e+00
3.294848484848481807e+00
8.272727272727277426e-02
2.590101010101013568e+00
2.005656565656568358e+00
9.729000000000000625e+01
1.490909090909092460e-01
1.141313131313131102e+01
1.819191919191921192e-01
4.178787878787882937e-01
1.160222222222221689e+01
3.827676767676773562e+00
1.846262626262621609e+00
3.010101010101016161e-01
5.788717171717171794e+01
3.330808080808078664e+00
2.670808080808083407e+00
2.900000000000005351e-01
3.154545454545451544e-01
8.555555555555544034e-01
3.130808080808084704e+00
1.080666666666667197e+01
0.000000000000000000e+00
5.696969696969707286e-02
1.310909090909089691e+00
1.523838383838383770e+00
3.098181818181815039e+00
7.107272727272726520e+00
4.417979797979797674e+00
1.997878787878792473e+00
3.533333333333331105e-01
0.000000000000000000e+00
0.000000000000000000e+00
3.368686868686867619e+00
2.311818181818186435e+00
3.170808080808077190e+00
1.166666666666667657e-01
2.896868686868680598e+00
1.158414141414141874e+01
3.878787878787881560e-01
2.993515151515151729e+01
2.639595959595957275e+00
4.204242424242423226e+00
1.731212121212117427e+00
6.154545454545447214e+00
2.307777777777778816e+00
9.999999999999953371e-03
1.825252525252528235e+00
3.449999999999998401e+00
1.525252525252528690e-01
2.194848484848487491e+00
1.075959595959598447e+00
2.856747474747473348e+01
6.436161616161602872e+00
1.567272727272724042e+00
1.323434343434344962e+00
5.858585858585859535e-02
2.354545454545460548e-01
4.797979797979797650e-02
2.221212121212126911e-01
2.224444444444440894e+00
4.272727272727274705e-01
5.405050505050518206e-01
1.757373737373738365e+00
1.557808080808080753e+01
2.185484848484848186e+01
1.337575757575757196e+00
0.000000000000000000e+00
1.287878787878784237e-01
1.743989898989899956e+01
1.087777777777778176e+00
2.944141414141417723e+00
3.295555555555554683e+00
9.999999999999995004e-03
1.240808080808081471e+00
1.490909090909092460e-01
2.979797979797977822e-02
1.724696969696970683e+01
2.527171717171712739e+00
2.177575757575761273e+00
3.951515151515148649e-01
2.954949494949495215e+00
3.270707070707071229e-01
3.159393939393937423e+00
7.215252525252529026e+00
1.837373737373734883e+00
1.954949494949492328e+00
8.272727272727277426e-02
2.177272727272723696e+00
1.214171717171717191e+01
2.104141414141411204e+00
9.460606060606070455e-01
0.000000000000000000e+00
2.134343434343436430e-01
1.604747474747470815e+00
3.127171717171714604e+00
1.060101010101009544e+00
1.943434343434342904e-01
6.886262626262617204e+00
4.552151515151513195e+01
3.528181818181815643e+00
4.187777777777778709e+00
4.289999999999995595e+00
1.159696969696968338e+00
2.424242424242418481e-01
6.984383838383837428e+01
5.038141414141415453e+01
1.559898989898987898e+00
1.882929292929292675e+00
3.785959595959595525e+00
2.559292929292934726e+00
2.585757575757575033e+00
9.776767676767686988e-01
0.000000000000000000e+00
1.066666666666668400e-01
2.339292929292924317e+00
1.811060606060606304e+01
3.277373737373742379e+00
4.162868686868686297e+01
2.055060606060605721e+01
1.130262626262626924e+01
1.299191919191921007e+00
1.437373737373741356e-01
2.890707070707073001e+00
1.573535353535355785e+00
0.000000000000000000e+00
7.211979797979796558e+01
7.694949494949481217e-01
8.459595959595958004e-01
1.176060606060607361e+00
3.487878787878784692e+00
1.393737373737370833e+00
2.286363636363637042e+00
3.588484848484850165e+00
7.676767676767662363e-02
0.000000000000000000e+00
4.490373737373737839e+01
1.944040404040406678e+00
4.409474747474748568e+01
2.746464646464640280e-01
1.848686868686872042e+00
0.000000000000000000e+00
2.766494949494948941e+01
0.000000000000000000e+00
1.018454545454546079e+01
0.000000000000000000e+00
5.052525252525243982e-01
2.061515151515152411e+01
2.258787878787875236e+00
2.372121212121211187e+00
6.229161616161615456e+01
2.809191919191918796e+00
3.278686868686865985e+00
1.045454545454546080e-01
2.270101010101007510e+00
3.878787878787880172e-02
3.197979797979797034e+00
1.885252525252525757e+01
1.799999999999997435e-01
2.602373737373736873e+01
1.014918181818182177e+02
1.905353535353540684e+00
0.000000000000000000e+00
3.221313131313134459e+00
4.438424242424244426e+01
3.638181818181824401e+00
1.265252525252523297e+00
4.147141414141412952e+01
1.979797979797979016e-02
1.196565656565658609e+00
1.999999999999996225e-02
2.842424242424246850e-01
5.601313131313132487e+01
2.036363636363636709e-01
8.965555555555557277e+00
5.736363636363633667e+00
3.157272727272733448e+00
1.176565656565654372e+00
3.312121212121211244e-01
3.332323232323229911e-01
1.202525252525254773e+00
6.331414141414138719e+00
2.412727272727268168e+00
2.379191919191920856e+00
1.357575757575757991e-01
7.933333333333341120e-01
1.161434343434343219e+01
4.039252525252525317e+01
1.805555555555554692e+00
1.069393939393941340e+00
3.181616161616160010e+00
7.434343434343430868e-02
6.692060606060604755e+01
2.089797979797976879e+00
1.142020202020204600e+00
5.212020202020201332e+00
1.328787878787877963e+00
2.129999999999995897e+00
3.810808080808081311e+00
1.893939393939393923e-01
4.416161616161617953e-01
0.000000000000000000e+00
4.858585858585858230e-01
3.708585858585857320e+00
7.721454545454545837e+01
5.276868686868687064e+01
2.389292929292928580e+00
2.707070707070700633e-01
2.240202020202023636e+00
1.856565656565659861e+00
2.674545454545457890e+00
2.503030303030307491e-01
3.204646464646460746e+00
0.000000000000000000e+00
5.256666666666668597e+00
2.102828282828286710e+00
1.751414141414139536e+00
1.758181818181816514e+00
3.707373737373733213e+00
3.252525252525257926e-01
8.170121212121213716e+01
2.567575757575752959e+00
8.974747474747474030e+00
1.740808080808076808e+00
2.691313131313128437e+00
1.565050505050504137e+00
2.237777777777773203e+00
1.291616161616159442e+00
1.239595959595959407e+01
1.318181818181817677e+00
1.926666666666666972e+00
2.550606060606065206e+00
6.818181818181824616e-02
6.601010101010095221e-01
9.393939393939407800e-01
3.338383838383835567e+00
2.146969696969695196e+00
3.906464646464648638e+00
1.943434343434342904e-01
8.272727272727277426e-02
2.233333333333338555e-01
0.000000000000000000e+00
8.163636363636362914e-01
0.000000000000000000e+00
4.245454545454550033e-01
2.457272727272723944e+00
2.859898989898989274e+00
1.675757575757578222e-01
1.943434343434342904e-01
8.088989898989899174e+00
1.580000000000000515e+00
1.252050505050505258e+01
5.696969696969703817e-02
0.000000000000000000e+00
2.274141414141415130e+00
1.340404040404039598e-01
1.979797979797979363e-02
1.409999999999998588e+00
4.960606060606063572e+00
1.999999999999996225e-02
2.073535353535353121e+00
2.764747474747474509e+00
3.455454545454543336e+00
9.888888888888917872e-02
2.363636363636365534e-01
