5.216262626262622604e+00
2.741212121212119435e+00
0.000000000000000000e+00
1.195353535353535390e+00
5.309696969696973134e+00
8.890909090909105972e-01
2.521212121212118573e-01
2.816363636363639955e+00
2.379797979797985685e-01
3.141414141414141437e+00
1.279420202020202453e+02
3.012121212121215974e-01
2.939393939393944791e-02
1.707777777777776507e+00
2.954242424242422782e+00
8.695858585858582401e+00
9.999999999999965514e-03
1.357575757575757991e-01
5.681797979797980247e+01
1.136464646464645956e+00
0.000000000000000000e+00
9.816161616161619419e-01
2.925858585858583716e+00
2.297979797979792516e-01
0.000000000000000000e+00
3.878787878787880172e-02
2.921212121212121815e+00
8.575757575757581019e-02
7.858585858585832862e-02
1.626464646464643060e+00
8.027272727272723785e+00
1.623232323232321472e-01
4.501010101010107234e-01
1.688989898989897709e+00
2.539292929292927603e+00
2.608080808080810442e+00
1.134515151515151246e+02
5.489555555555554633e+01
2.940404040404042685e-01
3.452121212121215255e+00
1.507676767676767859e+01
1.136868686868684586e+00
3.094747474747476801e+00
1.600101010101012466e+00
3.400606060606059522e+00
9.515151515151509809e-02
3.909090909090904287e-01
0.000000000000000000e+00
4.430101010101020087e+00
2.457494949494950021e+01
2.751616161616164291e+00
9.999999999999975922e-03
1.733333333333330895e-01
1.201515151515152757e+00
3.340909090909092605e+00
9.408080808080797608e-01
2.170707070707067032e+00
8.398989898989903669e-01
6.032121212121215770e+00
2.003131313131317093e+00
6.198020202020202873e+01
2.315757575757580344e+00
4.496020202020199008e+01
9.999999999999949901e-03
2.438080808080811401e+00
2.055555555555558800e-01
7.432929292929284948e+00
2.584141414141418736e+00
2.524242424242423843e-01
1.357575757575757991e-01
3.867676767676763827e+00
8.272727272727277426e-02
2.377171717171718157e+00
4.765959595959595063e+00
2.346464646464645754e-01
7.389515151515151103e+01
3.390202020202021771e+00
2.010808080808083265e+00
5.101595959595958618e+01
4.390909090909094203e-01
1.982929292929289211e+00
1.922222222222225385e+00
1.166666666666669183e-01
6.967171717171716239e+00
7.776565656565668228e+00
4.058080808080807067e+00
1.186868686868685741e+00
3.637878787878792597e+00
1.213232323232323884e+00
2.802020202020198969e-01
2.499999999999993894e-01
1.622929292929292444e+00
1.999999999999994491e-02
2.522626262626258331e+00
2.295050505050503897e+00
4.952525252525257216e-01
3.225353535353535417e+00
2.567272727272721156e+00
2.137474747474752856e+00
8.965242424242423169e+01
4.443939393939389859e+00
9.999999999999960310e-03
2.212121212121211378e-01
1.974181818181816794e+01
2.509090909090911370e-01
2.033939393939391049e+00
1.471111111111114367e+00
1.158787878787880254e+00
2.524242424242423843e-01
4.620101010101003602e+00
4.434343434343432921e-01
1.142424242424243397e-01
9.090909090909075896e-02
3.804343434343433916e+00
3.258484848484844321e+00
4.135353535353531451e-01
0.000000000000000000e+00
4.864747474747478151e+00
2.132828282828279409e+00
1.150404040404039741e+01
9.728888888888898023e+00
1.840707070707066295e+00
5.226262626262631050e-01
2.701515151515154312e+00
3.582626262626262825e+00
4.825252525252535785e-01
2.195151515151516630e+00
1.490909090909092460e-01
1.521484848484848484e+01
4.878787878787895632e-02
1.999999999999993450e-02
5.696969696969710062e-02
1.461616161616162979e-01
2.464444444444446880e+00
1.582424242424243177e+00
2.714646464646465418e+01
2.516161616161619596e-01
5.594242424242420242e+00
1.838585858585857435e+00
9.999999999999998473e-03
1.308989898989898926e+00
2.028080808080805930e+00
8.555555555555552361e-02
2.925151515151518833e+00
2.266666666666661833e-01
2.933939393939397178e+00
2.194646464646464068e+00
4.164646464646463708e-01
2.131313131313135489e+00
3.939393939393939087e-02
4.430101010101013870e+00
1.605454545454544357e+00
9.999999999999962044e-03
4.255252525252527285e+00
6.969696969696978606e+00
1.281010101010102709e+00
2.388484848484850431e+00
8.624949494949492035e+00
2.033838383838379116e+00
1.799999999999998823e-01
1.287878787878785070e-01
0.000000000000000000e+00
2.188888888888892992e-01
2.545707070707069164e+01
3.254343434343437202e+00
1.082653535353535403e+02
1.675757575757577666e-01
2.166363636363635159e+00
1.604636363636362972e+01
1.914444444444448390e+00
1.905050505050501775e-01
2.401212121212122241e+00
2.052020202020203854e+00
0.000000000000000000e+00
1.398080808080806259e+00
1.457040404040404979e+01
2.550606060606057213e+00
2.524242424242431060e-01
2.245454545454545758e-01
1.536363636363635932e+00
1.407070707070708082e-01
2.039393939393942645e+00
1.243434343434341033e-01
3.378686868686864297e+00
1.126363636363635123e+00
1.407575757575759035e+00
3.069696969696974698e+00
1.950909090909094257e+00
2.498383838383839706e+00
2.621212121212116997e-01
3.588181818181813032e+00
2.430202020202021806e+00
2.175959595959590764e+00
2.154646464646464477e+00
6.696969696969702623e-02
4.034646464646461261e+00
9.999999999999965514e-03
2.801414141414143355e+00
1.057575757575759390e-01
2.802454545454546064e+01
1.430292929292927617e+01
1.424949494949497408e+00
2.305050505050505461e-01
0.000000000000000000e+00
2.615252525252530269e+00
0.000000000000000000e+00
5.612323232323233491e+00
8.555555555555550973e-02
8.272727272727277426e-02
5.248484848484856746e-01
1.041465656565655848e+02
2.521212121212118573e-01
1.032929292929292364e+00
4.342424242424242631e-01
3.025353535353531687e+00
8.433737373737373844e+01
3.353121212121211414e+01
3.526787878787879293e+01
1.615959595959596040e+00
1.990404040404046615e+00
7.275757575757574314e-01
3.545454545454542750e-01
6.816969696969702674e+00
0.000000000000000000e+00
3.585444444444445367e+01
1.654040404040403534e+00
3.598282828282830081e+00
1.175151515151517945e+00
9.919090909090922281e+00
1.434747474747474660e+00
0.000000000000000000e+00
1.401616161616164202e+00
2.584444444444448763e+00
3.812929292929288394e+00
1.109888888888887237e+01
4.533535353535355306e+00
1.309808080808081776e+01
2.692727272727269749e+00
2.340101010101007351e+00
1.817777777777779491e+00
1.722929292929289646e+00
1.622424242424244767e+00
3.878787878787879478e-02
2.525252525252522084e-01
2.831818181818178459e+00
3.711010101010104201e+00
3.108353535353535335e+01
2.985757575757573168e+00
1.043030303030304085e+00
1.278282828282826467e+00
1.902323232323234192e+00
3.956262626262620152e+00
2.369696969696968025e-01
1.414141414141413533e-01
2.879797979797982244e-01
1.447131313131312247e+01
2.065555555555553813e+00
5.345454545454547457e+00
5.615656565656568233e+00
3.368888888888890598e+00
0.000000000000000000e+00
0.000000000000000000e+00
2.320606060606064336e+00
8.764747474747469624e+00
6.482464646464647728e+01
2.596262626262630491e+00
8.198181818181822678e+00
2.104141414141414757e+00
7.834343434343427059e-01
2.128686868686872291e+00
2.282626262626257674e+00
8.443434343434352840e+00
4.878787878787899795e-02
9.015555555555552658e+00
1.202020202020200323e-01
2.979797979797976434e-02
4.365959595959594708e+00
1.893939393939393923e-01
9.090909090909075896e-02
3.700404040404038586e+00
3.316969696969691572e+00
2.302040404040403487e+01
1.679393939393938773e+00
2.174747474747471987e+00
8.432121212121217013e+00
3.328383838383844662e+00
2.882161616161614504e+01
3.045757575757578550e+00
2.945757575757571800e+00
2.521212121212118573e-01
2.836969696969699584e+00
1.872838383838384502e+01
3.264242424242426388e+00
0.000000000000000000e+00
3.186060606060606926e+00
1.571010101010099858e+00
1.039606060606061533e+01
2.276767676767675608e-01
2.912525252525254515e+00
2.036363636363636709e-01
1.514242424242422391e+00
1.885151515151517687e+00
1.156161616161617500e+00
2.389090909090904269e+00
1.999999999999998307e-02
1.760606060606062728e+00
2.995959595959600819e-01
2.379797979797985685e-01
1.312727272727273853e+00
1.906060606060603568e+00
6.575757575757584794e-02
8.434343434343438695e-02
2.073333333333336359e+00
4.933333333333342341e-01
0.000000000000000000e+00
0.000000000000000000e+00
1.714545454545454595e+00
4.091313131313132345e+00
4.044343434343432797e+00
6.575757575757590345e-02
6.636262626262618092e+00
1.350101010101010912e+00
9.424949494949510509e+00
6.066363636363638179e+00
9.961313131313131564e+00
2.363838383838390289e+00
1.974090909090912049e+01
1.091111111111109366e+00
2.825757575757571693e+00
0.000000000000000000e+00
2.351414141414142289e+00
3.128484848484847536e+00
3.332424242424243399e+00
1.049494949494951673e-01
3.044848484848488468e+00
1.648585858585858599e+00
1.993939393939393456e-01
1.308989898989899592e+00
1.896464646464643300e+00
2.121212121212122381e-01
3.430505050505047837e+00
9.090909090909075896e-02
2.063636363636363602e-01
1.357575757575757991e-01
0.000000000000000000e+00
1.254632323232323046e+02
1.430909090909090686e+00
3.768636363636362319e+01
4.596969696969699370e-01
4.253232323232325918e+00
5.801414141414142911e+00
3.123232323232324248e+00
1.675757575757573226e-01
1.142222222222220696e+00
1.177777777777774676e-01
9.920707070707084796e+00
4.797979797979802508e-02
4.858282828282835197e+00
4.717777777777775405e+00
5.797979797979805477e-02
2.197979797979799643e-01
2.063636363636363602e-01
9.999999999999996739e-03
3.295959595959598865e-01
9.999999999999970718e-03
4.701010101010100195e-01
1.490202020202022748e+00
4.970808080808076568e+00
7.037676767676767042e+01
2.658585858585855166e-01
1.990909090909089851e-01
0.000000000000000000e+00
3.263636363636364113e-01
7.434343434343430868e-02
2.676666666666668526e+00
8.757575757575762621e-02
1.811111111111111116e+00
3.173737373737380296e-01
2.124545454545456291e+00
1.765050505050508978e+00
1.497686868686868067e+01
3.894343434343438215e+00
9.999999999999972453e-03
1.142424242424243674e-01
1.928181818181820661e+00
2.400101010101010957e+00
2.442323232323235338e+00
3.313232323232325971e+00
1.675757575757576556e-01
1.662050505050504867e+01
4.735757575757575211e+01
1.869393939393937831e+00
2.940404040404042685e-01
1.827777777777780832e+00
3.111010101010097006e+00
3.628888888888888165e+00
1.532323232323233864e+00
2.379797979797985685e-01
2.020808080808077278e+00
6.006666666666667709e+00
2.037777777777776578e+00
3.564747474747475220e+00
5.250606060606056502e+01
1.938888888888886664e+00
6.303777777777776947e+01
1.923535353535355874e+00
1.985353535353537202e+00
9.548484848484854126e+00
2.882424242424235228e+00
2.046161616161612073e+00
0.000000000000000000e+00
7.973939393939393661e+00
3.929292929292928505e-01
1.392929292929293794e+00
4.244313131313131038e+01
3.975555555555561060e+00
5.292616161616160042e+01
3.132222222222221575e+00
3.263636363636364113e-01
3.798888888888890314e+00
3.033636363636366795e+00
4.656464646464643309e+00
1.305050505050505127e-01
2.475757575757577267e-01
7.446090909090909804e+01
6.193838383838386363e+00
1.086252525252525203e+01
1.287878787878784514e-01
1.126767676767673976e+00
1.431818181818183211e+00
6.988989898989895089e+00
9.090909090909091161e-02
2.407070707070710358e-01
0.000000000000000000e+00
6.240606060606060268e+00
2.850101010101005361e+00
2.767676767676763294e-01
2.269191919191916540e+01
1.113030303030302592e+00
3.125252525252531499e-01
2.524242424242423843e-01
2.517474747474742980e+00
4.077171717171713894e+00
6.402000000000001023e+01
9.541818181818186417e+00
7.575757575757587070e-02
0.000000000000000000e+00
2.852525252525251465e-01
1.026656565656565689e+01
2.988888888888892037e+00
0.000000000000000000e+00
6.159595959595969283e-01
3.317272727272728261e+00
2.618787878787883106e+00
1.709797979797978096e+00
3.382828282828282074e+00
4.383333333333334636e+00
2.918585858585859061e+00
2.883333333333337745e+00
3.939393939393939781e-02
0.000000000000000000e+00
2.925050505050502014e+00
4.951515151515160640e-01
0.000000000000000000e+00
3.721212121212122970e-01
2.297979797979799177e-01
4.288888888888887641e-01
4.175959595959595205e+00
2.032222222222223262e+00
1.951313131313130889e+00
3.153535353535349972e-01
0.000000000000000000e+00
4.116161616161618242e-01
6.263636363636355675e+00
3.419090909090909403e+00
5.305151515151512953e+00
1.998484848484849641e+00
1.153939393939393154e+00
1.504040404040405621e+00
1.979898989898993600e+00
3.664040404040398879e+00
7.493151515151515696e+01
2.575757575757571249e+00
2.088383838383840008e+00
6.578787878787865084e-01
3.770808080808082607e+00
9.196969696969693686e+00
1.560606060606058110e+00
5.764646464646455692e-01
0.000000000000000000e+00
2.248383838383842814e+00
1.250000000000001776e+00
4.173030303030301980e+00
2.454545454545459526e-01
6.575757575757584794e-02
1.142424242424244091e-01
3.439797979797978744e+00
7.575757575757581519e-02
9.999999999999951636e-03
1.372121212121212741e+00
1.428222222222221838e+01
3.867676767676760718e+00
2.859343434343433898e+01
9.999999999999951636e-03
2.715151515151519312e-01
2.841212121212125741e+00
1.857575757575757325e-01
3.534444444444445388e+00
3.126363636363640452e+00
0.000000000000000000e+00
4.472222222222223209e+00
4.983292929292929330e+01
1.179393939393941215e+00
2.237575757575754665e+00
1.207272727272727941e+01
3.189797979797984961e+00
1.832525252525251336e+00
4.053535353535356656e+00
3.878787878787880172e-02
8.959595959595968440e-01
6.547676767676772869e+00
4.901010101010097042e-01
5.250202020202025643e+00
2.115757575757572617e+00
8.529393939393942858e+00
0.000000000000000000e+00
2.466868686868683547e+00
2.136363636363636520e-01
5.725252525252527702e-01
7.826868686868682090e+00
4.894505050505050292e+01
1.589888888888889085e+01
9.772727272727279590e-01
4.919191919191923806e-02
1.913484848484847589e+01
1.914949494949494291e+00
3.510101010101004948e-01
3.346212121212121104e+01
1.646363636363638250e+00
1.623232323232321472e-01
2.534343434343438339e+00
2.889090909090906489e+00
7.434343434343430868e-02
2.165151515151517714e+00
1.616161616161617132e-01
4.402222222222230030e+00
0.000000000000000000e+00
2.761010101010101803e+00
1.155858585858586141e+00
1.616161616161616854e-01
1.733030303030303187e+01
1.142424242424245201e-01
1.081454545454545624e+01
1.736161616161619348e+00
1.943434343434342904e-01
3.996666666666667478e+00
0.000000000000000000e+00
4.249595959595959371e+00
1.060505050505048397e+00
1.201432323232323114e+02
2.537373737373740390e+00
2.167262626262624892e+01
1.228121212121212658e+01
2.243535353535355714e+00
1.121212121212119966e-01
2.753434343434339127e+00
5.268484848484853877e+00
3.128080808080804687e+00
3.278282828282828465e+00
2.460606060606066181e-01
3.726737373737375236e+01
1.463232323232321885e+00
2.160606060606058976e-01
3.807878787878788085e+00
2.432525252525253201e+00
3.057575757575755615e-01
9.913888888888887152e+01
3.193636363636364273e+00
1.923939393939397391e+00
6.248989898989901093e+00
2.841313131313135454e+00
3.552151515151515326e+01
6.818181818181823228e-02
9.414141414141409536e-02
2.385252525252520961e+00
1.748989898989896430e+00
7.588070707070708920e+01
2.946363636363637628e+00
2.060606060606059997e-01
2.069696969696972921e+00
4.283939393939391493e+00
9.999999999999984596e-03
7.232929292929293652e+00
9.645919191919192315e+01
1.376868686868686797e+00
3.461616161616156151e-01
3.181818181818177327e-01
1.238393939393939114e+01
1.893939393939393923e-01
1.248883838383838309e+02
4.797979797979803201e-02
6.349494949494938201e-01
2.979797979797974006e-02
3.255959595959591280e+00
2.819191919191922913e-01
2.939393939393944097e-02
1.333535353535353574e+00
3.425252525252528435e-01
7.156242424242431355e+01
2.818181818181823006e-01
2.356666666666663801e+00
2.904040404040396650e-01
2.685858585858582614e-01
1.779393939393941748e+00
3.773131313131314446e+00
3.784848484848491457e-01
6.615252525252525828e+00
1.223232323232318758e-01
3.176363636363638498e+00
2.187272727272727479e+00
7.266464646464650734e+00
2.661717171717169705e+00
6.621212121212121104e+00
1.007878787878789595e+00
5.696969696969712144e-02
1.365252525252524052e+00
2.500000000000001110e-01
5.534343434343429458e-01
8.799090909090911339e+01
7.719545454545455243e+01
1.583939393939392204e+00
3.130303030303024925e-01
1.818383838383841322e+00
7.191393939393940116e+01
4.479494949494946532e+00
3.821212121212119062e+00
4.227272727272733954e-01
2.312525252525246877e+00
4.103030303030292814e-01
2.974747474747474030e+00
1.155168686868687047e+02
3.659595959595955961e-01
1.253535353535352725e-01
3.829494949494951950e+00
7.455343434343437536e+01
1.905656565656562718e+00
4.471818181818179028e+00
2.197979797979799643e-01
6.676262626262627009e+00
2.297979797979792238e-01
0.000000000000000000e+00
2.354545454545459715e-01
3.698494949494950390e+01
7.203434343434338416e+00
1.543571717171717523e+02
1.979797979797979016e-02
6.603030303030310577e-01
2.741717171717169332e+00
2.428181818181821328e+00
1.616161616161617132e-01
2.410303030303030614e+00
2.343434343434336764e+00
3.178787878787873167e-01
1.389767676767675653e+01
4.797979797979808059e-02
4.227272727272724517e-01
3.616464646464650379e+00
5.696969696969705899e-02
4.042424242424247915e-01
1.604040404040404821e+00
3.060808080808083531e+00
1.895777777777777118e+01
1.208282828282829957e+00
3.303030303030297654e-01
2.632525252525252046e+00
3.590909090909085721e-01
1.957373737373737654e+00
8.191919191919186938e-01
0.000000000000000000e+00
2.196232323232322869e+01
2.233333333333339110e-01
2.479797979797984941e-01
0.000000000000000000e+00
1.788888888888889583e-01
1.979797979797979016e-02
2.123838383838381638e+00
1.986868686868689116e-01
5.457575757575764408e-01
1.490909090909092460e-01
2.866565656565657427e+00
2.122121212121207634e+00
3.869797979797980680e+00
2.846767676767675059e+00
4.886666666666667602e+00
3.727070707070703204e+00
4.725262626262625787e+01
9.201353535353536017e+01
2.922626262626259130e+00
2.257272727272721990e+00
2.032000000000001805e+01
2.160606060606058143e-01
6.146969696969689423e+00
1.979797979797979363e-02
5.260000000000002451e+00
1.542020202020201181e+00
0.000000000000000000e+00
2.962222222222223422e+00
2.960606060606065792e-01
4.797979797979804589e-02
7.624949494949497364e+00
5.623333333333329875e+01
3.130303030303022704e-01
1.492020202020204467e+00
2.838383838383833346e+00
5.528080808080807707e+00
1.574848484848485164e+00
2.169292929292927052e+00
3.761616161616162524e-01
2.047070707070707485e+00
1.654545454545455208e-01
1.752828282828279738e+00
5.489898989898994053e+00
1.698888888888890891e+00
2.900303030303030383e+00
5.027272727272732444e-01
2.466666666666672558e-01
2.914040404040404209e+00
2.585858585858591407e-01
9.289999999999993818e+00
8.994646464646464779e+00
1.948585858585863750e+00
6.897979797979796324e+00
1.287878787878785625e-01
3.920202020202014914e-01
2.848484848484851839e-01
2.208383838383840558e+00
3.755353535353537442e+00
1.088888888888891043e-01
3.211111111111108585e+00
2.698282828282832391e+00
1.164257575757576291e+02
1.931313131313131815e-01
1.542848484848485136e+01
1.948484848484846599e-01
3.553535353535353658e-01
1.362787878787879592e+01
4.443535353535354560e+00
2.084747474747471685e+00
2.682828282828285116e-01
6.287262626262621978e+01
4.536868686868690936e+00
3.019696969696967326e+00
2.412121212121207947e-01
3.566666666666666874e-01
9.756565656565645561e-01
3.988181818181814720e+00
1.202545454545453829e+01
0.000000000000000000e+00
1.125252525252528196e-01
1.235656565656566785e+00
1.620101010101010264e+00
3.332424242424240290e+00
7.523030303030300736e+00
4.951414141414138825e+00
2.173131313131309472e+00
4.714141414141406194e-01
0.000000000000000000e+00
2.939393939393944791e-02
3.637878787878788156e+00
2.900808080808078948e+00
4.161010101010097273e+00
1.340404040404041541e-01
3.248787878787881223e+00
1.298060606060606403e+01
3.854545454545458272e-01
3.541555555555555657e+01
3.346262626262629603e+00
4.650909090909086885e+00
2.113434343434340335e+00
8.226060606060602964e+00
2.780909090909093884e+00
9.999999999999953371e-03
2.205656565656570756e+00
4.188080808080806072e+00
1.816161616161616477e-01
2.516161616161620707e+00
1.179292929292927949e+00
3.574808080808081456e+01
7.442525252525253876e+00
1.669292929292928385e+00
1.718080808080808319e+00
1.049494949494951951e-01
2.197979797979799643e-01
7.434343434343430868e-02
2.015151515151513417e-01
2.357171717171720804e+00
4.794949494949484192e-01
6.729292929292917114e-01
2.080606060606062346e+00
1.950979797979799102e+01
2.875414141414141156e+01
1.657676767676769192e+00
9.999999999999998473e-03
1.425252525252529157e-01
2.192828282828282482e+01
1.396363636363634475e+00
3.141717171717173684e+00
3.622828282828288060e+00
3.959595959595958725e-02
1.352828282828281825e+00
1.873737373737369982e-01
7.575757575757578743e-02
2.140303030303029175e+01
3.115757575757576170e+00
2.271313131313128508e+00
4.015151515151518802e-01
4.135252525252525402e+00
3.270707070707071229e-01
3.898888888888883741e+00
8.862424242424234322e+00
2.154949494949495836e+00
2.350808080808077349e+00
1.287878787878783959e-01
2.577878787878784994e+00
1.646686868686868976e+01
2.497979797979793304e+00
1.171515151515150954e+00
0.000000000000000000e+00
2.563636363636357940e-01
1.731919191919191636e+00
4.060707070707064048e+00
1.325151515151513193e+00
1.842424242424241798e-01
9.458484848484848939e+00
6.013676767676768264e+01
4.822525252525252881e+00
4.840707070707069626e+00
5.418888888888885980e+00
1.242323232323230497e+00
2.354545454545459715e-01
8.380959595959593855e+01
6.990141414141416476e+01
2.020101010101009731e+00
2.096262626262627826e+00
4.344141414141418522e+00
3.195757575757583346e+00
3.143838383838384321e+00
1.305353535353536376e+00
0.000000000000000000e+00
1.716161616161616665e-01
2.494444444444440467e+00
2.024393939393938879e+01
3.857878787878786131e+00
5.846464646464645654e+01
2.420595959595960522e+01
1.214898989898991211e+01
1.371616161616162177e+00
1.607070707070709370e-01
3.765959595959598616e+00
1.910101010101005192e+00
9.999999999999949901e-03
9.360060606060605437e+01
1.085959595959595347e+00
1.035757575757573878e+00
9.708080808080787882e-01
3.270606060606056964e+00
1.756262626262628634e+00
2.756565656565654443e+00
4.657272727272730783e+00
6.696969696969708175e-02
0.000000000000000000e+00
5.042363636363636203e+01
2.097676767676764698e+00
5.759868686868681209e+01
3.069696969696972810e-01
2.078484848484848602e+00
0.000000000000000000e+00
3.512676767676764911e+01
0.000000000000000000e+00
1.225191919191918544e+01
0.000000000000000000e+00
5.003030303030311376e-01
3.154434343434341415e+01
2.517777777777782333e+00
2.767171717171719170e+00
8.688333333333332575e+01
3.698383838383839439e+00
4.396262626262621431e+00
1.646464646464645132e-01
2.718585858585855775e+00
6.696969696969710950e-02
3.899292929292922150e+00
2.532797979797980403e+01
2.131313131313130604e-01
3.288222222222222513e+01
1.263695959595959835e+02
1.546969696969694663e+00
0.000000000000000000e+00
3.629191919191919968e+00
5.473949494949496142e+01
4.664545454545456771e+00
1.686666666666668313e+00
5.704828282828281516e+01
2.939393939393944444e-02
1.609191919191918396e+00
5.797979797979805477e-02
3.033333333333327886e-01
7.113202020202020037e+01
2.266666666666662389e-01
1.220505050505049915e+01
7.332727272727274759e+00
3.117878787878785030e+00
1.502121212121213301e+00
3.491919191919195531e-01
3.837373737373732108e-01
1.169191919191919560e+00
6.646565656565655011e+00
3.005555555555552871e+00
2.764343434343432104e+00
1.425252525252529434e-01
1.037575757575759372e+00
1.355818181818182566e+01
5.212797979797981895e+01
2.208686868686869698e+00
1.039898989898988324e+00
3.847474747474743051e+00
6.575757575757587570e-02
9.527212121212122042e+01
2.375656565656564023e+00
1.410101010101013408e+00
6.205454545454543336e+00
1.521818181818181515e+00
2.407575757575755038e+00
4.844242424242425571e+00
2.090909090909089663e-01
4.432323232323231998e-01
9.999999999999949901e-03
5.164646464646451829e-01
4.426161616161621737e+00
1.060498989898989635e+02
8.182989898989899302e+01
3.052929292929291272e+00
3.090909090909095824e-01
2.371212121212117996e+00
2.206363636363638747e+00
3.042323232323234539e+00
2.601010101010097220e-01
4.304040404040402557e+00
9.999999999999960310e-03
6.159797979797983380e+00
2.891515151515150706e+00
2.057474747474751897e+00
2.305757575757580558e+00
4.892323232323231075e+00
3.101010101010094333e-01
1.008916161616161276e+02
2.726565656565656415e+00
9.290404040404045105e+00
2.704242424242422782e+00
3.342525252525251567e+00
1.767070707070707902e+00
2.241111111111115939e+00
1.760202020202019435e+00
1.205353535353534156e+01
1.753636363636364104e+00
3.049494949494945928e+00
2.984545454545457055e+00
9.595959595959606403e-02
6.404040404040396428e-01
8.807070707070696614e-01
3.798282828282828483e+00
2.288686868686866216e+00
4.993232323232317249e+00
2.197979797979799643e-01
8.272727272727277426e-02
2.984848484848486860e-01
0.000000000000000000e+00
9.382828282828278299e-01
5.797979797979802008e-02
4.663636363636369797e-01
2.588888888888891238e+00
3.434646464646460728e+00
1.893939393939393923e-01
1.893939393939393923e-01
1.074161616161616628e+01
1.905050505050503551e+00
1.524070707070706909e+01
4.797979797979799732e-02
9.999999999999989800e-03
2.882626262626260871e+00
1.558585858585856132e-01
4.797979797979803201e-02
1.674545454545451895e+00
6.140404040404039421e+00
1.999999999999996225e-02
2.485959595959599699e+00
2.746565656565653768e+00
4.367171717171718370e+00
1.316161616161619641e-01
2.431313131313129206e-01
