2.943333333333332469e+00
1.270606060606061849e+00
0.000000000000000000e+00
9.061616161616169451e-01
2.711010101010101536e+00
6.256565656565661326e-01
2.403030303030307679e-01
1.344040404040405701e+00
2.443434343434337519e-01
1.485454545454545139e+00
4.851595959595959329e+01
1.931313131313131815e-01
9.999999999999949901e-03
1.022020202020203161e+00
1.692121212121210583e+00
3.393232323232323377e+00
1.979797979797979710e-02
4.797979797979806671e-02
2.885939393939393582e+01
1.114141414141414987e+00
0.000000000000000000e+00
6.400000000000016787e-01
1.743131313131311977e+00
2.297979797979792238e-01
0.000000000000000000e+00
0.000000000000000000e+00
1.399797979797980263e+00
2.979797979797977822e-02
9.999999999999960310e-03
9.837373737373726890e-01
3.892020202020195718e+00
9.888888888888895667e-02
2.706060606060604057e-01
6.435353535353550702e-01
1.215151515151515316e+00
1.424141414141413264e+00
7.176434343434343077e+01
2.399131313131314513e+01
2.403030303030307679e-01
1.846767676767675948e+00
7.182929292929293830e+00
7.452525252525267208e-01
1.454747474747472902e+00
8.459595959595969106e-01
1.428181818181818441e+00
0.000000000000000000e+00
4.222222222222221100e-01
0.000000000000000000e+00
2.056363636363632619e+00
9.708484848484848939e+00
1.606868686868688778e+00
0.000000000000000000e+00
9.090909090909080059e-02
6.289898989898990989e-01
1.794343434343436794e+00
5.068686868686864688e-01
1.277878787878787392e+00
6.119191919191915296e-01
2.942323232323231341e+00
9.647474747474769075e-01
3.260838383838385113e+01
1.071818181818182447e+00
2.169686868686868308e+01
0.000000000000000000e+00
1.209191919191917597e+00
8.434343434343428980e-02
4.055151515151514729e+00
1.395454545454546613e+00
2.509090909090911370e-01
5.696969696969704511e-02
1.860202020202022188e+00
1.979797979797979016e-02
1.354242424242427134e+00
2.355353535353540195e+00
1.139393939393942706e-01
2.775949494949493612e+01
1.603535353535354924e+00
1.618787878787880663e+00
2.091080808080809561e+01
3.836363636363635532e-01
7.514141414141395359e-01
1.208484848484848273e+00
8.555555555555556524e-02
3.737979797979801511e+00
2.980505050505055209e+00
1.882828282828281630e+00
7.093939393939395766e-01
1.937272727272725703e+00
6.589898989898992365e-01
2.354545454545460270e-01
7.676767676767674853e-02
9.667676767676756100e-01
3.959595959595958725e-02
1.463232323232321663e+00
1.312626262626261031e+00
4.968686868686856828e-01
1.922727272727274617e+00
1.520707070707068898e+00
1.277575757575754256e+00
4.219676767676772755e+01
2.336262626262630704e+00
0.000000000000000000e+00
1.166666666666667795e-01
1.105161616161616145e+01
2.460606060606066181e-01
1.026363636363635257e+00
6.995959595959591049e-01
6.108080808080814661e-01
2.521212121212118573e-01
2.201919191919191832e+00
3.004040404040404511e-01
3.878787878787879478e-02
2.939393939393944444e-02
2.195151515151511745e+00
1.771616161616163199e+00
1.547474747474747447e-01
0.000000000000000000e+00
2.288686868686865772e+00
1.358585858585859452e+00
5.946464646464652226e+00
4.213232323232324106e+00
8.607070707070726412e-01
3.217171717171722900e-01
1.007474747474749188e+00
1.582424242424240290e+00
4.073737373737369993e-01
9.137373737373720717e-01
7.434343434343430868e-02
8.300505050505046611e+00
0.000000000000000000e+00
1.979797979797979363e-02
3.878787878787880172e-02
9.999999999999991535e-03
1.442626262626263367e+00
9.999999999999981126e-01
1.192717171717170821e+01
2.525252525252525415e-01
2.622424242424246543e+00
1.141818181818183842e+00
0.000000000000000000e+00
1.119191919191920848e+00
1.339999999999999636e+00
1.999999999999995531e-02
1.343434343434346312e+00
2.297979797979793071e-01
1.871717171717171224e+00
1.090404040404042707e+00
3.166666666666672625e-01
1.263232323232326593e+00
9.999999999999993269e-03
1.833030303030305674e+00
9.093939393939400873e-01
0.000000000000000000e+00
1.781414141414142893e+00
3.754949494949495481e+00
8.404040404040408196e-01
1.225656565656564334e+00
4.527979797979797993e+00
1.160606060606058421e+00
8.434343434343438695e-02
9.888888888888901219e-02
0.000000000000000000e+00
1.425252525252528046e-01
9.114646464646463997e+00
1.932323232323230444e+00
4.839616161616162060e+01
8.272727272727277426e-02
1.237070707070708986e+00
7.328585858585864088e+00
1.134141414141413451e+00
1.216161616161617331e-01
1.265252525252524185e+00
9.675757575757589768e-01
0.000000000000000000e+00
7.298989898989899361e-01
6.208484848484847163e+00
1.321818181818182891e+00
2.036363636363636154e-01
1.009090909090910593e-01
1.000303030303032026e+00
4.919191919191924500e-02
1.099090909090911117e+00
5.797979797979802702e-02
1.557373737373740630e+00
3.965656565656559551e-01
8.930303030303042844e-01
1.269797979797982368e+00
1.133232323232320926e+00
1.170707070707072583e+00
2.036363636363637819e-01
1.720606060606056031e+00
1.786565656565657800e+00
1.060909090909093022e+00
1.516868686868687810e+00
9.999999999999981126e-03
1.976767676767675175e+00
0.000000000000000000e+00
1.285252525252527533e+00
1.979797979797979016e-02
1.253484848484849046e+01
8.936363636363639174e+00
8.665656565656553179e-01
1.978787878787881538e-01
0.000000000000000000e+00
1.606464646464647483e+00
0.000000000000000000e+00
2.850707070707067636e+00
9.999999999999998473e-03
5.696969696969703817e-02
4.430303030303031075e-01
5.364838383838383606e+01
2.524242424242423843e-01
4.665656565656559063e-01
4.007070707070715110e-01
1.713131313131316835e+00
3.732161616161615569e+01
1.418777777777778226e+01
1.804545454545454675e+01
7.206060606060606943e-01
1.499090909090909696e+00
6.056565656565647826e-01
3.090909090909095269e-01
3.817171717171710554e+00
0.000000000000000000e+00
1.471878787878787698e+01
9.246464646464631620e-01
1.933939393939392293e+00
5.285858585858578262e-01
4.516666666666668384e+00
7.189898989898979575e-01
0.000000000000000000e+00
7.291919191919186138e-01
1.767272727272727550e+00
1.843939393939390659e+00
5.283939393939399487e+00
2.825757575757573470e+00
7.119090909090911801e+00
1.556565656565660039e+00
1.267070707070705238e+00
9.704040404040411572e-01
1.105454545454543913e+00
1.180101010101011427e+00
0.000000000000000000e+00
2.121212121212122381e-01
1.538484848484847678e+00
1.747777777777776320e+00
1.393474747474748199e+01
1.563030303030303214e+00
8.443434343434329525e-01
7.162626262626254903e-01
1.038989898989897798e+00
1.745353535353532992e+00
1.505050505050508081e-01
1.340404040404039876e-01
2.266666666666661278e-01
7.450707070707076163e+00
9.496969696969689290e-01
3.120202020202017312e+00
2.476767676767678061e+00
1.690303030303030862e+00
0.000000000000000000e+00
0.000000000000000000e+00
9.716161616161602677e-01
4.283939393939399487e+00
3.257202020202019099e+01
1.310000000000000497e+00
3.661212121212125581e+00
1.184141414141415938e+00
6.781818181818188851e-01
1.233838383838385067e+00
1.783333333333331661e+00
5.746060606060606979e+00
0.000000000000000000e+00
4.103535353535355590e+00
3.020202020202017792e-02
3.878787878787880172e-02
2.034040404040407424e+00
1.490909090909092460e-01
0.000000000000000000e+00
1.881010101010099467e+00
1.615555555555556966e+00
1.264797979797979188e+01
7.728282828282834194e-01
1.228181818181815599e+00
3.892727272727270815e+00
1.504545454545455963e+00
1.716111111111110077e+01
1.534343434343434120e+00
1.744949494949494362e+00
2.524242424242423843e-01
1.646666666666670276e+00
1.126767676767676463e+01
1.644343434343433774e+00
0.000000000000000000e+00
1.952929292929290739e+00
9.978787878787874766e-01
4.266060606060603888e+00
1.388888888888889228e-01
1.803838383838383130e+00
1.554545454545456507e-01
1.000202020202021425e+00
9.061616161616146137e-01
5.662626262626279106e-01
1.346464646464645920e+00
0.000000000000000000e+00
1.070202020202017934e+00
1.559595959595960202e-01
2.443434343434337797e-01
8.049494949494947482e-01
1.223838383838385724e+00
1.979797979797979363e-02
3.878787878787880172e-02
9.630303030303009049e-01
4.964646464646456647e-01
0.000000000000000000e+00
0.000000000000000000e+00
9.162626262626273332e-01
1.456060606060604501e+00
1.796666666666666412e+00
2.939393939393944444e-02
3.479494949494944755e+00
7.798989898989882041e-01
5.290303030303023846e+00
3.262020202020198489e+00
5.502020202020205808e+00
1.397878787878787277e+00
9.891515151515154258e+00
6.869696969696960087e-01
1.217070707070704305e+00
0.000000000000000000e+00
1.128080808080805797e+00
1.370404040404036738e+00
1.907676767676770968e+00
4.919191919191923806e-02
1.443939393939391191e+00
9.802020202020222950e-01
1.675757575757577944e-01
9.656565656565635480e-01
1.078686868686867362e+00
1.675757575757576556e-01
1.788585858585855615e+00
6.575757575757588957e-02
1.066666666666668400e-01
7.434343434343430868e-02
0.000000000000000000e+00
4.990898989898991545e+01
1.081414141414141383e+00
2.064565656565656937e+01
3.796969696969701435e-01
2.433333333333335791e+00
2.516262626262624647e+00
1.946060606060611820e+00
2.939393939393943403e-02
8.016161616161632253e-01
1.223232323232320007e-01
4.174949494949493634e+00
9.999999999999955105e-03
2.332727272727275203e+00
2.359898989898994159e+00
0.000000000000000000e+00
1.893939393939393923e-01
1.554545454545456507e-01
0.000000000000000000e+00
2.693939393939400739e-01
0.000000000000000000e+00
4.758585858585866468e-01
7.663636363636374682e-01
2.662525252525246966e+00
2.703686868686870781e+01
2.403030303030307957e-01
1.616161616161617132e-01
0.000000000000000000e+00
2.677777777777780588e-01
1.979797979797979710e-02
1.478383838383836579e+00
2.979797979797976434e-02
1.229191919191920723e+00
2.600000000000000644e-01
1.271717171717169581e+00
9.133333333333323312e-01
6.767575757575758466e+00
1.704949494949493660e+00
0.000000000000000000e+00
3.878787878787879478e-02
9.445454545454540218e-01
1.106969696969696049e+00
1.272525252525254391e+00
1.988585858585862010e+00
1.066666666666670066e-01
7.305252525252527995e+00
1.906333333333334323e+01
1.013939393939391698e+00
1.893939393939393923e-01
1.112929292929290437e+00
1.643131313131313886e+00
1.731515151515149897e+00
1.084242424242423120e+00
2.233333333333338555e-01
1.531111111111111533e+00
3.144343434343435106e+00
1.331818181818182234e+00
1.687474747474748904e+00
1.969151515151515852e+01
9.157575757575754372e-01
2.739111111111110475e+01
8.744444444444429143e-01
1.115858585858584329e+00
3.996868686868686904e+00
1.450404040404039030e+00
9.760606060606048517e-01
0.000000000000000000e+00
3.834747474747475682e+00
3.523232323232324825e-01
7.492929292929297880e-01
2.608949494949496284e+01
1.673838383838386790e+00
2.673353535353536614e+01
1.599292929292932763e+00
2.043434343434342437e-01
1.366767676767675965e+00
1.585252525252526690e+00
1.804343434343432362e+00
4.797979797979805977e-02
2.516161616161619596e-01
3.847717171717172135e+01
2.630909090909092640e+00
5.560707070707064048e+00
3.878787878787880172e-02
7.936363636363622520e-01
7.290909090909093448e-01
3.613131313131315192e+00
3.878787878787880172e-02
1.066666666666668400e-01
0.000000000000000000e+00
3.274242424242429284e+00
1.258787878787877457e+00
1.888888888888888007e-01
1.338323232323233114e+01
8.098989898989887859e-01
1.239393939393940852e-01
2.475757575757577267e-01
1.593434343434344980e+00
2.162525252525253627e+00
3.329202020202018986e+01
4.429393939393936996e+00
0.000000000000000000e+00
0.000000000000000000e+00
2.082828282828283195e-01
5.405454545454545290e+00
1.704848484848485723e+00
0.000000000000000000e+00
4.882828282828285404e-01
1.420101010101010530e+00
1.277070707070707689e+00
9.713131313131302402e-01
1.528888888888887410e+00
2.677070707070708711e+00
1.370707070707070097e+00
1.226464646464648034e+00
0.000000000000000000e+00
0.000000000000000000e+00
2.147979797979794991e+00
2.798989898989895919e-01
0.000000000000000000e+00
2.777777777777772905e-01
1.893939393939393923e-01
2.432323232323235773e-01
2.063131313131309597e+00
1.120303030303031688e+00
1.027373737373738605e+00
2.552525252525248978e-01
0.000000000000000000e+00
3.187878787878792308e-01
3.080303030303034095e+00
1.868585858585859238e+00
2.815252525252523341e+00
9.444444444444453080e-01
5.700000000000007283e-01
7.894949494949483615e-01
1.184747474747473328e+00
1.656666666666666066e+00
5.024121212121215052e+01
1.220000000000000862e+00
1.279494949494951461e+00
6.095959595959602462e-01
1.674242424242423199e+00
4.179393939393937885e+00
7.771717171717184014e-01
4.797979797979800010e-01
0.000000000000000000e+00
9.769696969696959332e-01
8.206060606060592288e-01
2.036262626262623776e+00
2.079797979797981533e-01
4.797979797979806671e-02
5.696969696969710756e-02
1.428888888888887543e+00
1.979797979797979363e-02
0.000000000000000000e+00
7.456565656565656841e-01
1.050212121212121019e+01
2.093535353535358912e+00
1.422878787878788209e+01
9.999999999999948166e-03
2.179797979797982732e-01
1.315757575757574571e+00
6.777777777777777013e-02
1.385252525252528955e+00
1.712929292929290526e+00
0.000000000000000000e+00
2.306565656565653377e+00
2.169848484848484915e+01
7.294949494949496405e-01
1.184444444444442190e+00
5.430404040404043897e+00
1.268080808080811250e+00
1.077070707070708622e+00
1.962727272727270211e+00
9.999999999999949901e-03
6.411111111111104099e-01
2.667575757575760598e+00
4.676767676767680793e-01
2.363131313131311639e+00
1.456060606060603613e+00
3.914242424242423191e+00
0.000000000000000000e+00
1.665252525252530091e+00
1.287878787878785070e-01
5.929292929292938608e-01
3.833838383838383823e+00
2.253262626262626611e+01
7.953737373737364003e+00
7.564646464646475055e-01
0.000000000000000000e+00
7.824949494949486883e+00
1.159696969696970337e+00
3.263636363636364113e-01
1.564959595959595262e+01
9.114141414141427866e-01
7.575757575757584295e-02
1.303838383838381576e+00
1.521818181818181737e+00
3.878787878787880172e-02
1.346262626262626494e+00
1.066666666666669094e-01
2.346565656565653857e+00
0.000000000000000000e+00
1.378181818181815288e+00
8.103030303030311909e-01
2.939393939393941668e-02
1.009161616161615704e+01
1.490909090909092460e-01
5.106161616161622341e+00
8.590909090909104595e-01
1.425252525252529157e-01
2.018989898989902887e+00
0.000000000000000000e+00
2.308585858585860962e+00
7.808080808080801738e-01
6.122595959595958703e+01
1.250505050505048565e+00
1.103474747474748519e+01
5.710909090909086494e+00
1.406262626262627657e+00
1.979797979797979363e-02
1.474343434343436066e+00
2.369696969696970523e+00
1.255959595959594166e+00
1.702424242424238621e+00
2.160606060606057310e-01
1.357525252525250714e+01
8.341414141414142946e-01
1.287878787878785625e-01
2.156767676767679554e+00
1.231717171717169768e+00
2.060606060606060552e-01
5.336909090909087183e+01
1.712222222222223644e+00
1.073333333333332584e+00
3.334343434343434609e+00
1.650303030303028828e+00
1.386202020202020080e+01
0.000000000000000000e+00
9.999999999999998473e-03
1.294545454545457108e+00
1.061313131313130542e+00
3.319363636363636516e+01
1.333232323232320660e+00
9.272727272727272763e-02
1.086363636363637530e+00
2.051616161616163669e+00
0.000000000000000000e+00
4.409494949494946248e+00
4.073757575757576177e+01
9.033333333333350978e-01
2.900000000000005351e-01
2.366666666666671637e-01
6.891919191919189558e+00
1.425252525252528879e-01
5.188868686868688229e+01
0.000000000000000000e+00
6.943434343434345957e-01
9.999999999999991535e-03
1.514747474747473177e+00
2.524242424242423843e-01
9.999999999999962044e-03
9.917171717171727741e-01
2.955555555555558489e-01
3.527939393939394108e+01
2.443434343434337797e-01
1.367171717171715484e+00
2.621212121212118107e-01
2.079797979797981811e-01
7.682828282828290112e-01
1.525757575757575868e+00
2.464646464646467472e-01
3.408282828282826582e+00
2.939393939393944097e-02
1.425353535353533818e+00
1.319696969696967370e+00
3.296363636363641714e+00
1.441515151515152748e+00
3.173535353535357206e+00
8.101010101010103215e-01
0.000000000000000000e+00
6.498989898989891989e-01
1.590909090909091717e-01
4.721212121212127744e-01
3.771545454545454845e+01
4.515979797979795762e+01
9.897979797979807870e-01
1.538383838383838020e-01
1.078080808080808417e+00
3.959303030303029658e+01
1.925151515151517501e+00
1.966363636363632761e+00
2.773737373737369394e-01
1.307474747474745458e+00
2.722222222222215882e-01
1.533535353535354639e+00
5.483464646464644687e+01
2.988888888888885931e-01
2.979797979797974006e-02
1.862121212121214731e+00
3.173929292929293311e+01
1.068989898989899601e+00
1.714545454545457703e+00
1.733333333333330895e-01
3.280404040404039545e+00
2.160606060606058143e-01
0.000000000000000000e+00
2.297979797979792238e-01
1.445515151515152219e+01
3.539999999999996483e+00
7.071050505050504853e+01
0.000000000000000000e+00
5.464646464646477630e-01
1.387777777777778887e+00
1.200606060606062009e+00
1.142424242424245201e-01
1.127575757575755455e+00
1.153838383838384773e+00
2.431313131313128928e-01
8.381313131313138598e+00
9.999999999999956840e-03
2.173737373737370526e-01
1.940606060606062888e+00
2.939393939393944097e-02
3.572727272727267422e-01
7.825252525252520686e-01
1.332929292929294629e+00
7.294848484848483139e+00
8.574747474747461684e-01
3.012121212121214309e-01
1.641818181818182509e+00
2.749494949494944440e-01
9.545454545454535866e-01
5.972727272727260672e-01
0.000000000000000000e+00
8.484747474747473817e+00
1.943434343434342904e-01
2.424242424242418759e-01
0.000000000000000000e+00
1.066666666666668400e-01
0.000000000000000000e+00
9.028282828282840899e-01
1.287878787878784514e-01
5.046464646464638992e-01
9.090909090909084223e-02
1.447474747474747581e+00
1.079090909090911543e+00
2.066565656565655384e+00
1.223636363636366520e+00
1.983131313131310636e+00
1.746464646464644277e+00
2.177404040404039520e+01
6.528909090909091617e+01
1.378888888888887942e+00
1.085454545454546782e+00
8.467777777777770964e+00
2.121212121212122381e-01
3.385656565656566475e+00
0.000000000000000000e+00
2.756262626262627080e+00
9.679797979797984953e-01
0.000000000000000000e+00
1.290303030303032950e+00
1.970707070707073405e-01
0.000000000000000000e+00
3.650202020202016229e+00
3.313444444444443349e+01
2.268686868686866365e-01
8.580808080808077776e-01
1.717474747474748042e+00
3.567777777777775938e+00
1.108787878787878878e+00
1.078787878787878185e+00
1.810101010101010655e-01
1.389696969696970097e+00
9.090909090909075896e-02
1.199898989898988688e+00
2.908080808080806268e+00
9.302020202020219175e-01
1.393131313131311888e+00
3.685858585858586278e-01
2.354545454545460548e-01
1.662020202020202175e+00
1.873737373737367484e-01
4.555454545454547421e+00
3.601515151515149782e+00
9.698989898989900382e-01
4.302020202020202078e+00
4.797979797979802508e-02
2.963636363636367177e-01
2.600000000000000644e-01
1.104949494949495570e+00
2.018383838383837503e+00
2.939393939393943056e-02
1.444242424242425882e+00
1.329898989898988804e+00
5.172585858585860308e+01
1.216161616161618025e-01
5.771515151515155040e+00
1.242424242424244180e-01
2.470707070707077735e-01
6.298888888888891202e+00
2.120202020202021309e+00
1.066565656565657383e+00
1.651515151515149382e-01
3.195707070707072006e+01
2.224545454545450607e+00
1.842323232323231919e+00
1.414141414141412145e-01
2.685858585858582614e-01
6.512121212121202429e-01
1.937070707070711384e+00
6.920707070707074138e+00
0.000000000000000000e+00
0.000000000000000000e+00
8.970707070707073516e-01
8.863636363636377968e-01
1.703333333333330701e+00
3.732424242424241090e+00
2.224949494949499673e+00
1.191010101010102629e+00
3.039393939393935651e-01
0.000000000000000000e+00
0.000000000000000000e+00
1.801414141414143355e+00
1.618080808080805566e+00
1.851515151515149338e+00
6.575757575757587570e-02
1.896060606060610221e+00
7.627878787878794142e+00
2.799999999999994715e-01
1.774656565656566087e+01
1.726767676767673398e+00
2.456565656565660838e+00
1.060808080808083753e+00
4.173838383838382349e+00
1.813131313131316258e+00
0.000000000000000000e+00
1.132222222222221353e+00
2.055959595959592434e+00
1.066666666666669372e-01
1.603030303030303250e+00
8.051515151515160618e-01
1.840111111111113473e+01
4.692121212121208806e+00
9.905050505050521092e-01
9.682828282828288557e-01
5.919191919191918450e-02
2.160606060606057865e-01
1.979797979797979363e-02
2.613131313131314415e-01
1.401111111111113416e+00
3.303030303030297099e-01
3.613131313131305311e-01
1.173333333333332229e+00
1.011858585858585258e+01
1.143606060606060382e+01
1.028888888888891850e+00
0.000000000000000000e+00
9.090909090909084223e-02
9.982323232323226492e+00
8.548484848484861898e-01
2.010101010101008612e+00
2.027777777777780788e+00
0.000000000000000000e+00
7.555555555555554248e-01
1.425252525252529157e-01
9.999999999999977657e-03
9.983737373737364251e+00
1.268585858585858706e+00
1.354646464646463544e+00
3.490909090909091184e-01
1.875959595959597159e+00
2.591919191919195287e-01
1.483131313131310636e+00
4.277777777777774126e+00
9.085858585858593850e-01
1.358282828282827648e+00
3.878787878787880172e-02
2.389292929292928136e+00
7.770101010101010175e+00
1.140101010101011392e+00
6.312121212121207803e-01
0.000000000000000000e+00
5.696969696969709368e-02
1.117373737373737130e+00
1.973535353535349701e+00
8.411111111111104766e-01
1.490909090909092738e-01
3.636262626262628750e+00
2.936585858585858944e+01
2.195959595959598776e+00
2.574444444444446312e+00
2.484444444444449562e+00
6.748484848484844756e-01
2.443434343434338074e-01
4.685363636363636886e+01
2.711363636363636331e+01
9.222222222222243859e-01
1.233838383838382180e+00
2.451515151515156976e+00
1.368787878787878221e+00
1.428989898989898366e+00
4.843434343434337985e-01
0.000000000000000000e+00
8.272727272727277426e-02
1.328383838383839999e+00
8.531010101010096491e+00
1.745757575757575397e+00
2.427161616161616919e+01
1.065282828282828120e+01
6.814343434343435923e+00
9.231313131313132470e-01
8.676767676767686843e-02
1.720303030303027558e+00
9.182828282828279232e-01
0.000000000000000000e+00
4.851545454545453140e+01
6.027272727272733333e-01
7.223232323232314789e-01
7.721212121212125412e-01
1.992020202020199582e+00
9.845454545454530582e-01
1.600101010101009802e+00
2.354646464646465098e+00
3.878787878787880172e-02
0.000000000000000000e+00
2.693989898989899601e+01
1.220808080808083673e+00
2.738989898989898464e+01
2.036363636363636986e-01
1.281515151515151274e+00
0.000000000000000000e+00
1.229565656565655374e+01
0.000000000000000000e+00
5.235656565656571892e+00
0.000000000000000000e+00
4.590909090909083834e-01
1.649999999999998579e+01
1.206868686868689533e+00
1.279494949494951017e+00
3.998323232323231480e+01
1.814040404040401011e+00
2.504545454545451744e+00
4.919191919191923806e-02
1.258585858585856476e+00
9.999999999999977657e-03
1.519090909090909047e+00
1.131424242424242976e+01
3.959595959595958725e-02
1.126323232323232659e+01
5.697030303030305021e+01
1.232424242424241978e+00
0.000000000000000000e+00
1.698080808080807635e+00
2.724181818181818215e+01
2.054343434343430363e+00
8.543434343434346268e-01
2.518252525252524165e+01
0.000000000000000000e+00
9.187878787878795972e-01
9.999999999999991535e-03
1.566666666666663710e-01
3.509030303030303344e+01
2.079797979797982366e-01
4.631414141414142094e+00
3.713434343434339535e+00
1.738888888888890483e+00
5.787878787878795173e-01
2.621212121212116442e-01
2.198989898989895941e-01
9.118181818181823051e-01
3.675757575757567341e+00
1.405151515151514152e+00
1.550101010101007537e+00
8.272727272727277426e-02
4.878787878787881338e-01
6.192525252525260093e+00
2.029282828282827467e+01
9.940404040404027253e-01
7.046464646464664083e-01
1.811818181818178219e+00
6.575757575757587570e-02
4.008303030303029857e+01
1.199494949494951612e+00
8.652525252525238297e-01
2.818585858585856307e+00
8.734343434343428969e-01
1.259898989898993182e+00
2.815252525252526894e+00
1.675757575757577666e-01
4.119191919191920181e-01
0.000000000000000000e+00
4.555555555555550473e-01
2.087171717171718566e+00
4.007575757575757791e+01
3.222979797979798633e+01
1.659090909090907395e+00
2.500000000000001110e-01
1.304646464646461945e+00
1.317878787878786762e+00
1.719090909090912556e+00
2.354545454545460270e-01
2.247575757575761557e+00
0.000000000000000000e+00
2.935959595959598989e+00
1.173434343434341942e+00
1.310505050505053282e+00
1.019191919191917428e+00
2.538181818181822091e+00
2.723232323232320229e-01
5.396424242424239992e+01
1.578888888888888120e+00
5.726666666666663907e+00
1.242222222222222561e+00
1.742525252525249924e+00
1.138989898989901217e+00
1.517777777777775450e+00
9.401010101010114361e-01
6.723838383838383947e+00
9.186868686868673306e-01
1.434545454545454346e+00
1.717373737373734333e+00
3.959595959595958031e-02
5.795959595959583321e-01
7.997979797979786198e-01
2.080606060606055241e+00
1.290000000000001368e+00
1.963131313131311284e+00
2.160606060606058976e-01
2.939393939393944444e-02
2.233333333333338278e-01
9.999999999999963779e-03
6.239393939393940158e-01
0.000000000000000000e+00
3.063636363636360049e-01
1.485050505050504510e+00
1.500101010101011934e+00
8.272727272727276038e-02
1.733333333333332282e-01
4.725050505050505834e+00
1.107171717171715697e+00
8.031919191919193679e+00
2.939393939393944097e-02
0.000000000000000000e+00
1.193434343434341738e+00
7.575757575757582907e-02
0.000000000000000000e+00
9.575757575757585238e-01
3.066969696969699122e+00
0.000000000000000000e+00
1.476969696969698154e+00
1.681010101010099067e+00
2.478181818181818930e+00
3.878787878787880172e-02
1.061616161616163179e-01
