2.462020202020203108e+00
1.026666666666664840e+00
0.000000000000000000e+00
7.881818181818186497e-01
2.299191919191919453e+00
6.125252525252523617e-01
2.403030303030307679e-01
1.186464646464644224e+00
2.460606060606065904e-01
1.227878787878789568e+00
4.157515151515154628e+01
1.931313131313131815e-01
9.999999999999953371e-03
8.470707070707069741e-01
1.285050505050507441e+00
3.132020202020199484e+00
1.979797979797979016e-02
3.878787878787880172e-02
2.651424242424242905e+01
7.791919191919198795e-01
0.000000000000000000e+00
5.667676767676755878e-01
1.377373737373736917e+00
2.327272727272731989e-01
0.000000000000000000e+00
9.999999999999974187e-03
1.338181818181818361e+00
2.000000000000000042e-02
0.000000000000000000e+00
9.384848484848480332e-01
3.048787878787881489e+00
9.090909090909084223e-02
2.509090909090913590e-01
4.464646464646472857e-01
1.158282828282826804e+00
1.091818181818180911e+00
5.923424242424243147e+01
2.365111111111110986e+01
2.460606060606066181e-01
1.611313131313130809e+00
5.225252525252530589e+00
6.717171717171721568e-01
1.232424242424243532e+00
8.035353535353533250e-01
1.226565656565655527e+00
0.000000000000000000e+00
4.479797979797977003e-01
0.000000000000000000e+00
2.020808080808084384e+00
8.328181818181823459e+00
1.369191919191920181e+00
0.000000000000000000e+00
8.272727272727274650e-02
5.026262626262619770e-01
1.651919191919193342e+00
4.342424242424239855e-01
1.204747474747477121e+00
4.680808080808074867e-01
2.571313131313134104e+00
9.044444444444433850e-01
2.660545454545453836e+01
1.058484848484849916e+00
1.937222222222221291e+01
0.000000000000000000e+00
1.091515151515153104e+00
6.696969696969705399e-02
3.348888888888886584e+00
1.236666666666667247e+00
2.516161616161619596e-01
3.878787878787880172e-02
1.702020202020201767e+00
1.979797979797979016e-02
1.304141414141412492e+00
1.776565656565652684e+00
1.137373737373739285e-01
2.812070707070707343e+01
1.434242424242425207e+00
1.321616161616161023e+00
1.759202020202018346e+01
4.172727272727266290e-01
7.409090909090908506e-01
9.460606060606077117e-01
9.575757575757581908e-02
3.473434343434342875e+00
2.846767676767681277e+00
1.701616161616164247e+00
6.672727272727281278e-01
1.734141414141410875e+00
5.117171717171711265e-01
2.266666666666661278e-01
2.979797979797977128e-02
1.015656565656563703e+00
5.797979797979802702e-02
1.243434343434342004e+00
1.219595959595959789e+00
4.819191919191914697e-01
1.398686868686869644e+00
1.326767676767677928e+00
1.199797979797982306e+00
3.679414141414141426e+01
2.245959595959599486e+00
0.000000000000000000e+00
1.009090909090909483e-01
8.548686868686861118e+00
2.424242424242418759e-01
1.025757575757574536e+00
6.392929292929299123e-01
5.328282828282836503e-01
2.524242424242423843e-01
2.092525252525255564e+00
2.723232323232319674e-01
1.979797979797979363e-02
9.999999999999962044e-03
1.960505050505053193e+00
1.352525252525251132e+00
1.323232323232321761e-01
0.000000000000000000e+00
1.962323232323233579e+00
1.163939393939393607e+00
5.191818181818177003e+00
4.019595959595960721e+00
7.607070707070688886e-01
2.403030303030300741e-01
7.666666666666678287e-01
1.578888888888889674e+00
3.570707070707079267e-01
8.361616161616168830e-01
2.939393939393944444e-02
7.268989898989891785e+00
0.000000000000000000e+00
1.979797979797979363e-02
9.999999999999948166e-03
9.999999999999977657e-03
1.154545454545453875e+00
9.654545454545444549e-01
9.463232323232324106e+00
2.524242424242423843e-01
2.466969696969697257e+00
9.565656565656552868e-01
0.000000000000000000e+00
8.994949494949514568e-01
1.007878787878788707e+00
9.999999999999975922e-03
1.384242424242421388e+00
2.197979797979799643e-01
1.387272727272725659e+00
9.308080808080789748e-01
2.798989898989894254e-01
1.060101010101007768e+00
9.999999999999993269e-03
1.605656565656567114e+00
8.362626262626254858e-01
0.000000000000000000e+00
1.308585858585859851e+00
3.466262626262623048e+00
7.594949494949498892e-01
1.258787878787878789e+00
3.516262626262627755e+00
9.925252525252504787e-01
7.575757575757578743e-02
4.797979797979801814e-02
0.000000000000000000e+00
1.287878787878784514e-01
8.354646464646460657e+00
1.795353535353533481e+00
3.648525252525254814e+01
6.575757575757584794e-02
1.011111111111111960e+00
6.063636363636372373e+00
1.012727272727272698e+00
9.888888888888890116e-02
1.226060606060604963e+00
8.752525252525252819e-01
0.000000000000000000e+00
7.662626262626259788e-01
5.244545454545463059e+00
1.286262626262626219e+00
1.490909090909092460e-01
4.797979797979805283e-02
8.233333333333352488e-01
2.979797979797981639e-02
1.185555555555552587e+00
5.797979797979802008e-02
1.413333333333333552e+00
3.243434343434339895e-01
7.499999999999995559e-01
1.103030303030303472e+00
9.376767676767668869e-01
1.096161616161615227e+00
1.993939393939393456e-01
1.481010101010099556e+00
1.269797979797977705e+00
9.773737373737356737e-01
1.368181818181816611e+00
0.000000000000000000e+00
1.701919191919191388e+00
0.000000000000000000e+00
9.576767676767681259e-01
1.979797979797979016e-02
1.021353535353535413e+01
6.946464646464650450e+00
8.269696969696969102e-01
1.845454545454545126e-01
0.000000000000000000e+00
1.261010101010100248e+00
0.000000000000000000e+00
2.656363636363638481e+00
0.000000000000000000e+00
6.575757575757583406e-02
3.307070707070710047e-01
4.918656565656566926e+01
2.524242424242423843e-01
4.742424242424233549e-01
4.007070707070715665e-01
1.430606060606059105e+00
3.167262626262625602e+01
1.238323232323232403e+01
1.340222222222222115e+01
6.411111111111119643e-01
1.199393939393942343e+00
5.703030303030294235e-01
2.616161616161620240e-01
3.347070707070709972e+00
0.000000000000000000e+00
1.313595959595959783e+01
7.725252525252537250e-01
1.644343434343430443e+00
4.674747474747474874e-01
3.710606060606069345e+00
7.122222222222233112e-01
0.000000000000000000e+00
6.555555555555547809e-01
1.524141414141412021e+00
1.696464646464644899e+00
4.344545454545450269e+00
2.053131313131313807e+00
6.537272727272726236e+00
1.142626262626263989e+00
1.231919191919190082e+00
7.322222222222223298e-01
8.782828282828295530e-01
9.146464646464650405e-01
0.000000000000000000e+00
1.842424242424241798e-01
1.409595959595958847e+00
1.564747474747475664e+00
1.200797979797980197e+01
1.314747474747476330e+00
6.207070707070690974e-01
6.415151515151530370e-01
9.686868686868675971e-01
1.733434343434344216e+00
1.586868686868685152e-01
8.272727272727276038e-02
2.266666666666661833e-01
5.953333333333332256e+00
7.990909090909096291e-01
2.509191919191922526e+00
2.123232323232321139e+00
1.501313131313131821e+00
0.000000000000000000e+00
0.000000000000000000e+00
9.836363636363657514e-01
3.772323232323238074e+00
3.010484848484846765e+01
1.166767676767678896e+00
3.439898989898994230e+00
1.000303030303031138e+00
5.929292929292933056e-01
1.128383838383840709e+00
1.376262626262626521e+00
4.841919191919184406e+00
0.000000000000000000e+00
3.104141414141415201e+00
9.999999999999979391e-03
2.939393939393943403e-02
1.674545454545454559e+00
1.357575757575757991e-01
0.000000000000000000e+00
1.580707070707071837e+00
1.424040404040403995e+00
1.037565656565656802e+01
7.610101010101015806e-01
1.094040404040403036e+00
3.021515151515150155e+00
1.375353535353535106e+00
1.388878787878787513e+01
1.238989898989897087e+00
1.443333333333332691e+00
2.525252525252525415e-01
1.531111111111110423e+00
8.397474747474744206e+00
1.348888888888886584e+00
0.000000000000000000e+00
1.521010101010101367e+00
8.960606060606065570e-01
3.625353535353537993e+00
1.121212121212120244e-01
1.474343434343436510e+00
1.842424242424241798e-01
8.996969696969684405e-01
7.324242424242418670e-01
5.276767676767682991e-01
1.261818181818179285e+00
0.000000000000000000e+00
1.051111111111110219e+00
1.485858585858583214e-01
2.500000000000001110e-01
7.388888888888902606e-01
1.126262626262624744e+00
1.979797979797979363e-02
9.999999999999970718e-03
9.512121212121218417e-01
4.807070707070715265e-01
0.000000000000000000e+00
0.000000000000000000e+00
9.731313131313152898e-01
1.490909090909092960e+00
1.657575757575757036e+00
1.979797979797979016e-02
2.629292929292928349e+00
7.619191919191929951e-01
4.147272727272723003e+00
2.865353535353534209e+00
4.650303030303030383e+00
1.230000000000001315e+00
8.093030303030301909e+00
7.021212121212115909e-01
1.140303030303031706e+00
0.000000000000000000e+00
1.043535353535351762e+00
1.303434343434344278e+00
1.589292929292930756e+00
9.999999999999963779e-03
1.261515151515148814e+00
7.440404040404022812e-01
1.733333333333332282e-01
8.243434343434350442e-01
1.061111111111110006e+00
1.943434343434342904e-01
1.733131313131316187e+00
3.878787878787880172e-02
9.090909090909075896e-02
4.797979797979808059e-02
0.000000000000000000e+00
3.860434343434338444e+01
9.859595959595968129e-01
1.496555555555555017e+01
3.982828282828271838e-01
2.185757575757572901e+00
2.438989898989896599e+00
1.944040404040400905e+00
1.979797979797979016e-02
8.090909090909094159e-01
1.053535353535351576e-01
3.837777777777785282e+00
0.000000000000000000e+00
2.054040404040401668e+00
1.956969696969699468e+00
0.000000000000000000e+00
1.788888888888890139e-01
1.216161616161617470e-01
0.000000000000000000e+00
2.470707070707068576e-01
0.000000000000000000e+00
4.601010101010106212e-01
7.418181818181823761e-01
2.071313131313130107e+00
2.438979797979797226e+01
2.500000000000001110e-01
1.287878787878784514e-01
0.000000000000000000e+00
2.560606060606057666e-01
9.999999999999989800e-03
1.264545454545455749e+00
2.979797979797976434e-02
1.056868686868684737e+00
2.609090909090912569e-01
1.216767676767678275e+00
8.412121212121219660e-01
5.338888888888888573e+00
1.401919191919190455e+00
0.000000000000000000e+00
1.979797979797979710e-02
9.977777777777753210e-01
1.040101010101009749e+00
9.675757575757575335e-01
1.858484848484847962e+00
9.090909090909080059e-02
5.881414141414141206e+00
1.525444444444443626e+01
9.173737373737381740e-01
2.136363636363635132e-01
8.367676767676773819e-01
1.173232323232322072e+00
1.559797979797977074e+00
9.048484848484842358e-01
2.266666666666661278e-01
1.379696969696969200e+00
2.934141414141417048e+00
1.247070707070705886e+00
1.561010101010101847e+00
1.919202020202020265e+01
7.870707070707068098e-01
2.413080808080808737e+01
8.089898989898971493e-01
9.479797979797983665e-01
3.956666666666664334e+00
1.181515151515149853e+00
8.374747474747457066e-01
0.000000000000000000e+00
3.542828282828279107e+00
3.157575757575760145e-01
7.413131313131311462e-01
2.204474747474746366e+01
1.488585858585857791e+00
2.303454545454546576e+01
1.597070707070706419e+00
1.775757575757578866e-01
1.424545454545454559e+00
1.615151515151513673e+00
1.427373737373740292e+00
3.878787878787880172e-02
2.475757575757577267e-01
3.193949494949495005e+01
2.245555555555557969e+00
5.009494949494951221e+00
9.999999999999955105e-03
7.812121212121211355e-01
6.568686868686882674e-01
2.920303030303028180e+00
1.979797979797979016e-02
1.066666666666668400e-01
0.000000000000000000e+00
2.513737373737372938e+00
1.028585858585858714e+00
2.043434343434342715e-01
1.132868686868685693e+01
7.647474747474753975e-01
8.737373737373727023e-02
2.403030303030308235e-01
1.210404040404038817e+00
1.959494949494950511e+00
3.131505050505051102e+01
3.678383838383836313e+00
9.999999999999981126e-03
0.000000000000000000e+00
2.040404040404038277e-01
4.733939393939394336e+00
1.339393939393940691e+00
0.000000000000000000e+00
4.521212121212127011e-01
1.018484848484850991e+00
1.132424242424244110e+00
8.460606060606042922e-01
1.321919191919191050e+00
2.077474747474745254e+00
1.304545454545455563e+00
1.080303030303028544e+00
0.000000000000000000e+00
0.000000000000000000e+00
1.774747474747471188e+00
2.038383838383836244e-01
0.000000000000000000e+00
2.746464646464640280e-01
1.842424242424241798e-01
2.196969696969692798e-01
1.597070707070707307e+00
9.845454545454555007e-01
9.586868686868676992e-01
2.491919191919196030e-01
0.000000000000000000e+00
3.175757575757579554e-01
2.574949494949495321e+00
1.704444444444446871e+00
2.481111111111107714e+00
9.383838383838378761e-01
4.851515151515147228e-01
7.336363636363643081e-01
1.011010101010101803e+00
1.546262626262625339e+00
4.755141414141414202e+01
1.176464646464649100e+00
1.130404040404043187e+00
5.845454545454539241e-01
1.575757575757578133e+00
3.798080808080812165e+00
6.706060606060610940e-01
4.451515151515152979e-01
0.000000000000000000e+00
1.071010101010100302e+00
7.101010101010101216e-01
1.886767676767673541e+00
2.036363636363636709e-01
2.939393939393944791e-02
4.797979797979805977e-02
1.287373737373739946e+00
2.939393939393942362e-02
0.000000000000000000e+00
6.576767676767690807e-01
8.581717171717166082e+00
1.849292929292926768e+00
1.175848484848484610e+01
9.999999999999948166e-03
2.427272727272731800e-01
1.311515151515149302e+00
6.696969696969705399e-02
1.420808080808079410e+00
1.597474747474747048e+00
0.000000000000000000e+00
1.877979797979794085e+00
2.037191919191918643e+01
6.685858585858596159e-01
1.139999999999999014e+00
4.738383838383843027e+00
1.019898989898991415e+00
1.081919191919193723e+00
1.619595959595963253e+00
0.000000000000000000e+00
6.059595959595952541e-01
2.278282828282831129e+00
4.540404040404035224e-01
2.136464646464642403e+00
1.389191919191918645e+00
3.752929292929289673e+00
0.000000000000000000e+00
1.280303030303028944e+00
8.272727272727277426e-02
6.248484848484849863e-01
3.432525252525255866e+00
1.901242424242424889e+01
6.553737373737375194e+00
6.217171717171710021e-01
0.000000000000000000e+00
6.449292929292925969e+00
8.776767676767673887e-01
3.123232323232328356e-01
1.380070707070707314e+01
8.063636363636366156e-01
7.434343434343430868e-02
1.205858585858588627e+00
1.430202020202021584e+00
3.878787878787880172e-02
1.140303030303029930e+00
9.888888888888898443e-02
1.975959595959595694e+00
0.000000000000000000e+00
1.287373737373735283e+00
7.488888888888886042e-01
9.999999999999988065e-03
9.314040404040405008e+00
9.888888888888902606e-02
4.721515151515149000e+00
8.123232323232320029e-01
1.287878787878784514e-01
1.460606060606058465e+00
0.000000000000000000e+00
2.155050505050506882e+00
6.653535353535358077e-01
5.302141414141414089e+01
1.117777777777778869e+00
8.457979797979799486e+00
4.932929292929289389e+00
1.253232323232324807e+00
1.979797979797979363e-02
1.271818181818179294e+00
1.929797979797981622e+00
1.242626262626262745e+00
1.414444444444447058e+00
2.233333333333338555e-01
1.195161616161616180e+01
8.155555555555548120e-01
1.357575757575757991e-01
1.725454545454546462e+00
1.031313131313131848e+00
1.622222222222219623e-01
4.399464646464647899e+01
1.367171717171718592e+00
7.767676767676766625e-01
2.838181818181824578e+00
1.390808080808081382e+00
1.136636363636365488e+01
0.000000000000000000e+00
0.000000000000000000e+00
1.159393939393940975e+00
8.033333333333328996e-01
2.150333333333333741e+01
1.157070707070705140e+00
1.107070707070704624e-01
1.034747474747473417e+00
1.793939393939392835e+00
0.000000000000000000e+00
3.915353535353539360e+00
3.446414141414140886e+01
8.119191919191927065e-01
3.133333333333330195e-01
2.179797979797982455e-01
5.734444444444448230e+00
1.216161616161619274e-01
4.491808080808080206e+01
0.000000000000000000e+00
7.344444444444443443e-01
0.000000000000000000e+00
1.344444444444446107e+00
2.516161616161619596e-01
9.999999999999962044e-03
8.435353535353521393e-01
2.654545454545449434e-01
3.119828282828282795e+01
2.460606060606066181e-01
1.187676767676768996e+00
2.521212121212118573e-01
1.893939393939393923e-01
6.713131313131324163e-01
1.470505050505049427e+00
2.160606060606058976e-01
3.050404040404039563e+00
0.000000000000000000e+00
1.155050505050503773e+00
1.149494949494951568e+00
3.006969696969694184e+00
1.262525252525253716e+00
2.764040404040406074e+00
7.545454545454531869e-01
0.000000000000000000e+00
6.171717171717177042e-01
1.357575757575757991e-01
4.523232323232327379e-01
3.506161616161615768e+01
3.609858585858584945e+01
7.993939393939384352e-01
1.360606060606060763e-01
9.059595959595964088e-01
3.486373737373736503e+01
1.614545454545457392e+00
1.930101010101007875e+00
2.660606060606065526e-01
1.197070707070708284e+00
2.605050505050509058e-01
1.293939393939392835e+00
4.694696969696968836e+01
2.446464646464643344e-01
9.999999999999955105e-03
1.567777777777776160e+00
2.820888888888888602e+01
9.812121212121230895e-01
1.576363636363636855e+00
1.675757575757577111e-01
2.719393939393938364e+00
1.990909090909091239e-01
0.000000000000000000e+00
2.079797979797981811e-01
1.257727272727272272e+01
2.852525252525256239e+00
5.733656565656565363e+01
0.000000000000000000e+00
5.521212121212121238e-01
1.059494949494948157e+00
1.067676767676768890e+00
1.066666666666669372e-01
1.024040404040401864e+00
1.002626262626260534e+00
2.640404040404036312e-01
7.704949494949499211e+00
0.000000000000000000e+00
2.014141414141417397e-01
1.729999999999998650e+00
9.999999999999968983e-03
2.428282828282826433e-01
8.676767676767681570e-01
1.368686868686868507e+00
6.584545454545453147e+00
7.021212121212130342e-01
2.577777777777774393e-01
1.459999999999999076e+00
2.690909090909086032e-01
8.890909090909100421e-01
5.375757575757583728e-01
0.000000000000000000e+00
6.972323232323230258e+00
1.788888888888890139e-01
2.327272727272731434e-01
0.000000000000000000e+00
7.434343434343430868e-02
0.000000000000000000e+00
8.640404040404047192e-01
1.457575757575757247e-01
4.827272727272726716e-01
4.797979797979804589e-02
1.206767676767679154e+00
9.723232323232324781e-01
1.669292929292932604e+00
1.099696969696968063e+00
1.662020202020202175e+00
1.673434343434344163e+00
1.814818181818181486e+01
5.309292929292929841e+01
1.405959595959597630e+00
9.331313131313118125e-01
8.183636363636363598e+00
2.036363636363637819e-01
2.682121212121214349e+00
0.000000000000000000e+00
2.362626262626259077e+00
8.818181818181813902e-01
0.000000000000000000e+00
1.111515151515149569e+00
1.622222222222218513e-01
0.000000000000000000e+00
3.481818181818186364e+00
2.969282828282830877e+01
1.873737373737368039e-01
7.703030303030288239e-01
1.393333333333334645e+00
3.383636363636365552e+00
9.594949494949484015e-01
9.521212121212102586e-01
9.575757575757563866e-02
1.247575757575759114e+00
9.090909090909086998e-02
1.084242424242422898e+00
2.470202020202022730e+00
9.276767676767684323e-01
1.298686868686865781e+00
2.878787878787880672e-01
2.266666666666661278e-01
1.653333333333330213e+00
1.425252525252527214e-01
3.731515151515154116e+00
3.076969696969701129e+00
7.967676767676766802e-01
3.643030303030302619e+00
2.939393939393944791e-02
2.913131313131311906e-01
2.588888888888883355e-01
9.873737373737362377e-01
1.925656565656564068e+00
3.878787878787880172e-02
1.350505050505047988e+00
1.092020202020199893e+00
4.445393939393940030e+01
9.090909090909091161e-02
5.527474747474744099e+00
1.107070707070704346e-01
2.198989898989895109e-01
5.436161616161614418e+00
1.903636363636360018e+00
8.306060606060607920e-01
1.088888888888890211e-01
3.065959595959596129e+01
2.040303030303033616e+00
1.847878787878790785e+00
1.121212121212119550e-01
2.415151515151519601e-01
6.913131313131318789e-01
1.633939393939395579e+00
5.967474747474743602e+00
0.000000000000000000e+00
0.000000000000000000e+00
7.222222222222216548e-01
7.173737373737363310e-01
1.616262626262626956e+00
3.113333333333331510e+00
1.633030303030303942e+00
1.072222222222224186e+00
2.779797979797975493e-01
0.000000000000000000e+00
0.000000000000000000e+00
1.764242424242426166e+00
1.363131313131315858e+00
1.619393939393938275e+00
4.797979797979797650e-02
1.818888888888887445e+00
5.553535353535353991e+00
2.633333333333336412e-01
1.498949494949493833e+01
1.492424242424242431e+00
2.323434343434341187e+00
7.526262626262626432e-01
3.317070707070711499e+00
1.338888888888887241e+00
0.000000000000000000e+00
8.842424242424241632e-01
1.883030303030303498e+00
8.272727272727277426e-02
1.397878787878789719e+00
9.125252525252502966e-01
1.795797979797979949e+01
4.240202020202021416e+00
9.218181818181822029e-01
8.624242424242430927e-01
2.979797979797976434e-02
1.990909090909090962e-01
9.999999999999991535e-03
2.577777777777774393e-01
1.162727272727274386e+00
3.045454545454549522e-01
3.485858585858578329e-01
1.047979797979799121e+00
8.030202020202013458e+00
1.106000000000000583e+01
7.764646464646475232e-01
0.000000000000000000e+00
5.696969696969703817e-02
8.061717171717177166e+00
9.167676767676786742e-01
2.049393939393942432e+00
1.856464646464649926e+00
0.000000000000000000e+00
6.480808080808073690e-01
1.287878787878785625e-01
9.999999999999953371e-03
8.447575757575755517e+00
1.463232323232321441e+00
1.071414141414139376e+00
3.691919191919195709e-01
1.667272727272726129e+00
2.358585858585862671e-01
1.510202020202021211e+00
3.830909090909087933e+00
8.911111111111118532e-01
9.869696969696963862e-01
3.878787878787880172e-02
1.540303030303030063e+00
7.025353535353536572e+00
9.852525252525264898e-01
6.245454545454552919e-01
0.000000000000000000e+00
5.858585858585859535e-02
7.984848484848476868e-01
1.550505050505052829e+00
7.476767676767666071e-01
1.733333333333332282e-01
3.356666666666663357e+00
2.673454545454545084e+01
2.125353535353534440e+00
2.364545454545453840e+00
2.212323232323237132e+00
6.725252525252521929e-01
2.460606060606066181e-01
3.676595959595959329e+01
2.324434343434343475e+01
7.654545454545444993e-01
1.014343434343435435e+00
2.280808080808079286e+00
1.233939393939393669e+00
1.310909090909093244e+00
3.946464646464650783e-01
0.000000000000000000e+00
5.696969696969705899e-02
1.280202020202021451e+00
7.347979797979800942e+00
1.316262626262628688e+00
1.896333333333334892e+01
1.121313131313131173e+01
6.775959595959596626e+00
9.137373737373750693e-01
8.555555555555564851e-02
1.302525252525250421e+00
9.328282828282834505e-01
0.000000000000000000e+00
4.060535353535353664e+01
6.002020202020194040e-01
7.152525252525262500e-01
7.667676767676762095e-01
1.877777777777778434e+00
1.026464646464648300e+00
1.230202020202018076e+00
2.107777777777773309e+00
1.979797979797979363e-02
0.000000000000000000e+00
2.155505050505052012e+01
9.698989898989910374e-01
2.285999999999999588e+01
1.943434343434342904e-01
1.142121212121210538e+00
0.000000000000000000e+00
1.040797979797980055e+01
0.000000000000000000e+00
4.764242424242423724e+00
0.000000000000000000e+00
4.288888888888890971e-01
1.327131313131312496e+01
1.214747474747473133e+00
1.074848484848484720e+00
3.823333333333332718e+01
1.741616161616162950e+00
2.074141414141409623e+00
2.000000000000000042e-02
1.131212121212123112e+00
0.000000000000000000e+00
1.316969696969695791e+00
9.177272727272727693e+00
9.999999999999982861e-03
1.060858585858585101e+01
5.371424242424243545e+01
1.193434343434344402e+00
0.000000000000000000e+00
1.292424242424241809e+00
2.101888888888887053e+01
1.896565656565653235e+00
7.741414141414117989e-01
2.007262626262626526e+01
0.000000000000000000e+00
9.193939393939403182e-01
0.000000000000000000e+00
1.484848484848486361e-01
3.214080808080807827e+01
1.943434343434342904e-01
4.614848484848482535e+00
3.305858585858587162e+00
1.270202020202021886e+00
5.541414141414148231e-01
2.354545454545460270e-01
2.026262626262629318e-01
6.023232323232339258e-01
3.241414141414137529e+00
1.268181818181821852e+00
1.274141414141416240e+00
9.090909090909075896e-02
3.960606060606049472e-01
5.000707070707075985e+00
1.869080808080808254e+01
7.682828282828280120e-01
7.258585858585864248e-01
1.652424242424240353e+00
2.939393939393944097e-02
3.466242424242424391e+01
1.187676767676768996e+00
8.377777777777789536e-01
2.401010101010105036e+00
8.186868686868681300e-01
1.066565656565654940e+00
2.513838383838381763e+00
1.357575757575757991e-01
3.781818181818181746e-01
0.000000000000000000e+00
4.175757575757580442e-01
1.560505050505049729e+00
3.119030303030302420e+01
2.896545454545454490e+01
1.551717171717172050e+00
2.521212121212118573e-01
1.207373737373734990e+00
1.106464646464647039e+00
1.565555555555553369e+00
2.327272727272731989e-01
1.959494949494953397e+00
0.000000000000000000e+00
2.271313131313129396e+00
9.778787878787896792e-01
1.174949494949492967e+00
7.158585858585857498e-01
2.108989898989895195e+00
2.722222222222218657e-01
4.630373737373736986e+01
1.360404040404038950e+00
4.302525252525247978e+00
1.102424242424239198e+00
1.785353535353532139e+00
9.487878787878798459e-01
1.354949494949491351e+00
8.802020202020220951e-01
6.072020202020207869e+00
8.758585858585867800e-01
1.242626262626264966e+00
1.467777777777780068e+00
9.999999999999951636e-03
5.388888888888880846e-01
7.060606060606058332e-01
1.901010101010097486e+00
1.200101010101012111e+00
1.675959595959595205e+00
2.160606060606058421e-01
2.939393939393944444e-02
2.079797979797981811e-01
9.999999999999963779e-03
5.828282828282841388e-01
9.999999999999965514e-03
2.621212121212116997e-01
1.190404040404042130e+00
1.495959595959596822e+00
7.434343434343432255e-02
1.733333333333333393e-01
4.280707070707070017e+00
9.520202020202012116e-01
7.163535353535351646e+00
0.000000000000000000e+00
0.000000000000000000e+00
1.206666666666665222e+00
5.696969696969707286e-02
0.000000000000000000e+00
7.690909090909102686e-01
2.447474747474743140e+00
0.000000000000000000e+00
1.397474747474745094e+00
1.468181818181818032e+00
2.048484848484847021e+00
3.878787878787880172e-02
9.595959595959606403e-02
