2.546969696969697772e+00
1.153333333333335320e+00
0.000000000000000000e+00
8.403030303030293302e-01
2.640202020202016886e+00
6.215151515151525752e-01
2.403030303030307679e-01
1.225353535353534307e+00
2.488888888888884654e-01
1.259696969696971980e+00
4.278565656565655217e+01
1.814141414141414166e-01
1.979797979797979016e-02
8.588888888888908113e-01
1.363434343434343221e+00
3.208888888888886459e+00
9.999999999999984596e-03
3.878787878787880172e-02
2.697404040404039804e+01
8.807070707070719928e-01
0.000000000000000000e+00
6.269696969696955113e-01
1.451616161616161360e+00
2.297979797979792516e-01
0.000000000000000000e+00
9.999999999999981126e-03
1.446464646464646453e+00
2.000000000000000042e-02
0.000000000000000000e+00
9.591919191919185961e-01
3.235555555555553742e+00
9.888888888888891504e-02
2.281818181818185132e-01
4.774747474747475517e-01
1.272626262626262106e+00
1.154545454545452987e+00
6.618575757575769103e+01
2.331666666666666288e+01
2.475757575757577267e-01
1.706161616161616879e+00
5.668080808080809163e+00
7.060606060606043899e-01
1.273737373737375611e+00
8.095959595959602018e-01
1.328383838383836668e+00
0.000000000000000000e+00
4.370707070707066655e-01
0.000000000000000000e+00
1.906565656565653688e+00
8.394545454545454533e+00
1.518383838383838835e+00
0.000000000000000000e+00
8.272727272727276038e-02
5.307070707070714599e-01
1.758282828282825561e+00
4.317171717171714440e-01
1.237777777777779864e+00
5.021212121212130786e-01
2.720303030303031555e+00
8.860606060606048828e-01
2.677595959595961972e+01
1.083939393939391982e+00
2.126202020202022425e+01
0.000000000000000000e+00
1.181010101010100843e+00
6.696969696969705399e-02
3.724343434343434733e+00
1.282727272727275158e+00
2.521212121212118573e-01
4.797979797979799732e-02
1.736767676767675406e+00
1.979797979797979016e-02
1.269090909090905273e+00
1.886666666666668934e+00
1.045454545454545942e-01
2.659989898989899260e+01
1.378484848484849090e+00
1.413434343434342155e+00
1.788828282828283278e+01
3.986868686868685896e-01
7.021212121212130342e-01
1.017676767676765515e+00
1.045454545454547746e-01
3.689292929292924850e+00
2.994949494949493030e+00
1.672727272727270842e+00
6.714141414141406861e-01
1.633030303030301944e+00
4.940404040404043906e-01
2.297979797979792238e-01
4.919191919191923112e-02
1.032929292929291476e+00
5.858585858585859535e-02
1.347777777777775743e+00
1.188787878787876950e+00
4.807070707070715820e-01
1.599292929292927434e+00
1.296060606060608134e+00
1.442222222222226291e+00
3.783060606060605124e+01
2.265151515151517359e+00
0.000000000000000000e+00
1.088888888888888407e-01
9.588080808080809092e+00
2.403030303030307679e-01
1.035353535353533694e+00
6.864646464646456669e-01
4.986868686868680123e-01
2.500000000000001110e-01
2.144949494949492497e+00
2.909090909090902843e-01
2.939393939393942709e-02
1.979797979797979016e-02
1.932828282828283895e+00
1.383535353535354950e+00
1.161616161616162296e-01
0.000000000000000000e+00
2.114949494949495357e+00
1.204141414141417288e+00
5.471919191919186076e+00
4.449696969696971038e+00
7.902020202020215711e-01
2.412121212121208780e-01
8.055555555555555802e-01
1.594545454545452712e+00
3.712121212121204383e-01
8.211111111111113470e-01
4.797979797979808753e-02
7.035252525252528422e+00
0.000000000000000000e+00
1.979797979797979363e-02
1.979797979797979016e-02
9.999999999999977657e-03
1.223232323232323004e+00
1.029696969696971331e+00
1.066606060606059891e+01
2.524242424242423843e-01
2.447575757575758182e+00
1.044040404040402992e+00
0.000000000000000000e+00
9.477777777777786072e-01
1.099898989898988377e+00
9.999999999999975922e-03
1.334747474747472573e+00
2.197979797979799643e-01
1.466060606060603400e+00
9.763636363636352122e-01
3.028282828282835015e-01
1.049292929292930943e+00
9.999999999999993269e-03
1.469090909090906560e+00
8.939393939393949218e-01
0.000000000000000000e+00
1.403939393939394042e+00
3.313232323232331300e+00
7.461616161616170251e-01
1.152121212121210991e+00
3.865757575757576614e+00
9.898989898989895009e-01
7.575757575757578743e-02
7.434343434343430868e-02
0.000000000000000000e+00
1.216161616161618164e-01
9.269494949494944791e+00
1.758585858585860029e+00
4.256717171717173187e+01
8.272727272727277426e-02
9.957575757575737319e-01
6.161919191919193572e+00
9.690909090909106682e-01
1.287878787878786180e-01
1.275252525252524638e+00
9.917171717171727741e-01
0.000000000000000000e+00
8.033333333333332327e-01
5.555151515151509400e+00
1.359494949494951532e+00
1.554545454545456507e-01
7.434343434343430868e-02
8.261616161616169851e-01
3.939393939393939781e-02
1.145656565656562487e+00
4.878787878787878979e-02
1.346464646464646586e+00
3.807070707070701054e-01
7.823232323232321983e-01
1.148686868686866758e+00
1.012727272727269812e+00
1.147373737373735159e+00
1.788888888888890416e-01
1.431010101010102398e+00
1.424646464646465382e+00
9.778787878787892351e-01
1.445959595959594779e+00
0.000000000000000000e+00
1.834646464646461084e+00
0.000000000000000000e+00
1.011717171717172903e+00
9.999999999999975922e-03
1.085696969696970093e+01
7.617676767676767824e+00
8.299999999999987388e-01
1.845454545454545126e-01
0.000000000000000000e+00
1.353434343434346987e+00
0.000000000000000000e+00
2.723636363636368074e+00
0.000000000000000000e+00
5.696969696969710062e-02
3.723232323232328334e-01
5.109838383838384601e+01
2.524242424242423843e-01
4.426262626262628674e-01
3.866666666666666585e-01
1.474545454545451273e+00
3.266939393939392033e+01
1.306888888888887479e+01
1.573525252525251972e+01
7.017171717171718504e-01
1.341313131313133011e+00
6.128282828282825001e-01
2.722222222222217547e-01
3.630909090909097969e+00
0.000000000000000000e+00
1.426737373737373993e+01
8.176767676767676685e-01
1.676969696969695001e+00
4.563636363636368043e-01
3.665252525252524762e+00
6.802020202020209183e-01
0.000000000000000000e+00
6.797979797979810668e-01
1.566161616161618753e+00
1.769898989898992969e+00
4.333838383838380715e+00
2.344444444444444109e+00
6.407373737373728950e+00
1.155454545454546178e+00
1.251616161616162071e+00
6.661616161616159548e-01
9.856565656565658973e-01
9.752525252525260369e-01
0.000000000000000000e+00
1.893939393939393923e-01
1.473838383838382615e+00
1.687070707070706499e+00
1.253151515151515127e+01
1.350202020202021291e+00
7.223232323232334773e-01
6.843434343434349199e-01
1.003939393939392577e+00
1.781111111111109313e+00
1.666666666666663799e-01
9.888888888888898443e-02
2.121212121212122381e-01
6.079898989898978812e+00
8.323232323232333529e-01
2.691818181818180555e+00
2.395858585858589240e+00
1.485151515151517110e+00
0.000000000000000000e+00
0.000000000000000000e+00
9.250505050505031246e-01
4.186060606060598488e+00
2.983757575757575964e+01
1.184141414141417492e+00
3.270101010101007954e+00
1.029393939393937973e+00
5.981818181818171487e-01
1.138383838383839608e+00
1.501616161616158740e+00
5.093131313131305404e+00
0.000000000000000000e+00
3.512222222222222801e+00
9.999999999999979391e-03
3.878787878787880172e-02
1.749696969696968862e+00
1.216161616161618025e-01
9.999999999999998473e-03
1.631313131313131271e+00
1.383737373737371712e+00
1.068191919191918515e+01
7.179797979797979401e-01
1.267272727272730437e+00
3.588585858585857213e+00
1.382929292929291787e+00
1.438727272727271789e+01
1.174242424242425198e+00
1.437979797979796581e+00
2.521212121212118573e-01
1.421313131313129752e+00
9.181616161616162231e+00
1.702929292929293625e+00
0.000000000000000000e+00
1.460000000000001741e+00
9.024242424242444605e-01
3.812828282828285786e+00
1.107070707070705595e-01
1.556969696969696892e+00
1.733333333333332560e-01
9.185858585858582837e-01
8.394949494949491831e-01
5.424242424242419203e-01
1.271717171717169359e+00
0.000000000000000000e+00
9.852525252525242694e-01
1.485858585858583492e-01
2.379797979797985685e-01
7.768686868686858205e-01
1.096161616161615449e+00
1.979797979797979363e-02
9.999999999999970718e-03
9.105050505050500398e-01
4.913131313131308131e-01
0.000000000000000000e+00
0.000000000000000000e+00
9.480808080808073024e-01
1.524343434343432779e+00
1.633232323232324257e+00
2.939393939393944444e-02
3.045858585858587375e+00
7.716161616161621994e-01
4.555757575757568567e+00
3.132424242424244998e+00
4.816767676767676143e+00
1.230000000000001759e+00
8.421919191919196024e+00
7.138383838383836055e-01
1.186464646464644890e+00
0.000000000000000000e+00
9.771717171717192452e-01
1.317474747474744579e+00
1.687070707070707831e+00
3.939393939393939781e-02
1.367171717171715928e+00
8.264646464646472346e-01
1.733333333333330895e-01
8.887878787878785714e-01
1.093333333333331492e+00
1.893939393939393923e-01
1.771616161616159646e+00
6.575757575757588957e-02
9.888888888888901219e-02
8.272727272727277426e-02
0.000000000000000000e+00
4.159818181818178573e+01
1.054545454545455119e+00
1.619666666666666899e+01
3.873737373737373146e-01
2.137676767676765621e+00
2.435656565656561412e+00
1.861616161616164389e+00
2.939393939393944097e-02
8.152525252525243404e-01
1.053535353535351576e-01
3.610707070707072308e+00
0.000000000000000000e+00
1.970707070707068853e+00
1.926363636363636500e+00
0.000000000000000000e+00
1.943434343434342904e-01
1.490909090909092738e-01
0.000000000000000000e+00
2.470707070707068576e-01
0.000000000000000000e+00
4.641414141414132999e-01
6.491919191919198751e-01
2.322727272727270087e+00
2.510424242424242536e+01
2.460606060606066181e-01
1.357575757575757991e-01
0.000000000000000000e+00
2.560606060606057666e-01
9.999999999999986330e-03
1.226868686868684444e+00
2.979797979797976434e-02
1.122424242424242546e+00
2.516161616161619596e-01
1.255353535353535666e+00
8.372727272727276127e-01
5.411616161616160880e+00
1.423737373737370193e+00
0.000000000000000000e+00
3.878787878787879478e-02
1.031212121212122357e+00
1.027676767676769298e+00
1.066767676767677919e+00
1.903838383838383441e+00
8.272727272727277426e-02
6.285454545454543407e+00
1.607282828282828291e+01
9.122222222222202692e-01
2.179797979797982732e-01
9.409090909090896959e-01
1.241010101010103117e+00
1.674646464646461386e+00
8.986868686868680900e-01
2.197979797979799643e-01
1.551313131313131644e+00
2.842323232323230364e+00
1.338888888888890127e+00
1.543333333333331447e+00
1.897121212121213318e+01
8.062626262626250151e-01
2.612191919191919709e+01
8.027272727272717345e-01
9.876767676767688187e-01
4.013535353535353067e+00
1.174848484848486807e+00
9.008080808080791702e-01
0.000000000000000000e+00
3.829292929292927639e+00
3.299999999999997935e-01
7.694949494949496760e-01
2.319737373737373076e+01
1.420505050505052713e+00
2.306525252525251801e+01
1.772424242424240015e+00
1.993939393939393456e-01
1.461010101010100204e+00
1.655656565656566492e+00
1.627777777777779766e+00
2.939393939393943056e-02
2.488888888888884654e-01
3.366040404040403189e+01
2.346868686868687437e+00
5.177272727272724140e+00
3.878787878787880172e-02
7.804040404040405443e-01
6.451515151515134772e-01
2.999797979797982350e+00
3.878787878787880172e-02
9.090909090909080059e-02
0.000000000000000000e+00
2.574747474747477227e+00
1.116969696969695836e+00
2.188888888888894935e-01
1.174797979797978975e+01
6.781818181818187741e-01
8.737373737373725635e-02
2.460606060606066736e-01
1.355454545454542581e+00
2.125454545454548150e+00
3.223777777777777942e+01
3.921818181818181870e+00
0.000000000000000000e+00
0.000000000000000000e+00
2.027272727272722008e-01
5.058585858585857409e+00
1.329292929292929859e+00
0.000000000000000000e+00
4.745454545454543260e-01
1.233737373737375131e+00
1.154545454545452765e+00
9.408080808080824253e-01
1.468585858585858217e+00
2.348383838383838018e+00
1.256060606060606544e+00
1.244848484848486647e+00
0.000000000000000000e+00
0.000000000000000000e+00
1.679797979797978513e+00
2.140404040404040864e-01
0.000000000000000000e+00
2.713131313131315614e-01
1.943434343434342904e-01
2.129292929292931624e-01
1.637474747474748860e+00
9.610101010100997598e-01
9.845454545454540574e-01
2.591919191919195287e-01
0.000000000000000000e+00
3.333333333333327042e-01
2.631313131313131937e+00
1.814242424242422436e+00
2.499292929292924903e+00
9.271717171717160921e-01
4.870707070707062103e-01
7.214141414141411746e-01
1.010707070707068667e+00
1.603838383838383841e+00
4.901272727272724694e+01
1.129090909090911365e+00
1.116262626262625179e+00
5.716161616161627990e-01
1.615555555555552303e+00
3.985757575757574944e+00
7.016161616161613601e-01
4.555555555555554914e-01
0.000000000000000000e+00
1.024444444444443159e+00
7.359595959595963688e-01
2.001616161616159406e+00
2.121212121212122381e-01
3.878787878787880172e-02
5.696969696969710756e-02
1.318686868686870017e+00
2.939393939393942362e-02
0.000000000000000000e+00
6.400000000000014566e-01
9.169292929292927496e+00
1.892020202020203712e+00
1.287010101010100627e+01
0.000000000000000000e+00
2.503030303030307491e-01
1.210101010101009011e+00
4.878787878787880367e-02
1.389696969696972317e+00
1.588787878787878638e+00
0.000000000000000000e+00
2.058282828282826493e+00
2.067696969696969589e+01
6.381818181818192937e-01
1.156464646464644641e+00
5.045151515151520272e+00
1.179696969696967024e+00
1.034343434343433010e+00
1.656666666666664289e+00
0.000000000000000000e+00
6.099999999999989875e-01
2.230202020202016300e+00
4.459595959595957781e-01
2.194141414141419499e+00
1.321111111111111569e+00
3.693131313131314819e+00
0.000000000000000000e+00
1.265757575757573417e+00
9.888888888888890116e-02
6.264646464646457247e-01
3.427171717171715759e+00
2.020959595959596555e+01
7.018484848484850325e+00
6.998989898989910197e-01
0.000000000000000000e+00
6.765656565656563259e+00
9.298989898989882263e-01
3.146464646464651738e-01
1.412828282828283477e+01
7.946464646464643788e-01
6.575757575757583406e-02
1.253131313131311764e+00
1.567070707070707503e+00
3.878787878787880172e-02
1.175555555555555243e+00
1.066666666666669094e-01
1.971616161616158935e+00
0.000000000000000000e+00
1.200303030303028207e+00
7.588888888888899453e-01
2.939393939393941321e-02
9.471818181818182580e+00
1.142424242424245201e-01
4.906868686868679497e+00
8.656565656565657907e-01
1.287878787878784514e-01
1.520606060606060739e+00
0.000000000000000000e+00
2.202020202020197548e+00
7.161616161616143339e-01
5.675707070707071722e+01
1.234242424242422809e+00
9.341717171717180079e+00
5.070505050505043521e+00
1.220606060606061360e+00
1.979797979797979363e-02
1.364141414141414321e+00
1.883535353535350954e+00
1.221919191919189851e+00
1.421515151515153619e+00
2.266666666666661278e-01
1.245848484848485249e+01
8.428282828282819272e-01
1.066666666666667568e-01
1.726969696969697265e+00
1.021212121212122348e+00
1.837373737373737825e-01
4.508676767676768549e+01
1.425252525252523439e+00
7.574747474747483000e-01
3.081010101010107860e+00
1.373838383838383415e+00
1.208909090909091688e+01
0.000000000000000000e+00
0.000000000000000000e+00
1.210303030303032878e+00
9.108080808080813995e-01
2.426606060606061632e+01
1.199090909090911206e+00
1.025252525252524083e-01
1.065252525252526894e+00
1.886868686868684586e+00
0.000000000000000000e+00
3.950505050505046523e+00
3.602838383838384573e+01
8.361616161616167719e-01
3.057575757575755060e-01
2.179797979797982455e-01
5.883434343434343461e+00
1.425252525252529989e-01
4.684939393939393426e+01
0.000000000000000000e+00
7.179797979797987173e-01
0.000000000000000000e+00
1.371515151515149800e+00
2.524242424242423843e-01
9.999999999999962044e-03
8.777777777777785451e-01
2.742424242424247316e-01
3.289161616161616308e+01
2.403030303030307957e-01
1.262525252525251718e+00
2.521212121212118573e-01
1.990909090909088741e-01
7.144444444444447706e-01
1.608383838383840247e+00
2.221212121212121637e-01
3.051414141414141579e+00
0.000000000000000000e+00
1.187878787878786646e+00
1.166767676767675788e+00
3.219292929292930427e+00
1.402828282828282314e+00
2.820909090909093031e+00
7.401010101010102593e-01
9.999999999999960310e-03
6.221212121212129631e-01
1.216161616161618719e-01
4.549494949494944374e-01
3.609545454545459364e+01
3.750252525252527391e+01
8.309090909090908195e-01
1.558585858585857242e-01
1.027070707070706801e+00
3.681444444444444741e+01
1.621919191919190428e+00
1.976666666666665018e+00
2.700000000000000178e-01
1.119090909090907360e+00
2.560606060606058776e-01
1.323131313131315157e+00
4.858898989898991516e+01
2.818181818181821341e-01
1.979797979797979016e-02
1.705858585858585297e+00
2.963252525252523384e+01
9.918181818181802667e-01
1.574848484848481389e+00
1.788888888888890139e-01
3.044949494949497737e+00
2.079797979797982643e-01
0.000000000000000000e+00
2.197979797979799643e-01
1.154212121212122355e+01
2.897676767676761855e+00
6.071666666666667567e+01
0.000000000000000000e+00
5.340404040404047592e-01
1.209999999999999964e+00
1.092121212121212270e+00
1.357575757575757991e-01
1.049898989898987223e+00
9.473737373737382006e-01
2.737373737373741678e-01
7.463434343434343532e+00
0.000000000000000000e+00
1.930303030303032463e-01
1.713939393939395206e+00
9.999999999999968983e-03
2.466666666666669228e-01
8.948484848484841159e-01
1.269797979797977261e+00
6.340505050505058193e+00
7.741414141414132422e-01
2.882828282828283628e-01
1.530000000000001359e+00
2.706060606060604057e-01
9.076767676767681925e-01
5.510101010101007279e-01
0.000000000000000000e+00
7.226565656565660412e+00
1.990909090909091794e-01
2.354545454545459438e-01
0.000000000000000000e+00
1.142424242424244091e-01
0.000000000000000000e+00
8.310101010101014207e-01
1.425252525252528879e-01
4.779797979797981156e-01
4.797979797979804589e-02
1.244646464646465001e+00
1.088383838383837565e+00
1.699191919191919142e+00
1.241919191919195642e+00
1.772222222222220367e+00
1.580707070707066730e+00
1.894505050505051358e+01
5.298333333333333428e+01
1.317777777777776604e+00
1.028484848484847225e+00
7.902828282828275874e+00
2.160606060606057310e-01
2.888383838383835389e+00
0.000000000000000000e+00
2.269393939393940851e+00
8.862626262626248641e-01
0.000000000000000000e+00
1.202828282828283912e+00
1.360606060606062429e-01
0.000000000000000000e+00
3.191313131313134654e+00
2.956717171717173542e+01
2.378787878787872456e-01
8.201010101010102193e-01
1.435050505050504466e+00
3.338080808080807760e+00
9.060606060606062329e-01
9.772727272727265158e-01
9.575757575757615214e-02
1.314646464646463508e+00
1.066666666666668400e-01
1.123434343434344784e+00
2.506565656565659328e+00
9.340404040404057806e-01
1.320707070707069164e+00
3.041414141414141570e-01
2.160606060606057310e-01
1.595353535353532415e+00
1.357575757575757991e-01
3.928383838383836757e+00
3.184444444444444855e+00
7.880808080808096028e-01
3.772323232323236741e+00
4.797979797979806671e-02
2.965656565656565324e-01
2.616161616161620240e-01
1.015151515151515804e+00
1.920202020202018911e+00
2.939393939393943056e-02
1.318585858585855641e+00
1.153838383838383441e+00
4.376545454545458114e+01
9.888888888888895667e-02
5.942121212121215024e+00
1.186868686868684658e-01
2.328282828282828010e-01
5.469797979797982990e+00
1.987171717171715812e+00
9.421212121212126922e-01
1.485858585858583492e-01
2.974858585858586579e+01
2.009191919191916753e+00
1.745353535353538099e+00
1.282828282828284705e-01
2.415151515151519601e-01
7.008080808080807689e-01
1.720505050505049205e+00
6.374444444444449687e+00
0.000000000000000000e+00
0.000000000000000000e+00
6.302020202020190975e-01
7.671717171717170602e-01
1.619191919191919515e+00
3.254141414141409783e+00
1.883434343434339464e+00
1.176767676767678461e+00
2.803030303030299430e-01
0.000000000000000000e+00
0.000000000000000000e+00
1.828181818181817686e+00
1.378787878787876009e+00
1.585252525252527134e+00
2.939393939393943056e-02
1.946060606060601383e+00
5.855959595959594921e+00
2.621212121212115886e-01
1.453040404040405953e+01
1.518585858585858706e+00
2.202626262626259379e+00
8.519191919191928530e-01
3.569191919191924800e+00
1.376060606060607983e+00
0.000000000000000000e+00
8.874747474747493037e-01
2.056969696969694894e+00
1.066666666666669372e-01
1.540303030303026732e+00
7.874747474747478826e-01
1.786575757575756640e+01
4.695656565656566528e+00
9.569696969696988020e-01
8.980808080808090343e-01
4.959595959595952674e-02
2.036363636363636986e-01
9.999999999999968983e-03
2.552525252525248978e-01
1.157171717171717296e+00
2.890909090909091206e-01
3.394949494949493496e-01
1.087272727272728501e+00
8.645151515151521693e+00
1.086212121212121140e+01
8.251515151515137481e-01
0.000000000000000000e+00
8.272727272727276038e-02
8.251515151515144808e+00
8.485858585858595537e-01
1.992929292929295881e+00
1.891010101010102806e+00
0.000000000000000000e+00
7.174747474747478204e-01
1.357575757575757991e-01
9.999999999999953371e-03
9.005858585858574017e+00
1.513737373737373604e+00
1.138686868686866971e+00
3.566666666666666319e-01
1.740404040404038177e+00
2.560606060606057666e-01
1.491212121212123209e+00
4.042727272727272947e+00
9.794949494949485302e-01
1.109696969696971847e+00
3.878787878787880172e-02
1.820808080808080431e+00
7.123131313131319864e+00
1.017272727272727550e+00
6.392929292929284690e-01
0.000000000000000000e+00
6.898989898989875413e-02
9.097979797979780514e-01
1.510101010101012164e+00
8.006060606060596552e-01
1.788888888888890139e-01
3.405959595959594299e+00
2.764828282828282369e+01
2.069292929292926075e+00
2.488383838383839031e+00
2.350505050505044657e+00
6.201010101010100417e-01
2.460606060606066181e-01
3.977070707070706845e+01
2.388141414141414387e+01
8.354545454545441174e-01
1.152121212121211657e+00
2.472828282828282820e+00
1.232626262626265401e+00
1.290808080808080627e+00
4.112121212121209179e-01
0.000000000000000000e+00
5.696969696969705899e-02
1.207474747474744037e+00
7.396969696969703634e+00
1.432525252525248982e+00
2.105707070707071793e+01
1.082131313131313277e+01
6.660404040404041659e+00
9.440404040404027919e-01
8.555555555555569014e-02
1.377777777777778656e+00
8.498989898989910419e-01
0.000000000000000000e+00
4.330939393939392090e+01
5.836363636363641749e-01
7.954545454545453032e-01
7.622222222222215793e-01
1.933737373737369758e+00
9.291919191919175702e-01
1.282222222222223262e+00
2.125454545454544597e+00
1.979797979797979363e-02
0.000000000000000000e+00
2.357666666666666444e+01
1.076666666666665106e+00
2.388464646464647245e+01
1.993939393939393456e-01
1.146565656565658564e+00
0.000000000000000000e+00
1.087141414141414586e+01
0.000000000000000000e+00
5.337272727272719841e+00
0.000000000000000000e+00
4.459595959595957781e-01
1.429919191919191768e+01
1.175555555555556797e+00
1.155858585858587473e+00
3.730777777777778681e+01
1.767979797979801981e+00
1.993737373737373586e+00
3.939393939393939781e-02
1.200202020202018494e+00
0.000000000000000000e+00
1.409090909090907839e+00
9.532828282828280209e+00
9.999999999999982861e-03
1.085232323232323282e+01
5.503979797979798150e+01
1.202626262626265152e+00
0.000000000000000000e+00
1.436565656565653049e+00
2.352313131313132999e+01
1.979090909090906569e+00
7.640404040404032981e-01
2.080232323232324276e+01
0.000000000000000000e+00
8.822222222222222410e-01
0.000000000000000000e+00
1.570707070707067221e-01
3.394333333333332803e+01
2.160606060606058976e-01
4.809898989898988120e+00
3.371212121212119328e+00
1.514141414141413122e+00
5.864646464646452451e-01
2.495959595959598432e-01
2.155555555555553338e-01
7.440404040404032804e-01
3.149191919191915545e+00
1.288282828282826031e+00
1.357070707070706650e+00
8.272727272727277426e-02
4.448484848484848264e-01
5.660404040404038994e+00
1.995626262626263170e+01
8.369696969696982514e-01
7.263636363636353233e-01
1.676666666666664529e+00
2.939393939393941668e-02
3.711575757575759127e+01
1.212929292929290970e+00
7.844444444444447218e-01
2.628080808080814013e+00
8.282828282828269550e-01
1.133737373737375265e+00
2.599393939393935149e+00
1.287878787878786180e-01
3.914141414141414921e-01
0.000000000000000000e+00
4.222222222222221100e-01
1.767575757575760020e+00
3.286666666666667425e+01
3.054121212121212636e+01
1.638585858585858368e+00
2.524242424242423843e-01
1.210505050505051194e+00
1.128181818181819951e+00
1.574848484848484054e+00
2.233333333333338555e-01
2.221515151515148112e+00
0.000000000000000000e+00
2.295252525252524212e+00
9.802020202020221840e-01
1.251616161616161405e+00
8.018181818181825404e-01
2.218888888888888911e+00
2.723232323232320229e-01
4.790252525252522986e+01
1.456565656565657951e+00
4.596969696969687824e+00
1.157777777777777573e+00
1.763434343434346241e+00
1.008888888888888946e+00
1.441515151515151860e+00
9.102020202020197903e-01
6.432929292929292053e+00
8.864646464646473989e-01
1.443030303030301553e+00
1.479191919191922056e+00
2.979797979797974006e-02
5.510101010101016161e-01
7.065656565656557309e-01
1.930404040404038346e+00
1.234848484848486194e+00
1.918585858585853954e+00
2.036363636363636709e-01
2.939393939393944444e-02
2.160606060606058421e-01
9.999999999999963779e-03
5.687878787878795084e-01
0.000000000000000000e+00
2.904040404040399426e-01
1.292222222222219497e+00
1.494242424242423484e+00
9.090909090909086998e-02
1.842424242424241798e-01
4.285555555555558449e+00
9.662626262626250462e-01
7.099797979797968672e+00
0.000000000000000000e+00
0.000000000000000000e+00
1.318383838383840212e+00
5.696969696969707286e-02
0.000000000000000000e+00
7.686868686868695288e-01
2.482020202020199129e+00
0.000000000000000000e+00
1.474141414141415751e+00
1.485959595959594370e+00
2.230505050505050324e+00
4.797979797979805977e-02
9.737373737373755667e-02
