2.473434343434345095e+00
1.100707070707072743e+00
0.000000000000000000e+00
7.774747474747472076e-01
2.324343434343432602e+00
6.187878787878776654e-01
2.475757575757577267e-01
1.143737373737373275e+00
2.488888888888884654e-01
1.237474747474749615e+00
4.111818181818182438e+01
1.814141414141414721e-01
9.999999999999953371e-03
7.561616161616170340e-01
1.335252525252524913e+00
3.129090909090907147e+00
1.979797979797979016e-02
3.878787878787880172e-02
2.656393939393940329e+01
7.852525252525260901e-01
0.000000000000000000e+00
6.514141414141415565e-01
1.420404040404037671e+00
2.297979797979792516e-01
0.000000000000000000e+00
9.999999999999974187e-03
1.370808080808083362e+00
2.000000000000000042e-02
0.000000000000000000e+00
1.009292929292928243e+00
3.199494949494949392e+00
7.434343434343430868e-02
2.509090909090913590e-01
4.317171717171718326e-01
1.239494949494948095e+00
1.114242424242425367e+00
6.211030303030307920e+01
2.367333333333334622e+01
2.509090909090911925e-01
1.631515151515155360e+00
5.177171717171706433e+00
6.919191919191920448e-01
1.298585858585858066e+00
8.071717171717166517e-01
1.305151515151517838e+00
0.000000000000000000e+00
4.404040404040410195e-01
0.000000000000000000e+00
1.923535353535349657e+00
7.903232323232328937e+00
1.457979797979799708e+00
0.000000000000000000e+00
8.272727272727274650e-02
4.864646464646469326e-01
1.815151515151512740e+00
4.696969696969705566e-01
1.168686868686871660e+00
4.697979797979804362e-01
2.848888888888893245e+00
9.133333333333336634e-01
2.732060606060604613e+01
1.041010101010102717e+00
2.111414141414142165e+01
0.000000000000000000e+00
1.069090909090910646e+00
6.696969696969705399e-02
3.445757575757579794e+00
1.263333333333331865e+00
2.516161616161619596e-01
3.878787878787880172e-02
1.725353535353535417e+00
1.979797979797979016e-02
1.329898989898989914e+00
1.885959595959595170e+00
1.049494949494951673e-01
2.608494949494948756e+01
1.364242424242424478e+00
1.315757575757577680e+00
1.706929292929292430e+01
3.986868686868685896e-01
7.404040404040418411e-01
9.933333333333353998e-01
9.575757575757581908e-02
3.378787878787878007e+00
2.693636363636364273e+00
1.708383838383839226e+00
6.440404040404047459e-01
1.626060606060606872e+00
4.940404040404043906e-01
2.297979797979792516e-01
3.959595959595958725e-02
1.007979797979796421e+00
5.797979797979802702e-02
1.315353535353537273e+00
1.207474747474746257e+00
4.905050505050511656e-01
1.457575757575756192e+00
1.316262626262628244e+00
1.261616161616158749e+00
3.707737373737375464e+01
2.276666666666662842e+00
0.000000000000000000e+00
1.009090909090909483e-01
8.798181818181825875e+00
2.424242424242418759e-01
9.914141414141403041e-01
6.491919191919188759e-01
4.803030303030305648e-01
2.500000000000001110e-01
2.060000000000002718e+00
2.818181818181823561e-01
9.999999999999995004e-03
9.999999999999962044e-03
1.898383838383839839e+00
1.395858585858586132e+00
1.239393939393938077e-01
0.000000000000000000e+00
1.958282828282825960e+00
1.185757575757574234e+00
5.527878787878794498e+00
4.136060606060601330e+00
8.055555555555572456e-01
2.512121212121208313e-01
7.751515151515154800e-01
1.634242424242421832e+00
3.742424242424246539e-01
8.091919191919192400e-01
3.878787878787880172e-02
7.099595959595952799e+00
0.000000000000000000e+00
1.979797979797979363e-02
9.999999999999948166e-03
9.999999999999977657e-03
1.161313131313128411e+00
9.473737373737365353e-01
1.014090909090909776e+01
2.524242424242423843e-01
2.527878787878790945e+00
9.268686868686856206e-01
0.000000000000000000e+00
9.135353535353545329e-01
1.087979797979796270e+00
9.999999999999975922e-03
1.379696969696966091e+00
2.121212121212122381e-01
1.397474747474745316e+00
9.655555555555537239e-01
2.977777777777779744e-01
1.117373737373738019e+00
9.999999999999993269e-03
1.608484848484850405e+00
8.331313131313131670e-01
0.000000000000000000e+00
1.386969696969698740e+00
3.582424242424246064e+00
7.448484848484849818e-01
1.101313131313131688e+00
3.753333333333327637e+00
1.032020202020200061e+00
7.575757575757578743e-02
5.696969696969712837e-02
0.000000000000000000e+00
1.216161616161618164e-01
8.528686868686870426e+00
1.823838383838386923e+00
3.831545454545454277e+01
5.696969696969707980e-02
1.018787878787877244e+00
6.091616161616159708e+00
1.029696969696971331e+00
1.142424242424243674e-01
1.229797979797979002e+00
9.110101010101018248e-01
0.000000000000000000e+00
8.220202020202026505e-01
5.441515151515154081e+00
1.356565656565654976e+00
1.425252525252527769e-01
5.696969696969707980e-02
8.261616161616169851e-01
3.939393939393939781e-02
1.152929292929290694e+00
5.797979797979802008e-02
1.336868686868687872e+00
3.531313131313135179e-01
7.696969696969685470e-01
1.086262626262628483e+00
9.302020202020209183e-01
1.078585858585856982e+00
1.888888888888889950e-01
1.425757575757573781e+00
1.359494949494947313e+00
9.582828282828280697e-01
1.456767676767674713e+00
0.000000000000000000e+00
1.780101010101008185e+00
0.000000000000000000e+00
9.457575757575742426e-01
1.979797979797979016e-02
1.012919191919191242e+01
7.191717171717170842e+00
8.145454545454561268e-01
1.845454545454545126e-01
0.000000000000000000e+00
1.339999999999997859e+00
0.000000000000000000e+00
2.652121212121216320e+00
0.000000000000000000e+00
8.272727272727277426e-02
3.430303030303036849e-01
5.111545454545451861e+01
2.521212121212118573e-01
4.508080808080803248e-01
3.796969696969700880e-01
1.457272727272728607e+00
3.203979797979798150e+01
1.241202020202019973e+01
1.423616161616160625e+01
6.893939393939404470e-01
1.247878787878785145e+00
5.884848484848479444e-01
2.719191919191925599e-01
3.458585858585864869e+00
0.000000000000000000e+00
1.424595959595958661e+01
7.545454545454552964e-01
1.751818181818177500e+00
4.854545454545448058e-01
3.584848484848486727e+00
6.858585858585867223e-01
0.000000000000000000e+00
6.418181818181827314e-01
1.625353535353536660e+00
1.684747474747472440e+00
4.368686868686865843e+00
2.175656565656566066e+00
6.585858585858588299e+00
1.136969696969698518e+00
1.259595959595960268e+00
6.811111111111114447e-01
9.278787878787898569e-01
9.375757575757581730e-01
0.000000000000000000e+00
1.943434343434342904e-01
1.494242424242425482e+00
1.569292929292928074e+00
1.217555555555556346e+01
1.329999999999998517e+00
6.777777777777785895e-01
6.826262626262625810e-01
9.468686868686848612e-01
1.626767676767678417e+00
1.586868686868684875e-01
9.090909090909075896e-02
2.197979797979799643e-01
5.954141414141409960e+00
8.201010101010102193e-01
2.517373737373732823e+00
2.303838383838377801e+00
1.499595959595958261e+00
0.000000000000000000e+00
0.000000000000000000e+00
9.729292929292910896e-01
3.928686868686864564e+00
2.924797979797980929e+01
1.144040404040403525e+00
3.361010101010098783e+00
1.024848484848483565e+00
6.155555555555572989e-01
1.106161616161615679e+00
1.337575757575756974e+00
4.973131313131314180e+00
0.000000000000000000e+00
3.290101010101011525e+00
9.999999999999979391e-03
2.939393939393943403e-02
1.590101010101010237e+00
1.425252525252529434e-01
1.979797979797979363e-02
1.621313131313134592e+00
1.461616161616161813e+00
1.070080808080807522e+01
7.427272727272723474e-01
1.166262626262628999e+00
2.998282828282829993e+00
1.402727272727273711e+00
1.406252525252524599e+01
1.185353535353534271e+00
1.455454545454546444e+00
2.524242424242423843e-01
1.459393939393940132e+00
8.584545454545450482e+00
1.552121212121211791e+00
0.000000000000000000e+00
1.527070707070705469e+00
9.198989898989898828e-01
3.677474747474746675e+00
1.186868686868686740e-01
1.512525252525255715e+00
1.842424242424241798e-01
9.185858585858561742e-01
7.424242424242434302e-01
5.258585858585849149e-01
1.285555555555559115e+00
0.000000000000000000e+00
9.881818181818188274e-01
1.589898989898992920e-01
2.488888888888884376e-01
7.395959595959589183e-01
1.107070707070708648e+00
1.979797979797979363e-02
9.999999999999970718e-03
9.472727272727275993e-01
4.875757575757571627e-01
0.000000000000000000e+00
0.000000000000000000e+00
9.219191919191920270e-01
1.508181818181818512e+00
1.668787878787878043e+00
2.939393939393944444e-02
2.737070707070713205e+00
7.667676767676758764e-01
4.540505050505046825e+00
3.019191919191922313e+00
4.703131313131313718e+00
1.222121212121212608e+00
8.019595959595960721e+00
7.039393939393940869e-01
1.206060606060608276e+00
0.000000000000000000e+00
1.018080808080806809e+00
1.380505050505050013e+00
1.609494949494950644e+00
0.000000000000000000e+00
1.343838383838382500e+00
7.121212121212131541e-01
1.788888888888890416e-01
8.519191919191906326e-01
1.071818181818183779e+00
1.733333333333332560e-01
1.660808080808078957e+00
4.797979797979805977e-02
7.434343434343430868e-02
5.696969696969712837e-02
0.000000000000000000e+00
3.950101010101010957e+01
9.930303030303010425e-01
1.609959595959596257e+01
4.042424242424234593e-01
2.168888888888892197e+00
2.327171717171721443e+00
2.050404040404041339e+00
3.878787878787880172e-02
7.627272727272713659e-01
1.053535353535351576e-01
3.915454545454547741e+00
0.000000000000000000e+00
1.984545454545458165e+00
1.925959595959595649e+00
0.000000000000000000e+00
1.788888888888890416e-01
1.216161616161617193e-01
0.000000000000000000e+00
2.378787878787872456e-01
0.000000000000000000e+00
4.690909090909085033e-01
7.230303030303015799e-01
2.237474747474751613e+00
2.453777777777776237e+01
2.488888888888884654e-01
1.216161616161618997e-01
0.000000000000000000e+00
2.560606060606057666e-01
0.000000000000000000e+00
1.265252525252523075e+00
2.979797979797976434e-02
1.091313131313129903e+00
2.600000000000000644e-01
1.215454545454544233e+00
8.296969696969700436e-01
5.514646464646469681e+00
1.451515151515153201e+00
0.000000000000000000e+00
2.939393939393941321e-02
9.643434343434355016e-01
9.786868686868684941e-01
1.082727272727273204e+00
1.846363636363635763e+00
9.090909090909080059e-02
6.040303030303028287e+00
1.661565656565657889e+01
9.600000000000001865e-01
2.043434343434342437e-01
8.943434343434359945e-01
1.124040404040403951e+00
1.533838383838384001e+00
9.286868686868700040e-01
2.233333333333338555e-01
1.419797979797977616e+00
3.017474747474744312e+00
1.314949494949496200e+00
1.607474747474749277e+00
1.894636363636362475e+01
7.913131313131325228e-01
2.489232323232322841e+01
7.958585858585859318e-01
9.656565656565674338e-01
3.878686868686873179e+00
1.168686868686870328e+00
9.408080808080814261e-01
0.000000000000000000e+00
3.629797979797977803e+00
3.157575757575760145e-01
7.832323232323230577e-01
2.273353535353536969e+01
1.461212121212118964e+00
2.255060606060606432e+01
1.587676767676764245e+00
1.942424242424241887e-01
1.436060606060608702e+00
1.618888888888891264e+00
1.465151515151514872e+00
3.878787878787880172e-02
2.460606060606066181e-01
3.108292929292927909e+01
2.153636363636366458e+00
4.993333333333336732e+00
9.999999999999955105e-03
7.818181818181818565e-01
6.305050505050512344e-01
2.918282828282829477e+00
2.939393939393943403e-02
9.888888888888901219e-02
0.000000000000000000e+00
2.456868686868681984e+00
1.078181818181818574e+00
2.090909090909087997e-01
1.215050505050505336e+01
7.483838383838387065e-01
8.737373737373725635e-02
2.460606060606066736e-01
1.280707070707068684e+00
2.040808080808082181e+00
3.106373737373738564e+01
3.760707070707070887e+00
9.999999999999981126e-03
0.000000000000000000e+00
2.082828282828283195e-01
5.090707070707071402e+00
1.279191919191922544e+00
0.000000000000000000e+00
4.632323232323234952e-01
1.159090909090910726e+00
1.154141414141411470e+00
8.839393939393940247e-01
1.360707070707069644e+00
2.158181818181815981e+00
1.310303030303031413e+00
1.146969696969695862e+00
0.000000000000000000e+00
0.000000000000000000e+00
1.779696969696971109e+00
2.206060606060607776e-01
0.000000000000000000e+00
2.654545454545450545e-01
1.893939393939393923e-01
1.987878787878783471e-01
1.636666666666666048e+00
9.342424242424254288e-01
9.977777777777780965e-01
2.560606060606058221e-01
0.000000000000000000e+00
3.222222222222231314e-01
2.572020202020197210e+00
1.765656565656566812e+00
2.454141414141418398e+00
9.835353535353532628e-01
4.737373737373732352e-01
7.336363636363644192e-01
1.047575757575756050e+00
1.547373737373737068e+00
4.795323232323232787e+01
1.205757575757578248e+00
1.132323232323233508e+00
5.864646464646456892e-01
1.533535353535355750e+00
3.807979797979793357e+00
7.013131313131317768e-01
4.581818181818175795e-01
0.000000000000000000e+00
1.028181818181816976e+00
7.432323232323236883e-01
1.847878787878787010e+00
2.079797979797981811e-01
1.979797979797979016e-02
5.696969696969710756e-02
1.298484848484848131e+00
2.939393939393942362e-02
0.000000000000000000e+00
6.512121212121217972e-01
8.835757575757583027e+00
1.771616161616163421e+00
1.204666666666666508e+01
0.000000000000000000e+00
2.397979797979797045e-01
1.220606060606058252e+00
5.797979797979804784e-02
1.378686868686866740e+00
1.608686868686870497e+00
0.000000000000000000e+00
1.912222222222223600e+00
2.137626262626262630e+01
6.370707070707062325e-01
1.104848484848485413e+00
4.888383838383838054e+00
1.066060606060604155e+00
1.095050505050505274e+00
1.593838383838381167e+00
0.000000000000000000e+00
5.941414141414133043e-01
2.169191919191915563e+00
4.622222222222217014e-01
2.088787878787879748e+00
1.289797979797980165e+00
3.664545454545452330e+00
0.000000000000000000e+00
1.329090909090906658e+00
7.434343434343430868e-02
6.302020202020193196e-01
3.291212121212121477e+00
1.941333333333333044e+01
6.617171717171718370e+00
6.567676767676751126e-01
0.000000000000000000e+00
6.494040404040410941e+00
9.521212121212115909e-01
3.123232323232328356e-01
1.341474747474746465e+01
8.326262626262622701e-01
6.575757575757580631e-02
1.216565656565653963e+00
1.494141414141414659e+00
2.939393939393942709e-02
1.108686868686870497e+00
1.066666666666669094e-01
1.928181818181821772e+00
0.000000000000000000e+00
1.255252525252525508e+00
7.637373737373728266e-01
9.999999999999988065e-03
9.308282828282825605e+00
9.090909090909075896e-02
4.834545454545454923e+00
8.111111111111096728e-01
1.357575757575757991e-01
1.369797979797981347e+00
0.000000000000000000e+00
2.224646464646466981e+00
6.813131313131312039e-01
5.402929292929292870e+01
1.123131313131311870e+00
9.112828282828290938e+00
4.961414141414135948e+00
1.195353535353532726e+00
1.979797979797979363e-02
1.346666666666666901e+00
1.942020202020198427e+00
1.189797979797980965e+00
1.452323232323230684e+00
2.197979797979799643e-01
1.186242424242424498e+01
8.189898989898999337e-01
1.216161616161616499e-01
1.714242424242422347e+00
1.042323232323232318e+00
1.695959595959593280e-01
4.527737373737376458e+01
1.384343434343436652e+00
7.767676767676765515e-01
2.932727272727274848e+00
1.409494949494949800e+00
1.177949494949496945e+01
0.000000000000000000e+00
0.000000000000000000e+00
1.163030303030303081e+00
8.131313131313123721e-01
2.201000000000002643e+01
1.123939393939390907e+00
1.025252525252524083e-01
9.925252525252534763e-01
1.884444444444445921e+00
0.000000000000000000e+00
4.035454545454546071e+00
3.471020202020201850e+01
8.189898989898982684e-01
3.103030303030296921e-01
2.260606060606057399e-01
5.631818181818179170e+00
1.216161616161618581e-01
4.415444444444443661e+01
0.000000000000000000e+00
7.260606060606052958e-01
0.000000000000000000e+00
1.333131313131310502e+00
2.516161616161619596e-01
9.999999999999962044e-03
8.696969696969695240e-01
2.654545454545449990e-01
3.183494949494949466e+01
2.403030303030307957e-01
1.232929292929291432e+00
2.524242424242423843e-01
1.990909090909088741e-01
7.166666666666657859e-01
1.453636363636363393e+00
2.036363636363636431e-01
3.053939393939391955e+00
0.000000000000000000e+00
1.149292929292931253e+00
1.120707070707069652e+00
3.109595959595959247e+00
1.259696969696973534e+00
2.771111111111112635e+00
7.340404040404036046e-01
0.000000000000000000e+00
6.115151515151524553e-01
1.425252525252528324e-01
4.446464646464641235e-01
3.461363636363635266e+01
3.520040404040403104e+01
7.857575757575765429e-01
1.360606060606061041e-01
9.689898989898987347e-01
3.604535353535352726e+01
1.587676767676769130e+00
1.894040404040405301e+00
2.709090909090912103e-01
1.163131313131315014e+00
2.605050505050507947e-01
1.302929292929291494e+00
4.783909090909092754e+01
2.585858585858591407e-01
9.999999999999955105e-03
1.617272727272726529e+00
2.823535353535352854e+01
9.551515151515151958e-01
1.586262626262626707e+00
1.788888888888890416e-01
3.090303030303028553e+00
2.121212121212122381e-01
0.000000000000000000e+00
2.121212121212122381e-01
1.197636363636364720e+01
2.868181818181823939e+00
5.707494949494947889e+01
0.000000000000000000e+00
5.558585858585870509e-01
1.129898989898988404e+00
1.060101010101011543e+00
1.287878787878785070e-01
1.045454545454546080e+00
1.024545454545452206e+00
2.548484848484846577e-01
7.625858585858590999e+00
0.000000000000000000e+00
1.934343434343431811e-01
1.761717171717170016e+00
0.000000000000000000e+00
2.319191919191922469e-01
9.157575757575749931e-01
1.369797979797980014e+00
6.471818181818183469e+00
7.068686868686873126e-01
2.673737373737369860e-01
1.556161616161616745e+00
2.749494949494944995e-01
8.964646464646454094e-01
5.387878787878797038e-01
0.000000000000000000e+00
7.205555555555551273e+00
1.943434343434342904e-01
2.327272727272731434e-01
0.000000000000000000e+00
9.090909090909091161e-02
0.000000000000000000e+00
8.501010101010104680e-01
1.387878787878789877e-01
4.976767676767675508e-01
4.797979797979804589e-02
1.224949494949493900e+00
1.012323232323230515e+00
1.690606060606058891e+00
1.234646464646462327e+00
1.698484848484850485e+00
1.628989898989895879e+00
1.914434343434343688e+01
5.339474747474746152e+01
1.359292929292926111e+00
1.006969696969696626e+00
8.200707070707064616e+00
2.121212121212122381e-01
2.676161616161619072e+00
0.000000000000000000e+00
2.445656565656562531e+00
8.778787878787857046e-01
0.000000000000000000e+00
1.133232323232324923e+00
1.622222222222218513e-01
0.000000000000000000e+00
3.169595959595959300e+00
3.000010101010102304e+01
1.942424242424242720e-01
7.693939393939377425e-01
1.451515151515152757e+00
3.432828282828287225e+00
9.502020202020187156e-01
9.824242424242430882e-01
1.045454545454549133e-01
1.248080808080806348e+00
7.434343434343430868e-02
1.100909090909090171e+00
2.510101010101012164e+00
8.922222222222220278e-01
1.288282828282832249e+00
3.060606060606054224e-01
2.197979797979799643e-01
1.657575757575756370e+00
1.425252525252527214e-01
3.826565656565660500e+00
3.176767676767679571e+00
7.228282828282830419e-01
3.681515151515151629e+00
3.878787878787880172e-02
3.005050505050501641e-01
2.600000000000000644e-01
9.709090909090913879e-01
1.874949494949496920e+00
3.878787878787880172e-02
1.392121212121208984e+00
1.168686868686870328e+00
4.460212121212119740e+01
9.888888888888895667e-02
5.658484848484853558e+00
1.107070707070704346e-01
2.288888888888893636e-01
5.307272727272726698e+00
1.961616161616162923e+00
8.811111111111106231e-01
1.340404040404039321e-01
3.040747474747475465e+01
1.957979797979793046e+00
1.749595959595962924e+00
1.282828282828284705e-01
2.415151515151519601e-01
6.951515151515144098e-01
1.596868686868688103e+00
6.175252525252533431e+00
0.000000000000000000e+00
0.000000000000000000e+00
6.818181818181839882e-01
7.631313131313121056e-01
1.558686868686867788e+00
2.912525252525254071e+00
1.891717171717175239e+00
1.121818181818180049e+00
2.754545454545450078e-01
0.000000000000000000e+00
0.000000000000000000e+00
1.765454545454547164e+00
1.300404040404041339e+00
1.527171717171720067e+00
3.878787878787880172e-02
1.897272727272723891e+00
5.739595959595959584e+00
2.543434343434338163e-01
1.446969696969697594e+01
1.524343434343432779e+00
2.278989898989895124e+00
8.014141414141426889e-01
3.544949494949499513e+00
1.285757575757577209e+00
0.000000000000000000e+00
8.704040404040411794e-01
1.901515151515154489e+00
9.888888888888905382e-02
1.437373737373737859e+00
8.253535353535341734e-01
1.788070707070704657e+01
4.407575757575756370e+00
9.295959595959581989e-01
8.946464646464664661e-01
3.979797979797971424e-02
2.079797979797981256e-01
9.999999999999991535e-03
2.525252525252521529e-01
1.178181818181816443e+00
2.949494949494944618e-01
3.637373737373729154e-01
1.074242424242425109e+00
8.182828282828285893e+00
1.115242424242424413e+01
8.136363636363646012e-01
0.000000000000000000e+00
7.434343434343430868e-02
7.911717171717167041e+00
9.177777777777760271e-01
1.977171717171718690e+00
1.871414141414138754e+00
0.000000000000000000e+00
6.830303030303020995e-01
1.357575757575757991e-01
9.999999999999953371e-03
8.191818181818172562e+00
1.446868686868686416e+00
1.082828282828284250e+00
3.555555555555550695e-01
1.722424242424243968e+00
2.527272727272724118e-01
1.444343434343435595e+00
3.852424242424235867e+00
9.337373737373729776e-01
1.001414141414139980e+00
3.878787878787880172e-02
1.627676767676764724e+00
7.050707070707067814e+00
9.951515151515162305e-01
6.879797979797995788e-01
0.000000000000000000e+00
5.919191919191918450e-02
8.571717171717152528e-01
1.571616161616163021e+00
7.896969696969703412e-01
1.733333333333332282e-01
3.463636363636365623e+00
2.686767676767677315e+01
2.017272727272727550e+00
2.403333333333332433e+00
2.379696969696974307e+00
6.668686868686868330e-01
2.379797979797985685e-01
3.883535353535355483e+01
2.381151515151514531e+01
7.453535353535354346e-01
1.049292929292927612e+00
2.317373737373735310e+00
1.206666666666665222e+00
1.339999999999997859e+00
3.693939393939391080e-01
0.000000000000000000e+00
4.797979797979800426e-02
1.234848484848481975e+00
7.463232323232326770e+00
1.380505050505047571e+00
1.922868686868686439e+01
1.096424242424242834e+01
6.621717171717179440e+00
9.384848484848491434e-01
8.555555555555564851e-02
1.311818181818181550e+00
8.666666666666652530e-01
0.000000000000000000e+00
4.300151515151516435e+01
6.135353535353548216e-01
7.263636363636359894e-01
7.612121212121223390e-01
1.958080808080810975e+00
1.006464646464643842e+00
1.203030303030304227e+00
2.171515151515146513e+00
1.979797979797979363e-02
0.000000000000000000e+00
2.215454545454546675e+01
1.018787878787880574e+00
2.209606060606060396e+01
1.893939393939393923e-01
1.154646464646466697e+00
0.000000000000000000e+00
1.050999999999999623e+01
0.000000000000000000e+00
4.915555555555556566e+00
0.000000000000000000e+00
4.358585858585856121e-01
1.390444444444444372e+01
1.241010101010102895e+00
1.073434343434342519e+00
3.741232323232322443e+01
1.710202020202017836e+00
2.041919191919194354e+00
3.939393939393939781e-02
1.105555555555556957e+00
0.000000000000000000e+00
1.462121212121212155e+00
9.208989898989907275e+00
9.999999999999982861e-03
1.108686868686868898e+01
5.571868686868687348e+01
1.147373737373737379e+00
0.000000000000000000e+00
1.356969696969697381e+00
2.198454545454544728e+01
1.901616161616161316e+00
7.844444444444437226e-01
1.963030303030305035e+01
0.000000000000000000e+00
8.822222222222210197e-01
0.000000000000000000e+00
1.732323232323232098e-01
3.248111111111111882e+01
2.036363636363636986e-01
4.734444444444440236e+00
3.230202020202021629e+00
1.273838383838381771e+00
5.892929292929286467e-01
2.379797979797985408e-01
1.948484848484850207e-01
7.045454545454546968e-01
3.065959595959598438e+00
1.302121212121214455e+00
1.306969696969694450e+00
9.090909090909066181e-02
4.642424242424236236e-01
5.501212121212115669e+00
1.964767676767675653e+01
7.727272727272734842e-01
7.333333333333333925e-01
1.714848484848485288e+00
2.939393939393944097e-02
3.519828282828282084e+01
1.272626262626262994e+00
8.192929292929291840e-01
2.509292929292923802e+00
8.377777777777790646e-01
1.139595959595961272e+00
2.466060606060607618e+00
1.425252525252529434e-01
3.857575757575756881e-01
0.000000000000000000e+00
4.242424242424232550e-01
1.651010101010102815e+00
3.073353535353536614e+01
2.970242424242425017e+01
1.547878787878785856e+00
2.521212121212118573e-01
1.233333333333332948e+00
1.120606060606063270e+00
1.587070707070706854e+00
2.327272727272731989e-01
1.973636363636361857e+00
0.000000000000000000e+00
2.117777777777780202e+00
9.651515151515148716e-01
1.216464646464648913e+00
7.267676767676776173e-01
2.158585858585859718e+00
2.722222222222218657e-01
4.696474747474748312e+01
1.312424242424243159e+00
4.464141414141410635e+00
1.117777777777777537e+00
1.715454545454547564e+00
1.059595959595957426e+00
1.398181818181820635e+00
8.704040404040392920e-01
5.903333333333326216e+00
8.706060606060612717e-01
1.319494949494946612e+00
1.436969696969696564e+00
2.979797979797974006e-02
5.593939393939401095e-01
6.871717171717184325e-01
1.919797979797982945e+00
1.296464646464644099e+00
1.725858585858586869e+00
2.160606060606058143e-01
2.939393939393944444e-02
2.160606060606058421e-01
9.999999999999963779e-03
5.770707070707062902e-01
9.999999999999965514e-03
2.758585858585861916e-01
1.273737373737371836e+00
1.498888888888890714e+00
6.575757575757583406e-02
1.788888888888888751e-01
4.396262626262626760e+00
9.622222222222223120e-01
7.267070707070709901e+00
0.000000000000000000e+00
0.000000000000000000e+00
1.246060606060607867e+00
5.696969696969707286e-02
0.000000000000000000e+00
7.712121212121224589e-01
2.490000000000005098e+00
0.000000000000000000e+00
1.514242424242423057e+00
1.562727272727274741e+00
2.158181818181813760e+00
4.797979797979805977e-02
9.737373737373755667e-02
