3.076363636363634857e+00
1.275858585858584915e+00
0.000000000000000000e+00
9.189898989898998005e-01
2.644949494949493829e+00
6.087878787878794329e-01
2.379797979797985408e-01
1.337272727272724282e+00
2.424242424242418759e-01
1.415252525252525651e+00
4.913686868686869502e+01
1.848484848484847065e-01
1.979797979797979016e-02
1.046868686868687837e+00
1.648585858585857267e+00
3.353434343434344544e+00
1.979797979797979710e-02
6.575757575757586182e-02
2.815545454545455328e+01
1.027979797979797993e+00
0.000000000000000000e+00
6.309090909090895316e-01
1.668181818181820208e+00
2.233333333333338555e-01
0.000000000000000000e+00
9.999999999999981126e-03
1.436060606060608702e+00
2.979797979797977822e-02
9.999999999999960310e-03
9.993939393939408333e-01
3.568585858585859416e+00
1.066666666666667984e-01
2.463636363636359516e-01
6.271717171717183792e-01
1.205454545454546222e+00
1.387777777777778221e+00
7.214080808080804275e+01
2.406313131313132203e+01
2.379797979797985408e-01
1.912525252525252739e+00
6.585252525252523803e+00
7.384848484848501871e-01
1.466262626262628821e+00
8.272727272727274928e-01
1.418181818181817100e+00
0.000000000000000000e+00
4.191919191919187826e-01
0.000000000000000000e+00
1.992222222222218120e+00
9.261010101010107576e+00
1.612727272727271899e+00
0.000000000000000000e+00
8.272727272727276038e-02
6.798989898989902247e-01
1.785151515151517376e+00
4.726262626262630606e-01
1.261212121212121673e+00
5.751515151515141921e-01
3.085050505050503489e+00
9.493939393939380134e-01
3.258363636363635862e+01
1.047070707070707707e+00
2.058727272727271895e+01
0.000000000000000000e+00
1.227272727272729513e+00
8.434343434343428980e-02
4.037878787878789844e+00
1.476161616161617118e+00
2.500000000000001110e-01
6.575757575757582019e-02
1.923535353535350989e+00
1.979797979797979016e-02
1.397070707070706241e+00
2.259494949494947669e+00
1.137373737373739979e-01
2.690333333333333599e+01
1.623333333333333073e+00
1.519898989898989417e+00
2.024060606060604073e+01
3.784848484848485906e-01
7.118181818181821274e-01
1.099898989898988155e+00
7.676767676767666526e-02
3.673737373737368639e+00
2.874242424242419158e+00
1.735252525252525935e+00
6.991919191919185872e-01
1.830202020202020385e+00
6.237373737373753668e-01
2.266666666666661833e-01
7.676767676767674853e-02
9.854545454545463601e-01
3.959595959595958725e-02
1.468080808080805211e+00
1.311010101010102069e+00
4.945454545454541218e-01
1.917474747474749552e+00
1.459595959595958448e+00
1.244343434343435417e+00
4.257070707070707272e+01
2.356161616161613459e+00
0.000000000000000000e+00
1.166666666666667795e-01
1.080020202020202014e+01
2.443434343434337797e-01
1.090101010101008905e+00
7.065656565656560639e-01
5.906060606060615781e-01
2.516161616161619596e-01
2.126363636363633791e+00
2.995959595959601929e-01
4.797979797979800426e-02
2.939393939393944444e-02
2.073535353535349124e+00
1.609595959595961467e+00
1.461616161616163256e-01
0.000000000000000000e+00
2.239090909090907022e+00
1.317070707070707281e+00
6.033232323232316396e+00
4.328383838383836668e+00
8.996969696969683294e-01
3.072727272727278636e-01
1.006767676767675423e+00
1.676161616161613521e+00
4.073737373737369993e-01
8.985858585858564895e-01
7.434343434343430868e-02
8.595858585858586309e+00
0.000000000000000000e+00
1.979797979797979363e-02
3.878787878787880172e-02
9.999999999999991535e-03
1.457676767676767682e+00
1.002727272727273800e+00
1.208272727272726144e+01
2.525252525252525415e-01
2.576161616161619428e+00
1.081818181818180236e+00
0.000000000000000000e+00
1.033636363636365019e+00
1.308484848484847030e+00
9.999999999999975922e-03
1.477070707070703870e+00
2.266666666666663499e-01
1.713030303030304458e+00
1.103030303030305026e+00
3.211111111111115135e-01
1.152525252525253840e+00
9.999999999999993269e-03
1.772727272727275372e+00
9.506060606060625640e-01
0.000000000000000000e+00
1.708181818181819800e+00
3.880707070707068773e+00
8.175757575757560680e-01
1.291616161616160552e+00
4.684545454545448351e+00
1.182323232323234663e+00
6.696969696969702623e-02
9.090909090909084223e-02
0.000000000000000000e+00
1.216161616161618164e-01
8.732020202020205346e+00
1.958282828282829291e+00
4.583090909090910259e+01
8.272727272727277426e-02
1.156969696969695649e+00
7.214343434343427397e+00
1.132424242424241667e+00
1.287878787878786180e-01
1.299696969696969573e+00
9.615151515151527661e-01
0.000000000000000000e+00
7.433333333333319581e-01
6.357070707070708870e+00
1.417171717171715528e+00
1.842424242424241798e-01
1.009090909090910176e-01
9.737373737373727911e-01
5.878787878787888194e-02
1.137272727272728989e+00
7.737373737373734461e-02
1.513030303030304280e+00
3.871717171717176664e-01
8.679797979797989615e-01
1.258787878787880343e+00
1.089595959595958119e+00
1.142727272727273480e+00
2.036363636363637819e-01
1.653939393939393376e+00
1.706868686868685314e+00
1.041111111111109100e+00
1.335959595959594903e+00
9.999999999999981126e-03
1.864141414141415876e+00
0.000000000000000000e+00
1.307575757575758502e+00
1.979797979797979016e-02
1.245555555555555216e+01
8.316969696969692905e+00
8.479797979797966123e-01
1.913131313131312961e-01
0.000000000000000000e+00
1.549393939393938435e+00
0.000000000000000000e+00
2.594646464646465311e+00
9.999999999999998473e-03
5.696969696969703817e-02
4.171717171717173045e-01
5.415616161616162572e+01
2.524242424242423843e-01
4.600000000000003531e-01
4.079797979797971097e-01
1.773131313131314668e+00
3.551686868686869047e+01
1.400060606060604940e+01
1.822020202020201651e+01
7.198989898989897052e-01
1.519292929292929806e+00
5.946464646464638681e-01
3.093939393939388327e-01
3.833737373737376775e+00
0.000000000000000000e+00
1.424626262626262552e+01
9.405050505050521759e-01
1.763131313131310662e+00
4.971717171717164874e-01
4.460707070707070621e+00
7.394949494949508706e-01
0.000000000000000000e+00
7.388888888888888173e-01
1.722424242424243079e+00
1.817575757575759621e+00
5.008686868686873517e+00
2.859696969696967628e+00
7.019595959595958057e+00
1.492828282828283948e+00
1.309191919191920794e+00
9.117171717171723699e-01
1.003737373737375371e+00
1.125858585858584560e+00
0.000000000000000000e+00
2.079797979797981533e-01
1.585353535353534848e+00
1.737575757575755331e+00
1.326343434343434780e+01
1.512525252525250385e+00
8.357575757575774755e-01
6.975757575757567386e-01
9.720202020202006743e-01
1.725353535353536305e+00
1.505050505050508081e-01
1.186868686868686878e-01
2.160606060606057310e-01
7.088686868686858489e+00
8.914141414141401043e-01
2.816767676767677919e+00
2.600707070707077850e+00
1.697878787878785989e+00
0.000000000000000000e+00
0.000000000000000000e+00
9.889898989898977533e-01
4.441919191919184051e+00
3.324303030303030937e+01
1.271818181818185289e+00
3.642424242424246117e+00
1.147777777777778674e+00
6.657575757575751041e-01
1.219494949494950076e+00
1.627676767676764724e+00
5.804747474747468772e+00
0.000000000000000000e+00
3.922626262626261351e+00
1.979797979797979363e-02
3.878787878787880172e-02
1.970808080808078344e+00
1.490909090909092460e-01
0.000000000000000000e+00
1.779595959595960508e+00
1.603333333333333721e+00
1.222818181818182381e+01
7.898989898989896563e-01
1.147272727272724335e+00
3.592626262626260392e+00
1.535959595959597079e+00
1.680515151515151473e+01
1.551010101010102282e+00
1.668686868686869218e+00
2.516161616161619596e-01
1.645555555555556104e+00
1.083191919191919617e+01
1.662323232323229982e+00
0.000000000000000000e+00
1.889090909090908710e+00
9.065656565656581289e-01
4.204242424242425002e+00
1.558585858585858352e-01
1.757474747474743637e+00
1.675757575757577111e-01
8.807070707070694393e-01
8.973737373737376011e-01
5.958585858585869754e-01
1.330303030303029876e+00
0.000000000000000000e+00
1.069191919191917917e+00
1.589898989898993198e-01
2.424242424242418481e-01
8.453535353535350794e-01
1.178888888888890873e+00
1.979797979797979363e-02
2.939393939393942362e-02
9.832323232323211259e-01
4.959595959595957115e-01
0.000000000000000000e+00
0.000000000000000000e+00
8.196969696969690355e-01
1.417575757575759710e+00
1.967979797979797274e+00
2.939393939393944444e-02
3.249898989898993396e+00
7.995959595959579724e-01
5.112020202020208792e+00
3.388989898989901217e+00
5.401818181818184961e+00
1.319797979797976861e+00
9.929595959595955534e+00
6.959595959595973325e-01
1.167979797979795231e+00
0.000000000000000000e+00
1.051111111111110219e+00
1.419595959595960188e+00
1.792525252525251522e+00
4.919191919191923806e-02
1.476666666666666572e+00
9.416161616161625725e-01
1.616161616161617132e-01
9.507070707070692794e-01
1.103232323232323786e+00
1.842424242424241798e-01
1.779999999999998028e+00
4.797979797979805977e-02
9.888888888888901219e-02
6.575757575757588957e-02
0.000000000000000000e+00
4.852393939393940059e+01
1.056363636363637282e+00
1.989989898989898620e+01
3.652525252525257171e-01
2.396868686868689480e+00
2.458181818181815803e+00
1.988989898989895977e+00
1.979797979797979363e-02
8.164646464646458934e-01
1.223232323232320007e-01
4.196565656565655722e+00
0.000000000000000000e+00
2.289898989898992543e+00
2.353434343434342768e+00
0.000000000000000000e+00
1.842424242424241798e-01
1.616161616161617132e-01
0.000000000000000000e+00
2.470707070707068020e-01
0.000000000000000000e+00
4.690909090909085033e-01
7.445454545454555095e-01
2.679393939393937440e+00
2.457202020202019455e+01
2.443434343434338074e-01
1.490909090909092738e-01
0.000000000000000000e+00
2.640404040404033537e-01
1.979797979797979710e-02
1.421212121212121593e+00
2.979797979797976434e-02
1.143333333333335089e+00
2.624242424242423377e-01
1.228888888888890474e+00
8.361616161616153287e-01
6.333333333333334814e+00
1.682828282828279898e+00
0.000000000000000000e+00
5.696969696969703817e-02
9.161616161616152887e-01
1.030909090909092551e+00
1.320505050505050404e+00
1.881818181818184277e+00
1.142424242424245895e-01
7.176868686868688840e+00
1.887414141414141966e+01
9.698989898989900382e-01
1.990909090909091239e-01
1.040808080808079517e+00
1.590202020202022615e+00
1.685858585858586167e+00
9.743434343434329570e-01
2.197979797979799643e-01
1.448989898989901937e+00
3.266969696969691306e+00
1.348888888888887694e+00
1.539494949494950804e+00
1.910858585858586878e+01
8.288888888888880091e-01
2.742232323232324021e+01
8.900000000000006795e-01
1.074747474747475451e+00
4.090101010101012236e+00
1.340909090909088386e+00
1.000303030303030249e+00
0.000000000000000000e+00
3.913333333333332220e+00
3.523232323232324825e-01
7.535353535353537247e-01
2.572565656565658543e+01
1.528080808080808595e+00
2.734040404040402095e+01
1.574343434343434822e+00
2.043434343434342437e-01
1.390909090909090873e+00
1.671717171717170825e+00
1.891919191919188670e+00
2.939393939393944444e-02
2.524242424242423843e-01
3.705323232323232219e+01
2.653535353535349195e+00
5.537272727272725348e+00
3.878787878787880172e-02
7.432323232323249096e-01
7.355555555555562952e-01
3.624848484848488539e+00
3.878787878787880172e-02
1.066666666666668400e-01
0.000000000000000000e+00
2.951818181818182563e+00
1.237272727272727080e+00
1.986868686868690503e-01
1.277878787878788280e+01
8.108080808080815327e-01
1.239393939393940852e-01
2.488888888888884376e-01
1.521818181818181515e+00
2.209696969696966828e+00
3.415747474747473689e+01
4.401111111111113416e+00
0.000000000000000000e+00
0.000000000000000000e+00
2.322222222222223020e-01
5.299494949494953033e+00
1.782929292929294807e+00
0.000000000000000000e+00
4.933333333333336790e-01
1.355353535353535754e+00
1.375252525252524061e+00
9.961616161616180243e-01
1.556565656565656264e+00
2.533939393939393714e+00
1.209999999999999076e+00
1.192222222222220962e+00
0.000000000000000000e+00
0.000000000000000000e+00
1.971111111111108372e+00
2.637373737373737148e-01
0.000000000000000000e+00
2.815151515151518291e-01
1.893939393939393923e-01
2.483838383838387065e-01
2.069696969696967592e+00
1.120303030303027692e+00
9.861616161616157950e-01
2.525252525252521529e-01
0.000000000000000000e+00
3.227272727272721964e-01
3.013636363636363669e+00
1.896868686868683040e+00
2.692828282828284792e+00
8.833333333333319715e-01
5.570707070707084929e-01
7.262626262626262763e-01
1.197373737373739200e+00
1.660101010101011187e+00
4.893888888888889710e+01
1.166666666666665853e+00
1.248383838383838373e+00
6.066666666666666874e-01
1.648383838383838729e+00
4.142828282828290298e+00
7.789898989899004533e-01
4.692929292929291507e-01
0.000000000000000000e+00
9.913131313131307021e-01
8.351515151515157553e-01
1.964646464646461421e+00
2.036363636363636431e-01
4.797979797979806671e-02
5.696969696969710756e-02
1.419191919191917783e+00
1.979797979797979363e-02
0.000000000000000000e+00
7.594949494949483348e-01
1.069131313131313377e+01
2.165050505050500007e+00
1.429393939393940727e+01
0.000000000000000000e+00
2.260606060606057954e-01
1.348181818181817038e+00
9.515151515151504258e-02
1.475353535353533418e+00
1.715757575757574704e+00
0.000000000000000000e+00
2.266767676767678541e+00
2.189040404040405008e+01
7.047474747474746781e-01
1.100101010101009580e+00
5.280606060606056751e+00
1.218585858585859549e+00
1.163434343434343932e+00
1.920606060606063314e+00
0.000000000000000000e+00
6.442424242424235059e-01
2.669292929292931493e+00
4.641414141414132444e-01
2.403939393939393376e+00
1.383232323232324923e+00
3.897575757575757027e+00
9.999999999999988065e-03
1.665656565656560728e+00
1.287878787878785347e-01
5.908080808080818924e-01
3.484242424242420810e+00
2.243373737373737598e+01
8.037575757575755375e+00
7.384848484848497430e-01
0.000000000000000000e+00
7.631818181818194269e+00
1.084848484848486727e+00
3.207070707070701632e-01
1.593232323232323111e+01
8.685858585858585723e-01
5.797979797979803396e-02
1.319090909090907093e+00
1.436666666666663650e+00
2.939393939393943403e-02
1.300505050505051718e+00
1.066666666666669094e-01
2.325555555555553156e+00
0.000000000000000000e+00
1.280303030303032497e+00
7.930303030303031964e-01
2.939393939393941668e-02
9.955353535353536287e+00
1.490909090909092460e-01
4.995353535353536323e+00
8.810101010101014651e-01
1.357575757575757991e-01
1.960606060606057577e+00
0.000000000000000000e+00
2.279797979797980378e+00
7.953535353535362562e-01
6.378161616161619207e+01
1.314040404040405008e+00
1.094212121212122391e+01
5.738484848484840306e+00
1.319898989898988573e+00
1.979797979797979363e-02
1.431414141414141028e+00
2.375656565656564467e+00
1.332020202020201882e+00
1.613030303030305035e+00
2.297979797979792516e-01
1.349989898989900006e+01
7.992929292929297214e-01
1.287878787878786180e-01
2.138080808080809359e+00
1.210606060606062018e+00
2.168686868686873215e-01
4.992444444444443974e+01
1.797272727272730242e+00
9.961616161616140275e-01
3.084343434343438162e+00
1.608787878787876879e+00
1.435545454545455790e+01
0.000000000000000000e+00
9.999999999999998473e-03
1.321010101010102078e+00
1.103737373737373018e+00
3.307181818181819466e+01
1.359898989898987054e+00
1.025252525252523805e-01
1.054747474747472991e+00
2.176363636363633169e+00
0.000000000000000000e+00
4.367171717171716594e+00
4.067626262626265543e+01
9.013131313131307332e-01
3.103030303030296921e-01
2.333333333333337534e-01
6.750000000000004441e+00
1.425252525252528046e-01
5.056171717171717006e+01
0.000000000000000000e+00
7.007070707070690574e-01
9.999999999999991535e-03
1.449797979797977865e+00
2.516161616161619596e-01
9.999999999999962044e-03
1.006363636363634795e+00
2.993939393939398785e-01
3.480606060606059771e+01
2.379797979797985685e-01
1.332727272727273204e+00
2.609090909090912569e-01
1.893939393939393923e-01
7.698989898989884173e-01
1.560505050505052838e+00
2.395959595959594179e-01
3.359898989898989718e+00
9.999999999999958575e-03
1.337171717171719676e+00
1.273030303030302957e+00
3.357474747474748611e+00
1.480404040404041277e+00
3.167676767676761429e+00
8.095959595959586474e-01
0.000000000000000000e+00
6.333333333333328596e-01
1.590909090909091717e-01
4.688888888888894102e-01
3.664747474747472467e+01
4.548959595959595248e+01
9.753535353535344177e-01
1.305050505050505127e-01
1.079393939393940016e+00
3.923242424242423709e+01
1.907676767676764751e+00
1.906565656565655464e+00
2.797979797979792682e-01
1.285050505050506109e+00
2.855555555555551739e-01
1.506262626262625526e+00
5.232252525252522446e+01
2.988888888888885931e-01
2.979797979797974006e-02
1.689696969696969031e+00
3.156676767676767881e+01
1.113030303030304813e+00
1.725353535353535861e+00
1.675757575757577944e-01
3.207979797979793268e+00
2.233333333333339110e-01
0.000000000000000000e+00
2.297979797979792516e-01
1.454525252525253265e+01
3.355050505050506615e+00
6.757646464646465745e+01
0.000000000000000000e+00
5.425252525252535207e-01
1.345858585858585643e+00
1.120606060606058607e+00
1.216161616161618442e-01
1.195353535353535168e+00
1.152626262626265552e+00
2.516161616161619596e-01
8.116565656565654763e+00
9.999999999999956840e-03
2.263636363636366278e-01
1.911515151515150501e+00
2.939393939393944097e-02
3.405050505050510323e-01
8.026262626262615774e-01
1.335050505050503489e+00
7.190202020202018041e+00
7.813131313131312927e-01
3.037373737373739724e-01
1.732020202020204902e+00
2.749494949494944440e-01
9.424242424242417204e-01
5.913131313131310129e-01
0.000000000000000000e+00
8.198888888888889781e+00
2.079797979797981533e-01
2.424242424242418759e-01
0.000000000000000000e+00
1.066666666666668400e-01
0.000000000000000000e+00
9.660606060606043988e-01
1.490909090909092460e-01
4.940404040404028363e-01
6.575757575757587570e-02
1.408787878787881587e+00
1.100808080808082901e+00
2.053939393939391955e+00
1.240303030303032461e+00
1.971919191919196512e+00
1.495555555555557303e+00
2.163858585858586636e+01
6.406121212121212238e+01
1.394949494949495383e+00
1.027777777777775681e+00
8.753131313131316205e+00
2.160606060606058143e-01
3.259595959595959602e+00
0.000000000000000000e+00
2.505757575757578959e+00
9.254545454545451966e-01
0.000000000000000000e+00
1.236767676767675850e+00
1.878787878787882282e-01
0.000000000000000000e+00
3.537676767676763756e+00
3.295131313131313533e+01
2.213131313131317113e-01
8.491919191919172771e-01
1.641313131313128837e+00
3.708585858585859096e+00
1.066666666666664653e+00
1.037878787878786957e+00
1.732323232323231821e-01
1.333636363636366173e+00
8.272727272727277426e-02
1.177373737373737406e+00
2.883434343434340796e+00
9.453535353535343910e-01
1.494444444444442022e+00
3.352525252525255239e-01
2.327272727272732544e-01
1.600808080808079348e+00
1.775757575757579143e-01
4.262828282828288629e+00
3.368181818181820386e+00
9.391919191919206877e-01
4.133636363636366440e+00
4.797979797979802508e-02
3.153535353535348862e-01
2.609090909090912569e-01
1.106060606060607299e+00
2.020101010101008399e+00
2.939393939393943056e-02
1.471919191919190961e+00
1.303838383838383352e+00
5.099262626262627407e+01
9.888888888888897055e-02
5.815757575757581677e+00
1.066666666666667984e-01
2.382828282828280964e-01
6.219696969696972388e+00
2.073737373737370770e+00
1.011818181818179285e+00
1.719191919191920270e-01
3.149686868686869090e+01
2.215555555555559941e+00
1.872626262626264859e+00
1.485858585858583214e-01
2.767676767676763849e-01
6.632323232323221740e-01
2.014949494949496156e+00
6.634545454545445864e+00
0.000000000000000000e+00
0.000000000000000000e+00
8.520202020201997906e-01
9.134343434343439316e-01
1.694747474747474669e+00
3.619191919191923734e+00
2.314242424242427099e+00
1.198686868686869467e+00
3.020202020202024107e-01
0.000000000000000000e+00
0.000000000000000000e+00
1.814545454545456238e+00
1.588585858585861654e+00
1.792222222222216610e+00
5.696969696969710756e-02
2.087878787878784337e+00
7.458989898989898393e+00
2.584848484848481509e-01
1.739030303030304836e+01
1.821212121212119506e+00
2.512424242424238230e+00
9.980808080808092342e-01
4.131212121212108457e+00
1.695151515151516186e+00
0.000000000000000000e+00
1.059292929292928509e+00
2.261414141414145096e+00
1.142424242424246589e-01
1.552525252525253308e+00
8.159595959595942194e-01
1.800818181818182140e+01
4.846666666666675560e+00
9.845454545454538353e-01
9.832323232323232354e-01
3.939393939393939781e-02
2.160606060606057865e-01
1.979797979797979363e-02
2.689898989898991677e-01
1.415858585858586371e+00
3.203030303030298120e-01
3.561616161616160681e-01
1.129999999999998117e+00
1.009555555555556339e+01
1.158373737373737100e+01
9.574747474747482556e-01
0.000000000000000000e+00
7.434343434343430868e-02
9.968686868686861047e+00
8.369696969696982514e-01
1.859494949494950866e+00
2.065757575757574127e+00
0.000000000000000000e+00
7.440404040404033914e-01
1.425252525252529157e-01
9.999999999999977657e-03
9.830303030303030098e+00
1.424545454545450784e+00
1.325151515151516080e+00
3.585858585858579528e-01
1.868888888888887490e+00
2.621212121212118107e-01
1.455454545454544668e+00
4.399191919191922651e+00
8.954545454545473904e-01
1.360303030303029903e+00
3.878787878787880172e-02
2.179191919191919347e+00
7.690808080808079872e+00
1.137979797979797425e+00
6.381818181818195157e-01
0.000000000000000000e+00
8.575757575757583795e-02
1.036060606060603906e+00
1.829595959595961663e+00
8.412121212121224101e-01
1.425252525252529989e-01
3.766262626262624202e+00
2.878818181818181543e+01
2.184141414141409054e+00
2.464949494949494557e+00
2.411616161616164877e+00
6.843434343434338096e-01
2.460606060606066181e-01
4.628949494949493015e+01
2.536424242424240916e+01
8.864646464646446233e-01
1.179191919191918014e+00
2.398484848484853327e+00
1.375353535353538659e+00
1.519898989898990083e+00
5.253535353535350172e-01
0.000000000000000000e+00
7.434343434343430868e-02
1.285454545454544073e+00
8.294848484848481363e+00
1.713939393939394540e+00
2.367686868686870127e+01
1.070151515151514765e+01
6.635454545454550157e+00
8.835353535353548393e-01
8.676767676767686843e-02
1.735656565656565009e+00
8.621212121212136203e-01
0.000000000000000000e+00
5.010616161616162856e+01
6.043434343434339606e-01
7.030303030303022283e-01
7.678787878787864951e-01
2.012828282828288184e+00
9.619191919191940610e-01
1.558686868686868676e+00
2.317474747474745911e+00
3.878787878787880172e-02
0.000000000000000000e+00
2.659373737373738322e+01
1.236262626262624620e+00
2.654090909090907857e+01
1.993939393939393456e-01
1.318585858585854975e+00
0.000000000000000000e+00
1.161060606060605238e+01
0.000000000000000000e+00
5.350606060606064140e+00
0.000000000000000000e+00
4.566666666666670538e-01
1.715454545454547386e+01
1.248787878787880556e+00
1.240606060606059158e+00
3.873848484848485896e+01
1.879494949494947331e+00
2.247171717171720040e+00
6.777777777777761747e-02
1.207878787878789106e+00
9.999999999999977657e-03
1.331919191919193501e+00
1.068424242424242721e+01
1.979797979797979363e-02
1.076141414141414110e+01
5.776323232323230172e+01
1.239797979797981453e+00
0.000000000000000000e+00
1.667676767676768090e+00
2.645494949494948145e+01
2.258787878787881898e+00
7.921212121212130031e-01
2.485040404040402606e+01
0.000000000000000000e+00
8.890909090909091539e-01
9.999999999999981126e-03
1.570707070707067221e-01
3.499575757575757251e+01
2.036363636363636986e-01
4.952121212121205929e+00
3.940404040404042352e+00
1.452525252525253441e+00
5.457575757575752196e-01
2.601010101010097220e-01
2.107070707070700655e-01
8.897979797979805872e-01
3.766767676767674544e+00
1.384848484848485439e+00
1.497171717171715155e+00
7.434343434343430868e-02
4.789898989898978554e-01
6.136060606060604883e+00
2.064474747474747574e+01
1.022323232323231190e+00
7.088888888888900119e-01
1.843434343434342093e+00
4.797979797979802508e-02
4.004383838383837713e+01
1.343232323232326220e+00
8.786868686868675171e-01
2.527474747474746763e+00
9.324242424242411564e-01
1.271818181818183735e+00
2.926767676767679571e+00
1.554545454545456507e-01
4.076767676767680815e-01
0.000000000000000000e+00
4.419191919191911566e-01
2.167474747474750885e+00
3.896989898989897938e+01
3.261525252525252228e+01
1.737171717171715146e+00
2.509090909090911370e-01
1.310505050505050617e+00
1.253131313131314650e+00
1.714646464646465862e+00
2.379797979797985685e-01
2.276262626262627098e+00
0.000000000000000000e+00
2.692727272727271526e+00
1.193333333333332247e+00
1.321313131313128775e+00
1.005050505050506970e+00
2.538383838383835744e+00
2.723232323232320229e-01
5.434191919191919595e+01
1.447979797979797700e+00
5.612727272727279448e+00
1.245555555555553306e+00
1.749696969696967974e+00
1.083535353535352463e+00
1.459696969696970381e+00
9.692929292929302054e-01
6.892727272727272592e+00
9.492929292929280782e-01
1.482727272727274670e+00
1.670303030303027958e+00
3.959595959595958031e-02
5.803030303030310977e-01
7.798989898989898695e-01
1.979191919191921167e+00
1.335858585858586967e+00
2.019292929292928918e+00
1.990909090909091794e-01
2.939393939393944444e-02
2.079797979797982366e-01
9.999999999999963779e-03
6.188888888888878226e-01
0.000000000000000000e+00
2.858585858585860340e-01
1.565454545454542767e+00
1.510101010101011498e+00
9.090909090909086998e-02
1.733333333333332560e-01
4.548080808080808168e+00
1.068585858585859638e+00
7.904141414141411914e+00
2.939393939393944097e-02
0.000000000000000000e+00
1.213939393939394096e+00
6.696969696969706787e-02
0.000000000000000000e+00
8.720202020202024729e-01
3.123434343434345895e+00
0.000000000000000000e+00
1.441010101010100630e+00
1.637272727272725215e+00
2.459191919191916487e+00
2.939393939393943056e-02
9.737373737373755667e-02
