3.091212121212119079e+00
1.692020202020198871e+00
0.000000000000000000e+00
9.166666666666678509e-01
3.364343434343434858e+00
7.372727272727284120e-01
2.354545454545459715e-01
1.803030303030303871e+00
2.424242424242418481e-01
1.798383838383835531e+00
6.677525252525256860e+01
2.330303030303025602e-01
1.979797979797979016e-02
1.367171717171717038e+00
1.964242424242423457e+00
4.172424242424245477e+00
1.979797979797979710e-02
7.434343434343430868e-02
3.582262626262627236e+01
1.184444444444443745e+00
0.000000000000000000e+00
6.014141414141427333e-01
1.948181818181820901e+00
2.266666666666661278e-01
9.999999999999993269e-03
9.999999999999974187e-03
1.884242424242421832e+00
2.979797979797977822e-02
1.979797979797979016e-02
1.111717171717170105e+00
4.145656565656570258e+00
9.888888888888895667e-02
2.606060606060604523e-01
9.085858585858580527e-01
1.474646464646461874e+00
1.484747474747474261e+00
8.178494949494945843e+01
2.794363636363637937e+01
2.454545454545459526e-01
2.214343434343434058e+00
9.060101010101007546e+00
9.048484848484867893e-01
1.774848484848483787e+00
9.351515151515166213e-01
1.860303030303029015e+00
9.999999999999977657e-03
3.931313131313139420e-01
0.000000000000000000e+00
2.577171717171721443e+00
1.242252525252525430e+01
1.970101010101008798e+00
0.000000000000000000e+00
1.287878787878785625e-01
7.600000000000011191e-01
2.265757575757577413e+00
6.342424242424250513e-01
1.321010101010102966e+00
5.719191919191910500e-01
3.725151515151512882e+00
1.258484848484845209e+00
3.920313131313131549e+01
1.442626262626265365e+00
3.083898989898989385e+01
0.000000000000000000e+00
1.460404040404039705e+00
9.272727272727272763e-02
4.885050505050508640e+00
1.977272727272730624e+00
2.488888888888884654e-01
9.888888888888910933e-02
2.362323232323227717e+00
3.878787878787880172e-02
2.087575757575756974e+00
2.873838383838380750e+00
2.205050505050507037e-01
3.843989898989900666e+01
1.659999999999999698e+00
1.837474747474745929e+00
2.857131313131312567e+01
3.720202020202014181e-01
8.411111111111118088e-01
1.290404040404038000e+00
1.125252525252528196e-01
4.924343434343428250e+00
4.553636363636355711e+00
1.958585858585860873e+00
7.347474747474743717e-01
2.227272727272727959e+00
8.499999999999995337e-01
2.397979797979796768e-01
1.131313131313131798e-01
1.266464646464646293e+00
4.959595959595955450e-02
1.850707070707068080e+00
1.676868686868689284e+00
4.967676767676776906e-01
1.993333333333336510e+00
1.701616161616163359e+00
1.742525252525253254e+00
5.464353535353534141e+01
2.466565656565653075e+00
9.999999999999960310e-03
1.387878787878789599e-01
1.267212121212120479e+01
2.424242424242418481e-01
1.117373737373738019e+00
7.759595959595971815e-01
7.776767676767679660e-01
2.524242424242423843e-01
2.662020202020197512e+00
3.317171717171720213e-01
6.575757575757583406e-02
5.696969696969712144e-02
2.411919191919192684e+00
2.062222222222227508e+00
2.221212121212122192e-01
0.000000000000000000e+00
2.764545454545455083e+00
1.470606060606060028e+00
6.984545454545452614e+00
5.973232323232325669e+00
1.035555555555552898e+00
3.540404040404041552e-01
1.237777777777779420e+00
2.233333333333335169e+00
4.130303030303037470e-01
1.195858585858583512e+00
7.434343434343430868e-02
9.880606060606073271e+00
0.000000000000000000e+00
9.999999999999965514e-03
2.939393939393944097e-02
3.878787878787880172e-02
1.555454545454547644e+00
1.122727272727271686e+00
1.619545454545454533e+01
2.524242424242423843e-01
3.472626262626258953e+00
1.314141414141412056e+00
0.000000000000000000e+00
1.173535353535350767e+00
1.708585858585857542e+00
4.919191919191923112e-02
1.735050505050504288e+00
2.121212121212122381e-01
2.014545454545453307e+00
1.279595959595957622e+00
3.147474747474753309e-01
1.354242424242420473e+00
9.999999999999993269e-03
2.237373737373734350e+00
1.167070707070705815e+00
0.000000000000000000e+00
2.126363636363634679e+00
3.989797979797979455e+00
9.163636363636379345e-01
1.257272727272728874e+00
5.367474747474751062e+00
1.462020202020203552e+00
1.186868686868685907e-01
8.272727272727277426e-02
0.000000000000000000e+00
1.654545454545455485e-01
1.052696969696970086e+01
2.257171717171715386e+00
6.275424242424243459e+01
7.434343434343430868e-02
1.453939393939392533e+00
8.469595959595958234e+00
1.396464646464646187e+00
9.090909090909091161e-02
1.550808080808082190e+00
1.237272727272724415e+00
0.000000000000000000e+00
7.983838383838376407e-01
7.892020202020204600e+00
1.924747474747471099e+00
2.043434343434342437e-01
1.510101010101013164e-01
1.119292929292928118e+00
6.777777777777772850e-02
1.596060606060607068e+00
5.797979797979802702e-02
2.047777777777778141e+00
4.728282828282819317e-01
1.048686868686866003e+00
1.597979797979795835e+00
1.187474747474747572e+00
1.325151515151512527e+00
2.160606060606058143e-01
2.408686868686866323e+00
2.000000000000003109e+00
1.203434343434341081e+00
1.638282828282829451e+00
2.939393939393941668e-02
2.342828282828284259e+00
0.000000000000000000e+00
1.529797979797981045e+00
1.979797979797979016e-02
1.684828282828282298e+01
9.110202020202017081e+00
1.229494949494947864e+00
1.751515151515148361e-01
0.000000000000000000e+00
1.784545454545457543e+00
0.000000000000000000e+00
2.975151515151515547e+00
4.797979797979800426e-02
4.797979797979797650e-02
4.773737373737363954e-01
6.410292929292930353e+01
2.524242424242423843e-01
4.975757575757586149e-01
4.242424242424232550e-01
2.024040404040406305e+00
4.450656565656566954e+01
1.861484848484847987e+01
2.134252525252527377e+01
9.518181818181800091e-01
1.522626262626259885e+00
6.048484848484858567e-01
3.182828282828285005e-01
5.317070707070714164e+00
0.000000000000000000e+00
1.935181818181818159e+01
9.303030303030290771e-01
2.196565656565659719e+00
5.638383838383834723e-01
6.063232323232321086e+00
9.561616161616165455e-01
0.000000000000000000e+00
1.056767676767676578e+00
1.931919191919195589e+00
2.200202020202027153e+00
6.500101010101016819e+00
3.562323232323230560e+00
8.424545454545452117e+00
1.707575757575759967e+00
1.522626262626263660e+00
1.122323232323232389e+00
1.020101010101012173e+00
9.929292929292909964e-01
0.000000000000000000e+00
2.395959595959593347e-01
1.859494949494948868e+00
2.181212121212118049e+00
1.760797979797979451e+01
1.797878787878789186e+00
8.422222222222194299e-01
8.834343434343426837e-01
1.251212121212122108e+00
2.113434343434340335e+00
1.594949494949498003e-01
1.186868686868686185e-01
2.400000000000001577e-01
1.001838383838383351e+01
1.179696969696968134e+00
3.241111111111105281e+00
2.989999999999998881e+00
2.267272727272723998e+00
0.000000000000000000e+00
0.000000000000000000e+00
1.127373737373740692e+00
5.553030303030302761e+00
3.934818181818181415e+01
1.507171717171719161e+00
4.694848484848483494e+00
1.251111111111113283e+00
6.814141414141429154e-01
1.317070707070708613e+00
1.717272727272729727e+00
7.326464646464645014e+00
0.000000000000000000e+00
5.879797979797975138e+00
5.000000000000003053e-02
2.939393939393943403e-02
2.269898989898992081e+00
1.554545454545456507e-01
9.999999999999960310e-03
2.095555555555558058e+00
2.097171717171712135e+00
1.497626262626263127e+01
8.188888888888896656e-01
1.428686868686868561e+00
4.655656565656569157e+00
1.765151515151516692e+00
1.856010101010100755e+01
1.691515151515150528e+00
1.842424242424242742e+00
2.509090909090911925e-01
1.751212121212119444e+00
1.320020202020202404e+01
1.858888888888888813e+00
0.000000000000000000e+00
2.178484848484843361e+00
9.849494949494974616e-01
4.817979797979793588e+00
1.468686868686865654e-01
2.257979797979794867e+00
1.675757575757577666e-01
1.117474747474745289e+00
1.094040404040402148e+00
6.498989898989907532e-01
1.761717171717171126e+00
9.999999999999979391e-03
1.137070707070706455e+00
1.344444444444448383e-01
2.524242424242422178e-01
9.813131313131318034e-01
1.430404040404041011e+00
2.939393939393944097e-02
3.878787878787880172e-02
1.104444444444441897e+00
4.904040404040398982e-01
0.000000000000000000e+00
0.000000000000000000e+00
1.090202020202019950e+00
2.323030303030307664e+00
2.180404040404040344e+00
1.979797979797979016e-02
4.355656565656565782e+00
9.546464646464649650e-01
5.610000000000005649e+00
4.139696969696970541e+00
6.386363636363636687e+00
1.778888888888890962e+00
1.404676767676769344e+01
7.525252525252512648e-01
1.626464646464644614e+00
0.000000000000000000e+00
1.271717171717173578e+00
1.543333333333330337e+00
2.022929292929295908e+00
7.737373737373735849e-02
1.649898989898990198e+00
1.068080808080806854e+00
1.554545454545456507e-01
9.827272727272723385e-01
1.338282828282825188e+00
1.788888888888890139e-01
2.106868686868686336e+00
8.272727272727277426e-02
1.357575757575757991e-01
8.272727272727277426e-02
0.000000000000000000e+00
6.339262626262627975e+01
1.210404040404041925e+00
2.742292929292929315e+01
4.248484848484853638e-01
2.713535353535356798e+00
3.115050505050505070e+00
2.171515151515146957e+00
3.939393939393939087e-02
9.877777777777770885e-01
1.243434343434341449e-01
4.901212121212121353e+00
1.979797979797979363e-02
2.972020202020199342e+00
2.351717171717173205e+00
0.000000000000000000e+00
1.893939393939393923e-01
1.357575757575757991e-01
9.999999999999991535e-03
2.559595959595963310e-01
0.000000000000000000e+00
4.555555555555550473e-01
9.061616161616178333e-01
2.817070707070713720e+00
3.380919191919190325e+01
2.327272727272732267e-01
1.425252525252528879e-01
0.000000000000000000e+00
3.097979797979806826e-01
1.979797979797979710e-02
1.792323232323230098e+00
5.878787878787884724e-02
1.476363636363637211e+00
2.609090909090912569e-01
1.532020202020205391e+00
1.123838383838382304e+00
1.006666666666667176e+01
2.074141414141414952e+00
0.000000000000000000e+00
7.434343434343430868e-02
1.110606060606061929e+00
1.370707070707070319e+00
1.552121212121210014e+00
2.448383838383840327e+00
1.142424242424245895e-01
9.016767676767676321e+00
2.442111111111112010e+01
1.092020202020202557e+00
2.221212121212121637e-01
1.112828282828281612e+00
1.826868686868685865e+00
2.236565656565654869e+00
1.209898989898989807e+00
2.160606060606058143e-01
1.673737373737370193e+00
3.555656565656565071e+00
1.515858585858587793e+00
1.951111111111113683e+00
2.671222222222221632e+01
1.140000000000000568e+00
3.057676767676769813e+01
1.070707070707072051e+00
1.304949494949497524e+00
5.669595959595963741e+00
1.722626262626261173e+00
9.896969696969677432e-01
0.000000000000000000e+00
4.193434343434341294e+00
3.183838383838386576e-01
7.752525252525253041e-01
2.845121212121211229e+01
2.140404040404042529e+00
3.274171717171719109e+01
1.958686868686865257e+00
2.358585858585861839e-01
1.797777777777774588e+00
1.937070707070709386e+00
2.411616161616163989e+00
5.696969696969714919e-02
2.524242424242423843e-01
4.491979797979799116e+01
3.431414141414140584e+00
6.134343434343437096e+00
7.434343434343430868e-02
8.081818181818173352e-01
8.964646464646451873e-01
5.360000000000002984e+00
3.878787878787880172e-02
1.510101010101012609e-01
0.000000000000000000e+00
3.093535353535350030e+00
1.523131313131314668e+00
2.187878787878792253e-01
1.413191919191919155e+01
8.682828282828281008e-01
7.777777777777764023e-02
2.488888888888884376e-01
1.553535353535355767e+00
2.481818181818178815e+00
4.432424242424247041e+01
5.344545454545454710e+00
9.999999999999981126e-03
0.000000000000000000e+00
2.213131313131318778e-01
6.109797979797979117e+00
1.720303030303033109e+00
0.000000000000000000e+00
5.525252525252530855e-01
1.905252525252527640e+00
1.506060606060605656e+00
1.215555555555554834e+00
1.624545454545453183e+00
2.967979797979798384e+00
1.711919191919193617e+00
1.315656565656566857e+00
0.000000000000000000e+00
0.000000000000000000e+00
2.170707070707065700e+00
3.247474747474751178e-01
0.000000000000000000e+00
3.249494949494943219e-01
2.136363636363636520e-01
3.090909090909096935e-01
2.986868686868680900e+00
1.344949494949492230e+00
1.088787878787880414e+00
2.577777777777774393e-01
0.000000000000000000e+00
3.691919191919195709e-01
3.466262626262629265e+00
2.391010101010099476e+00
3.382828282828281630e+00
1.147272727272725223e+00
7.071717171717166739e-01
8.007070707070693683e-01
1.279898989898992312e+00
2.391010101010104361e+00
6.162808080808080291e+01
1.420404040404037893e+00
1.401010101010099262e+00
6.115151515151509010e-01
2.101717171717175425e+00
5.113131313131313860e+00
9.743434343434334011e-01
5.060606060606052115e-01
0.000000000000000000e+00
1.424646464646463384e+00
7.985858585858577330e-01
2.651515151515147384e+00
2.233333333333338555e-01
1.979797979797979016e-02
5.696969696969709368e-02
1.809999999999997167e+00
3.878787878787879478e-02
0.000000000000000000e+00
1.022121212121211098e+00
1.027737373737373261e+01
2.639393939393936073e+00
1.940050505050504626e+01
0.000000000000000000e+00
2.397979797979798433e-01
1.579090909090905770e+00
1.121212121212119966e-01
1.997474747474744294e+00
1.962323232323230471e+00
0.000000000000000000e+00
2.797070707070705708e+00
2.914282828282830451e+01
8.750505050505059668e-01
1.503939393939393021e+00
6.979595959595955357e+00
1.687373737373739191e+00
1.399898989898991086e+00
2.339696969696967610e+00
1.979797979797979016e-02
6.119191919191907525e-01
2.983333333333338278e+00
4.658585858585853057e-01
3.193333333333337354e+00
1.657171717171717518e+00
4.504646464646464565e+00
1.999999999999995531e-02
1.862929292929294212e+00
1.216161616161618164e-01
5.891919191919188226e-01
5.244343434343431198e+00
2.711909090909090025e+01
1.008959595959596278e+01
7.585858585858596959e-01
1.999999999999998307e-02
9.732525252525260129e+00
1.199393939393938568e+00
3.167676767676767535e-01
1.935707070707070443e+01
1.065656565656567301e+00
9.272727272727274150e-02
1.603030303030303472e+00
1.918383838383836748e+00
5.696969696969709368e-02
1.434545454545454346e+00
9.090909090909073120e-02
2.846363636363632654e+00
0.000000000000000000e+00
1.691616161616164238e+00
8.718181818181799381e-01
2.939393939393941321e-02
1.182494949494948600e+01
1.216161616161618164e-01
5.817979797979798029e+00
1.005959595959593500e+00
1.554545454545455951e-01
2.282828282828284649e+00
0.000000000000000000e+00
2.471212121212120305e+00
7.755555555555563307e-01
6.728474747474744788e+01
1.742424242424240433e+00
1.200020202020202653e+01
7.454747474747462022e+00
1.541616161616162328e+00
1.979797979797979016e-02
1.747070707070708773e+00
3.171111111111109437e+00
1.764242424242422169e+00
2.125151515151518566e+00
2.197979797979799643e-01
1.970646464646464580e+01
9.570707070707081821e-01
1.490909090909092460e-01
2.585757575757573701e+00
1.345656565656564219e+00
2.176767676767673021e-01
6.668878787878787762e+01
2.509696969696968427e+00
1.388484848484848211e+00
4.270505050505051692e+00
1.588585858585858324e+00
1.686484848484849408e+01
0.000000000000000000e+00
1.979797979797979363e-02
1.402121212121210769e+00
1.253535353535351504e+00
4.601959595959596783e+01
2.052626262626266573e+00
1.282828282828285538e-01
1.411919191919190464e+00
2.587373737373741545e+00
0.000000000000000000e+00
4.567070707070706170e+00
5.034484848484849095e+01
9.375757575757565077e-01
3.348484848484850618e-01
2.767676767676771066e-01
7.968585858585861992e+00
1.490909090909092460e-01
6.554343434343434183e+01
1.979797979797979363e-02
6.439393939393952548e-01
1.999999999999998307e-02
1.853535353535356922e+00
2.475757575757577267e-01
9.999999999999955105e-03
1.111010101010098339e+00
2.790909090909096668e-01
4.168464646464646961e+01
2.543434343434349265e-01
1.494848484848482428e+00
2.673737373737370970e-01
2.121212121212122381e-01
9.379797979797972474e-01
1.822828282828285129e+00
2.595959595959600463e-01
4.198585858585859754e+00
5.797979797979804784e-02
2.015151515151517803e+00
1.547272727272727355e+00
4.477878787878783129e+00
1.658282828282826804e+00
3.784949494949495286e+00
9.865656565656563126e-01
1.979797979797979016e-02
6.672727272727265735e-01
1.775757575757578588e-01
5.021212121212113022e-01
5.318717171717172221e+01
4.173808080808079524e+01
1.074141414141412287e+00
1.913131313131312405e-01
1.027272727272728892e+00
4.212060606060607171e+01
2.803535353535349550e+00
2.156969696969694095e+00
3.257575757575759678e-01
1.520707070707073338e+00
3.715151515151511874e-01
1.646969696969697416e+00
6.720808080808080831e+01
3.186868686868690737e-01
6.858585858585854178e-02
2.029999999999998028e+00
4.229282828282827467e+01
1.282626262626262337e+00
2.195454545454545325e+00
1.893939393939393923e-01
3.998282828282821999e+00
2.079797979797982643e-01
0.000000000000000000e+00
2.197979797979799643e-01
1.852373737373737228e+01
4.191414141414140815e+00
9.359505050505050860e+01
0.000000000000000000e+00
6.020202020202026771e-01
1.847878787878786788e+00
1.523939393939393927e+00
1.357575757575757991e-01
1.364242424242424256e+00
1.298989898989899805e+00
2.823232323232326979e-01
9.839292929292925649e+00
1.979797979797979016e-02
2.746464646464641390e-01
2.598686868686870266e+00
2.939393939393944444e-02
3.433333333333333792e-01
1.025050505050506100e+00
1.584444444444443434e+00
9.983737373737369580e+00
9.686868686868687073e-01
3.012121212121214864e-01
2.076767676767678594e+00
2.430303030303024858e-01
1.065656565656568189e+00
6.349494949494959295e-01
0.000000000000000000e+00
1.118232323232322933e+01
2.160606060606058143e-01
2.500000000000001110e-01
0.000000000000000000e+00
1.142424242424244091e-01
9.999999999999955105e-03
1.207272727272725943e+00
1.842424242424241798e-01
5.060606060606051004e-01
8.272727272727277426e-02
1.816767676767674811e+00
1.201111111111112573e+00
2.358080808080809554e+00
1.673333333333331563e+00
2.912222222222220935e+00
2.738383838383836366e+00
2.845262626262626071e+01
7.833929292929295229e+01
2.086060606060604616e+00
1.220101010101008798e+00
9.803939393939398173e+00
2.121212121212122381e-01
4.247676767676766829e+00
9.999999999999949901e-03
3.348181818181812819e+00
1.096060606060607512e+00
0.000000000000000000e+00
1.355353535353536198e+00
2.060606060606061107e-01
1.979797979797979016e-02
4.055252525252527995e+00
4.036666666666663872e+01
2.503030303030300274e-01
1.227272727272728625e+00
1.662828282828279436e+00
4.473636363636362745e+00
1.098282828282828527e+00
1.246262626262626183e+00
2.205050505050510645e-01
1.433737373737371756e+00
9.090909090909075896e-02
1.595353535353536412e+00
3.408888888888885749e+00
1.105555555555557623e+00
1.621212121212118662e+00
4.138383838383826729e-01
2.197979797979799643e-01
2.134848484848482997e+00
2.027272727272722286e-01
4.962222222222218093e+00
5.103030303030299031e+00
1.382424242424243221e+00
4.999494949494946994e+00
8.272727272727277426e-02
2.965656565656570876e-01
2.722222222222218102e-01
1.252525252525249710e+00
2.481010101010103774e+00
5.696969696969710062e-02
1.660000000000002363e+00
1.742828282828285280e+00
6.871252525252523924e+01
1.425252525252527769e-01
8.092727272727273657e+00
1.651515151515149105e-01
2.741414141414146854e-01
7.760909090909088093e+00
2.474949494949499229e+00
1.388484848484846879e+00
2.121212121212116830e-01
3.610989898989899416e+01
2.535757575757570326e+00
2.177272727272723696e+00
1.905050505050504273e-01
2.713131313131315059e-01
7.834343434343441492e-01
2.529393939393943747e+00
8.231717171717171766e+00
0.000000000000000000e+00
9.999999999999975922e-03
8.858585858585841244e-01
1.134747474747475504e+00
2.352525252525255350e+00
4.352121212121204508e+00
3.084343434343431500e+00
1.616363636363638667e+00
3.604040404040406709e-01
0.000000000000000000e+00
0.000000000000000000e+00
2.370404040404039847e+00
1.743939393939391680e+00
2.509191919191916309e+00
9.888888888888897055e-02
2.635454545454548381e+00
8.944949494949501201e+00
3.181818181818175106e-01
2.155979797979798462e+01
2.220404040404043489e+00
3.099090909090907786e+00
1.286868686868688716e+00
4.899595959595953509e+00
1.882727272727277690e+00
0.000000000000000000e+00
1.334848484848482508e+00
2.856464646464648816e+00
1.216161616161619274e-01
1.964646464646462531e+00
9.906060606060604901e-01
2.237686868686867214e+01
5.883131313131311657e+00
1.043838383838383788e+00
1.116161616161615688e+00
5.919191919191918450e-02
2.079797979797981256e-01
9.999999999999991535e-03
2.319191919191922191e-01
1.686767676767676916e+00
3.984848484848486083e-01
5.154545454545447214e-01
1.367878787878788360e+00
1.256676767676768236e+01
1.448323232323233434e+01
1.051919191919189256e+00
0.000000000000000000e+00
1.142424242424244091e-01
1.262373737373736482e+01
1.011111111111109295e+00
2.478383838383836135e+00
2.688282828282833492e+00
0.000000000000000000e+00
9.827272727272723385e-01
1.387878787878791265e-01
9.999999999999977657e-03
1.296151515151517053e+01
1.439393939393939892e+00
1.633030303030306163e+00
3.787878787878788400e-01
2.253636363636360773e+00
2.940404040404041575e-01
2.000707070707073765e+00
5.412323232323234201e+00
1.229898989898990713e+00
1.616161616161617021e+00
6.575757575757590345e-02
2.152121212121215432e+00
9.099090909090911339e+00
1.418787878787876267e+00
7.422222222222211174e-01
9.999999999999956840e-03
6.696969696969709562e-02
1.235757575757572724e+00
2.355151515151514108e+00
1.017272727272727550e+00
1.893939393939393923e-01
5.308585858585863626e+00
3.310454545454543052e+01
2.564646464646465063e+00
3.206666666666666554e+00
2.875252525252528280e+00
7.491919191919181875e-01
2.233333333333338278e-01
5.417303030303031619e+01
3.700787878787877361e+01
9.929292929292929948e-01
1.421717171717170825e+00
2.578383838383835780e+00
1.636464646464648398e+00
1.846767676767680388e+00
6.651515151515158264e-01
0.000000000000000000e+00
8.272727272727277426e-02
1.600606060606060144e+00
1.169848484848484205e+01
2.347676767676765142e+00
2.921848484848485938e+01
1.540222222222222825e+01
7.520909090909084327e+00
1.138787878787880237e+00
8.757575757575751518e-02
1.996060606060604092e+00
1.293131313131316018e+00
0.000000000000000000e+00
6.224707070707074763e+01
6.031313131313124076e-01
7.896969696969675656e-01
8.511111111111119287e-01
2.268181818181822962e+00
1.179696969696968356e+00
1.792121212121210450e+00
3.079898989898990358e+00
4.797979797979808059e-02
0.000000000000000000e+00
3.178777777777778013e+01
1.534040404040404759e+00
3.046808080808080632e+01
2.082828282828283195e-01
1.605757575757576827e+00
0.000000000000000000e+00
1.494414141414141284e+01
0.000000000000000000e+00
6.342929292929288643e+00
0.000000000000000000e+00
4.636363636363628471e-01
1.757969696969697182e+01
1.406767676767675335e+00
1.718585858585858217e+00
5.206202020202018588e+01
2.294747474747471649e+00
2.985353535353536536e+00
8.555555555555553748e-02
1.338989898989896732e+00
9.999999999999977657e-03
1.967070707070705415e+00
1.371434343434343539e+01
7.575757575757582907e-02
1.631333333333333968e+01
7.366373737373737640e+01
1.357777777777777972e+00
0.000000000000000000e+00
2.191414141414137706e+00
3.635494949494950845e+01
2.895656565656563153e+00
1.130606060606059282e+00
3.046868686868686638e+01
9.999999999999953371e-03
1.017676767676769067e+00
1.999999999999999348e-02
2.621212121212116997e-01
4.129111111111110688e+01
2.121212121212122381e-01
5.853939393939394442e+00
4.761313131313128721e+00
1.791414141414138461e+00
8.321212121212128165e-01
2.696969696969692687e-01
2.960606060606060796e-01
9.418181818181832199e-01
4.475353535353532308e+00
1.884242424242426273e+00
2.054242424242424647e+00
8.272727272727277426e-02
6.963636363636356297e-01
7.424444444444442404e+00
2.594333333333333513e+01
1.242222222222221228e+00
8.100000000000013856e-01
2.112626262626259965e+00
6.575757575757583406e-02
5.060070707070702412e+01
1.673838383838384569e+00
9.064646464646446411e-01
3.428888888888891984e+00
9.748484848484842979e-01
1.439494949494949161e+00
3.306767676767674580e+00
1.554545454545455951e-01
4.136363636363635798e-01
0.000000000000000000e+00
4.916161616161620618e-01
2.320303030303032976e+00
5.424303030303025963e+01
3.791929292929288664e+01
1.850404040404037609e+00
2.609090909090912014e-01
1.561010101010099405e+00
1.524242424242424621e+00
2.288383838383833080e+00
2.424242424242418481e-01
2.758181818181820955e+00
0.000000000000000000e+00
3.624646464646462451e+00
1.251111111111112173e+00
1.311616161616160348e+00
1.232929292929292986e+00
2.532727272727271384e+00
2.803030303030296100e-01
5.460474747474747659e+01
1.933636363636367372e+00
7.686262626262625908e+00
1.450606060606062675e+00
1.923939393939392284e+00
1.345858585858583867e+00
1.548585858585860064e+00
1.021212121212121904e+00
8.406363636363638037e+00
1.043030303030301420e+00
1.680303030303030631e+00
1.923838383838387456e+00
3.959595959595958031e-02
6.155555555555548564e-01
8.751515151515150137e-01
1.908787878787875147e+00
1.580808080808083105e+00
2.468989898989900400e+00
2.266666666666662389e-01
2.939393939393944791e-02
2.260606060606056567e-01
0.000000000000000000e+00
6.756565656565666211e-01
0.000000000000000000e+00
3.489898989898984616e-01
1.583333333333335702e+00
2.092222222222217543e+00
1.216161616161617470e-01
1.554545454545456507e-01
6.387171717171714391e+00
1.247979797979797301e+00
9.380404040404039634e+00
3.878787878787880172e-02
0.000000000000000000e+00
1.512121212121212865e+00
9.272727272727274150e-02
9.999999999999979391e-03
1.061616161616162790e+00
3.549797979797980840e+00
0.000000000000000000e+00
1.740101010101009260e+00
1.904141414141412803e+00
3.016666666666668828e+00
5.696969696969710756e-02
1.331313131313131282e-01
