2.894646464646466910e+00
1.583131313131316498e+00
0.000000000000000000e+00
8.256565656565658662e-01
3.028484848484846115e+00
6.950505050505048077e-01
2.327272727272731989e-01
1.665353535353538250e+00
2.403030303030307679e-01
1.688787878787881169e+00
6.066676767676769089e+01
2.234343434343434853e-01
9.999999999999953371e-03
1.229393939393940816e+00
2.006666666666662824e+00
3.795555555555559124e+00
1.979797979797979710e-02
7.434343434343430868e-02
3.097080808080805880e+01
1.125959595959596049e+00
0.000000000000000000e+00
6.391919191919184229e-01
1.941919191919190268e+00
2.266666666666661001e-01
0.000000000000000000e+00
2.939393939393942362e-02
1.781919191919190792e+00
2.979797979797977822e-02
1.979797979797979016e-02
1.124343434343433312e+00
4.122626262626257976e+00
1.066666666666667984e-01
2.373737373737374867e-01
8.494949494949506352e-01
1.445050505050502698e+00
1.477474747474745609e+00
7.731828282828284671e+01
2.682686868686867143e+01
2.454545454545459526e-01
1.938888888888886441e+00
8.110808080808086018e+00
8.809090909090898647e-01
1.819191919191917028e+00
8.815151515151500305e-01
1.695656565656567416e+00
9.999999999999988065e-03
3.999999999999997446e-01
0.000000000000000000e+00
2.317878787878782987e+00
1.112424242424242848e+01
1.887474747474744419e+00
0.000000000000000000e+00
1.216161616161617470e-01
6.818181818181814347e-01
2.304141414141418487e+00
5.746464646464648496e-01
1.312929292929291059e+00
6.069696969696960487e-01
3.546969696969697772e+00
1.128181818181819951e+00
3.801070707070705623e+01
1.407878787878788618e+00
2.674848484848485342e+01
0.000000000000000000e+00
1.304949494949495303e+00
1.088888888888890766e-01
4.651212121212120465e+00
1.822929292929296619e+00
2.488888888888884654e-01
9.090909090909075896e-02
2.387373737373740923e+00
4.797979797979808059e-02
1.741414141414139083e+00
2.616767676767675077e+00
1.736363636363632834e-01
3.549555555555556907e+01
1.829494949494951062e+00
1.673737373737376855e+00
2.477434343434343589e+01
3.731313131313124809e-01
7.488888888888879380e-01
1.316969696969697123e+00
8.555555555555562075e-02
4.240101010101002821e+00
3.916969696969689441e+00
1.931515151515146966e+00
7.230303030303030232e-01
2.026262626262625322e+00
8.167676767676751437e-01
2.479797979797984941e-01
1.037373737373736560e-01
1.076666666666666661e+00
4.959595959595955450e-02
1.639393939393936295e+00
1.603434343434341436e+00
4.948484848484853149e-01
1.907070707070704918e+00
1.603838383838384507e+00
1.651111111111111862e+00
5.251252525252522219e+01
2.488686868686872611e+00
0.000000000000000000e+00
1.242424242424242792e-01
1.237666666666669002e+01
2.403030303030307957e-01
1.113737373737371694e+00
8.125252525252527613e-01
6.935353535353521170e-01
2.524242424242423843e-01
2.556262626262619353e+00
3.317171717171720213e-01
6.575757575757583406e-02
3.878787878787880172e-02
2.288787878787874153e+00
1.928484848484851577e+00
2.117171717171718315e-01
0.000000000000000000e+00
2.571616161616166352e+00
1.460505050505051639e+00
6.351818181818183362e+00
5.649595959595963279e+00
9.868686868686855629e-01
3.510101010101009389e-01
1.156565656565657463e+00
2.226363636363634768e+00
4.031313131313136178e-01
1.179898989898991335e+00
8.272727272727277426e-02
9.556666666666664867e+00
0.000000000000000000e+00
1.979797979797979363e-02
3.878787878787880172e-02
4.797979797979800426e-02
1.557979797979798020e+00
1.173535353535354098e+00
1.520464646464646918e+01
2.516161616161619596e-01
3.230505050505051656e+00
1.232727272727270673e+00
0.000000000000000000e+00
1.216868686868685323e+00
1.562121212121211800e+00
4.919191919191923112e-02
1.604242424242426246e+00
2.197979797979799643e-01
2.055555555555558023e+00
1.078383838383837778e+00
3.122222222222226784e-01
1.423636363636360258e+00
9.999999999999993269e-03
2.008989898989902212e+00
1.026969696969699086e+00
0.000000000000000000e+00
1.972828282828280821e+00
4.088787878787877084e+00
8.986868686868679790e-01
1.295959595959595756e+00
4.896464646464643522e+00
1.434242424242422986e+00
1.166666666666667934e-01
7.434343434343430868e-02
0.000000000000000000e+00
1.425252525252528046e-01
9.741616161616155622e+00
2.231414141414138630e+00
5.757717171717172988e+01
8.272727272727276038e-02
1.386666666666666714e+00
8.199494949494948060e+00
1.285454545454543851e+00
1.142424242424244091e-01
1.413232323232322285e+00
1.145656565656566261e+00
0.000000000000000000e+00
7.958585858585874862e-01
7.153939393939386271e+00
1.637878787878786824e+00
1.716161616161616665e-01
1.009090909090910593e-01
1.066161616161614090e+00
4.919191919191923806e-02
1.525757575757576534e+00
9.575757575757577744e-02
2.127272727272730535e+00
4.055555555555550584e-01
9.439393939393950772e-01
1.513737373737375380e+00
1.220000000000002416e+00
1.261616161616159637e+00
2.160606060606057865e-01
2.167070707070703151e+00
2.087474747474751258e+00
1.263636363636363447e+00
1.589393939393937583e+00
1.979797979797979363e-02
2.284343434343431678e+00
0.000000000000000000e+00
1.463232323232320109e+00
1.979797979797979016e-02
1.715585858585858503e+01
9.061717171717166508e+00
1.081919191919193501e+00
1.978787878787881538e-01
0.000000000000000000e+00
1.645959595959598509e+00
0.000000000000000000e+00
2.755050505050503418e+00
2.939393939393942362e-02
7.434343434343430868e-02
4.337373737373729776e-01
6.312575757575763191e+01
2.516161616161619041e-01
5.183838383838378361e-01
4.132323232323232842e-01
2.090303030303033882e+00
4.340191919191919823e+01
1.801454545454545197e+01
1.990161616161616465e+01
9.761616161616144538e-01
1.456262626262623483e+00
6.293939393939383953e-01
3.094949494949488789e-01
5.043636363636369246e+00
0.000000000000000000e+00
1.784272727272727010e+01
8.938383838383835434e-01
1.877373737373739582e+00
5.295959595959605082e-01
5.357777777777775086e+00
8.773737373737376943e-01
0.000000000000000000e+00
9.671717171717161277e-01
1.830101010101011783e+00
2.086262626262627151e+00
6.369898989898989505e+00
3.500000000000002665e+00
7.658787878787883585e+00
1.621616161616159513e+00
1.417575757575758155e+00
1.039191919191920332e+00
1.061919191919190153e+00
9.988888888888874940e-01
0.000000000000000000e+00
2.397979797979797600e-01
1.723838383838385280e+00
2.192525252525254764e+00
1.709959595959596257e+01
1.857979797979800063e+00
7.476767676767689386e-01
8.059595959595964310e-01
1.202626262626261600e+00
2.066161616161614756e+00
1.505050505050508081e-01
9.414141414141410924e-02
2.400000000000001577e-01
9.162626262626261564e+00
1.081313131313130338e+00
3.125959595959595827e+00
3.172020202020199964e+00
2.068585858585858972e+00
0.000000000000000000e+00
0.000000000000000000e+00
1.158686868686870319e+00
6.018484848484843219e+00
3.935232323232323637e+01
1.430101010101012760e+00
4.378383838383839155e+00
1.219595959595962453e+00
7.388888888888880402e-01
1.460303030303028216e+00
1.732727272727273782e+00
7.300404040404044892e+00
9.999999999999949901e-03
5.415555555555549461e+00
3.999999999999999389e-02
2.939393939393943403e-02
2.223939393939388776e+00
1.554545454545456507e-01
9.999999999999960310e-03
2.059292929292928065e+00
2.017171717171720946e+00
1.400515151515151580e+01
8.147474747474743317e-01
1.293636363636361253e+00
4.188888888888889994e+00
1.498888888888889381e+00
1.911222222222222200e+01
1.853737373737370131e+00
1.765050505050502760e+00
2.516161616161619041e-01
1.672121212121213008e+00
1.368393939393939007e+01
1.706868686868685314e+00
0.000000000000000000e+00
2.150505050505052917e+00
9.765656565656550825e-01
4.529292929292927816e+00
1.436363636363637564e-01
2.165454545454542412e+00
1.616161616161617132e-01
1.060101010101008656e+00
1.000707070707069546e+00
5.655555555555559222e-01
1.736060606060606970e+00
0.000000000000000000e+00
1.156565656565658129e+00
1.559595959595960202e-01
2.460606060606066181e-01
9.008080808080801694e-01
1.372323232323230391e+00
3.878787878787880172e-02
3.878787878787880172e-02
1.085050505050505709e+00
4.945454545454541218e-01
0.000000000000000000e+00
0.000000000000000000e+00
9.901010101010085940e-01
1.979898989898987605e+00
2.113838383838384960e+00
2.939393939393944444e-02
4.014646464646469681e+00
7.765656565656581245e-01
5.201919191919191832e+00
3.802222222222222392e+00
5.652424242424242351e+00
1.819595959595962098e+00
1.250040404040404951e+01
7.190909090909098911e-01
1.529999999999999805e+00
0.000000000000000000e+00
1.217979797979797052e+00
1.531515151515149498e+00
2.003131313131309987e+00
5.797979797979803396e-02
1.689797979797978078e+00
1.094444444444441888e+00
1.554545454545456507e-01
1.079393939393941348e+00
1.264747474747473621e+00
1.675757575757576556e-01
2.115353535353539982e+00
7.434343434343430868e-02
1.216161616161618442e-01
8.272727272727277426e-02
0.000000000000000000e+00
6.144333333333337066e+01
1.191414141414140815e+00
2.601707070707069391e+01
4.297979797979795680e-01
2.660505050505054925e+00
3.033838383838384445e+00
2.182020202020197086e+00
3.878787878787880172e-02
9.254545454545443084e-01
1.329292929292928971e-01
4.641111111111112741e+00
9.999999999999965514e-03
2.588585858585856325e+00
2.449595959595965322e+00
0.000000000000000000e+00
1.893939393939393923e-01
1.216161616161616915e-01
9.999999999999991535e-03
2.637373737373743254e-01
0.000000000000000000e+00
4.814141414141417941e-01
8.248484848484837206e-01
2.906565656565654354e+00
3.264353535353535563e+01
2.354545454545460548e-01
1.425252525252528324e-01
0.000000000000000000e+00
3.010101010101003949e-01
1.979797979797979710e-02
1.541717171717171597e+00
4.919191919191921725e-02
1.420404040404040558e+00
2.521212121212118573e-01
1.537373737373736393e+00
9.586868686868698086e-01
9.273838383838391763e+00
2.018787878787877244e+00
0.000000000000000000e+00
8.272727272727277426e-02
1.193333333333335577e+00
1.231010101010100000e+00
1.466464646464646027e+00
2.126363636363632015e+00
1.066666666666670066e-01
8.728282828282829087e+00
2.217363636363636914e+01
1.078181818181819240e+00
2.179797979797983287e-01
1.094444444444446329e+00
1.762323232323230293e+00
2.167575757575760598e+00
1.145252525252525855e+00
2.079797979797981811e-01
1.677777777777774926e+00
3.537272727272727124e+00
1.508787878787876791e+00
1.985252525252523492e+00
2.499111111111109906e+01
1.027272727272727337e+00
2.976868686868686709e+01
9.678787878787856735e-01
1.296767676767676347e+00
5.104949494949495126e+00
1.688888888888890216e+00
9.037373737373748384e-01
0.000000000000000000e+00
3.904646464646464477e+00
3.411111111111114202e-01
7.651515151515165813e-01
2.619656565656565661e+01
2.126060606060605540e+00
2.985050505050503844e+01
1.996868686868684239e+00
2.197979797979799643e-01
1.624848484848483876e+00
1.974040404040400043e+00
2.338383838383843116e+00
6.575757575757587570e-02
2.525252525252525415e-01
4.219020202020202248e+01
3.310606060606062329e+00
5.950202020202023157e+00
5.696969696969713531e-02
8.470707070707065300e-01
7.517171717171717837e-01
4.979191919191918281e+00
3.878787878787880172e-02
1.357575757575757991e-01
0.000000000000000000e+00
3.182424242424243488e+00
1.493939393939395233e+00
2.378787878787872734e-01
1.399141414141413975e+01
8.046464646464647208e-01
7.818181818181819953e-02
2.488888888888884376e-01
1.488282828282829096e+00
2.350202020202024400e+00
4.060555555555554719e+01
4.924242424242425642e+00
0.000000000000000000e+00
0.000000000000000000e+00
2.373737373737375145e-01
5.372020202020198809e+00
1.669292929292930827e+00
0.000000000000000000e+00
5.513131313131309774e-01
1.838585858585863209e+00
1.447070707070703843e+00
1.219191919191920936e+00
1.489999999999999991e+00
2.662222222222223600e+00
1.680707070707070372e+00
1.272323232323231190e+00
0.000000000000000000e+00
0.000000000000000000e+00
2.070505050505046185e+00
3.173737373737379186e-01
0.000000000000000000e+00
2.984848484848485750e-01
2.136363636363636520e-01
3.125252525252520952e-01
2.543131313131318016e+00
1.195757575757576463e+00
1.041818181818180644e+00
2.621212121212118107e-01
0.000000000000000000e+00
3.545454545454554962e-01
3.337171717171713237e+00
2.211212121212123627e+00
2.838787878787876640e+00
1.115757575757577502e+00
7.291919191919192800e-01
8.705050505050492271e-01
1.254949494949493927e+00
2.153535353535352748e+00
5.913959595959592974e+01
1.401515151515152713e+00
1.476666666666668348e+00
6.142424242424253666e-01
1.996161616161612695e+00
4.934040404040408667e+00
8.306060606060593487e-01
4.807070707070705273e-01
0.000000000000000000e+00
1.395757575757572866e+00
8.293939393939379068e-01
2.744848484848481096e+00
2.266666666666661278e-01
2.939393939393944791e-02
6.575757575757587570e-02
1.527070707070705913e+00
1.979797979797979363e-02
0.000000000000000000e+00
9.440404040404037911e-01
1.044777777777777850e+01
2.506060606060602769e+00
1.909767676767675226e+01
0.000000000000000000e+00
2.527272727272731334e-01
1.526262626262625544e+00
1.223232323232322644e-01
1.907171717171719294e+00
2.080404040404036259e+00
0.000000000000000000e+00
2.854040404040405488e+00
2.755434343434344058e+01
9.088888888888900786e-01
1.353535353535354924e+00
6.691212121212120501e+00
1.665555555555555234e+00
1.197777777777779162e+00
2.399494949494946017e+00
9.999999999999949901e-03
6.047474747474740342e-01
3.230505050505050324e+00
4.797979797979803895e-01
2.893333333333332202e+00
1.565959595959595996e+00
4.279898989898986983e+00
9.999999999999975922e-03
1.841010101010099209e+00
1.142424242424244785e-01
5.973737373737385559e-01
4.799797979797982173e+00
2.549080808080806548e+01
9.500404040404038852e+00
7.905050505050491561e-01
0.000000000000000000e+00
1.021323232323231700e+01
1.188080808080807182e+00
3.270707070707071229e-01
1.797838383838385568e+01
1.082121212121212483e+00
8.434343434343428980e-02
1.487979797979799956e+00
1.756666666666669485e+00
5.696969696969707286e-02
1.365151515151513673e+00
1.142424242424244785e-01
2.626363636363635568e+00
0.000000000000000000e+00
1.409898989898991539e+00
9.350505050505061311e-01
4.797979797979799732e-02
1.226666666666665861e+01
1.142424242424245201e-01
5.652626262626261777e+00
1.058787878787880166e+00
1.490909090909092183e-01
2.294949494949496405e+00
0.000000000000000000e+00
2.436969696969700117e+00
7.886868686868694356e-01
6.014727272727266438e+01
1.632424242424243443e+00
1.052525252525251886e+01
6.831717171717170523e+00
1.540909090909090784e+00
2.939393939393943056e-02
1.766767676767675876e+00
3.064949494949491537e+00
1.491515151515148130e+00
2.024141414141412465e+00
2.297979797979792238e-01
1.747616161616161179e+01
8.839393939393950239e-01
1.554545454545456229e-01
2.542525252525254853e+00
1.384848484848485661e+00
2.185858585858584391e-01
6.033969696969695917e+01
2.187777777777774268e+00
1.362828282828283610e+00
4.257070707070703897e+00
1.651717171717171473e+00
1.705898989898989271e+01
0.000000000000000000e+00
2.939393939393941668e-02
1.376262626262626743e+00
1.193030303030304662e+00
4.813666666666667027e+01
1.961010101010096651e+00
1.186868686868686740e-01
1.286262626262625552e+00
2.469090909090914110e+00
0.000000000000000000e+00
5.331616161616159921e+00
4.755808080808081684e+01
9.230303030303020906e-01
3.251515151515145807e-01
2.715151515151518757e-01
7.005858585858582011e+00
1.616161616161617132e-01
6.208464646464646819e+01
1.979797979797979363e-02
6.439393939393952548e-01
1.999999999999998307e-02
1.778080808080807262e+00
2.475757575757577267e-01
9.999999999999955105e-03
1.067777777777779491e+00
2.940404040404043795e-01
3.878080808080810016e+01
2.443434343434337797e-01
1.540101010101009749e+00
2.697979797979794259e-01
1.943434343434342904e-01
9.045454545454564288e-01
1.738787878787879881e+00
2.652525252525249622e-01
3.801414141414139802e+00
4.797979797979808059e-02
1.836262626262628705e+00
1.476161616161618007e+00
4.068181818181820120e+00
1.601111111111111374e+00
3.563535353535351557e+00
9.911111111111130523e-01
2.939393939393944444e-02
7.005050505050507414e-01
1.733333333333333115e-01
4.701010101010090203e-01
4.988212121212121275e+01
4.466242424242424391e+01
1.103333333333335053e+00
1.845454545454545403e-01
1.155959595959597852e+00
4.144595959595959300e+01
2.322828282828286905e+00
2.092424242424240077e+00
3.058585858585861073e-01
1.398181818181816416e+00
3.058585858585862738e-01
1.592828282828283371e+00
6.066303030303029686e+01
3.110101010101012919e-01
5.919191919191918450e-02
2.015353535353537673e+00
4.098686868686866802e+01
1.194646464646462292e+00
2.243333333333335400e+00
1.788888888888890416e-01
3.626464646464653274e+00
2.197979797979799643e-01
0.000000000000000000e+00
2.266666666666662389e-01
1.619141414141413193e+01
3.908484848484849561e+00
7.911020202020200998e+01
0.000000000000000000e+00
5.666666666666673180e-01
1.617979797979795853e+00
1.407171717171716629e+00
1.425252525252528324e-01
1.451616161616161360e+00
1.191414141414143479e+00
2.823232323232326979e-01
8.898989898989897895e+00
1.979797979797979016e-02
2.407070707070710358e-01
2.141313131313127283e+00
2.939393939393944097e-02
3.534343434343435453e-01
1.051919191919193697e+00
1.513535353535352623e+00
9.329595959595952337e+00
9.654545454545436778e-01
3.012121212121214864e-01
1.809393939393936224e+00
2.520202020202014781e-01
1.057676767676769103e+00
6.269696969696971767e-01
0.000000000000000000e+00
1.131000000000000760e+01
2.197979797979799643e-01
2.500000000000001110e-01
0.000000000000000000e+00
1.287878787878786180e-01
9.999999999999955105e-03
1.101212121212120643e+00
1.788888888888889028e-01
4.984848484848479200e-01
7.434343434343430868e-02
1.709696969696972824e+00
1.282424242424241134e+00
2.508989898989897327e+00
1.654949494949493172e+00
2.674646464646457833e+00
2.494040404040409165e+00
2.652787878787879450e+01
7.430101010101010672e+01
1.943030303030301109e+00
1.333131313131312945e+00
9.233030303030298924e+00
1.893939393939393923e-01
4.335454545454549447e+00
9.999999999999949901e-03
3.225454545454542910e+00
9.933333333333345117e-01
0.000000000000000000e+00
1.225353535353534529e+00
1.813131313131312039e-01
9.999999999999956840e-03
3.828080808080807529e+00
3.876868686868689196e+01
2.446464646464644455e-01
1.090909090909091494e+00
1.562222222222221513e+00
3.932828282828284117e+00
1.147474747474745316e+00
1.325151515151511861e+00
1.975757575757575990e-01
1.344444444444445219e+00
9.888888888888902606e-02
1.397878787878786833e+00
3.145959595959594068e+00
1.071818181818180005e+00
1.458989898989896172e+00
3.731313131313124809e-01
2.297979797979791960e-01
1.873939393939390241e+00
2.040404040404038832e-01
4.786161616161620280e+00
4.929898989898991779e+00
1.195858585858588397e+00
4.733131313131312190e+00
8.272727272727277426e-02
3.024242424242417626e-01
2.719191919191925599e-01
1.025454545454547617e+00
2.355555555555556069e+00
3.878787878787880172e-02
1.686767676767675361e+00
1.619494949494946656e+00
6.559090909090906507e+01
1.357575757575757991e-01
7.533030303030300523e+00
1.719191919191919160e-01
2.488888888888885487e-01
6.919696969696968125e+00
2.361919191919196859e+00
1.075050505050506366e+00
2.004040404040406675e-01
3.546969696969696884e+01
2.339292929292925205e+00
2.033737373737371179e+00
1.555555555555557246e-01
2.677777777777780588e-01
7.194949494949485214e-01
2.449898989898986468e+00
7.365555555555552303e+00
0.000000000000000000e+00
9.999999999999975922e-03
9.094949494949481350e-01
9.706060606060595841e-01
2.153131313131312119e+00
4.367474747474750174e+00
2.875757575757576401e+00
1.491818181818180600e+00
3.483838383838384622e-01
0.000000000000000000e+00
0.000000000000000000e+00
2.142525252525252277e+00
1.568585858585858528e+00
2.350101010101014243e+00
1.009090909090910176e-01
2.508383838383833275e+00
8.039393939393935540e+00
3.251515151515144697e-01
2.054404040404038412e+01
2.158686868686866323e+00
3.023636363636363011e+00
1.207878787878787774e+00
4.624141414141403672e+00
1.807474747474744792e+00
0.000000000000000000e+00
1.378181818181818841e+00
2.588888888888893458e+00
1.142424242424246589e-01
1.813535353535351335e+00
9.519191919191936080e-01
2.229282828282827467e+01
5.559191919191922793e+00
9.844444444444437892e-01
1.123636363636365543e+00
4.959595959595952674e-02
2.121212121212122381e-01
2.939393939393941321e-02
2.319191919191922191e-01
1.558989898989895595e+00
3.792929292929300700e-01
5.097979797979791394e-01
1.327070707070707067e+00
1.193646464646464267e+01
1.446303030303031179e+01
1.180707070707072814e+00
0.000000000000000000e+00
1.066666666666668400e-01
1.214090909090909598e+01
9.485858585858575331e-01
2.248989898989901981e+00
2.390303030303031928e+00
0.000000000000000000e+00
8.516161616161600501e-01
1.357575757575757991e-01
9.999999999999977657e-03
1.170969696969695839e+01
1.306464646464644774e+00
1.461313131313135116e+00
3.849494949494950968e-01
2.281414141414139340e+00
2.940404040404042685e-01
1.862020202020199466e+00
5.162626262626262452e+00
1.209595959595957115e+00
1.500606060606059833e+00
3.878787878787880172e-02
2.094444444444446773e+00
8.334040404040395700e+00
1.178383838383836535e+00
7.333333333333328374e-01
0.000000000000000000e+00
6.696969696969709562e-02
1.085353535353533294e+00
2.323939393939397746e+00
9.762626262626245000e-01
1.733333333333331450e-01
5.045050505050510559e+00
3.395222222222223252e+01
2.814646464646465951e+00
2.650404040404041428e+00
2.915858585858582597e+00
7.702020202020198880e-01
2.424242424242418481e-01
4.986404040404040217e+01
3.368101010101008086e+01
1.001313131313133375e+00
1.351212121212123085e+00
2.562323232323236333e+00
1.548181818181821212e+00
1.861111111111109162e+00
6.506060606060597440e-01
0.000000000000000000e+00
8.272727272727277426e-02
1.558181818181818112e+00
1.055454545454545467e+01
2.101111111111109153e+00
2.734313131313130540e+01
1.404282828282828532e+01
7.183636363636372479e+00
1.142828282828284081e+00
8.737373737373733962e-02
1.811313131313132985e+00
1.192020202020199982e+00
0.000000000000000000e+00
5.524050505050505677e+01
6.272727272727264269e-01
7.889898989898995740e-01
8.541414141414146455e-01
2.249595959595961148e+00
1.106161616161615013e+00
1.563232323232321974e+00
2.619191919191919737e+00
3.878787878787880172e-02
0.000000000000000000e+00
2.966101010101010615e+01
1.461010101010102646e+00
3.391797979797979679e+01
1.942424242424241887e-01
1.461010101010101758e+00
0.000000000000000000e+00
1.339626262626262587e+01
0.000000000000000000e+00
6.206969696969694361e+00
0.000000000000000000e+00
4.697979797979789929e-01
1.799858585858583382e+01
1.361212121212123316e+00
1.659090909090909394e+00
4.844616161616161776e+01
2.270202020202022108e+00
2.830202020202024382e+00
6.818181818181826004e-02
1.208383838383839226e+00
9.999999999999977657e-03
1.844747474747476135e+00
1.371262626262626405e+01
8.555555555555553748e-02
1.455858585858586096e+01
6.775232323232324916e+01
1.362323232323233047e+00
0.000000000000000000e+00
1.840202020202019062e+00
3.279707070707068794e+01
2.617373737373738685e+00
1.090202020202021505e+00
2.747131313131313490e+01
9.999999999999953371e-03
9.858585858585869888e-01
9.999999999999991535e-03
2.133333333333335691e-01
3.977767676767675908e+01
1.990909090909091794e-01
5.148989898989901448e+00
4.273434343434343141e+00
2.040202020202019462e+00
7.602020202020187689e-01
2.848484848484852394e-01
2.956565656565650624e-01
9.840404040404059360e-01
4.262525252525250608e+00
1.752222222222222570e+00
1.809090909090911969e+00
1.066666666666669372e-01
5.598989898989905623e-01
6.986464646464644268e+00
2.394858585858584377e+01
1.153131313131315672e+00
7.450505050505045190e-01
2.100404040404037609e+00
6.575757575757583406e-02
4.590858585858586594e+01
1.411919191919192684e+00
8.863636363636377968e-01
3.088282828282827186e+00
9.053535353535367980e-01
1.370404040404040069e+00
3.336464646464643469e+00
1.490909090909092460e-01
4.213131313131311950e-01
0.000000000000000000e+00
4.814141414141417941e-01
2.191313131313131990e+00
4.757444444444444542e+01
3.810858585858585457e+01
1.715858585858583529e+00
2.624242424242423377e-01
1.466262626262627267e+00
1.485454545454546693e+00
2.138080808080804474e+00
2.379797979797985408e-01
2.634646464646467567e+00
0.000000000000000000e+00
3.192121212121213247e+00
1.241818181818183486e+00
1.212323232323234246e+00
1.133232323232321814e+00
2.639191919191923308e+00
2.616161616161619685e-01
5.049929292929292046e+01
1.832828282828278699e+00
6.616767676767682183e+00
1.411616161616161991e+00
1.921414141414139687e+00
1.328686868686868250e+00
1.676868686868685954e+00
9.817171717171698786e-01
8.250707070707063551e+00
9.377777777777791535e-01
1.573737373737372103e+00
1.942121212121207918e+00
3.959595959595958031e-02
6.045454545454551631e-01
8.235353535353542309e-01
2.058888888888889657e+00
1.358181818181815936e+00
2.193030303030299333e+00
2.160606060606058421e-01
2.939393939393943056e-02
2.297979797979792516e-01
9.999999999999963779e-03
6.879797979797972474e-01
0.000000000000000000e+00
3.739393939393943489e-01
1.587979797979801599e+00
2.025353535353537460e+00
1.066666666666668400e-01
1.554545454545456507e-01
6.328484848484847269e+00
1.268484848484847216e+00
8.966262626262626156e+00
2.939393939393940974e-02
0.000000000000000000e+00
1.431010101010101065e+00
5.797979797979802702e-02
9.999999999999979391e-03
9.631313131313146148e-01
3.334747474747469909e+00
1.999999999999996225e-02
1.551010101010102948e+00
1.900606060606061520e+00
2.861717171717167219e+00
6.575757575757587570e-02
1.413131313131316957e-01
