2.835858585858586078e+00
1.469797979797981435e+00
0.000000000000000000e+00
8.227272727272731956e-01
2.976868686868687330e+00
7.060606060606042789e-01
2.403030303030307957e-01
1.667272727272729904e+00
2.424242424242418759e-01
1.518282828282830232e+00
5.545797979797978883e+01
2.136363636363637908e-01
9.999999999999953371e-03
1.170303030303032621e+00
1.815757575757578346e+00
3.375757575757578621e+00
1.979797979797979710e-02
6.575757575757586182e-02
3.159383838383836363e+01
1.050101010101011534e+00
0.000000000000000000e+00
6.761616161616168519e-01
1.793737373737375407e+00
2.266666666666661001e-01
0.000000000000000000e+00
1.979797979797979363e-02
1.536565656565655802e+00
2.979797979797977822e-02
9.999999999999960310e-03
9.986868686868696221e-01
3.823636363636357949e+00
9.888888888888895667e-02
2.213131313131315725e-01
7.692929292929283625e-01
1.293636363636362807e+00
1.492424242424243319e+00
7.346565656565653057e+01
2.600383838383838864e+01
2.479797979797984941e-01
1.749292929292927568e+00
6.963030303030303791e+00
8.056565656565657374e-01
1.749595959595958261e+00
8.151515151515145163e-01
1.593333333333334600e+00
0.000000000000000000e+00
4.087878787878786446e-01
0.000000000000000000e+00
2.300606060606056769e+00
1.025121212121211833e+01
1.727474747474746053e+00
0.000000000000000000e+00
7.434343434343432255e-02
7.097979797979798722e-01
2.014747474747476730e+00
5.299999999999992495e-01
1.215555555555557943e+00
5.892929292929283136e-01
3.298989898989896918e+00
1.083535353535356682e+00
3.534707070707071352e+01
1.174040404040401109e+00
2.429404040404040899e+01
0.000000000000000000e+00
1.305858585858583609e+00
9.272727272727272763e-02
4.471414141414140175e+00
1.513939393939392808e+00
2.516161616161619596e-01
7.434343434343430868e-02
2.046868686868688059e+00
1.979797979797979016e-02
1.443030303030305772e+00
2.281111111111113754e+00
1.139393939393943261e-01
2.965161616161613978e+01
1.756666666666665266e+00
1.577171717171713894e+00
2.188373737373735395e+01
3.836363636363635532e-01
7.748484848484851195e-01
1.293636363636361031e+00
8.555555555555563463e-02
3.555454545454550086e+00
3.495555555555548644e+00
1.778888888888890740e+00
7.307070707070707494e-01
2.110303030303030347e+00
7.978787878787890753e-01
2.266666666666662389e-01
8.555555555555553748e-02
1.027373737373735940e+00
3.959595959595958725e-02
1.615555555555554079e+00
1.543333333333333002e+00
4.904040404040397871e-01
1.828888888888892117e+00
1.522323232323232300e+00
1.424949494949493412e+00
4.856747474747474058e+01
2.282222222222226815e+00
0.000000000000000000e+00
1.166666666666667102e-01
1.136262626262626441e+01
2.424242424242418481e-01
1.102929292929294203e+00
8.111111111111132255e-01
6.774747474747480069e-01
2.524242424242423843e-01
2.360202020202019746e+00
3.021212121212126234e-01
6.575757575757583406e-02
1.979797979797979016e-02
2.244646464646461226e+00
1.925151515151512838e+00
1.777777777777781176e-01
0.000000000000000000e+00
2.549393939393941544e+00
1.444444444444444198e+00
5.947676767676771448e+00
4.835757575757581250e+00
1.029393939393940416e+00
3.258585858585860695e-01
1.051414141414140691e+00
1.866060606060609528e+00
3.852525252525252353e-01
1.001515151515150359e+00
7.434343434343430868e-02
9.100000000000017408e+00
0.000000000000000000e+00
1.979797979797979363e-02
2.939393939393944097e-02
3.878787878787880172e-02
1.528080808080807040e+00
1.149393939393938080e+00
1.346373737373738066e+01
2.516161616161619596e-01
2.827272727272729380e+00
1.181616161616162897e+00
0.000000000000000000e+00
1.138888888888890616e+00
1.348989898989897629e+00
2.979797979797978169e-02
1.384545454545451859e+00
2.079797979797981533e-01
1.935555555555551255e+00
1.167171717171715528e+00
3.335353535353538512e-01
1.293737373737371854e+00
9.999999999999993269e-03
1.898787878787879801e+00
9.221212121212133406e-01
0.000000000000000000e+00
1.852424242424239642e+00
3.786969696969696653e+00
8.410101010101003194e-01
1.486262626262625064e+00
4.606666666666665577e+00
1.337272727272725170e+00
1.242424242424243347e-01
9.888888888888898443e-02
0.000000000000000000e+00
1.490909090909092460e-01
1.005969696969697047e+01
2.119797979797978460e+00
5.226404040404038653e+01
9.090909090909084223e-02
1.341313131313133455e+00
7.690606060606062222e+00
1.175656565656567842e+00
1.216161616161617331e-01
1.249393939393940611e+00
1.093434343434345202e+00
0.000000000000000000e+00
6.845454545454546791e-01
6.562020202020204529e+00
1.590202020202018618e+00
2.043434343434342437e-01
1.009090909090910593e-01
9.803030303030321191e-01
6.818181818181823228e-02
1.259999999999997788e+00
7.676767676767673465e-02
1.655050505050505549e+00
4.587878787878795217e-01
9.748484848484860743e-01
1.442727272727273968e+00
1.278383838383841065e+00
1.183131313131311257e+00
2.160606060606057865e-01
2.070909090909089478e+00
1.980909090909088732e+00
1.128383838383840709e+00
1.508888888888888502e+00
9.999999999999981126e-03
2.141313131313130835e+00
0.000000000000000000e+00
1.365252525252524052e+00
1.979797979797979016e-02
1.415494949494949140e+01
8.747575757575759781e+00
1.098888888888889692e+00
1.775757575757575257e-01
0.000000000000000000e+00
1.481010101010103996e+00
0.000000000000000000e+00
2.986565656565660198e+00
1.979797979797979363e-02
6.575757575757583406e-02
4.367676767676768601e-01
5.392787878787876821e+01
2.475757575757577267e-01
4.826262626262633471e-01
4.191919191919181720e-01
1.894545454545457641e+00
4.069313131313132459e+01
1.630000000000001137e+01
1.803545454545455584e+01
7.894949494949484725e-01
1.546767676767677235e+00
6.443434343434353284e-01
3.094949494949488789e-01
4.239292929292933998e+00
0.000000000000000000e+00
1.567424242424242919e+01
9.972727272727276437e-01
2.036666666666663961e+00
4.743434343434336786e-01
4.724646464646464317e+00
8.216161616161616887e-01
0.000000000000000000e+00
9.320202020202014159e-01
1.859595959595961912e+00
1.980101010101013914e+00
5.721414141414146393e+00
3.420606060606060872e+00
7.100101010101012911e+00
1.463030303030300239e+00
1.325353535353534395e+00
8.455555555555555047e-01
1.083636363636364841e+00
1.050909090909092791e+00
0.000000000000000000e+00
2.221212121212121637e-01
1.615151515151515893e+00
1.908080808080808710e+00
1.562868686868687185e+01
1.867676767676764937e+00
7.708080808080808310e-01
7.348484848484848619e-01
1.112626262626261298e+00
1.894343434343431332e+00
1.594949494949498559e-01
1.107070707070705040e-01
2.179797979797983287e-01
8.528686868686868650e+00
1.013232323232322374e+00
3.195858585858584622e+00
2.744242424242425038e+00
1.939696969696968809e+00
0.000000000000000000e+00
0.000000000000000000e+00
1.195151515151514188e+00
5.063030303030303436e+00
3.511656565656566187e+01
1.392424242424242120e+00
3.991818181818177269e+00
1.200101010101008558e+00
7.408080808080805824e-01
1.320202020202018156e+00
1.685757575757577564e+00
6.690707070707069271e+00
9.999999999999949901e-03
4.710202020202017614e+00
2.939393939393944097e-02
2.939393939393943403e-02
1.980909090909090509e+00
1.554545454545456507e-01
1.979797979797979016e-02
2.128787878787875787e+00
1.848282828282826085e+00
1.409383838383838849e+01
7.700000000000012390e-01
1.127878787878785039e+00
3.988080808080806339e+00
1.609090909090911570e+00
1.905878787878787506e+01
1.711414141414138390e+00
1.851414141414139847e+00
2.525252525252525415e-01
1.534545454545454213e+00
1.241626262626262012e+01
1.786060606060601463e+00
0.000000000000000000e+00
2.074242424242426885e+00
1.051414141414139358e+00
4.561010101010095852e+00
1.566666666666665653e-01
1.997575757575756006e+00
1.490909090909092738e-01
1.021313131313132949e+00
8.447474747474745804e-01
6.086868686868700529e-01
1.456868686868687535e+00
0.000000000000000000e+00
1.075454545454546551e+00
1.418181818181821208e-01
2.488888888888884654e-01
8.854545454545458272e-01
1.287474747474750325e+00
2.939393939393942709e-02
3.878787878787880172e-02
9.972727272727273107e-01
4.943434343434345846e-01
0.000000000000000000e+00
0.000000000000000000e+00
9.704040404040411572e-01
1.840404040404036934e+00
2.173535353535351433e+00
1.979797979797979016e-02
3.929595959595958199e+00
8.039393939393935096e-01
5.207070707070698745e+00
4.108989898989898748e+00
5.698686868686869467e+00
1.506565656565655775e+00
1.163656565656566144e+01
7.736363636363622343e-01
1.335151515151513202e+00
0.000000000000000000e+00
1.143535353535355403e+00
1.503636363636363216e+00
1.847373737373733116e+00
5.797979797979803396e-02
1.574848484848484498e+00
9.590909090909085499e-01
1.842424242424241798e-01
9.751515151515134372e-01
1.197373737373737645e+00
1.842424242424241798e-01
2.102929292929294203e+00
5.696969696969705899e-02
9.888888888888898443e-02
9.090909090909075896e-02
0.000000000000000000e+00
5.533444444444442922e+01
1.107979797979799619e+00
2.200383838383839930e+01
3.882828282828279520e-01
2.496262626262626849e+00
2.850404040404041162e+00
1.857777777777775086e+00
2.939393939393943403e-02
9.004040404040398737e-01
1.494949494949495417e-01
4.191414141414146144e+00
0.000000000000000000e+00
2.313939393939392630e+00
2.227272727272725739e+00
0.000000000000000000e+00
1.733333333333332005e-01
1.490909090909092738e-01
9.999999999999991535e-03
2.513131313131307665e-01
0.000000000000000000e+00
4.815151515151504524e-01
7.788888888888902962e-01
2.744141414141407331e+00
2.933616161616160767e+01
2.443434343434338074e-01
1.616161616161617132e-01
0.000000000000000000e+00
2.890909090909096202e-01
1.979797979797979710e-02
1.412020202020201287e+00
3.959595959595958725e-02
1.324646464646462407e+00
2.500000000000001110e-01
1.409090909090910282e+00
9.892929292929305563e-01
7.937272727272724815e+00
1.854848484848488521e+00
0.000000000000000000e+00
6.575757575757583406e-02
1.135151515151515467e+00
1.060404040404039794e+00
1.353838383838386061e+00
1.944949494949493873e+00
1.066666666666669094e-01
8.101212121212128636e+00
2.035707070707070088e+01
1.067272727272724930e+00
2.179797979797982732e-01
1.129494949494951106e+00
1.821515151515150865e+00
1.916767676767680229e+00
1.163939393939392497e+00
2.079797979797981811e-01
1.596666666666666012e+00
3.237777777777777199e+00
1.361111111111113159e+00
1.681414141414139252e+00
2.246939393939394236e+01
9.850505050505043991e-01
2.770484848484848683e+01
8.817171717171707890e-01
1.205858585858587073e+00
4.392323232323230187e+00
1.537777777777775468e+00
9.070707070707071384e-01
0.000000000000000000e+00
4.119191919191920626e+00
3.218181818181823362e-01
7.716161616161630876e-01
2.798797979797979707e+01
1.899898989898992197e+00
2.777737373737372906e+01
1.813636363636362603e+00
1.990909090909090962e-01
1.361515151515152233e+00
1.781717171717175585e+00
2.147373737373740266e+00
4.797979797979804589e-02
2.488888888888884654e-01
3.839595959595958163e+01
2.938080808080806960e+00
5.662020202020197956e+00
3.878787878787880172e-02
8.625252525252528057e-01
7.626262626262623190e-01
3.927373737373738738e+00
3.878787878787880172e-02
9.888888888888897055e-02
0.000000000000000000e+00
2.967979797979794387e+00
1.428989898989898588e+00
2.424242424242417648e-01
1.334060606060604925e+01
7.821212121212131052e-01
1.149494949494950513e-01
2.475757575757577267e-01
1.570404040404041357e+00
2.117777777777776205e+00
3.608787878787875059e+01
4.696060606060600939e+00
0.000000000000000000e+00
9.999999999999967248e-03
2.412121212121205449e-01
5.356060606060608187e+00
1.657575757575758146e+00
0.000000000000000000e+00
5.342424242424247405e-01
1.601111111111110930e+00
1.411212121212119808e+00
1.145252525252525855e+00
1.491919191919191201e+00
2.728787878787880317e+00
1.471010101010102211e+00
1.265757575757577413e+00
0.000000000000000000e+00
0.000000000000000000e+00
2.065252525252522453e+00
2.952525252525250443e-01
0.000000000000000000e+00
2.867676767676770599e-01
1.993939393939393456e-01
2.867676767676758942e-01
2.084343434343431500e+00
1.094848484848482961e+00
1.067777777777779047e+00
2.464646464646467472e-01
0.000000000000000000e+00
3.469696969696979272e-01
3.278181818181818308e+00
1.961010101010097761e+00
2.898888888888889515e+00
1.083939393939395313e+00
6.595959595959582922e-01
8.141414141414143879e-01
1.317272727272726041e+00
1.882121212121214304e+00
5.565242424242425301e+01
1.287474747474750103e+00
1.535555555555555562e+00
5.958585858585851991e-01
1.987979797979800400e+00
4.232222222222224772e+00
7.597979797979806937e-01
4.943434343434338074e-01
0.000000000000000000e+00
1.104141414141412092e+00
8.318181818181803466e-01
2.344545454545449825e+00
2.160606060606058976e-01
4.797979797979806671e-02
5.696969696969710756e-02
1.443030303030304884e+00
2.939393939393942362e-02
0.000000000000000000e+00
8.156565656565670785e-01
1.085404040404039527e+01
2.432929292929293386e+00
1.685717171717173457e+01
9.999999999999948166e-03
2.397979797979798433e-01
1.279090909090910833e+00
9.515151515151504258e-02
1.588989898989896732e+00
1.861616161616159726e+00
0.000000000000000000e+00
2.756969696969697736e+00
2.580272727272726740e+01
8.797979797979784689e-01
1.314242424242422658e+00
5.653131313131316560e+00
1.390909090909090429e+00
1.125757575757577289e+00
2.126666666666665595e+00
9.999999999999995004e-03
6.430303030303027301e-01
2.922323232323230435e+00
4.727272727272731068e-01
2.535858585858590253e+00
1.477474747474746941e+00
4.106767676767675290e+00
9.999999999999975922e-03
1.812727272727275629e+00
9.888888888888890116e-02
5.998989898989892655e-01
4.186262626262629460e+00
2.454151515151516705e+01
8.763434343434342466e+00
8.256565656565653111e-01
0.000000000000000000e+00
9.128080808080801134e+00
1.107272727272726964e+00
3.123232323232328911e-01
1.685767676767676448e+01
9.246464646464656045e-01
9.272727272727274150e-02
1.358484848484850627e+00
1.473131313131312625e+00
4.797979797979805977e-02
1.458181818181818246e+00
1.287878787878785347e-01
2.446161616161613761e+00
0.000000000000000000e+00
1.331111111111112022e+00
9.044444444444452724e-01
4.797979797979799038e-02
1.005272727272727096e+01
1.287878787878783959e-01
5.377777777777772883e+00
1.019292929292931360e+00
1.425252525252529157e-01
1.927878787878786193e+00
0.000000000000000000e+00
2.487474747474748948e+00
7.538383838383827529e-01
6.512898989898987168e+01
1.435252525252527667e+00
1.190656565656565569e+01
6.230606060606066698e+00
1.285252525252523315e+00
3.878787878787879478e-02
1.583333333333335702e+00
2.667878787878792402e+00
1.407575757575758368e+00
1.972727272727272885e+00
2.121212121212122381e-01
1.430454545454544935e+01
8.378787878787886667e-01
1.554545454545456229e-01
2.424848484848489250e+00
1.255252525252526841e+00
2.185858585858583003e-01
5.399060606060603362e+01
2.063838383838381585e+00
1.236565656565659532e+00
3.609494949494953975e+00
1.504444444444446916e+00
1.524303030303029516e+01
0.000000000000000000e+00
1.979797979797979363e-02
1.481414141414141072e+00
1.043131313131312021e+00
4.125636363636363058e+01
1.552121212121214677e+00
1.107070707070704346e-01
1.141212121212123343e+00
2.191818181818184552e+00
0.000000000000000000e+00
4.648282828282832568e+00
4.451575757575759695e+01
9.495959595959595489e-01
3.393939393939391369e-01
2.221212121212121637e-01
7.496363636363631677e+00
1.287878787878784237e-01
5.717020202020202646e+01
9.999999999999967248e-03
6.498989898989897540e-01
9.999999999999991535e-03
1.631515151515148254e+00
2.488888888888884654e-01
1.979797979797979016e-02
1.070909090909091033e+00
2.940404040404043795e-01
3.766535353535352471e+01
2.379797979797985685e-01
1.372020202020200141e+00
2.723232323232319674e-01
2.079797979797982366e-01
7.880808080808070493e-01
1.552929292929292382e+00
2.360606060606056655e-01
3.514242424242423724e+00
1.979797979797979016e-02
1.646363636363637584e+00
1.453131313131315272e+00
3.735656565656563011e+00
1.526262626262626876e+00
3.294444444444448727e+00
9.449494949494942064e-01
9.999999999999956840e-03
6.570707070707079156e-01
1.733333333333331172e-01
4.766666666666672381e-01
4.352969696969697821e+01
4.553121212121212125e+01
1.023737373737374723e+00
1.708080808080810198e-01
1.169595959595956858e+00
4.052757575757576092e+01
2.286767676767675006e+00
1.858888888888890145e+00
2.996969696969702390e-01
1.278989898989898677e+00
2.931313131313127984e-01
1.579595959595959886e+00
5.527262626262626100e+01
2.831313131313135112e-01
1.999999999999991368e-02
1.923939393939391840e+00
3.562000000000001165e+01
1.100000000000001421e+00
1.804646464646466386e+00
1.842424242424241798e-01
3.366767676767678630e+00
2.160606060606057310e-01
0.000000000000000000e+00
2.297979797979792516e-01
1.599818181818182161e+01
3.840202020202021949e+00
7.604545454545456096e+01
0.000000000000000000e+00
5.619191919191929285e-01
1.542121212121215112e+00
1.181515151515152962e+00
1.490909090909092460e-01
1.355757575757577715e+00
1.090303030303028997e+00
2.690909090909087142e-01
8.504444444444446916e+00
0.000000000000000000e+00
2.503030303030299719e-01
1.890808080808079605e+00
2.939393939393944097e-02
3.743434343434345335e-01
9.363636363636365090e-01
1.367171717171718370e+00
8.599090909090907786e+00
8.580808080808057792e-01
2.896969696969691754e-01
1.799898989898987889e+00
2.668686868686873104e-01
1.015959595959595063e+00
6.281818181818173974e-01
0.000000000000000000e+00
9.255555555555559977e+00
2.079797979797981533e-01
2.443434343434337519e-01
0.000000000000000000e+00
1.216161616161617331e-01
0.000000000000000000e+00
9.327272727272711839e-01
1.554545454545456229e-01
5.261616161616159415e-01
8.272727272727276038e-02
1.542929292929291707e+00
1.127474747474746186e+00
2.349494949494951523e+00
1.399494949494948681e+00
2.081111111111106471e+00
2.227373737373736784e+00
2.534555555555555273e+01
6.675696969696969063e+01
1.710202020202022721e+00
1.342828282828282482e+00
8.499393939393936392e+00
1.675757575757577111e-01
3.961515151515153210e+00
0.000000000000000000e+00
2.897272727272732329e+00
9.788888888888866990e-01
0.000000000000000000e+00
1.312626262626261919e+00
1.767676767676764071e-01
0.000000000000000000e+00
3.749292929292926679e+00
3.681393939393937842e+01
2.601010101010102216e-01
9.973737373737384670e-01
1.593333333333329938e+00
3.518989898989894893e+00
1.108888888888887037e+00
1.138484848484849987e+00
2.043434343434341605e-01
1.441414141414142147e+00
9.090909090909075896e-02
1.456060606060607832e+00
3.122222222222224008e+00
9.746464646464628734e-01
1.547272727272728465e+00
3.839393939393941357e-01
2.233333333333339388e-01
1.792525252525255519e+00
2.027272727272721453e-01
4.670606060606065313e+00
4.075050505050503702e+00
9.237373737373721916e-01
4.612626262626262630e+00
7.434343434343430868e-02
3.147474747474754420e-01
2.722222222222218102e-01
1.075050505050503480e+00
2.234949494949498128e+00
3.878787878787880172e-02
1.483838383838386843e+00
1.352121212121215388e+00
5.902555555555557021e+01
1.287878787878785625e-01
6.619292929292924121e+00
1.287878787878783682e-01
2.315151515151519512e-01
6.478282828282833528e+00
2.290303030303033616e+00
1.057878787878790083e+00
1.905050505050505383e-01
3.218767676767676988e+01
2.188585858585863075e+00
1.835454545454546782e+00
1.414141414141411868e-01
2.591919191919194732e-01
7.324242424242422000e-01
2.241616161616161396e+00
7.391414141414144545e+00
0.000000000000000000e+00
9.999999999999974187e-03
8.460606060606079559e-01
9.476767676767685611e-01
1.978888888888892028e+00
3.923333333333334672e+00
2.719898989898983821e+00
1.308989898989898260e+00
3.122222222222226784e-01
0.000000000000000000e+00
0.000000000000000000e+00
1.900000000000001021e+00
1.574242424242420446e+00
2.034646464646468367e+00
6.575757575757587570e-02
1.956464646464643797e+00
7.903939393939395153e+00
3.251515151515145807e-01
1.737484848484848143e+01
1.870707070707071207e+00
2.954646464646466075e+00
1.241313131313132700e+00
4.462424242424250842e+00
1.751414141414142200e+00
0.000000000000000000e+00
1.283939393939397267e+00
2.296868686868684062e+00
1.066666666666669372e-01
1.853838383838386950e+00
9.045454545454546524e-01
1.937595959595958917e+01
5.470202020202021842e+00
9.639393939393920974e-01
9.695959595959597888e-01
5.919191919191918450e-02
2.036363636363636986e-01
9.999999999999981126e-03
2.576767676767678927e-01
1.629797979797979801e+00
3.408080808080806157e-01
4.519191919191919982e-01
1.250808080808080591e+00
1.089292929292928847e+01
1.273878787878787833e+01
9.840404040404011621e-01
0.000000000000000000e+00
9.888888888888898443e-02
1.087858585858585592e+01
9.468686868686885250e-01
2.238282828282830206e+00
2.118282828282829655e+00
0.000000000000000000e+00
7.752525252525254151e-01
1.654545454545455208e-01
9.999999999999977657e-03
1.198929292929293666e+01
1.357474747474750165e+00
1.358484848484851071e+00
3.619191919191927509e-01
1.986969696969695720e+00
2.577777777777773838e-01
1.703030303030305337e+00
4.560808080808087084e+00
1.007878787878790039e+00
1.312626262626260587e+00
3.878787878787880172e-02
2.163838383838382562e+00
7.733232323232325456e+00
1.343030303030303019e+00
6.742424242424261971e-01
0.000000000000000000e+00
6.575757575757588957e-02
1.139595959595961272e+00
2.150707070707073676e+00
8.595959595959583588e-01
1.675757575757578222e-01
4.590000000000005187e+00
3.256757575757576006e+01
2.437878787878785314e+00
2.617979797979796963e+00
2.889494949494944454e+00
6.980808080808075244e-01
2.488888888888884654e-01
4.750212121212120309e+01
2.981606060606059216e+01
9.901010101010102593e-01
1.411818181818182971e+00
2.587676767676771128e+00
1.495555555555555971e+00
1.721010101010096882e+00
5.262626262626268758e-01
0.000000000000000000e+00
6.575757575757591733e-02
1.333232323232322658e+00
9.985252525252525047e+00
1.971111111111107261e+00
2.521363636363634697e+01
1.190616161616161861e+01
7.205555555555552161e+00
1.108585858585860784e+00
9.636363636363623475e-02
1.923535353535350767e+00
1.072525252525251105e+00
0.000000000000000000e+00
5.156272727272727252e+01
5.910101010101020957e-01
7.936363636363626961e-01
7.952525252525264321e-01
2.156565656565659239e+00
1.005353535353533001e+00
1.692828282828280573e+00
2.370404040404039847e+00
3.878787878787880172e-02
0.000000000000000000e+00
2.725515151515152112e+01
1.500404040404040851e+00
2.904303030303029942e+01
1.993939393939393456e-01
1.395454545454546169e+00
0.000000000000000000e+00
1.281848484848483594e+01
0.000000000000000000e+00
5.273838383838380217e+00
0.000000000000000000e+00
4.660606060606062861e-01
1.688080808080807316e+01
1.294444444444446285e+00
1.510202020202021655e+00
4.333151515151515554e+01
2.178888888888891540e+00
2.421717171717175265e+00
6.818181818181826004e-02
1.264545454545455971e+00
9.999999999999977657e-03
1.818282828282830277e+00
1.247898989898989974e+01
8.555555555555553748e-02
1.206898989898990138e+01
6.281060606060607654e+01
1.354141414141412092e+00
0.000000000000000000e+00
1.734444444444446232e+00
3.079909090909095681e+01
2.152121212121208771e+00
9.010101010101033703e-01
2.497121212121213674e+01
0.000000000000000000e+00
9.943434343434331968e-01
1.999999999999998654e-02
1.969696969696964617e-01
3.896303030303030823e+01
2.079797979797982366e-01
4.577979797979803145e+00
4.302424242424244483e+00
1.937676767676769218e+00
6.822222222222227295e-01
2.552525252525248423e-01
2.442424242424235947e-01
9.214141414141402420e-01
4.207272727272723500e+00
1.444949494949495872e+00
1.598585858585859443e+00
5.696969696969713531e-02
5.305050505050498133e-01
6.134747474747477725e+00
2.085727272727272918e+01
1.030606060606060748e+00
7.715151515151492667e-01
1.941010101010104405e+00
7.434343434343430868e-02
4.631363636363641945e+01
1.168383838383837192e+00
8.427272727272747677e-01
3.018282828282826458e+00
8.664646464646466040e-01
1.285959595959598856e+00
3.165858585858586594e+00
1.554545454545456507e-01
3.925252525252529434e-01
0.000000000000000000e+00
4.684848484848485595e-01
2.217272727272730837e+00
4.396020202020202561e+01
3.281767676767675823e+01
1.797777777777775476e+00
2.521212121212118573e-01
1.459191919191919817e+00
1.422525252525254080e+00
1.877777777777774437e+00
2.397979797979796490e-01
2.351515151515154667e+00
0.000000000000000000e+00
3.165454545454543744e+00
1.248686868686865958e+00
1.202626262626264708e+00
1.054646464646465942e+00
2.460101010101008789e+00
2.624242424242423377e-01
5.055737373737372309e+01
1.648383838383840727e+00
5.987474747474740511e+00
1.433737373737375531e+00
1.820808080808080209e+00
1.215555555555553946e+00
1.522222222222220367e+00
9.756565656565641120e-01
7.570303030303032976e+00
9.593939393939381333e-01
1.514545454545452197e+00
1.817676767676769778e+00
3.959595959595958031e-02
5.870707070707078534e-01
7.314141414141406283e-01
2.131515151515147810e+00
1.319090909090906871e+00
2.251414141414143089e+00
2.079797979797982366e-01
3.878787878787880172e-02
2.160606060606058976e-01
9.999999999999963779e-03
6.393939393939387372e-01
0.000000000000000000e+00
3.597979797979788397e-01
1.492424242424243763e+00
1.645656565656568482e+00
1.066666666666667568e-01
1.788888888888890139e-01
5.203131313131314606e+00
1.252121212121213523e+00
8.578383838383846438e+00
3.878787878787880172e-02
0.000000000000000000e+00
1.428989898989895257e+00
8.555555555555564851e-02
9.999999999999979391e-03
1.008282828282829779e+00
3.122323232323231501e+00
0.000000000000000000e+00
1.471818181818180360e+00
1.924141414141413264e+00
2.657979797979799663e+00
3.878787878787879478e-02
1.449494949494952445e-01
