3.146464646464647519e+00
1.590505050505052642e+00
0.000000000000000000e+00
9.342424242424252068e-01
3.251919191919194319e+00
7.107070707070721749e-01
2.443434343434337797e-01
1.707777777777778283e+00
2.403030303030307679e-01
1.764242424242425944e+00
6.416323232323227899e+01
2.373737373737368761e-01
9.999999999999953371e-03
1.256464646464644952e+00
1.934343434343431811e+00
4.044646464646464601e+00
1.979797979797979710e-02
6.575757575757586182e-02
3.419131313131311600e+01
1.127474747474747296e+00
0.000000000000000000e+00
6.761616161616165188e-01
1.982929292929294318e+00
2.266666666666661833e-01
0.000000000000000000e+00
9.999999999999974187e-03
1.870000000000002327e+00
2.979797979797977822e-02
1.979797979797979016e-02
1.120909090909089523e+00
4.346565656565657854e+00
1.216161616161617331e-01
2.560606060606065437e-01
9.080808080808077110e-01
1.523030303030302957e+00
1.395353535353533792e+00
7.608525252525254245e+01
2.842121212121211471e+01
2.427272727272731245e-01
2.243434343434342004e+00
8.741313131313125595e+00
8.605050505050487741e-01
1.737272727272723305e+00
9.158585858585864825e-01
1.781717171717169368e+00
0.000000000000000000e+00
4.031313131313135067e-01
0.000000000000000000e+00
2.516565656565660891e+00
1.184808080808080888e+01
2.082222222222222641e+00
0.000000000000000000e+00
1.216161616161617748e-01
7.375757575757576623e-01
2.305656565656569512e+00
5.664646464646453383e-01
1.331111111111113354e+00
6.269696969696959554e-01
3.439494949494946496e+00
1.251010101010104458e+00
3.830131313131313675e+01
1.403737373737373062e+00
2.800494949494948926e+01
0.000000000000000000e+00
1.337575757575759194e+00
1.107070707070704485e-01
4.627373737373740248e+00
1.870707070707072539e+00
2.475757575757577267e-01
1.066666666666669372e-01
2.429696969696964803e+00
2.939393939393943403e-02
1.793030303030302752e+00
2.813333333333334796e+00
1.816161616161617864e-01
3.616555555555554946e+01
1.737474747474748504e+00
1.838181818181818583e+00
2.643777777777779647e+01
3.731313131313124809e-01
8.288888888888888973e-01
1.316969696969697567e+00
8.555555555555563463e-02
4.474646464646460764e+00
4.384646464646470676e+00
1.909595959595961068e+00
7.763636363636366999e-01
2.130707070707072770e+00
8.313131313131306710e-01
2.427272727272731245e-01
1.037373737373736421e-01
1.131111111111113399e+00
4.959595959595955450e-02
1.898888888888885296e+00
1.649090909090911383e+00
4.959595959595957115e-01
2.077777777777781054e+00
1.601717171717169874e+00
1.640505050505048468e+00
5.211838383838385624e+01
2.739595959595960917e+00
0.000000000000000000e+00
1.142424242424244091e-01
1.239020202020201822e+01
2.403030303030307957e-01
1.186868686868685074e+00
8.051515151515153956e-01
7.868686868686884939e-01
2.524242424242423843e-01
2.380202020202015323e+00
3.114141414141417541e-01
6.575757575757583406e-02
3.878787878787880172e-02
2.394949494949494717e+00
1.994242424242421263e+00
2.370707070707069042e-01
0.000000000000000000e+00
2.696767676767671595e+00
1.471313131313130906e+00
6.951414141414140602e+00
5.713030303030305568e+00
9.234343434343431634e-01
3.667676767676765759e-01
1.184040404040403116e+00
2.235757575757579385e+00
4.095959595959600130e-01
1.218888888888888022e+00
7.434343434343430868e-02
1.031868686868688023e+01
0.000000000000000000e+00
9.999999999999965514e-03
3.878787878787880172e-02
4.797979797979800426e-02
1.664242424242424967e+00
1.194747474747474003e+00
1.608434343434344882e+01
2.524242424242423843e-01
3.360303030303031235e+00
1.297676767676765985e+00
0.000000000000000000e+00
1.117373737373738907e+00
1.711717171717172414e+00
4.919191919191923112e-02
1.746363636363634120e+00
2.121212121212122381e-01
1.909393939393939643e+00
1.230202020202018298e+00
3.210101010101007457e-01
1.425353535353533818e+00
9.999999999999993269e-03
2.199797979797979863e+00
1.074141414141412953e+00
0.000000000000000000e+00
1.939595959595963093e+00
4.093636363636365516e+00
8.718181818181831577e-01
1.270101010101011285e+00
5.188787878787882057e+00
1.455151515151516417e+00
1.107070707070705318e-01
9.090909090909075896e-02
0.000000000000000000e+00
1.654545454545455485e-01
9.828181818181828788e+00
2.182020202020200195e+00
5.819626262626259461e+01
8.272727272727276038e-02
1.346565656565654301e+00
8.428686868686865452e+00
1.260808080808082599e+00
1.066666666666667568e-01
1.505656565656566359e+00
1.121818181818180493e+00
0.000000000000000000e+00
8.193939393939385640e-01
7.120606060606056609e+00
1.875454545454548150e+00
1.833333333333331816e-01
1.510101010101012609e-01
1.078888888888887676e+00
4.919191919191923806e-02
1.597171717171716576e+00
9.575757575757577744e-02
2.073737373737372547e+00
4.072727272727275638e-01
9.736363636363621898e-01
1.561414141414139145e+00
1.254343434343431207e+00
1.193636363636361830e+00
2.197979797979799643e-01
2.306060606060604368e+00
2.175656565656562513e+00
1.264545454545455749e+00
1.549494949494950147e+00
1.979797979797979363e-02
2.394141414141417012e+00
0.000000000000000000e+00
1.438383838383838098e+00
1.979797979797979016e-02
1.664898989898989967e+01
9.057070707070707272e+00
1.118686868686867619e+00
1.845454545454545126e-01
0.000000000000000000e+00
1.758383838383840159e+00
0.000000000000000000e+00
3.016666666666662611e+00
4.797979797979800426e-02
7.434343434343430868e-02
4.593939393939387994e-01
6.353838383838387927e+01
2.521212121212118573e-01
5.088888888888885020e-01
4.125252525252529057e-01
1.886767676767672652e+00
4.427717171717173272e+01
1.865878787878788359e+01
2.064676767676766289e+01
9.598989898989881420e-01
1.517777777777778558e+00
6.288888888888901629e-01
3.093939393939388327e-01
5.107676767676776031e+00
0.000000000000000000e+00
1.832919191919191704e+01
9.445454545454545769e-01
1.994242424242419043e+00
5.659595959595962178e-01
5.383737373737383258e+00
8.834343434343422397e-01
0.000000000000000000e+00
1.022323232323234077e+00
1.901616161616165313e+00
2.252828282828283069e+00
6.706464646464648460e+00
3.551818181818181763e+00
8.061717171717180719e+00
1.638686868686869413e+00
1.414747474747473532e+00
1.063737373737372982e+00
1.043939393939394611e+00
1.000000000000002220e+00
9.999999999999993269e-03
2.431313131313128928e-01
1.846363636363637761e+00
2.021212121212123236e+00
1.766888888888887621e+01
1.807171717171713876e+00
8.718181818181841569e-01
8.159595959595968839e-01
1.334242424242425118e+00
2.175252525252527658e+00
1.682828282828285615e-01
1.025252525252525332e-01
2.435353535353541043e-01
9.298484848484850573e+00
1.140000000000001679e+00
3.118686868686867619e+00
3.095050505050506828e+00
2.386060606060602662e+00
0.000000000000000000e+00
0.000000000000000000e+00
1.087474747474749037e+00
5.433030303030299990e+00
4.085030303030303145e+01
1.487070707070705655e+00
4.392020202020203712e+00
1.277373737373735940e+00
6.932323232323237550e-01
1.297575757575759381e+00
1.718181818181814924e+00
7.450909090909092924e+00
9.999999999999949901e-03
5.745353535353540764e+00
5.000000000000003053e-02
2.939393939393943403e-02
2.241414141414143302e+00
1.490909090909092738e-01
1.979797979797979016e-02
2.006565656565657552e+00
2.087070707070709297e+00
1.509101010101009166e+01
8.687878787878804410e-01
1.349494949494951523e+00
4.504949494949494593e+00
1.739898989898991832e+00
1.916383838383839233e+01
1.621616161616158402e+00
1.923434343434345273e+00
2.509090909090911925e-01
1.799797979797976177e+00
1.432141414141414515e+01
1.906464646464649082e+00
0.000000000000000000e+00
2.041313131313133855e+00
9.762626262626251661e-01
4.866868686868689231e+00
1.558585858585856132e-01
2.297171717171714089e+00
1.554545454545456507e-01
1.007474747474747634e+00
1.013939393939392142e+00
5.708080808080793211e-01
1.737575757575761770e+00
0.000000000000000000e+00
1.148585858585857933e+00
1.518181818181821019e-01
2.443434343434337519e-01
9.013131313131328426e-01
1.445050505050505141e+00
1.979797979797979363e-02
5.797979797979805477e-02
1.147777777777778674e+00
4.927272727272720143e-01
0.000000000000000000e+00
0.000000000000000000e+00
1.003232323232321477e+00
2.233030303030300256e+00
2.132828282828284738e+00
2.939393939393944444e-02
4.347575757575754096e+00
8.917171717171720191e-01
5.563737373737374092e+00
4.129191919191916860e+00
6.227373737373730123e+00
1.762525252525253716e+00
1.297242424242423731e+01
7.550505050505037508e-01
1.647474747474748868e+00
0.000000000000000000e+00
1.287171717171714747e+00
1.477474747474749828e+00
1.881919191919195100e+00
8.636363636363626750e-02
1.702525252525249000e+00
1.059494949494950822e+00
1.425252525252529157e-01
1.111111111111109384e+00
1.324848484848483610e+00
1.675757575757576556e-01
2.153636363636362461e+00
8.272727272727277426e-02
1.287878787878784514e-01
9.090909090909075896e-02
0.000000000000000000e+00
5.877525252525251886e+01
1.248383838383839262e+00
2.714919191919192443e+01
4.248484848484853638e-01
2.695151515151512189e+00
3.390505050505047357e+00
2.096969696969692265e+00
4.797979797979803201e-02
9.479797979797965901e-01
1.243434343434341449e-01
4.858383838383840470e+00
1.979797979797979363e-02
2.986767676767673407e+00
2.428282828282825268e+00
0.000000000000000000e+00
1.943434343434342904e-01
1.287878787878786180e-01
9.999999999999991535e-03
2.648484848484845000e-01
0.000000000000000000e+00
4.524242424242420069e-01
8.364646464646469104e-01
2.933737373737369314e+00
3.428828282828283136e+01
2.460606060606066181e-01
1.357575757575757991e-01
0.000000000000000000e+00
3.012121212121217084e-01
1.979797979797979710e-02
1.719696969696968836e+00
5.878787878787884724e-02
1.527171717171717402e+00
2.803030303030296100e-01
1.609797979797981782e+00
1.034242424242424851e+00
9.848282828282824752e+00
2.004949494949495481e+00
0.000000000000000000e+00
7.434343434343430868e-02
1.148888888888891735e+00
1.252828282828284845e+00
1.378484848484847314e+00
2.357474747474743282e+00
1.066666666666669094e-01
9.180909090909086245e+00
2.363252525252524805e+01
1.102020202020203454e+00
2.319191919191917473e-01
1.167676767676769201e+00
1.746464646464648718e+00
2.224545454545457268e+00
1.146464646464648407e+00
2.121212121212122381e-01
1.681111111111112999e+00
3.499191919191917410e+00
1.540404040404040886e+00
1.899090909090910051e+00
2.588303030303030283e+01
1.049090909090907742e+00
2.940666666666667339e+01
9.929292929292947711e-01
1.287474747474748771e+00
5.469797979797978549e+00
1.746565656565655766e+00
9.248484848484866960e-01
0.000000000000000000e+00
3.992020202020200692e+00
3.411111111111114202e-01
7.989898989898984727e-01
2.664030303030302349e+01
2.106161616161610795e+00
3.173121212121211698e+01
1.870000000000000551e+00
2.277777777777777179e-01
1.682222222222219621e+00
1.885050505050503089e+00
2.303636363636367257e+00
7.434343434343430868e-02
2.525252525252525415e-01
4.481313131313131493e+01
3.482929292929294096e+00
6.227373737373734564e+00
5.696969696969713531e-02
8.049494949494957474e-01
7.869696969696967637e-01
5.352323232323235480e+00
2.939393939393941668e-02
1.316161616161617975e-01
0.000000000000000000e+00
3.196969696969698571e+00
1.481515151515151452e+00
2.423232323232324126e-01
1.456303030303031143e+01
8.275757575757576312e-01
6.858585858585855566e-02
2.488888888888884376e-01
1.566363636363637513e+00
2.330404040404043808e+00
4.260101010101011809e+01
5.126060606060609537e+00
0.000000000000000000e+00
0.000000000000000000e+00
2.390909090909097978e-01
6.102424242424243417e+00
1.647575757575755917e+00
0.000000000000000000e+00
5.593939393939401095e-01
1.800202020202023245e+00
1.418080808080805832e+00
1.108484848484848850e+00
1.498282828282827772e+00
3.096363636363635319e+00
1.749898989898989177e+00
1.346060606060607956e+00
0.000000000000000000e+00
0.000000000000000000e+00
2.111111111111114269e+00
3.225252525252516600e-01
0.000000000000000000e+00
3.041414141414143235e-01
2.079797979797981533e-01
2.778787878787881693e-01
2.734747474747473817e+00
1.173232323232321184e+00
1.035050505050505665e+00
2.673737373737369860e-01
0.000000000000000000e+00
3.763636363636358451e-01
3.433737373737370646e+00
2.300000000000002931e+00
3.055656565656570844e+00
1.193333333333333135e+00
7.176767676767670245e-01
8.935353535353528498e-01
1.271818181818182847e+00
2.362929292929288660e+00
6.076747474747473632e+01
1.455656565656564316e+00
1.429393939393938773e+00
6.043434343434339606e-01
2.055555555555551805e+00
5.017171717171717837e+00
8.757575757575750686e-01
5.041414141414141126e-01
0.000000000000000000e+00
1.346565656565657632e+00
8.195959595959602106e-01
2.595050505050501943e+00
2.197979797979799643e-01
1.979797979797979016e-02
6.575757575757587570e-02
1.770000000000001128e+00
1.979797979797979363e-02
0.000000000000000000e+00
9.510101010100993069e-01
1.006565656565657285e+01
2.470505050505045652e+00
1.917474747474745911e+01
0.000000000000000000e+00
2.625252525252521063e-01
1.594545454545455598e+00
1.121212121212119966e-01
1.978080808080810993e+00
1.949292929292931742e+00
0.000000000000000000e+00
2.883232323232318706e+00
2.736909090909093578e+01
8.513131313131305777e-01
1.403131313131313895e+00
6.683434343434343283e+00
1.706767676767678266e+00
1.345656565656565995e+00
2.350505050505052207e+00
1.979797979797979016e-02
6.272727272727279813e-01
3.124848484848489427e+00
4.742424242424232439e-01
3.020909090909094985e+00
1.618585858585855464e+00
4.303333333333332789e+00
1.999999999999995531e-02
1.954242424242426779e+00
1.216161616161618025e-01
5.985858585858583325e-01
5.087676767676765799e+00
2.720000000000000284e+01
9.506060606060602325e+00
7.698989898989891945e-01
1.979797979797979363e-02
1.002626262626262843e+01
1.155555555555555003e+00
3.287878787878783515e-01
1.924030303030303912e+01
1.092828282828281594e+00
8.434343434343428980e-02
1.539292929292930934e+00
1.892020202020200825e+00
5.696969696969709368e-02
1.332424242424240290e+00
1.066666666666669094e-01
2.781212121212117694e+00
0.000000000000000000e+00
1.493636363636362541e+00
9.359595959595936598e-01
3.878787878787879478e-02
1.173595959595958860e+01
1.142424242424245479e-01
5.896767676767678878e+00
1.059393939393936668e+00
1.425252525252529157e-01
2.393333333333328650e+00
0.000000000000000000e+00
2.328787878787880405e+00
7.564646464646451740e-01
6.347383838383839816e+01
1.713737373737374670e+00
1.150535353535353700e+01
6.706060606060607832e+00
1.642626262626263323e+00
2.939393939393944444e-02
1.789999999999998259e+00
3.170303030303028180e+00
1.553333333333333455e+00
2.076969696969696244e+00
2.197979797979799643e-01
1.901555555555557220e+01
9.036363636363650143e-01
1.357575757575757991e-01
2.519696969696973099e+00
1.361010101010098783e+00
2.303030303030301207e-01
6.251333333333332121e+01
2.279494949494954792e+00
1.358989898989896972e+00
4.067272727272735366e+00
1.613636363636361093e+00
1.746939393939392460e+01
0.000000000000000000e+00
2.939393939393942362e-02
1.388888888888885731e+00
1.209494949494946070e+00
4.670454545454544615e+01
2.148888888888893067e+00
9.272727272727272763e-02
1.397070707070708018e+00
2.594141414141418078e+00
0.000000000000000000e+00
5.001919191919188101e+00
4.946888888888889824e+01
9.286868686868667844e-01
3.324242424242428440e-01
2.790909090909095003e-01
7.774545454545457090e+00
1.554545454545456507e-01
6.142606060606058804e+01
1.979797979797979363e-02
6.378787878787883781e-01
1.999999999999998307e-02
1.794848484848483583e+00
2.500000000000001110e-01
9.999999999999955105e-03
1.117777777777779757e+00
2.831313131313125675e-01
4.056494949494948798e+01
2.543434343434349265e-01
1.522222222222223476e+00
2.641414141414143990e-01
1.943434343434342904e-01
1.011111111111111960e+00
1.761010101010100248e+00
2.750505050505058224e-01
3.855151515151514996e+00
4.797979797979808753e-02
1.917575757575758377e+00
1.489595959595960251e+00
4.360202020202023299e+00
1.626868686868684355e+00
3.702929292929295180e+00
9.444444444444457520e-01
2.939393939393944444e-02
6.541414141414148009e-01
1.775757575757578588e-01
4.843434343434346867e-01
5.201767676767674686e+01
3.977080808080807373e+01
1.067070707070709279e+00
1.937373737373737359e-01
1.082323232323230355e+00
4.178535353535351504e+01
2.593838383838380501e+00
2.025050505050505212e+00
3.343434343434340539e-01
1.406767676767675779e+00
3.409090909090908283e-01
1.628383838383837601e+00
6.534878787878784578e+01
3.107070707070702653e-01
5.919191919191918450e-02
2.037070707070708586e+00
4.171515151515151842e+01
1.196969696969695462e+00
2.246767676767675415e+00
1.943434343434342904e-01
3.823838383838380039e+00
1.990909090909090962e-01
0.000000000000000000e+00
2.197979797979799643e-01
1.840404040404040842e+01
4.092525252525243573e+00
8.809969696969697850e+01
0.000000000000000000e+00
5.635353535353534449e-01
1.705656565656564094e+00
1.545151515151514499e+00
1.490909090909092460e-01
1.434141414141412829e+00
1.191212121212120056e+00
2.907070707070703031e-01
9.702424242424244838e+00
1.979797979797979016e-02
2.407070707070710358e-01
2.428585858585855295e+00
1.979797979797979016e-02
3.484848484848482864e-01
9.957575757575760633e-01
1.597878787878789897e+00
9.865050505050509955e+00
9.529292929292908498e-01
2.896969696969691754e-01
1.924040404040403995e+00
2.430303030303024858e-01
9.986868686868680678e-01
6.345454545454543016e-01
0.000000000000000000e+00
1.072898989898989441e+01
2.121212121212122381e-01
2.500000000000001110e-01
0.000000000000000000e+00
1.216161616161617193e-01
9.999999999999955105e-03
1.132424242424241223e+00
1.733333333333332560e-01
4.935353535353542709e-01
9.090909090909084223e-02
1.782828282828284872e+00
1.250909090909093857e+00
2.471818181818177695e+00
1.650101010101008514e+00
2.775050505050500771e+00
2.667272727272727462e+00
2.737313131313131009e+01
7.791171717171718569e+01
1.996565656565658875e+00
1.343737373737371232e+00
9.238989898989904859e+00
2.121212121212122381e-01
4.156565656565657463e+00
9.999999999999949901e-03
3.260404040404033754e+00
1.056161616161616079e+00
0.000000000000000000e+00
1.382828282828281630e+00
2.060606060606061107e-01
9.999999999999956840e-03
3.861212121212120429e+00
3.950898989898990976e+01
2.503030303030299719e-01
1.193838383838382589e+00
1.704040404040403134e+00
4.286363636363641483e+00
1.106868686868684559e+00
1.366464646464646826e+00
2.196969696969689745e-01
1.454848484848483947e+00
9.888888888888898443e-02
1.668888888888885536e+00
3.356969696969701822e+00
1.096060606060607956e+00
1.538383838383836411e+00
4.055555555555553360e-01
2.297979797979792238e-01
2.088282828282830295e+00
1.986868686868691614e-01
4.771818181818178850e+00
5.067575757575755624e+00
1.297070707070708817e+00
4.806767676767673692e+00
9.888888888888890116e-02
3.122222222222226229e-01
2.714141414141414410e-01
1.146868686868686149e+00
2.466363636363634093e+00
3.878787878787880172e-02
1.812727272727271632e+00
1.643131313131313886e+00
6.903090909090906280e+01
1.287878787878785625e-01
8.184444444444439526e+00
1.688888888888891160e-01
2.627272727272723651e-01
7.626060606060605096e+00
2.343535353535354915e+00
1.177575757575755500e+00
2.155555555555559166e-01
3.650888888888888317e+01
2.517373737373743037e+00
2.206767676767673603e+00
1.745454545454545592e-01
2.777777777777773460e-01
7.694949494949488988e-01
2.516161616161620707e+00
7.378888888888893050e+00
0.000000000000000000e+00
9.999999999999975922e-03
8.887878787878765730e-01
1.076363636363636411e+00
2.093535353535354471e+00
4.514242424242425500e+00
2.794545454545450891e+00
1.608383838383840914e+00
3.435353535353535270e-01
0.000000000000000000e+00
0.000000000000000000e+00
2.269696969696969990e+00
1.628989898989902763e+00
2.328383838383841997e+00
9.090909090909091161e-02
2.495151515151511123e+00
8.941515151515144311e+00
3.251515151515144697e-01
2.012272727272728190e+01
2.201818181818177234e+00
3.046262626262625339e+00
1.187676767676767442e+00
4.870202020202014204e+00
1.772929292929294132e+00
0.000000000000000000e+00
1.344545454545453156e+00
2.970404040404040824e+00
1.066666666666669372e-01
1.868080808080810007e+00
9.626262626262617195e-01
2.277848484848485100e+01
5.887676767676770062e+00
1.070909090909093253e+00
1.154141414141415467e+00
4.959595959595952674e-02
2.121212121212122381e-01
9.999999999999991535e-03
2.319191919191922191e-01
1.603838383838386061e+00
3.850505050505055316e-01
5.072727272727284298e-01
1.372121212121211631e+00
1.218898989898988994e+01
1.398424242424244035e+01
1.148585858585856823e+00
0.000000000000000000e+00
1.142424242424243674e-01
1.279141414141414046e+01
9.812121212121192038e-01
2.359393939393942929e+00
2.515757575757578746e+00
9.999999999999993269e-03
9.261616161616167409e-01
1.525252525252528690e-01
9.999999999999977657e-03
1.242979797979798207e+01
1.453333333333335364e+00
1.492020202020199804e+00
3.781818181818180080e-01
2.144545454545457641e+00
2.904040404040398871e-01
1.914646464646466706e+00
5.343333333333331936e+00
1.122323232323234832e+00
1.529595959595961174e+00
4.797979797979806671e-02
2.138787878787880459e+00
8.921010101010100612e+00
1.382727272727273249e+00
7.016161616161620262e-01
0.000000000000000000e+00
5.797979797979805477e-02
1.124747474747472831e+00
2.355454545454540138e+00
9.166666666666679619e-01
1.842424242424241798e-01
5.369696969696971856e+00
3.220151515151513877e+01
2.732020202020204458e+00
2.901717171717170807e+00
3.014747474747473177e+00
7.614141414141419872e-01
2.403030303030307957e-01
5.515414141414141369e+01
3.469969696969697281e+01
1.009191919191921194e+00
1.430505050505052944e+00
2.738080808080814332e+00
1.521111111111112635e+00
1.745656565656565018e+00
6.272727272727282033e-01
0.000000000000000000e+00
8.272727272727277426e-02
1.615555555555556744e+00
1.153333333333333499e+01
2.156969696969698980e+00
2.872282828282827438e+01
1.460919191919191640e+01
7.598989898989892744e+00
1.107878787878786131e+00
9.717171717171728396e-02
1.905454545454546178e+00
1.173232323232322072e+00
0.000000000000000000e+00
6.088626262626260655e+01
6.263636363636373439e-01
8.524242424242414184e-01
8.311111111111095795e-01
2.275454545454550281e+00
1.139696969696969653e+00
1.734444444444447342e+00
2.707070707070706295e+00
4.797979797979806671e-02
0.000000000000000000e+00
3.255828282828283449e+01
1.474646464646467647e+00
3.291303030303030397e+01
2.040404040404039943e-01
1.577979797979800924e+00
0.000000000000000000e+00
1.478777777777777480e+01
0.000000000000000000e+00
6.283131313131304019e+00
0.000000000000000000e+00
4.621212121212125989e-01
1.766262626262626512e+01
1.432929292929292497e+00
1.717272727272726618e+00
5.151292929292927880e+01
2.311212121212122828e+00
3.072121212121209144e+00
7.737373737373721971e-02
1.234747474747476037e+00
9.999999999999977657e-03
1.874949494949492035e+00
1.442888888888888488e+01
5.797979797979803396e-02
1.533353535353536934e+01
7.254040404040405576e+01
1.357070707070705540e+00
0.000000000000000000e+00
2.130202020202021540e+00
3.479545454545454675e+01
2.706161616161617101e+00
1.136767676767674651e+00
2.871898989898988219e+01
0.000000000000000000e+00
1.062222222222223289e+00
1.999999999999999348e-02
2.209090909090912491e-01
4.119979797979798519e+01
1.990909090909091794e-01
5.647575757575761024e+00
4.581616161616165250e+00
1.890404040404036978e+00
7.841414141414155825e-01
2.904040404040398871e-01
2.781818181818185853e-01
8.935353535353538490e-01
4.629696969696966313e+00
1.750101010101008825e+00
1.938888888888891993e+00
9.888888888888909545e-02
5.978787878787891197e-01
6.932828282828277011e+00
2.503050505050505592e+01
1.159797979797980494e+00
7.593939393939381777e-01
2.153131313131311231e+00
6.575757575757583406e-02
5.159515151515154230e+01
1.499696969696967974e+00
8.953535353535333474e-01
3.404343434343436225e+00
9.591919191919198173e-01
1.445151515151513077e+00
3.511313131313130942e+00
1.554545454545455951e-01
4.191919191919187826e-01
0.000000000000000000e+00
4.873737373737379586e-01
2.415656565656568500e+00
5.195404040404042689e+01
3.825161616161616962e+01
1.830202020202017055e+00
2.624242424242423377e-01
1.516262626262623536e+00
1.540808080808078184e+00
2.246464646464641390e+00
2.379797979797985685e-01
2.741919191919195864e+00
0.000000000000000000e+00
3.528181818181821860e+00
1.323636363636365498e+00
1.260909090909093866e+00
1.133232323232324701e+00
2.697979797979799255e+00
2.723232323232320229e-01
5.178383838383837912e+01
1.914949494949499398e+00
7.289797979797982386e+00
1.386060606060608880e+00
1.902929292929295135e+00
1.427070707070708488e+00
1.598585858585856556e+00
9.772727272727259606e-01
8.853434343434340548e+00
9.837373737373754645e-01
1.631818181818182723e+00
1.894141414141411683e+00
3.959595959595958031e-02
6.004040404040396073e-01
8.491919191919187204e-01
1.940808080808081426e+00
1.521414141414139554e+00
2.423636363636361590e+00
2.197979797979799643e-01
1.979797979797979016e-02
2.397979797979796490e-01
1.999999999999993103e-02
6.882828282828290511e-01
0.000000000000000000e+00
3.643434343434338585e-01
1.584444444444446320e+00
2.106464646464649704e+00
9.888888888888901219e-02
1.425252525252529434e-01
6.124343434343439974e+00
1.235757575757576943e+00
9.432121212121204579e+00
5.696969696969703123e-02
0.000000000000000000e+00
1.555454545454547199e+00
5.797979797979802702e-02
0.000000000000000000e+00
1.055959595959597097e+00
3.664141414141410813e+00
0.000000000000000000e+00
1.527171717171715626e+00
1.825353535353534840e+00
2.869797979797985565e+00
7.434343434343430868e-02
1.331313131313131282e-01
