2.105353535353535310e+00
9.028282828282817585e-01
0.000000000000000000e+00
6.761616161616161857e-01
1.941919191919191379e+00
5.970707070707079733e-01
2.379797979797985408e-01
9.238383838383830149e-01
2.354545454545459715e-01
9.098989898989897629e-01
3.026161616161615342e+01
1.654545454545454097e-01
0.000000000000000000e+00
7.323232323232323759e-01
1.147575757575761024e+00
2.547676767676763543e+00
0.000000000000000000e+00
9.999999999999981126e-03
2.245696969696969347e+01
8.330303030303031209e-01
0.000000000000000000e+00
5.463636363636369397e-01
1.187676767676766776e+00
2.197979797979799643e-01
0.000000000000000000e+00
0.000000000000000000e+00
1.186969696969695898e+00
0.000000000000000000e+00
9.999999999999960310e-03
8.253535353535341734e-01
2.721919191919192293e+00
5.696969696969703817e-02
1.942424242424241332e-01
5.307070707070713489e-01
9.344444444444427456e-01
9.332323232323248563e-01
4.504626262626262445e+01
1.928060606060606830e+01
2.424242424242418759e-01
1.268787878787880796e+00
4.173939393939399167e+00
5.973737373737384448e-01
1.109797979797978895e+00
7.876767676767679749e-01
1.050808080808082634e+00
0.000000000000000000e+00
4.277777777777774793e-01
0.000000000000000000e+00
1.397070707070707574e+00
6.995555555555555749e+00
1.129595959595957932e+00
0.000000000000000000e+00
6.575757575757583406e-02
4.499999999999991229e-01
1.631111111111112066e+00
3.452525252525247557e-01
1.042626262626260125e+00
4.569696969696974143e-01
2.372424242424239882e+00
8.317171717171717438e-01
2.276686868686870113e+01
7.650505050505038707e-01
1.535848484848484574e+01
0.000000000000000000e+00
9.000000000000001332e-01
2.939393939393942709e-02
2.828282828282826511e+00
1.074545454545452916e+00
2.524242424242423843e-01
2.939393939393943403e-02
1.462020202020199555e+00
1.979797979797979016e-02
1.277777777777778789e+00
1.526767676767677218e+00
1.037373737373735866e-01
2.334929292929294320e+01
1.328787878787879517e+00
9.646464646464646409e-01
1.525909090909091148e+01
4.781818181818179858e-01
7.097979797979804273e-01
8.454545454545464578e-01
9.595959595959610566e-02
3.207474747474750476e+00
2.221616161616164931e+00
1.188181818181820226e+00
5.478787878787882981e-01
1.547777777777775698e+00
4.660606060606065637e-01
1.990909090909090684e-01
2.979797979797977128e-02
8.356565656565658751e-01
2.979797979797976781e-02
1.137979797979795649e+00
1.053535353535354879e+00
4.863636363636359428e-01
1.305959595959593544e+00
1.073232323232324648e+00
1.035252525252524869e+00
3.007343434343434652e+01
1.767979797979798651e+00
0.000000000000000000e+00
9.090909090909086998e-02
6.438989898989894378e+00
2.488888888888884654e-01
7.628282828282827444e-01
5.106060606060612850e-01
3.712121212121214930e-01
2.521212121212118573e-01
1.607676767676766261e+00
2.714141414141414410e-01
1.979797979797979363e-02
9.999999999999953371e-03
1.313333333333331465e+00
1.117979797979796519e+00
9.595959595959600852e-02
0.000000000000000000e+00
1.703838383838387038e+00
1.058484848484846585e+00
3.990101010101009482e+00
3.266363636363632583e+00
6.907070707070703808e-01
2.127272727272722375e-01
7.538383838383836411e-01
1.211616161616159815e+00
3.812121212121206137e-01
8.536363636363615282e-01
1.979797979797979016e-02
5.843838383838379613e+00
0.000000000000000000e+00
0.000000000000000000e+00
0.000000000000000000e+00
9.999999999999977657e-03
1.044646464646466821e+00
7.662626262626256457e-01
7.208686868686863924e+00
2.524242424242423843e-01
2.171515151515153175e+00
8.628282828282843875e-01
0.000000000000000000e+00
8.614141414141415209e-01
9.569696969696954714e-01
9.999999999999975922e-03
1.016060606060604998e+00
2.197979797979799643e-01
1.188888888888887330e+00
9.448484848484869358e-01
2.661616161616165988e-01
9.445454545454553541e-01
9.999999999999993269e-03
1.411111111111109651e+00
7.768686868686879299e-01
0.000000000000000000e+00
1.219595959595960899e+00
2.757070707070711446e+00
6.069696969696978250e-01
1.032222222222221486e+00
3.043939393939391724e+00
9.122222222222233778e-01
5.797979797979802008e-02
9.090909090909075896e-02
0.000000000000000000e+00
1.142424242424244785e-01
7.069797979797977305e+00
1.385151515151513468e+00
3.355717171717173386e+01
1.979797979797979363e-02
9.947474747474718271e-01
4.422828282828284330e+00
9.638383838383850488e-01
9.888888888888892892e-02
9.671717171717175709e-01
6.910101010101005192e-01
0.000000000000000000e+00
6.353535353535344488e-01
4.756161616161607597e+00
1.130000000000001670e+00
1.357575757575757991e-01
1.979797979797979016e-02
7.319191919191907481e-01
9.999999999999956840e-03
9.631313131313123943e-01
7.434343434343432255e-02
1.036262626262625330e+00
2.249494949494945384e-01
7.582828282828274480e-01
9.479797979797973673e-01
8.155555555555569214e-01
8.216161616161623549e-01
1.788888888888890416e-01
1.292828282828282216e+00
1.206363636363634750e+00
8.608080808080794677e-01
1.042222222222222827e+00
0.000000000000000000e+00
1.467676767676768135e+00
0.000000000000000000e+00
9.876767676767657100e-01
0.000000000000000000e+00
8.382020202020205701e+00
6.003838383838381532e+00
7.096969696969704922e-01
1.440404040404037744e-01
0.000000000000000000e+00
1.120404040404041179e+00
0.000000000000000000e+00
2.476767676767674065e+00
0.000000000000000000e+00
9.999999999999968983e-03
3.158585858585853390e-01
3.174292929292927568e+01
2.488888888888884654e-01
2.277777777777775792e-01
3.882828282828273414e-01
1.220101010101010131e+00
2.606000000000001293e+01
1.095292929292928541e+01
1.072363636363636452e+01
6.279797979797985263e-01
9.480808080808086347e-01
5.501010101010095354e-01
2.621212121212116997e-01
2.929898989898990891e+00
0.000000000000000000e+00
9.937171717171722207e+00
6.373737373737383693e-01
1.254040404040406065e+00
4.482828282828276167e-01
3.234949494949498128e+00
6.310101010101002439e-01
0.000000000000000000e+00
5.586868686868682321e-01
1.306969696969694894e+00
1.237070707070704545e+00
3.794949494949493740e+00
2.000707070707069768e+00
4.854242424242426246e+00
9.959595959595967107e-01
9.290909090909075241e-01
5.382828282828285849e-01
8.216161616161624659e-01
7.394949494949508706e-01
0.000000000000000000e+00
1.733333333333331450e-01
1.022424242424244234e+00
1.399898989898989754e+00
8.785252525252527533e+00
1.175555555555553910e+00
6.108080808080799118e-01
5.833333333333327042e-01
7.639393939393945843e-01
9.897979797979793437e-01
1.188888888888889189e-01
3.878787878787880172e-02
2.160606060606057310e-01
4.672121212121218115e+00
6.726262626262637934e-01
2.500303030303031360e+00
1.943333333333330692e+00
1.384040404040405514e+00
0.000000000000000000e+00
0.000000000000000000e+00
9.044444444444439402e-01
3.557575757575762054e+00
2.407585858585860095e+01
9.368686868686852964e-01
2.315454545454543211e+00
8.944444444444432651e-01
4.653535353535351304e-01
9.302020202020212514e-01
1.148989898989896785e+00
4.348585858585853892e+00
0.000000000000000000e+00
2.826969696969699797e+00
0.000000000000000000e+00
9.999999999999960310e-03
1.418585858585857062e+00
1.357575757575757991e-01
0.000000000000000000e+00
1.338484848484850165e+00
1.197373737373738978e+00
7.361919191919198191e+00
6.984848484848498185e-01
1.040303030303030063e+00
2.542121212121212892e+00
1.196262626262626361e+00
1.096707070707071452e+01
1.132222222222223795e+00
1.252626262626261866e+00
2.521212121212118573e-01
1.211111111111112359e+00
6.403030303030304182e+00
1.278686868686869982e+00
0.000000000000000000e+00
1.220808080808083229e+00
7.203030303030298898e-01
3.396464646464643966e+00
8.434343434343428980e-02
1.136363636363639129e+00
1.554545454545456507e-01
8.827272727272712505e-01
6.717171717171724898e-01
4.539393939393946420e-01
1.114242424242426477e+00
0.000000000000000000e+00
8.702020202020195327e-01
1.066666666666668400e-01
2.403030303030308235e-01
7.369696969696971633e-01
8.616161616161637227e-01
1.979797979797979710e-02
3.878787878787880172e-02
8.726262626262623057e-01
4.787878787878780407e-01
0.000000000000000000e+00
0.000000000000000000e+00
8.220202020202035387e-01
1.186161616161617305e+00
1.390101010101008505e+00
9.999999999999953371e-03
2.131616161616164629e+00
6.910101010101005192e-01
4.085959595959588242e+00
2.207979797979795489e+00
4.046363636363636829e+00
1.048383838383837308e+00
6.578484848484849046e+00
7.089898989898983928e-01
8.660606060606074186e-01
0.000000000000000000e+00
7.287878787878788733e-01
1.194444444444443532e+00
1.380202020202021540e+00
9.999999999999963779e-03
1.020202020202019000e+00
6.494949494949500135e-01
1.425252525252529157e-01
7.589898989898986592e-01
8.903030303030314840e-01
1.733333333333332560e-01
1.260202020202019657e+00
1.979797979797979363e-02
7.434343434343430868e-02
2.939393939393943403e-02
0.000000000000000000e+00
3.273393939393939434e+01
8.256565656565660882e-01
1.072959595959596868e+01
3.670707070707075470e-01
1.593636363636361075e+00
1.986565656565653093e+00
1.466464646464645583e+00
9.999999999999986330e-03
6.417171717171734624e-01
4.939393939393953159e-02
3.038282828282829140e+00
0.000000000000000000e+00
1.826161616161616097e+00
1.567474747474747909e+00
0.000000000000000000e+00
1.842424242424241798e-01
7.434343434343430868e-02
0.000000000000000000e+00
2.277777777777777179e-01
0.000000000000000000e+00
4.370707070707067210e-01
5.165656565656572274e-01
1.770404040404044199e+00
1.847424242424242635e+01
2.500000000000001110e-01
1.425252525252528324e-01
0.000000000000000000e+00
2.431313131313128373e-01
0.000000000000000000e+00
1.139595959595960384e+00
0.000000000000000000e+00
9.913131313131297029e-01
2.516161616161619596e-01
8.679797979797981844e-01
7.735353535353520771e-01
4.670606060606062648e+00
1.168686868686867220e+00
0.000000000000000000e+00
0.000000000000000000e+00
8.135353535353525567e-01
8.083838383838389818e-01
9.292929292929276164e-01
1.561515151515148636e+00
9.888888888888897055e-02
4.462020202020205772e+00
1.315535353535353913e+01
8.327272727272724273e-01
2.160606060606058143e-01
7.533333333333324111e-01
1.023333333333335204e+00
1.460101010101008123e+00
8.201010101010116626e-01
2.079797979797981811e-01
1.162727272727270611e+00
2.430505050505050946e+00
8.858585858585880102e-01
1.227777777777776080e+00
1.727747474747475209e+01
6.988888888888901141e-01
1.645010101010100811e+01
7.868686868686863845e-01
8.176767676767684456e-01
2.823333333333329698e+00
1.167474747474748664e+00
9.051515151515168167e-01
0.000000000000000000e+00
2.687070707070705833e+00
2.942424242424243608e-01
7.055555555555559355e-01
1.791585858585858304e+01
1.315050505050505913e+00
1.744383838383838281e+01
1.351717171717170984e+00
1.425252525252527769e-01
1.171111111111108549e+00
1.395353535353534902e+00
1.423939393939393394e+00
1.979797979797979363e-02
2.379797979797985408e-01
2.927525252525253308e+01
1.758484848484846763e+00
4.043939393939395721e+00
9.999999999999998473e-03
7.252525252525258148e-01
6.094949494949499780e-01
2.692929292929291840e+00
9.999999999999995004e-03
1.066666666666668400e-01
0.000000000000000000e+00
2.119494949494951541e+00
9.227272727272737285e-01
1.654545454545455485e-01
8.982828282828288380e+00
6.479797979797973229e-01
1.057575757575758835e-01
2.403030303030308235e-01
1.140808080808081826e+00
1.826161616161614321e+00
2.352434343434342523e+01
2.917878787878788405e+00
0.000000000000000000e+00
0.000000000000000000e+00
1.457575757575757247e-01
3.521515151515151931e+00
1.067272727272726041e+00
0.000000000000000000e+00
4.652525252525246957e-01
8.955555555555551051e-01
1.045454545454546080e+00
7.276767676767679216e-01
1.084747474747475904e+00
1.813131313131312927e+00
1.150909090909091326e+00
1.056767676767674580e+00
0.000000000000000000e+00
0.000000000000000000e+00
1.687474747474750680e+00
1.852525252525253352e-01
0.000000000000000000e+00
2.358585858585862671e-01
1.788888888888889306e-01
1.656565656565654188e-01
1.394141414141416346e+00
8.583838383838401365e-01
9.359595959595942150e-01
2.479797979797985219e-01
0.000000000000000000e+00
2.984848484848486860e-01
2.223232323232320340e+00
1.232424242424240424e+00
1.853232323232323564e+00
7.170707070707069697e-01
3.969696969696964173e-01
5.185858585858598158e-01
9.793939393939377069e-01
1.334444444444443434e+00
3.923616161616160269e+01
9.544444444444455389e-01
9.206060606060630924e-01
5.824242424242415117e-01
1.380303030303033029e+00
2.929393939393941437e+00
5.549494949494961915e-01
4.120202020202014537e-01
0.000000000000000000e+00
9.953535353535364338e-01
5.764646464646470125e-01
1.387777777777776222e+00
1.893939393939393923e-01
0.000000000000000000e+00
3.878787878787880172e-02
1.179797979797978513e+00
1.979797979797979363e-02
0.000000000000000000e+00
5.913131313131317901e-01
6.420505050505044942e+00
1.556464646464647439e+00
1.009111111111110937e+01
9.999999999999948166e-03
2.524242424242422178e-01
1.179393939393941659e+00
4.878787878787880367e-02
1.130404040404038746e+00
1.356666666666666687e+00
0.000000000000000000e+00
1.639797979797978922e+00
1.776474747474748028e+01
5.543434343434350264e-01
9.194949494949479218e-01
3.819595959595956991e+00
9.520202020202024329e-01
8.616161616161603920e-01
1.355454545454543469e+00
0.000000000000000000e+00
5.654545454545456540e-01
2.079898989898993023e+00
4.451515151515157420e-01
1.517373737373734599e+00
1.061313131313132763e+00
3.260707070707073552e+00
0.000000000000000000e+00
1.093232323232321335e+00
9.090909090909075896e-02
6.601010101010106323e-01
2.875050505050500860e+00
1.662535353535353266e+01
5.005454545454544935e+00
5.490909090909086299e-01
0.000000000000000000e+00
5.855454545454552573e+00
7.772727272727267822e-01
3.251515151515153579e-01
1.084383838383837961e+01
7.112121212121207403e-01
2.939393939393940280e-02
1.039898989898990322e+00
1.211212121212122961e+00
0.000000000000000000e+00
1.109292929292930330e+00
9.090909090909075896e-02
1.473333333333334272e+00
0.000000000000000000e+00
1.079393939393937574e+00
6.230303030303027123e-01
0.000000000000000000e+00
7.727070707070706312e+00
5.696969696969707980e-02
3.343333333333334600e+00
6.964646464646471191e-01
1.287878787878783127e-01
1.175959595959597426e+00
0.000000000000000000e+00
1.810202020202021700e+00
6.329292929292923420e-01
4.277404040404038454e+01
9.203030303030292902e-01
6.866464646464655708e+00
4.556969696969697559e+00
1.097171717171717686e+00
9.999999999999984596e-03
9.193939393939396520e-01
1.677777777777775148e+00
9.694949494949512969e-01
1.153838383838385440e+00
2.233333333333338278e-01
1.089676767676767888e+01
7.698989898989884173e-01
9.090909090909086998e-02
1.350101010101008914e+00
8.762626262626249662e-01
1.307070707070708548e-01
3.353555555555556111e+01
1.094444444444442555e+00
6.192929292929293394e-01
2.465858585858589525e+00
1.133737373737370602e+00
9.612727272727275007e+00
0.000000000000000000e+00
0.000000000000000000e+00
9.396969696969672547e-01
6.730303030303028677e-01
1.743696969696969745e+01
1.001919191919190766e+00
6.777777777777758972e-02
8.894949494949476732e-01
1.380404040404038968e+00
0.000000000000000000e+00
3.008383838383835940e+00
2.973888888888889426e+01
8.059595959595964310e-01
2.503030303030296944e-01
1.733333333333330895e-01
4.791313131313130746e+00
9.888888888888895667e-02
3.555545454545455897e+01
9.999999999999981126e-03
6.062626262626271689e-01
0.000000000000000000e+00
1.251212121212122552e+00
2.524242424242423843e-01
9.999999999999962044e-03
8.001010101010100906e-01
2.742424242424245651e-01
2.304333333333332945e+01
2.475757575757577267e-01
8.938383838383856528e-01
2.524242424242423843e-01
1.788888888888888751e-01
6.119191919191915296e-01
1.272727272727275816e+00
2.197979797979799643e-01
2.435757575757579563e+00
0.000000000000000000e+00
9.497979797979790861e-01
1.018383838383839501e+00
3.021212121212119239e+00
1.136464646464649064e+00
1.821010101010100746e+00
7.448484848484845378e-01
0.000000000000000000e+00
6.007070707070696347e-01
6.575757575757586182e-02
3.838383838383831459e-01
2.618616161616161619e+01
3.520464646464646563e+01
6.867676767676775818e-01
8.272727272727277426e-02
9.102020202020193462e-01
2.624838383838384104e+01
1.244747474747476268e+00
1.492828282828283504e+00
2.818181818181822451e-01
1.006969696969695960e+00
2.185858585858579395e-01
1.084343434343431944e+00
4.032303030303030056e+01
2.060606060606059720e-01
1.999999999999989980e-02
1.538686868686869769e+00
2.134404040404039904e+01
8.585858585858591185e-01
1.259696969696970870e+00
1.842424242424241798e-01
2.276565656565659346e+00
1.733333333333331172e-01
0.000000000000000000e+00
2.036363636363636154e-01
1.024828282828282688e+01
1.943434343434346179e+00
4.519393939393937387e+01
0.000000000000000000e+00
5.425252525252518554e-01
9.242424242424258640e-01
9.004040404040400958e-01
8.272727272727277426e-02
8.540404040404038222e-01
7.622222222222201360e-01
2.043434343434342437e-01
6.837777777777774624e+00
0.000000000000000000e+00
1.488888888888884876e-01
1.714646464646465196e+00
0.000000000000000000e+00
2.004040404040407508e-01
8.030303030303033163e-01
1.172626262626263571e+00
5.765050505050503205e+00
6.778787878787865262e-01
2.552525252525248978e-01
1.382121212121211418e+00
2.277777777777776902e-01
8.666666666666668073e-01
4.712121212121204161e-01
0.000000000000000000e+00
5.962323232323232247e+00
1.425252525252527769e-01
2.297979797979793071e-01
0.000000000000000000e+00
7.434343434343430868e-02
0.000000000000000000e+00
6.924242424242418315e-01
1.425252525252529989e-01
3.816161616161609649e-01
3.878787878787880172e-02
1.136363636363638907e+00
7.886868686868689915e-01
1.407979797979798775e+00
1.047979797979796235e+00
1.573535353535350456e+00
1.232222222222220331e+00
1.555222222222222506e+01
3.183272727272727209e+01
1.106060606060607743e+00
1.063737373737375425e+00
5.868888888888892374e+00
1.943434343434342904e-01
2.221717171717169759e+00
0.000000000000000000e+00
1.852727272727276109e+00
8.233333333333328063e-01
0.000000000000000000e+00
9.175757575757571560e-01
1.282828282828285260e-01
0.000000000000000000e+00
2.862929292929291325e+00
2.120141414141413705e+01
2.040404040404039943e-01
6.934343434343430701e-01
1.263939393939393030e+00
2.570101010101006445e+00
8.581818181818189339e-01
8.188888888888877782e-01
8.555555555555553748e-02
1.074646464646462629e+00
6.575757575757584794e-02
9.453535353535339469e-01
2.195757575757572688e+00
8.435353535353536936e-01
1.108080808080805779e+00
2.609090909090912014e-01
2.327272727272732267e-01
1.231919191919193857e+00
1.287878787878786180e-01
3.041818181818179756e+00
2.845050505050504608e+00
6.377777777777776658e-01
2.697474747474744916e+00
9.999999999999948166e-03
2.464646464646467472e-01
2.475757575757577267e-01
8.331313131313127229e-01
1.729191919191920945e+00
1.979797979797979016e-02
1.308686868686871341e+00
9.255555555555534664e-01
3.434282828282828604e+01
6.575757575757583406e-02
4.259595959595958270e+00
7.434343434343430868e-02
1.319191919191919915e-01
4.041919191919189025e+00
1.538080808080809936e+00
6.714141414141401309e-01
8.272727272727277426e-02
2.283828282828282497e+01
1.456868686868684204e+00
1.348080808080807103e+00
1.088888888888891043e-01
2.319191919191916362e-01
6.660606060606060197e-01
1.502424242424245104e+00
4.767070707070707236e+00
0.000000000000000000e+00
0.000000000000000000e+00
6.415151515151499284e-01
8.138383838383828062e-01
1.253434343434345566e+00
2.801919191919195029e+00
1.380101010101012049e+00
9.679797979797980512e-01
2.654545454545450545e-01
0.000000000000000000e+00
0.000000000000000000e+00
1.541010101010102940e+00
1.142828282828280750e+00
1.211515151515153876e+00
0.000000000000000000e+00
1.502929292929290339e+00
4.296464646464649206e+00
1.945454545454541329e-01
1.286929292929293389e+01
1.317979797979801582e+00
1.683131313131315476e+00
7.826262626262635580e-01
2.910202020202013351e+00
1.217070707070704527e+00
0.000000000000000000e+00
8.152525252525260058e-01
1.479393939393937485e+00
3.878787878787880172e-02
1.069696969696967148e+00
8.004040404040416723e-01
1.393626262626262502e+01
3.432222222222219621e+00
7.958585858585850437e-01
7.717171717171712464e-01
1.999999999999997266e-02
2.197979797979799643e-01
0.000000000000000000e+00
2.495959595959598987e-01
9.137373737373724047e-01
2.944444444444449527e-01
3.682828282828276567e-01
1.019393939393938187e+00
6.485959595959593038e+00
9.419999999999999929e+00
5.860606060606061707e-01
0.000000000000000000e+00
5.696969696969703817e-02
7.319797979797981746e+00
8.083838383838390929e-01
1.341212121212123520e+00
1.601414141414141623e+00
0.000000000000000000e+00
6.167676767676771865e-01
9.090909090909084223e-02
0.000000000000000000e+00
8.495959595959586608e+00
1.346161616161617447e+00
9.780808080808078842e-01
3.101010101010093778e-01
1.252828282828284179e+00
2.464646464646467472e-01
1.310606060606058332e+00
3.519797979797977927e+00
7.740404040404030850e-01
7.832323232323226136e-01
1.979797979797979016e-02
1.501616161616161405e+00
5.412323232323238642e+00
7.815151515151517181e-01
5.562626262626271245e-01
0.000000000000000000e+00
2.939393939393941321e-02
7.223232323232328111e-01
1.291717171717170709e+00
5.616161616161626791e-01
1.675757575757577666e-01
2.979696969696969067e+00
2.081272727272726897e+01
1.523333333333332318e+00
2.045656565656570169e+00
1.841919191919192622e+00
4.938383838383836877e-01
2.403030303030307679e-01
2.675161616161613409e+01
1.660545454545454547e+01
7.620202020202012649e-01
9.305050505050509457e-01
1.717373737373736109e+00
1.083737373737371446e+00
9.614141414141426090e-01
3.257575757575760234e-01
0.000000000000000000e+00
1.979797979797979016e-02
9.360606060606042611e-01
6.416060606060604243e+00
9.892929292929305563e-01
1.950060606060606361e+01
9.584848484848480510e+00
5.248686868686863960e+00
7.857575757575749886e-01
2.979797979797978169e-02
1.044343434343435240e+00
8.152525252525250066e-01
0.000000000000000000e+00
3.356343434343435206e+01
5.824242424242411786e-01
5.843434343434330547e-01
7.339393939393920041e-01
1.482929292929294984e+00
9.417171717171739509e-01
1.020909090909090766e+00
1.736363636363635665e+00
0.000000000000000000e+00
0.000000000000000000e+00
1.786363636363636687e+01
8.026262626262616884e-01
1.829323232323232418e+01
1.842424242424241798e-01
9.372727272727249259e-01
0.000000000000000000e+00
8.973939393939396325e+00
0.000000000000000000e+00
4.305252525252529772e+00
0.000000000000000000e+00
4.305050505050505572e-01
1.033717171717170480e+01
1.018383838383839501e+00
1.025353535353535017e+00
3.205050505050505194e+01
1.442222222222226291e+00
1.672626262626259575e+00
9.999999999999962044e-03
1.002323232323231395e+00
0.000000000000000000e+00
1.213636363636365179e+00
7.058181818181820333e+00
2.939393939393942709e-02
8.143636363636373332e+00
4.055838383838384686e+01
1.025757575757577422e+00
0.000000000000000000e+00
1.141212121212122899e+00
1.824282828282830593e+01
1.731717171717168879e+00
7.186868686868674860e-01
1.659494949494950689e+01
0.000000000000000000e+00
7.128282828282810346e-01
0.000000000000000000e+00
1.296969696969694774e-01
2.250222222222224033e+01
1.733333333333331172e-01
3.364343434343433525e+00
2.513434343434338469e+00
9.430303030303038847e-01
5.562626262626255702e-01
2.233333333333339110e-01
1.893939393939390314e-01
5.286868686868679834e-01
2.644949494949492941e+00
1.119393939393939386e+00
9.945454545454525119e-01
5.696969696969710756e-02
4.015151515151514916e-01
3.686363636363634733e+00
1.353484848484848513e+01
7.211111111111121463e-01
6.543434343434331169e-01
1.557777777777779704e+00
1.979797979797979363e-02
3.035474747474746593e+01
9.100000000000006972e-01
7.411111111111118310e-01
1.976666666666664129e+00
7.506060606060613871e-01
8.351515151515157553e-01
2.066969696969695569e+00
1.216161616161617748e-01
3.666666666666666963e-01
0.000000000000000000e+00
3.833333333333326376e-01
1.300404040404042227e+00
2.774797979797980929e+01
2.741515151515151771e+01
1.082222222222220642e+00
2.521212121212118573e-01
1.026363636363638365e+00
7.763636363636354787e-01
1.342828282828284925e+00
2.354545454545460548e-01
1.538686868686868436e+00
0.000000000000000000e+00
1.995757575757577396e+00
8.851515151515148006e-01
9.783838383838403541e-01
7.686868686868693068e-01
1.598686868686868712e+00
2.560606060606065992e-01
3.723070707070707641e+01
1.014040404040404741e+00
3.405858585858586363e+00
1.005050505050504084e+00
1.220404040404039714e+00
8.770707070707057795e-01
1.160505050505051816e+00
8.067676767676772442e-01
5.089090909090903558e+00
1.017676767676765959e+00
1.045151515151514499e+00
1.025656565656567487e+00
0.000000000000000000e+00
5.684848484848493699e-01
6.643434343434351241e-01
1.666464646464643540e+00
1.027676767676767300e+00
1.652828282828279871e+00
1.943434343434342904e-01
1.979797979797979016e-02
2.079797979797982366e-01
9.999999999999963779e-03
5.416161616161605519e-01
0.000000000000000000e+00
2.205050505050507315e-01
8.987878787878796905e-01
1.152929292929294469e+00
3.878787878787880172e-02
1.675757575757577111e-01
3.200101010101009447e+00
7.387878787878787712e-01
6.570101010101011774e+00
0.000000000000000000e+00
0.000000000000000000e+00
9.586868686868682543e-01
4.878787878787887999e-02
0.000000000000000000e+00
6.915151515151518602e-01
1.858686868686866500e+00
0.000000000000000000e+00
1.158080808080807378e+00
1.250707070707069990e+00
1.533939393939394158e+00
2.939393939393943056e-02
5.696969696969712837e-02
