2.078282828282826955e+00
8.422222222222212062e-01
0.000000000000000000e+00
6.722222222222223875e-01
1.862828282828283610e+00
5.958585858585851991e-01
2.354545454545460270e-01
8.671717171717168160e-01
2.379797979797985130e-01
8.790909090909101442e-01
3.007585858585858674e+01
1.675757575757577944e-01
0.000000000000000000e+00
6.674747474747472209e-01
1.121111111111110725e+00
2.404343434343437114e+00
0.000000000000000000e+00
0.000000000000000000e+00
2.142404040404041865e+01
8.563636363636363269e-01
0.000000000000000000e+00
5.261616161616167187e-01
1.178484848484850911e+00
2.233333333333338278e-01
0.000000000000000000e+00
9.999999999999974187e-03
1.222424242424240415e+00
0.000000000000000000e+00
9.999999999999960310e-03
8.600000000000013189e-01
2.431717171717170167e+00
5.696969696969703817e-02
2.091919191919190957e-01
5.149494949494946017e-01
9.690909090909102241e-01
9.970707070707081066e-01
4.406101010101011184e+01
1.934333333333333371e+01
2.354545454545460270e-01
1.243838383838382189e+00
4.029393939393934865e+00
5.969696969696975941e-01
1.099696969696968285e+00
7.929292929292925951e-01
1.134444444444444366e+00
0.000000000000000000e+00
4.277777777777774793e-01
0.000000000000000000e+00
1.352121212121211613e+00
6.814141414141409392e+00
1.169292929292926608e+00
0.000000000000000000e+00
8.272727272727277426e-02
4.787878787878794284e-01
1.603131313131314073e+00
3.176767676767678905e-01
1.051111111111109775e+00
4.267676767676760741e-01
2.354646464646466875e+00
8.019191919191913653e-01
2.204828282828282937e+01
7.380808080808073379e-01
1.524131313131312560e+01
0.000000000000000000e+00
9.011111111111126393e-01
2.939393939393942709e-02
2.618282828282825658e+00
1.060404040404042902e+00
2.516161616161619596e-01
3.878787878787880172e-02
1.353434343434342990e+00
9.999999999999962044e-03
1.207171717171718450e+00
1.564040404040403009e+00
9.515151515151500095e-02
2.300555555555555642e+01
1.230202020202018520e+00
9.814141414141404063e-01
1.466969696969695391e+01
4.882828282828280408e-01
6.935353535353531162e-01
9.065656565656551313e-01
9.595959595959610566e-02
2.937777777777781374e+00
2.137676767676770062e+00
1.153838383838384773e+00
6.172727272727265291e-01
1.455959595959593900e+00
4.377777777777781543e-01
2.079797979797982366e-01
2.979797979797977128e-02
8.548484848484861898e-01
2.979797979797976781e-02
1.146666666666669165e+00
9.913131313131297029e-01
4.819191919191914697e-01
1.315858585858585172e+00
1.023131313131312448e+00
9.716161616161608228e-01
3.031121212121212594e+01
1.603939393939393332e+00
0.000000000000000000e+00
6.575757575757584794e-02
6.384040404040406180e+00
2.424242424242418481e-01
7.748484848484834542e-01
5.004040404040398515e-01
4.148484848484844667e-01
2.524242424242423843e-01
1.472222222222222987e+00
2.707070707070701188e-01
1.979797979797979363e-02
9.999999999999953371e-03
1.323939393939391529e+00
1.190202020202022481e+00
1.045454545454546497e-01
0.000000000000000000e+00
1.756060606060602547e+00
9.820202020202010162e-01
3.853535353535356922e+00
3.340909090909089940e+00
7.001010101010096687e-01
2.069696969696965816e-01
7.585858585858592518e-01
1.185353535353533383e+00
3.670707070707075470e-01
8.478787878787872323e-01
1.979797979797979016e-02
6.005656565656560808e+00
0.000000000000000000e+00
0.000000000000000000e+00
0.000000000000000000e+00
9.999999999999977657e-03
1.048989898989897140e+00
7.460606060606056467e-01
7.011717171717181785e+00
2.524242424242423843e-01
2.191818181818181888e+00
8.470707070707070852e-01
0.000000000000000000e+00
8.165656565656567167e-01
9.506060606060611207e-01
9.999999999999975922e-03
1.061717171717171393e+00
2.297979797979793071e-01
1.178787878787877386e+00
9.473737373737384226e-01
2.661616161616165988e-01
9.666666666666654528e-01
9.999999999999993269e-03
1.331111111111109357e+00
7.966666666666674113e-01
0.000000000000000000e+00
1.189393939393937449e+00
2.756464646464648727e+00
5.648484848484844889e-01
1.023131313131314224e+00
3.055555555555556690e+00
8.956565656565672606e-01
6.696969696969702623e-02
6.575757575757588957e-02
0.000000000000000000e+00
1.216161616161618164e-01
6.943131313131315707e+00
1.398585858585857489e+00
3.349505050505050008e+01
1.979797979797979363e-02
9.067676767676755567e-01
4.419494949494954028e+00
9.877777777777776436e-01
9.888888888888892892e-02
9.130303030303020817e-01
5.958585858585861983e-01
0.000000000000000000e+00
6.711111111111119909e-01
4.766767676767683426e+00
1.205757575757574029e+00
1.142424242424243397e-01
1.979797979797979016e-02
7.448484848484854259e-01
0.000000000000000000e+00
9.813131313131323585e-01
7.434343434343432255e-02
9.604040404040399270e-01
2.355555555555554070e-01
7.242424242424237990e-01
9.340404040404035602e-01
7.330303030303013667e-01
7.775757575757579199e-01
1.788888888888890416e-01
1.255757575757577849e+00
1.263838383838385537e+00
8.676767676767689341e-01
1.099191919191917721e+00
0.000000000000000000e+00
1.558181818181817890e+00
0.000000000000000000e+00
9.811111111111120442e-01
0.000000000000000000e+00
8.546060606060599696e+00
5.848686868686867157e+00
7.154545454545455652e-01
1.440404040404037744e-01
0.000000000000000000e+00
1.115555555555553857e+00
0.000000000000000000e+00
2.413131313131310129e+00
0.000000000000000000e+00
9.999999999999968983e-03
2.987878787878784359e-01
3.076767676767676818e+01
2.475757575757577267e-01
1.848484848484850951e-01
3.575757575757577689e-01
1.088383838383839786e+00
2.586525252525253293e+01
1.029888888888888232e+01
1.069767676767676967e+01
5.865656565656566235e-01
9.045454545454557627e-01
5.343434343434353417e-01
2.621212121212116997e-01
2.804646464646467940e+00
0.000000000000000000e+00
1.034787878787878590e+01
6.719191919191931373e-01
1.204040404040405132e+00
4.531313131313125520e-01
3.230909090909087400e+00
5.670707070707080577e-01
0.000000000000000000e+00
5.401010101010091935e-01
1.271414141414141552e+00
1.255858585858587340e+00
3.838181818181817917e+00
2.056161616161614969e+00
4.759696969696963542e+00
1.043131313131312465e+00
8.940404040404049679e-01
5.044444444444450282e-01
7.499999999999991118e-01
6.976767676767674509e-01
0.000000000000000000e+00
1.893939393939393923e-01
9.796969696969718422e-01
1.276363636363638143e+00
8.617171717171720147e+00
1.204141414141416622e+00
5.157575757575757480e-01
5.481818181818183255e-01
7.506060606060606100e-01
9.848484848484858611e-01
1.109090909090910543e-01
2.939393939393944097e-02
2.121212121212122381e-01
4.492727272727273125e+00
6.649494949494955121e-01
2.355959595959594921e+00
1.919090909090910957e+00
1.314646464646462398e+00
0.000000000000000000e+00
0.000000000000000000e+00
8.744444444444452458e-01
3.661515151515151612e+00
2.416101010101010260e+01
9.463636363636367399e-01
2.373232323232321583e+00
9.309090909090899091e-01
4.794949494949490298e-01
9.107070707070699100e-01
1.150909090909087773e+00
4.282727272727267831e+00
0.000000000000000000e+00
2.710404040404040149e+00
0.000000000000000000e+00
9.999999999999960310e-03
1.284444444444444278e+00
1.216161616161617748e-01
0.000000000000000000e+00
1.311717171717173613e+00
1.118989898989899201e+00
7.138484848484851319e+00
6.877777777777772661e-01
9.642424242424258995e-01
2.540909090909091450e+00
1.104949494949496458e+00
1.133353535353535513e+01
1.230202020202019186e+00
1.322323232323230791e+00
2.521212121212118573e-01
1.257575757575759345e+00
6.362727272727275007e+00
1.230202020202018298e+00
0.000000000000000000e+00
1.220101010101010797e+00
7.367676767676778482e-01
3.386969696969693633e+00
8.272727272727277426e-02
1.166868686868685945e+00
1.490909090909092460e-01
8.575757575757591011e-01
6.443434343434345513e-01
4.350505050505056870e-01
1.104444444444442341e+00
0.000000000000000000e+00
8.450505050505047189e-01
1.066666666666668400e-01
2.443434343434337519e-01
7.410101010101025620e-01
8.520202020202013449e-01
1.979797979797979710e-02
2.939393939393944791e-02
8.470707070707067521e-01
4.928282828282834482e-01
0.000000000000000000e+00
0.000000000000000000e+00
7.727272727272728181e-01
1.176060606060607805e+00
1.386969696969696741e+00
0.000000000000000000e+00
2.068585858585854975e+00
6.666666666666666297e-01
4.159393939393942752e+00
2.103333333333334831e+00
3.899898989898990642e+00
9.675757575757573115e-01
6.663535353535347205e+00
7.070707070707059616e-01
9.242424242424255310e-01
0.000000000000000000e+00
7.175757575757576445e-01
1.222626262626263172e+00
1.340404040404043151e+00
9.999999999999963779e-03
1.088383838383837343e+00
6.605050505050503729e-01
1.490909090909092460e-01
7.112121212121210734e-01
9.282828282828279320e-01
1.733333333333332560e-01
1.264545454545456415e+00
0.000000000000000000e+00
7.434343434343430868e-02
3.878787878787880172e-02
0.000000000000000000e+00
3.135515151515150833e+01
7.669696969696964128e-01
1.021262626262626760e+01
3.795959595959594868e-01
1.478888888888890252e+00
1.957474747474748922e+00
1.550505050505048388e+00
9.999999999999986330e-03
6.499999999999998002e-01
3.939393939393939781e-02
3.052929292929294380e+00
0.000000000000000000e+00
1.742323232323229165e+00
1.570404040404042689e+00
0.000000000000000000e+00
1.990909090909090684e-01
7.434343434343430868e-02
0.000000000000000000e+00
2.188888888888894935e-01
0.000000000000000000e+00
4.323232323232320540e-01
5.239393939393938160e-01
1.753838383838384418e+00
1.849494949494950191e+01
2.460606060606066736e-01
1.287878787878784514e-01
0.000000000000000000e+00
2.464646464646468027e-01
0.000000000000000000e+00
1.112626262626261520e+00
0.000000000000000000e+00
9.810101010101014429e-01
2.524242424242423843e-01
8.443434343434343958e-01
7.281818181818189295e-01
4.762727272727271810e+00
1.142727272727275034e+00
0.000000000000000000e+00
0.000000000000000000e+00
7.850505050505056648e-01
8.548484848484860787e-01
8.904040404040398649e-01
1.536262626262624220e+00
9.888888888888897055e-02
4.251414141414137760e+00
1.346656565656565441e+01
8.073737373737359668e-01
2.036363636363636154e-01
7.613131313131314970e-01
9.910101010101006747e-01
1.374343434343436643e+00
7.989898989898996939e-01
2.121212121212122381e-01
1.237878787878786024e+00
2.452020202020204653e+00
8.689898989898995341e-01
1.147272727272726334e+00
1.680202020202021274e+01
7.288888888888878093e-01
1.602808080808081570e+01
7.779797979797981045e-01
8.127272727272709663e-01
2.863636363636360205e+00
1.150606060606058190e+00
9.489898989899000492e-01
0.000000000000000000e+00
2.542525252525256629e+00
2.854545454545455718e-01
7.120202020202026638e-01
1.800949494949494678e+01
1.262121212121210867e+00
1.621414141414141952e+01
1.446767676767678479e+00
1.554545454545456507e-01
1.113737373737373249e+00
1.337272727272725170e+00
1.290303030303027843e+00
2.939393939393944097e-02
2.354545454545460548e-01
2.830323232323231863e+01
1.801111111111110219e+00
3.962828282828283921e+00
9.999999999999998473e-03
7.154545454545463423e-01
6.127272727272740083e-01
2.391818181818181621e+00
9.999999999999995004e-03
9.888888888888901219e-02
0.000000000000000000e+00
2.121313131313131706e+00
8.309090909090909305e-01
1.654545454545455485e-01
8.995757575757570734e+00
6.034343434343434343e-01
1.057575757575758835e-01
2.443434343434337519e-01
1.152929292929295135e+00
1.801010101010103170e+00
2.368141414141413392e+01
2.813939393939398848e+00
0.000000000000000000e+00
0.000000000000000000e+00
1.387878787878792930e-01
3.553434343434342058e+00
1.053333333333333677e+00
0.000000000000000000e+00
4.793939393939387061e-01
8.589898989899001913e-01
9.837373737373724669e-01
7.286868686868692713e-01
1.018080808080807698e+00
1.655959595959593411e+00
1.102525252525253352e+00
1.033737373737372289e+00
0.000000000000000000e+00
0.000000000000000000e+00
1.633737373737374599e+00
1.946464646464644010e-01
0.000000000000000000e+00
2.431313131313128373e-01
1.842424242424241798e-01
1.604040404040401324e-01
1.451717171717171517e+00
9.335353535353519971e-01
9.149494949494947349e-01
2.354545454545459715e-01
0.000000000000000000e+00
2.777777777777773460e-01
2.225353535353532308e+00
1.180808080808082083e+00
1.970303030303029113e+00
7.492929292929296770e-01
4.062626262626254370e-01
4.685858585858584391e-01
9.018181818181819631e-01
1.267373737373735931e+00
3.754898989898990891e+01
9.926262626262619682e-01
8.423232323232335839e-01
6.014141414141407349e-01
1.359090909090911126e+00
2.953030303030304893e+00
5.097979797979788064e-01
4.104040404040412149e-01
0.000000000000000000e+00
1.017575757575759354e+00
5.436363636363640284e-01
1.405454545454546844e+00
1.893939393939393923e-01
0.000000000000000000e+00
2.939393939393944791e-02
1.176464646464648212e+00
1.979797979797979363e-02
0.000000000000000000e+00
5.868686868686875391e-01
6.300909090909102339e+00
1.502525252525250155e+00
1.030090909090909435e+01
9.999999999999948166e-03
2.524242424242422178e-01
1.159494949494950466e+00
4.878787878787880367e-02
1.044040404040405878e+00
1.202828282828281248e+00
0.000000000000000000e+00
1.512020202020202042e+00
1.771454545454545126e+01
5.489898989898974735e-01
9.626262626262610533e-01
3.453636363636362727e+00
8.923232323232320740e-01
8.285858585858579817e-01
1.363434343434341889e+00
0.000000000000000000e+00
5.727272727272718633e-01
2.055555555555558023e+00
4.496969696969689290e-01
1.572626262626261484e+00
1.047979797979796457e+00
3.118585858585857462e+00
0.000000000000000000e+00
1.151818181818181186e+00
1.066666666666667984e-01
6.608080808080805113e-01
2.809494949494947047e+00
1.610040404040402962e+01
4.961212121212126291e+00
5.716161616161610226e-01
0.000000000000000000e+00
5.634646464646462682e+00
7.616161616161606362e-01
3.352525252525254684e-01
1.119181818181817967e+01
6.829292929292914982e-01
2.939393939393940280e-02
1.070202020202019932e+00
1.278989898989897123e+00
0.000000000000000000e+00
1.068888888888889888e+00
9.090909090909075896e-02
1.526060606060607006e+00
0.000000000000000000e+00
1.062929292929292169e+00
6.397979797979789218e-01
9.999999999999974187e-03
7.683939393939398066e+00
7.434343434343430868e-02
3.396464646464645742e+00
7.118181818181812393e-01
1.425252525252529434e-01
1.279797979797981711e+00
0.000000000000000000e+00
1.852020202020204565e+00
6.115151515151526773e-01
4.128656565656564936e+01
8.442424242424247938e-01
6.426464646464652652e+00
4.562222222222223067e+00
1.137979797979799867e+00
9.999999999999984596e-03
9.753535353535345287e-01
1.702020202020200657e+00
1.009595959595958492e+00
1.135454545454543940e+00
2.160606060606057310e-01
1.064060606060606595e+01
7.685858585858579284e-01
8.272727272727277426e-02
1.347777777777776187e+00
9.054545454545470662e-01
1.388888888888886453e-01
3.342717171717172420e+01
1.083636363636363953e+00
6.309090909090898647e-01
2.265252525252521298e+00
1.158383838383839848e+00
9.475353535353534085e+00
0.000000000000000000e+00
0.000000000000000000e+00
8.951515151515130331e-01
6.293939393939393945e-01
1.710535353535353309e+01
1.002323232323231172e+00
5.858585858585859535e-02
9.266666666666688590e-01
1.449494949494952722e+00
0.000000000000000000e+00
3.011111111111107519e+00
2.834444444444444500e+01
8.257575757575758013e-01
2.463636363636368676e-01
1.943434343434342904e-01
4.656060606060604457e+00
9.090909090909084223e-02
3.437070707070707698e+01
0.000000000000000000e+00
5.853535353535344044e-01
0.000000000000000000e+00
1.251212121212122552e+00
2.524242424242423843e-01
9.999999999999962044e-03
7.967676767676776795e-01
2.923232323232317076e-01
2.188919191919191576e+01
2.424242424242418481e-01
8.571717171717179173e-01
2.516161616161619596e-01
1.788888888888889583e-01
5.872727272727281678e-01
1.304949494949491751e+00
2.366666666666672469e-01
2.412828282828280990e+00
0.000000000000000000e+00
9.363636363636373972e-01
9.868686868686862290e-01
3.090707070707074511e+00
1.139797979797981364e+00
1.820808080808080209e+00
7.394949494949483171e-01
0.000000000000000000e+00
6.124242424242430927e-01
9.090909090909084223e-02
4.245454545454540041e-01
2.509484848484850161e+01
3.433676767676766417e+01
6.991919191919186982e-01
9.090909090909091161e-02
8.822222222222217969e-01
2.490757575757576703e+01
1.150303030303029495e+00
1.373939393939393128e+00
2.707070707070700633e-01
1.017474747474749863e+00
2.124242424242427651e-01
9.990909090909075863e-01
4.193515151515150308e+01
1.878787878787881727e-01
1.999999999999989980e-02
1.600707070707071855e+00
2.160191919191918331e+01
7.759595959595951831e-01
1.193737373737372431e+00
1.733333333333332005e-01
2.325757575757573026e+00
1.842424242424241798e-01
0.000000000000000000e+00
2.036363636363636154e-01
1.003111111111110709e+01
2.045151515151518939e+00
4.405080808080806776e+01
0.000000000000000000e+00
5.352525252525253130e-01
9.566666666666673313e-01
8.393939393939400251e-01
7.434343434343430868e-02
8.410101010101013186e-01
7.526262626262615330e-01
1.942424242424241332e-01
6.731717171717167325e+00
0.000000000000000000e+00
1.488888888888884876e-01
1.767070707070704128e+00
0.000000000000000000e+00
1.942424242424244385e-01
7.949494949494957385e-01
1.106060606060604856e+00
5.329191919191919702e+00
7.077777777777778390e-01
2.577777777777774393e-01
1.309191919191917020e+00
2.277777777777776902e-01
8.106060606060613294e-01
4.706060606060615270e-01
0.000000000000000000e+00
5.732727272727273338e+00
1.425252525252527769e-01
2.327272727272731989e-01
0.000000000000000000e+00
6.575757575757591733e-02
0.000000000000000000e+00
7.088888888888890127e-01
1.287878787878783127e-01
3.913131313131316125e-01
2.939393939393943403e-02
1.091919191919190180e+00
8.608080808080788016e-01
1.377777777777776658e+00
9.711111111111093708e-01
1.472929292929292311e+00
1.280202020202021451e+00
1.436313131313132274e+01
3.248262626262626185e+01
1.130404040404037858e+00
1.043434343434344269e+00
6.183737373737365317e+00
1.788888888888890139e-01
2.225252525252523039e+00
0.000000000000000000e+00
1.894848484848482340e+00
7.976767676767677617e-01
0.000000000000000000e+00
8.965656565656544563e-01
1.282828282828285260e-01
0.000000000000000000e+00
2.828383838383835336e+00
2.105565656565654464e+01
2.136363636363637353e-01
7.015151515151524242e-01
1.240303030303031129e+00
2.436969696969696120e+00
8.167676767676773641e-01
8.108080808080800894e-01
6.575757575757587570e-02
1.048484848484846799e+00
5.696969696969707286e-02
9.158585858585864825e-01
2.054343434343432140e+00
7.849494949494956186e-01
1.027676767676769742e+00
2.570707070707066721e-01
2.403030303030307957e-01
1.240606060606061600e+00
1.142424242424244507e-01
3.105656565656568890e+00
2.821212121212121282e+00
5.967676767676775018e-01
2.776060606060602343e+00
1.979797979797979016e-02
2.495959595959599542e-01
2.475757575757577267e-01
8.167676767676784744e-01
1.848383838383840239e+00
1.979797979797979016e-02
1.219292929292929539e+00
8.766666666666664831e-01
3.237323232323233668e+01
4.797979797979799732e-02
4.021717171717170913e+00
4.797979797979806671e-02
1.329292929292928971e-01
3.878787878787882448e+00
1.470202020202021842e+00
6.021212121212116131e-01
9.090909090909068957e-02
2.329252525252524819e+01
1.553535353535352215e+00
1.349898989898991486e+00
1.186868686868685491e-01
2.395959595959593624e-01
6.601010101010111875e-01
1.542727272727269172e+00
4.672626262626264904e+00
0.000000000000000000e+00
0.000000000000000000e+00
5.913131313131322342e-01
7.820202020202029480e-01
1.264444444444446258e+00
2.583232323232322880e+00
1.353434343434345877e+00
1.001010101010100906e+00
2.715151515151519312e-01
0.000000000000000000e+00
0.000000000000000000e+00
1.542020202020202513e+00
1.161010101010103934e+00
1.209999999999997300e+00
0.000000000000000000e+00
1.489494949494950538e+00
4.088989898989898286e+00
1.945454545454541329e-01
1.266909090909091162e+01
1.337777777777780619e+00
1.626262626262627631e+00
7.670707070707060149e-01
2.796161616161614738e+00
1.248383838383835265e+00
0.000000000000000000e+00
8.382828282828290734e-01
1.525757575757578977e+00
3.878787878787880172e-02
1.046262626262627560e+00
7.880808080808084926e-01
1.380848484848485036e+01
3.386262626262625641e+00
8.331313131313116127e-01
7.582828282828271149e-01
1.999999999999997266e-02
2.197979797979799643e-01
0.000000000000000000e+00
2.427272727272731800e-01
8.830303030303033873e-01
2.617171717171714040e-01
3.785858585858585812e-01
1.011212121212119230e+00
6.300505050505057270e+00
9.118181818181819054e+00
5.876767676767672421e-01
0.000000000000000000e+00
4.797979797979799038e-02
7.052020202020197637e+00
7.973737373737370682e-01
1.301616161616159673e+00
1.613535353535353378e+00
0.000000000000000000e+00
6.208080808080800317e-01
9.090909090909084223e-02
0.000000000000000000e+00
7.798181818181822322e+00
1.318686868686867575e+00
9.852525252525238253e-01
2.955555555555558489e-01
1.303636363636362150e+00
2.395959595959595567e-01
1.293838383838384454e+00
3.378585858585857693e+00
8.070707070707088260e-01
7.793939393939385285e-01
9.999999999999953371e-03
1.435454545454544206e+00
5.342323232323232141e+00
7.651515151515160262e-01
5.741414141414155070e-01
0.000000000000000000e+00
2.939393939393941321e-02
7.114141414141421649e-01
1.359898989898992827e+00
5.627272727272736308e-01
1.554545454545456507e-01
2.848282828282831414e+00
2.198656565656565220e+01
1.528181818181816309e+00
2.092121212121211382e+00
1.849494949494951079e+00
5.188888888888897322e-01
2.379797979797985408e-01
2.626575757575755787e+01
1.667727272727272236e+01
7.016161616161635806e-01
9.351515151515151780e-01
1.680808080808082527e+00
1.055959595959595099e+00
9.687878787878764220e-01
3.081818181818180569e-01
0.000000000000000000e+00
1.979797979797979016e-02
9.070707070707071384e-01
6.389393939393943178e+00
9.961616161616140275e-01
1.918575757575757024e+01
9.580707070707072504e+00
4.942323232323223792e+00
7.751515151515167013e-01
1.999999999999997266e-02
1.059494949494950600e+00
7.404040404040419521e-01
0.000000000000000000e+00
3.253525252525251688e+01
5.671717171717163275e-01
5.332323232323240569e-01
7.339393939393923372e-01
1.440202020202018263e+00
9.142424242424259662e-01
9.158585858585861494e-01
1.749393939393937059e+00
0.000000000000000000e+00
0.000000000000000000e+00
1.769686868686869019e+01
7.719191919191927820e-01
1.890030303030302505e+01
1.733333333333332005e-01
9.424242424242414984e-01
0.000000000000000000e+00
8.767474747474746977e+00
0.000000000000000000e+00
4.147070707070710682e+00
0.000000000000000000e+00
4.432323232323232554e-01
1.024151515151515746e+01
1.013737373737371827e+00
1.101616161616162826e+00
3.156474747474746323e+01
1.397878787878786389e+00
1.550101010101011534e+00
0.000000000000000000e+00
9.562626262626270357e-01
0.000000000000000000e+00
1.270101010101012617e+00
6.875151515151515014e+00
1.979797979797979363e-02
8.300909090909076582e+00
3.971060606060603959e+01
1.020808080808082607e+00
0.000000000000000000e+00
1.136464646464644401e+00
1.818929292929292885e+01
1.735858585858587322e+00
7.395959595959600286e-01
1.572626262626262061e+01
0.000000000000000000e+00
6.787878787878774967e-01
0.000000000000000000e+00
1.215151515151517286e-01
2.216232323232322798e+01
1.788888888888891249e-01
3.441010101010102851e+00
2.482323232323230933e+00
9.423232323232327845e-01
5.515151515151521799e-01
2.354545454545460270e-01
1.775757575757574147e-01
5.584848484848480288e-01
2.555454545454546533e+00
1.081414141414143382e+00
1.012424242424243781e+00
2.939393939393944097e-02
4.122222222222225452e-01
3.636262626262626974e+00
1.346373737373736290e+01
7.166666666666652308e-01
6.721212121212125634e-01
1.580909090909091930e+00
9.999999999999977657e-03
2.969111111111111612e+01
9.274747474747457865e-01
7.348484848484861942e-01
1.860404040404040948e+00
7.408080808080821367e-01
8.687878787878782205e-01
2.069090909090907981e+00
1.066666666666668400e-01
3.666666666666668073e-01
0.000000000000000000e+00
3.857575757575755770e-01
1.272020202020199608e+00
2.724474747474747360e+01
2.677282828282826799e+01
1.104141414141413202e+00
2.521212121212118573e-01
1.033434343434342928e+00
7.353535353535346486e-01
1.250707070707072210e+00
2.379797979797985685e-01
1.475454545454542021e+00
0.000000000000000000e+00
2.021313131313131617e+00
8.439393939393941002e-01
9.099999999999984768e-01
7.435353535353532717e-01
1.652727272727275265e+00
2.588888888888883910e-01
3.450888888888888317e+01
9.482828282828272837e-01
3.425252525252523661e+00
1.041919191919193244e+00
1.293535353535355092e+00
8.296969696969708208e-01
1.127575757575754567e+00
8.252525252525261257e-01
5.064545454545456238e+00
1.015858585858584462e+00
1.071818181818182225e+00
9.965656565656554333e-01
0.000000000000000000e+00
5.632323232323227513e-01
6.548484848484851240e-01
1.629696969696969644e+00
1.047878787878787188e+00
1.561818181818178886e+00
1.943434343434342904e-01
1.979797979797979016e-02
2.036363636363637541e-01
9.999999999999963779e-03
5.182828282828283450e-01
0.000000000000000000e+00
2.209090909090911659e-01
9.236363636363619234e-01
1.125151515151515680e+00
3.878787878787880172e-02
1.788888888888889583e-01
3.188888888888891771e+00
7.105050505050500842e-01
6.557171717171714320e+00
0.000000000000000000e+00
0.000000000000000000e+00
9.185858585858599490e-01
4.878787878787887999e-02
0.000000000000000000e+00
6.819191919191913698e-01
1.959393939393936135e+00
0.000000000000000000e+00
1.245555555555557747e+00
1.228181818181820040e+00
1.550505050505052829e+00
2.939393939393943056e-02
5.696969696969712837e-02
