2.246363636363637006e+00
8.768686868686879077e-01
0.000000000000000000e+00
6.681818181818172109e-01
1.840101010101009349e+00
6.064646464646473722e-01
2.403030303030307957e-01
8.882828282828286737e-01
2.403030303030307679e-01
9.398989898989911218e-01
2.958797979797978783e+01
1.654545454545454097e-01
0.000000000000000000e+00
6.924242424242429417e-01
1.335858585858582970e+00
2.583636363636363509e+00
0.000000000000000000e+00
9.999999999999981126e-03
2.234969696969696429e+01
8.330303030303031209e-01
0.000000000000000000e+00
5.517171717171709400e-01
1.134343434343435542e+00
2.197979797979799643e-01
0.000000000000000000e+00
0.000000000000000000e+00
1.197474747474748913e+00
9.999999999999962044e-03
9.999999999999960310e-03
8.701010101010089315e-01
2.724747474747472253e+00
5.696969696969703817e-02
2.043434343434342715e-01
5.129292929292924574e-01
1.032525252525254622e+00
9.448484848484841603e-01
4.601717171717173471e+01
1.944727272727272904e+01
2.403030303030307679e-01
1.296363636363637939e+00
4.199494949494955165e+00
6.171717171717179262e-01
1.068989898989900045e+00
7.886868686868686584e-01
1.013636363636361892e+00
0.000000000000000000e+00
4.264646464646459356e-01
0.000000000000000000e+00
1.426060606060603808e+00
6.944949494949492319e+00
1.218080808080805877e+00
0.000000000000000000e+00
8.272727272727276038e-02
4.499999999999991784e-01
1.600101010101008248e+00
3.438383838383841651e-01
1.044343434343435906e+00
4.450505050505050852e-01
2.328383838383842441e+00
8.188888888888871120e-01
2.289050505050505535e+01
7.974747474747463372e-01
1.556232323232323367e+01
0.000000000000000000e+00
9.302020202020194750e-01
2.939393939393942709e-02
2.885858585858589009e+00
1.120808080808082696e+00
2.516161616161619596e-01
2.939393939393943403e-02
1.553434343434343390e+00
1.979797979797979016e-02
1.307272727272731361e+00
1.558585858585858963e+00
1.045454545454545386e-01
2.484101010101008811e+01
1.268585858585856707e+00
9.957575757575760633e-01
1.496636363636362255e+01
4.809090909090906196e-01
7.214141414141408415e-01
9.134343434343430435e-01
1.049494949494951396e-01
3.367878787878788138e+00
2.192929292929296281e+00
1.328383838383838667e+00
5.849494949494953300e-01
1.555353535353534600e+00
4.373737373737380807e-01
2.079797979797982366e-01
3.959595959595958725e-02
8.422222222222228716e-01
2.979797979797976781e-02
1.146565656565657676e+00
1.103939393939391778e+00
4.870707070707075426e-01
1.336060606060605283e+00
1.104747474747475700e+00
1.025757575757574536e+00
2.966131313131310776e+01
1.685959595959598545e+00
0.000000000000000000e+00
9.090909090909086998e-02
6.474949494949507667e+00
2.475757575757577267e-01
7.732323232323241591e-01
5.070707070707060060e-01
4.009090909090908816e-01
2.516161616161619596e-01
1.684747474747471774e+00
2.810101010101004881e-01
1.979797979797979363e-02
9.999999999999953371e-03
1.423434343434344163e+00
1.119292929292932115e+00
9.595959595959600852e-02
0.000000000000000000e+00
1.766868686868686478e+00
1.025050505050507432e+00
4.067676767676772442e+00
3.316767676767677919e+00
6.544444444444443842e-01
2.182828282828282729e-01
7.752525252525266364e-01
1.150606060606058634e+00
3.901010101010100595e-01
8.660606060606078627e-01
1.979797979797979016e-02
6.112525252525251140e+00
0.000000000000000000e+00
0.000000000000000000e+00
0.000000000000000000e+00
9.999999999999977657e-03
1.007979797979798864e+00
8.120202020202019755e-01
7.681919191919190482e+00
2.525252525252525415e-01
2.129898989898991069e+00
8.916161616161628611e-01
0.000000000000000000e+00
9.038383838383833302e-01
9.614141414141397224e-01
9.999999999999975922e-03
1.073838383838381816e+00
2.266666666666662944e-01
1.177272727272725250e+00
9.700000000000013056e-01
2.610101010101014141e-01
9.518181818181805642e-01
9.999999999999993269e-03
1.422828282828283886e+00
7.804040404040409884e-01
0.000000000000000000e+00
1.234545454545452614e+00
2.736060606060608968e+00
6.164646464646473811e-01
9.975757575757582263e-01
3.176161616161614631e+00
9.373737373737379697e-01
5.797979797979802008e-02
9.090909090909075896e-02
0.000000000000000000e+00
1.216161616161618581e-01
7.067676767676764449e+00
1.402727272727273267e+00
3.331747474747476190e+01
1.979797979797979363e-02
9.606060606060614626e-01
4.420505050505052047e+00
9.449494949494963159e-01
1.066666666666667568e-01
9.756565656565665545e-01
6.886868686868683476e-01
0.000000000000000000e+00
6.376767676767676196e-01
4.743636363636358766e+00
1.139595959595960384e+00
1.425252525252529434e-01
1.979797979797979016e-02
7.812121212121206915e-01
0.000000000000000000e+00
9.424242424242404992e-01
7.434343434343432255e-02
1.065757575757574127e+00
2.051515151515149182e-01
7.732323232323246032e-01
9.980808080808095673e-01
8.107070707070713755e-01
8.854545454545451610e-01
1.788888888888890416e-01
1.350101010101010024e+00
1.142828282828281194e+00
8.467676767676757255e-01
1.118686868686871172e+00
0.000000000000000000e+00
1.525050505050504768e+00
0.000000000000000000e+00
9.982828282828282163e-01
0.000000000000000000e+00
8.500404040404033523e+00
6.220606060606065135e+00
6.996969696969694841e-01
1.514141414141410846e-01
0.000000000000000000e+00
1.084242424242425118e+00
0.000000000000000000e+00
2.513939393939397249e+00
0.000000000000000000e+00
9.999999999999968983e-03
3.319191919191918361e-01
3.174181818181817860e+01
2.475757575757577267e-01
3.004040404040401180e-01
3.812121212121214464e-01
1.162020202020199733e+00
2.569393939393937387e+01
1.075868686868688151e+01
1.105030303030302541e+01
6.006060606060595886e-01
9.646464646464637527e-01
5.379797979797973362e-01
2.624242424242423377e-01
2.901111111111114749e+00
0.000000000000000000e+00
1.005474747474747410e+01
6.503030303030301607e-01
1.235454545454543362e+00
4.527272727272728670e-01
3.024141414141412909e+00
5.857575757575768094e-01
0.000000000000000000e+00
6.074747474747465015e-01
1.295757575757572999e+00
1.168282828282827035e+00
3.724646464646461208e+00
2.127070707070708444e+00
4.949595959595963990e+00
9.946464646464634463e-01
9.395959595959605393e-01
5.520202020202014115e-01
7.766666666666678376e-01
7.165656565656552957e-01
0.000000000000000000e+00
1.733333333333331450e-01
1.072626262626264149e+00
1.456060606060606499e+00
9.209191919191917819e+00
1.217676767676768801e+00
5.993939393939387017e-01
6.044444444444451170e-01
7.500000000000011102e-01
1.046565656565654923e+00
1.286868686868685441e-01
2.939393939393944444e-02
2.266666666666661833e-01
4.811212121212115278e+00
6.947474747474747803e-01
2.467171717171714462e+00
1.940000000000004388e+00
1.453232323232325207e+00
0.000000000000000000e+00
0.000000000000000000e+00
8.995959595959586164e-01
3.449595959595962213e+00
2.457565656565655487e+01
1.000808080808079925e+00
2.407171717171722847e+00
8.897979797979803651e-01
4.742424242424236325e-01
9.156565656565671674e-01
1.201414141414141934e+00
4.520707070707074671e+00
0.000000000000000000e+00
2.870101010101007155e+00
0.000000000000000000e+00
9.999999999999960310e-03
1.431010101010102398e+00
1.287878787878786180e-01
0.000000000000000000e+00
1.337272727272728501e+00
1.226565656565655082e+00
7.696464646464641568e+00
7.084848484848483841e-01
1.056464646464648327e+00
2.597272727272728954e+00
1.122222222222221344e+00
1.113303030303030461e+01
1.161515151515149391e+00
1.143030303030301953e+00
2.516161616161619596e-01
1.236464646464643380e+00
6.351818181818180697e+00
1.293838383838384676e+00
0.000000000000000000e+00
1.284444444444443389e+00
7.105050505050518606e-01
3.466767676767676054e+00
8.434343434343428980e-02
1.170808080808077856e+00
1.490909090909092460e-01
8.544444444444432296e-01
6.842424242424257619e-01
4.288888888888883200e-01
1.106969696969698713e+00
0.000000000000000000e+00
8.536363636363655250e-01
1.066666666666668400e-01
2.488888888888884654e-01
7.436363636363650942e-01
8.687878787878781095e-01
1.979797979797979710e-02
2.939393939393944791e-02
8.625252525252516955e-01
4.787878787878780407e-01
0.000000000000000000e+00
0.000000000000000000e+00
8.073737373737369660e-01
1.245959595959593935e+00
1.472727272727271774e+00
0.000000000000000000e+00
2.111616161616158394e+00
7.202020202020218420e-01
4.308080808080815061e+00
2.301313131313128757e+00
4.034141414141410031e+00
1.142020202020200825e+00
6.695050505050511802e+00
7.060606060606072765e-01
9.070707070707055841e-01
0.000000000000000000e+00
7.291919191919201682e-01
1.251919191919193652e+00
1.366767676767679074e+00
9.999999999999963779e-03
1.031717171717174253e+00
6.635353535353545329e-01
1.357575757575757991e-01
7.630303030303045020e-01
8.848484848484833298e-01
1.788888888888890139e-01
1.330202020202018165e+00
2.939393939393941668e-02
7.434343434343430868e-02
2.939393939393944097e-02
0.000000000000000000e+00
3.026141414141413932e+01
8.195959595959606547e-01
1.138696969696968964e+01
3.751515151515147917e-01
1.520101010101009287e+00
2.005555555555553759e+00
1.515454545454545832e+00
9.999999999999986330e-03
6.789898989898978110e-01
4.939393939393953159e-02
3.159494949494948912e+00
0.000000000000000000e+00
1.774343434343429893e+00
1.523333333333334982e+00
0.000000000000000000e+00
1.893939393939393923e-01
8.272727272727277426e-02
0.000000000000000000e+00
2.277777777777777179e-01
0.000000000000000000e+00
4.345454545454541240e-01
5.165656565656572274e-01
1.759494949494946558e+00
1.900161616161616607e+01
2.488888888888884654e-01
1.490909090909092460e-01
0.000000000000000000e+00
2.297979797979799177e-01
0.000000000000000000e+00
1.171616161616160889e+00
0.000000000000000000e+00
1.016868686868685590e+00
2.524242424242423843e-01
8.543434343434326284e-01
7.272727272727281811e-01
4.570707070707074493e+00
1.205959595959594566e+00
0.000000000000000000e+00
0.000000000000000000e+00
7.756565656565655997e-01
8.292929292929290819e-01
9.413131313131335443e-01
1.608383838383840914e+00
8.272727272727277426e-02
4.510505050505051017e+00
1.335494949494949068e+01
8.662626262626286211e-01
2.233333333333338555e-01
7.691919191919176502e-01
1.017777777777778780e+00
1.494040404040405390e+00
8.782828282828271105e-01
1.990909090909089851e-01
1.175959595959597204e+00
2.658888888888887969e+00
9.076767676767693027e-01
1.228989898989901963e+00
1.712353535353535250e+01
6.716161616161626657e-01
1.704656565656564027e+01
7.836363636363629093e-01
8.026262626262624655e-01
2.874141414141411666e+00
1.223737373737372014e+00
9.228282828282834416e-01
0.000000000000000000e+00
2.711818181818180573e+00
2.942424242424243608e-01
6.984848484848488193e-01
1.836060606060605593e+01
1.296868686868689391e+00
1.768707070707070628e+01
1.431313131313128650e+00
1.554545454545456507e-01
1.184848484848485706e+00
1.403434343434341924e+00
1.338787878787880192e+00
1.979797979797979363e-02
2.354545454545460270e-01
2.874242424242424576e+01
1.841919191919190180e+00
4.123737373737372813e+00
9.999999999999998473e-03
7.307070707070701943e-01
6.058585858585849859e-01
2.626969696969695178e+00
0.000000000000000000e+00
1.066666666666668400e-01
0.000000000000000000e+00
2.224040404040404262e+00
8.827272727272740260e-01
1.873737373737368039e-01
9.230606060606058705e+00
6.516161616161620929e-01
1.237373737373739374e-01
2.379797979797985685e-01
1.148686868686870310e+00
1.791717171717173152e+00
2.456020202020200571e+01
3.045959595959599309e+00
0.000000000000000000e+00
0.000000000000000000e+00
1.457575757575757247e-01
3.606262626262624504e+00
1.051212121212122153e+00
0.000000000000000000e+00
4.705050505050497045e-01
8.999999999999983569e-01
1.034444444444445388e+00
7.198989898989910374e-01
9.889898989899000847e-01
1.661717171717171038e+00
1.084747474747476126e+00
1.074848484848486718e+00
0.000000000000000000e+00
0.000000000000000000e+00
1.688383838383840096e+00
1.866666666666666474e-01
0.000000000000000000e+00
2.319191919191916640e-01
1.990909090909090962e-01
1.813131313131312039e-01
1.404646464646463810e+00
8.479797979797963903e-01
9.076767676767671933e-01
2.427272727272731800e-01
0.000000000000000000e+00
2.867676767676771155e-01
2.276464646464650077e+00
1.265555555555556877e+00
1.983737373737378462e+00
7.343434343434350753e-01
4.051515151515159840e-01
5.197979797979789263e-01
9.728282828282831529e-01
1.344444444444442999e+00
4.075020202020201765e+01
9.747474747474734746e-01
9.477777777777791623e-01
5.953535353535338581e-01
1.403030303030301296e+00
2.836565656565658955e+00
5.511111111111105521e-01
4.184848484848485706e-01
0.000000000000000000e+00
1.008787878787877013e+00
6.128282828282831662e-01
1.387373737373736260e+00
2.079797979797981533e-01
0.000000000000000000e+00
2.939393939393944791e-02
1.192222222222219630e+00
1.979797979797979363e-02
0.000000000000000000e+00
5.929292929292925285e-01
6.133535353535347845e+00
1.533535353535351975e+00
1.008878787878786198e+01
9.999999999999948166e-03
2.403030303030307957e-01
1.178787878787879162e+00
4.878787878787880367e-02
1.257474747474744969e+00
1.366262626262627400e+00
0.000000000000000000e+00
1.574444444444443425e+00
1.757585858585858318e+01
5.654545454545463201e-01
9.298989898989914460e-01
3.687878787878785314e+00
9.235353535353549859e-01
8.687878787878795528e-01
1.411515151515150279e+00
0.000000000000000000e+00
5.720202020202012072e-01
2.106161616161618788e+00
4.545454545454550299e-01
1.573131313131310272e+00
1.107676767676766261e+00
3.296464646464649206e+00
0.000000000000000000e+00
1.048383838383839306e+00
9.888888888888884565e-02
6.500000000000004663e-01
2.972222222222218324e+00
1.720222222222221831e+01
5.175151515151523718e+00
5.439393939393950550e-01
0.000000000000000000e+00
5.923838383838382349e+00
7.748484848484846754e-01
3.181818181818176217e-01
1.144979797979797809e+01
7.598989898989910730e-01
2.939393939393940280e-02
1.069999999999997842e+00
1.263232323232324150e+00
0.000000000000000000e+00
1.087171717171715235e+00
8.272727272727277426e-02
1.503333333333335409e+00
0.000000000000000000e+00
1.081919191919194390e+00
6.112121212121202074e-01
0.000000000000000000e+00
8.064444444444447413e+00
5.696969696969707980e-02
3.516565656565653342e+00
7.263636363636363225e-01
1.490909090909092460e-01
1.212828282828281923e+00
0.000000000000000000e+00
1.775252525252522862e+00
5.762626262626269202e-01
4.307373737373737299e+01
9.186868686868688849e-01
6.830101010101008008e+00
4.715858585858587304e+00
1.166969696969695436e+00
9.999999999999984596e-03
9.440404040404054564e-01
1.746565656565660207e+00
9.331313131313138109e-01
1.116767676767675521e+00
2.297979797979792516e-01
1.055020202020202724e+01
7.969696969696967725e-01
9.090909090909086998e-02
1.367575757575759665e+00
8.733333333333319626e-01
1.388888888888886453e-01
3.455929292929293695e+01
1.122626262626260640e+00
6.451515151515156976e-01
2.396565656565661673e+00
1.138383838383837388e+00
9.903333333333344868e+00
0.000000000000000000e+00
0.000000000000000000e+00
8.798989898989897362e-01
7.046464646464638548e-01
1.878909090909091262e+01
9.877777777777765333e-01
6.777777777777758972e-02
8.891919191919203103e-01
1.417171717171714196e+00
0.000000000000000000e+00
2.911717171717169261e+00
2.968313131313132658e+01
8.156565656565657463e-01
2.722222222222215882e-01
1.943434343434342904e-01
4.727373737373738116e+00
9.090909090909084223e-02
3.544161616161616024e+01
9.999999999999981126e-03
6.215151515151519090e-01
0.000000000000000000e+00
1.267777777777778558e+00
2.524242424242423843e-01
9.999999999999962044e-03
7.898989898989896563e-01
2.807070707070708493e-01
2.351868686868685998e+01
2.475757575757577267e-01
9.177777777777768042e-01
2.516161616161619596e-01
1.842424242424241798e-01
6.119191919191915296e-01
1.304545454545456673e+00
2.319191919191918305e-01
2.275858585858584249e+00
0.000000000000000000e+00
9.049494949494943929e-01
1.036262626262625774e+00
2.977272727272727959e+00
1.060303030303028526e+00
1.878686868686871181e+00
7.460606060606068679e-01
0.000000000000000000e+00
5.869696969696980293e-01
9.090909090909080059e-02
3.934343434343441359e-01
2.670202020202022197e+01
3.505727272727273203e+01
6.828282828282824513e-01
9.090909090909091161e-02
9.034343434343445889e-01
2.600717171717169762e+01
1.186464646464644668e+00
1.473737373737373790e+00
2.818181818181823006e-01
1.048383838383835975e+00
2.245454545454540485e-01
1.115454545454544144e+00
4.009636363636364109e+01
2.245454545454545203e-01
1.999999999999989980e-02
1.703636363636360951e+00
2.230696969696968779e+01
8.140404040404033426e-01
1.316666666666666652e+00
1.893939393939393923e-01
2.126262626262622746e+00
1.842424242424241798e-01
0.000000000000000000e+00
2.036363636363636154e-01
1.000111111111110240e+01
1.906868686868689489e+00
4.765181818181817164e+01
0.000000000000000000e+00
5.584848484848483618e-01
9.729292929292938652e-01
9.009090909090905486e-01
9.090909090909086998e-02
8.243434343434346001e-01
7.677777777777772261e-01
2.043434343434342437e-01
6.551414141414138470e+00
0.000000000000000000e+00
1.666666666666662966e-01
1.789393939393937982e+00
0.000000000000000000e+00
2.121212121212119883e-01
8.107070707070704874e-01
1.170000000000000373e+00
5.709696969696969937e+00
6.869696969696987843e-01
2.601010101010097775e-01
1.335050505050503711e+00
2.234343434343434853e-01
8.919191919191934437e-01
4.563636363636370818e-01
0.000000000000000000e+00
6.039595959595963848e+00
1.554545454545456507e-01
2.266666666666661833e-01
0.000000000000000000e+00
7.434343434343430868e-02
0.000000000000000000e+00
7.152525252525254729e-01
1.425252525252529989e-01
3.978787878787886645e-01
2.939393939393943403e-02
1.135252525252524958e+00
8.366666666666672247e-01
1.452727272727269758e+00
1.023131313131312448e+00
1.570808080808082652e+00
1.267070707070704794e+00
1.516717171717171908e+01
3.210373737373737413e+01
1.121414141414143861e+00
1.071616161616160356e+00
6.063131313131314037e+00
1.943434343434342904e-01
2.298080808080805504e+00
0.000000000000000000e+00
1.823333333333331696e+00
7.993939393939404336e-01
0.000000000000000000e+00
8.992929292929294771e-01
1.203030303030303422e-01
0.000000000000000000e+00
2.890101010101010282e+00
2.111494949494949225e+01
1.986868686868691058e-01
7.286868686868688272e-01
1.288787878787879482e+00
2.557575757575763387e+00
7.957575757575776620e-01
7.930303030303030853e-01
7.676767676767663751e-02
1.079797979797980867e+00
6.575757575757584794e-02
1.015555555555557321e+00
2.136767676767679092e+00
8.851515151515142454e-01
1.113333333333334396e+00
2.567676767676773664e-01
2.379797979797985685e-01
1.273030303030305843e+00
1.216161616161617887e-01
3.181010101010103508e+00
2.826060606060604830e+00
6.062626262626263918e-01
2.744141414141416657e+00
1.979797979797979016e-02
2.431313131313128928e-01
2.475757575757577267e-01
8.692929292929293394e-01
1.799393939393939323e+00
2.939393939393943403e-02
1.348585858585858555e+00
9.349494949494968621e-01
3.459838383838383891e+01
6.575757575757583406e-02
4.089191919191922153e+00
8.272727272727277426e-02
1.319191919191920193e-01
3.975555555555551734e+00
1.538484848484846790e+00
6.361616161616165943e-01
9.090909090909068957e-02
2.275212121212120664e+01
1.574242424242422667e+00
1.353030303030301473e+00
1.009090909090911287e-01
2.319191919191916362e-01
6.951515151515139657e-01
1.493535353535356158e+00
4.561818181818183326e+00
0.000000000000000000e+00
0.000000000000000000e+00
6.245454545454538486e-01
7.800000000000001377e-01
1.233939393939392559e+00
2.705454545454546444e+00
1.375757575757577067e+00
9.410101010101022956e-01
2.673737373737369860e-01
0.000000000000000000e+00
0.000000000000000000e+00
1.512626262626263429e+00
1.144545454545452312e+00
1.270505050505049027e+00
0.000000000000000000e+00
1.463737373737373115e+00
4.488686868686873055e+00
1.945454545454541329e-01
1.346121212121213162e+01
1.412424242424244358e+00
1.759898989898986743e+00
7.968686868686880587e-01
3.004343434343433650e+00
1.330000000000002069e+00
0.000000000000000000e+00
8.403030303030303294e-01
1.527676767676767522e+00
5.696969696969714919e-02
1.061010101010102513e+00
7.985858585858586212e-01
1.458050505050503887e+01
3.462525252525248565e+00
8.084848484848478067e-01
7.571717171717173844e-01
2.979797979797975394e-02
2.121212121212122381e-01
0.000000000000000000e+00
2.691919191919194820e-01
1.013434343434344909e+00
3.050505050505045168e-01
3.787878787878787845e-01
1.061010101010099627e+00
6.390101010101005841e+00
9.137373737373739147e+00
6.099999999999986544e-01
0.000000000000000000e+00
4.797979797979797650e-02
7.379595959595953047e+00
7.557575757575754061e-01
1.265353535353538561e+00
1.576363636363636411e+00
0.000000000000000000e+00
6.223232323232319452e-01
8.272727272727277426e-02
0.000000000000000000e+00
8.165757575757583098e+00
1.317474747474748131e+00
9.650505050505034932e-01
3.081818181818176683e-01
1.215555555555553502e+00
2.464646464646467472e-01
1.298484848484847243e+00
3.635959595959598722e+00
8.042424242424248693e-01
8.371717171717162342e-01
9.999999999999953371e-03
1.588484848484849277e+00
5.621414141414142307e+00
7.977777777777785850e-01
5.921212121212106050e-01
0.000000000000000000e+00
1.979797979797979710e-02
7.329292929292929859e-01
1.375656565656566244e+00
6.383838383838387198e-01
1.675757575757577944e-01
2.871111111111115832e+00
2.096242424242424107e+01
1.639393939393937849e+00
2.147373737373738933e+00
1.867373737373738463e+00
5.252525252525259702e-01
2.327272727272731989e-01
2.714494949494950404e+01
1.664757575757575125e+01
7.632323232323243722e-01
9.137373737373726268e-01
1.687979797979796359e+00
1.112323232323231270e+00
9.365656565656558241e-01
3.239393939393943600e-01
0.000000000000000000e+00
4.797979797979799732e-02
9.651515151515164259e-01
6.521212121212120572e+00
9.875757575757589946e-01
1.925323232323232858e+01
1.000757575757575601e+01
5.219595959595950241e+00
8.340404040404035824e-01
2.979797979797978169e-02
1.060808080808082421e+00
8.168686868686867442e-01
0.000000000000000000e+00
3.416545454545455840e+01
5.561616161616146359e-01
5.670707070707076136e-01
7.412121212121193237e-01
1.499292929292930010e+00
9.239393939393925059e-01
1.042323232323232540e+00
1.797474747474747447e+00
0.000000000000000000e+00
0.000000000000000000e+00
1.818585858585859683e+01
8.135353535353535559e-01
1.828434343434342679e+01
1.842424242424241798e-01
9.665656565656582933e-01
0.000000000000000000e+00
9.162121212121228098e+00
0.000000000000000000e+00
4.076565656565661833e+00
0.000000000000000000e+00
4.288888888888890971e-01
1.028505050505052054e+01
1.014242424242425500e+00
1.004747474747474056e+00
3.250515151515151047e+01
1.512626262626261431e+00
1.712626262626264273e+00
1.999999999999995531e-02
9.913131313131321454e-01
0.000000000000000000e+00
1.159191919191920439e+00
7.112222222222227330e+00
1.979797979797979363e-02
8.313535353535343120e+00
4.088070707070713183e+01
1.099191919191918165e+00
0.000000000000000000e+00
1.190303030303030862e+00
1.891757575757577214e+01
1.641919191919191112e+00
7.242424242424245762e-01
1.696313131313131350e+01
0.000000000000000000e+00
6.984848484848472649e-01
0.000000000000000000e+00
1.215151515151516731e-01
2.266373737373736930e+01
1.675757575757576834e-01
3.514545454545452863e+00
2.542222222222217720e+00
1.003939393939393021e+00
5.456565656565657285e-01
2.297979797979792238e-01
2.079797979797984031e-01
5.185858585858591496e-01
2.740505050505050555e+00
1.131919191919189771e+00
9.740404040404034847e-01
5.696969696969710756e-02
3.960606060606054468e-01
3.826161616161614543e+00
1.430929292929292274e+01
7.021212121212121460e-01
6.551515151515162616e-01
1.649494949494952012e+00
1.979797979797979363e-02
2.984838383838384246e+01
8.924242424242438965e-01
6.806060606060613249e-01
1.860606060606063039e+00
7.383838383838379205e-01
8.567676767676778438e-01
2.181717171717173720e+00
1.287878787878783959e-01
3.813131313131306599e-01
0.000000000000000000e+00
3.999999999999999667e-01
1.343737373737375007e+00
2.803727272727274311e+01
2.834202020202020478e+01
1.116565656565658315e+00
2.524242424242423843e-01
9.859595959595978121e-01
7.992929292929307206e-01
1.391010101010103472e+00
2.354545454545460548e-01
1.578282828282830286e+00
0.000000000000000000e+00
2.097373737373734670e+00
9.052525252525237542e-01
1.013131313131310884e+00
7.718181818181816256e-01
1.641111111111112741e+00
2.575757575757576801e-01
3.777272727272726627e+01
1.021313131313134059e+00
3.457676767676763685e+00
9.731313131313131803e-01
1.336666666666669334e+00
8.610101010101025576e-01
1.183636363636362265e+00
8.200000000000013944e-01
5.181515151515147188e+00
1.032525252525251735e+00
1.000505050505049454e+00
1.003131313131311764e+00
0.000000000000000000e+00
5.385858585858582792e-01
6.714141414141425734e-01
1.668888888888889754e+00
1.106060606060608409e+00
1.669292929292930605e+00
1.943434343434342904e-01
2.939393939393944444e-02
1.990909090909090684e-01
9.999999999999963779e-03
5.698989898989895719e-01
0.000000000000000000e+00
2.382828282828284849e-01
8.924242424242406768e-01
1.125050505050504634e+00
4.797979797979801814e-02
1.788888888888889583e-01
3.210000000000000409e+00
7.290909090909081236e-01
6.472222222222223209e+00
0.000000000000000000e+00
0.000000000000000000e+00
9.821212121212102852e-01
4.797979797979802508e-02
0.000000000000000000e+00
6.759595959595952053e-01
2.061010101010103401e+00
0.000000000000000000e+00
1.230101010101007253e+00
1.272626262626264770e+00
1.582121212121210041e+00
2.939393939393943056e-02
5.696969696969707286e-02
