2.103737373737374572e+00
9.395959595959586519e-01
0.000000000000000000e+00
7.255555555555548430e-01
2.126161616161616585e+00
6.075757575757565476e-01
2.379797979797985408e-01
1.089191919191921487e+00
2.403030303030307679e-01
1.132727272727270362e+00
3.467868686868686012e+01
1.942424242424241887e-01
9.999999999999953371e-03
8.046464646464647208e-01
1.277878787878790945e+00
3.242222222222218342e+00
0.000000000000000000e+00
2.939393939393944791e-02
2.496595959595960323e+01
8.955555555555559932e-01
0.000000000000000000e+00
5.636363636363628249e-01
1.247777777777776986e+00
2.266666666666661001e-01
0.000000000000000000e+00
0.000000000000000000e+00
1.269494949494951230e+00
2.000000000000000042e-02
0.000000000000000000e+00
8.370707070707064101e-01
3.160606060606058865e+00
7.434343434343430868e-02
2.415151515151518768e-01
5.639393939393936295e-01
1.075353535353533951e+00
9.787878787878779852e-01
5.486808080808074806e+01
2.294888888888889866e+01
2.475757575757577267e-01
1.408585858585859052e+00
4.943939393939388083e+00
6.702020202020192441e-01
1.340909090909089274e+00
7.716161616161607562e-01
1.132828282828283850e+00
0.000000000000000000e+00
4.545454545454535311e-01
0.000000000000000000e+00
1.841515151515147553e+00
7.710303030303031768e+00
1.270202020202019000e+00
0.000000000000000000e+00
8.272727272727276038e-02
5.191919191919198706e-01
1.731111111111111045e+00
3.796969696969691443e-01
1.157777777777780903e+00
4.353535353535347707e-01
2.488484848484845635e+00
8.334343434343435275e-01
2.404919191919192301e+01
8.943434343434329969e-01
1.804797979797981000e+01
0.000000000000000000e+00
9.893939393939403804e-01
3.939393939393939781e-02
2.939898989898988901e+00
1.192121212121212137e+00
2.500000000000001110e-01
2.939393939393943403e-02
1.498484848484850085e+00
1.979797979797979016e-02
1.241818181818180378e+00
1.634949494949495596e+00
9.595959595959611954e-02
2.927090909090907900e+01
1.365151515151513228e+00
1.097171717171717020e+00
1.586050505050503467e+01
4.566666666666666097e-01
7.098989898989899183e-01
8.761616161616163634e-01
1.049494949494951396e-01
3.247171717171721372e+00
2.382121212121210974e+00
1.433636363636360267e+00
6.144444444444447928e-01
1.710505050505050750e+00
4.668686868686863778e-01
2.036363636363636986e-01
2.979797979797977128e-02
9.290909090909102996e-01
8.555555555555562075e-02
1.027676767676769298e+00
1.062020202020203197e+00
4.964646464646456092e-01
1.362626262626263074e+00
1.328686868686871803e+00
9.375757575757595053e-01
3.269838383838383322e+01
2.069797979797981302e+00
0.000000000000000000e+00
1.066666666666668400e-01
7.613939393939396894e+00
2.443434343434337797e-01
9.395959595959609834e-01
5.901010101010094600e-01
4.470707070707073405e-01
2.524242424242423843e-01
1.986060606060609190e+00
2.818181818181823006e-01
1.979797979797979363e-02
1.979797979797979016e-02
1.707272727272726831e+00
1.217272727272726840e+00
1.484848484848484695e-01
0.000000000000000000e+00
1.841515151515150883e+00
1.163434343434341267e+00
4.758181818181825840e+00
3.922727272727274617e+00
7.198989898989885949e-01
2.368686868686866454e-01
6.818181818181826559e-01
1.291515151515149507e+00
3.569696969696972699e-01
8.567676767676771776e-01
2.939393939393944444e-02
7.247575757575757116e+00
0.000000000000000000e+00
1.979797979797979363e-02
0.000000000000000000e+00
9.999999999999977657e-03
1.148888888888888626e+00
8.541414141414133132e-01
9.074545454545447143e+00
2.524242424242423843e-01
2.346565656565658742e+00
9.738383838383821711e-01
0.000000000000000000e+00
8.337373737373746652e-01
9.929292929292944381e-01
9.999999999999975922e-03
1.264242424242422391e+00
2.197979797979799643e-01
1.275858585858584915e+00
1.010303030303029370e+00
2.783838383838380115e-01
9.739393939393955479e-01
9.999999999999993269e-03
1.577171717171714560e+00
8.070707070707066055e-01
0.000000000000000000e+00
1.239393939393939714e+00
3.281616161616163208e+00
6.862626262626253526e-01
1.167575757575755491e+00
3.243939393939394122e+00
9.125252525252510738e-01
7.434343434343432255e-02
7.434343434343430868e-02
0.000000000000000000e+00
1.142424242424244785e-01
7.690000000000003055e+00
1.715353535353535186e+00
3.573232323232322472e+01
2.939393939393944444e-02
1.003838383838385750e+00
5.590404040404043151e+00
1.007979797979796421e+00
1.216161616161616776e-01
1.200303030303029539e+00
8.438383838383836100e-01
0.000000000000000000e+00
7.437373737373736970e-01
5.380808080808090033e+00
1.125959595959594717e+00
1.357575757575757991e-01
4.797979797979805283e-02
7.783838383838379560e-01
1.999999999999999695e-02
1.112020202020199244e+00
6.696969696969702623e-02
1.179898989898990669e+00
3.380808080808086480e-01
7.865656565656570232e-01
1.063232323232321086e+00
9.262626262626273421e-01
1.038686868686867326e+00
1.990909090909090962e-01
1.297171717171720529e+00
1.221313131313132461e+00
9.787878787878766529e-01
1.267171717171714951e+00
0.000000000000000000e+00
1.593636363636364628e+00
0.000000000000000000e+00
1.035353535353534360e+00
9.999999999999975922e-03
8.717777777777786952e+00
6.419595959595953083e+00
8.498989898989897096e-01
1.704040404040403078e-01
0.000000000000000000e+00
1.216464646464650023e+00
0.000000000000000000e+00
2.591818181818176914e+00
0.000000000000000000e+00
3.878787878787880172e-02
3.053535353535349883e-01
4.532454545454546491e+01
2.516161616161619596e-01
3.951515151515156421e-01
3.804040404040407441e-01
1.295353535353536589e+00
2.951424242424244682e+01
1.241848484848484269e+01
1.192636363636362695e+01
6.488888888888885154e-01
1.099898989898989488e+00
5.592929292929297302e-01
2.722222222222218102e-01
3.556464646464653878e+00
0.000000000000000000e+00
1.159010101010099980e+01
7.490909090909081414e-01
1.464848484848484844e+00
4.535353535353540133e-01
3.230202020202016300e+00
6.514141414141408903e-01
0.000000000000000000e+00
6.307070707070721038e-01
1.376262626262625410e+00
1.644646464646466688e+00
4.310606060606055223e+00
2.037878787878789844e+00
5.899191919191924427e+00
1.209494949494950955e+00
1.133232323232324257e+00
7.057575757575761388e-01
8.793939393939393945e-01
8.087878787878790554e-01
0.000000000000000000e+00
1.675757575757577666e-01
1.280303030303028722e+00
1.545454545454544970e+00
1.089222222222221959e+01
1.235757575757577165e+00
6.200000000000005507e-01
6.629292929292921466e-01
8.434343434343447576e-01
1.419191919191917561e+00
1.574747474747473786e-01
7.434343434343430868e-02
2.333333333333338366e-01
5.649191919191929756e+00
7.796969696969711094e-01
2.449898989898991353e+00
2.140808080808077829e+00
1.564545454545453795e+00
0.000000000000000000e+00
0.000000000000000000e+00
8.789898989898973225e-01
3.534343434343437451e+00
2.793929292929292885e+01
1.055252525252526663e+00
2.924242424242420313e+00
9.328282828282828953e-01
5.683838383838381025e-01
1.032626262626264113e+00
1.304949494949493749e+00
4.544242424242422196e+00
0.000000000000000000e+00
3.488484848484845635e+00
9.999999999999962044e-03
2.939393939393943403e-02
1.522222222222217702e+00
1.490909090909092738e-01
0.000000000000000000e+00
1.308484848484846141e+00
1.246666666666669032e+00
9.183333333333330017e+00
7.238383838383821711e-01
1.202424242424244838e+00
2.785050505050501890e+00
1.339999999999999858e+00
1.178040404040403111e+01
1.267373737373734821e+00
1.360303030303028127e+00
2.524242424242423843e-01
1.389797979797981364e+00
7.403838383838385440e+00
1.383232323232319816e+00
0.000000000000000000e+00
1.367070707070706881e+00
7.693939393939399629e-01
3.586868686868685874e+00
8.272727272727277426e-02
1.378787878787876009e+00
1.616161616161617132e-01
8.213131313131317723e-01
7.197979797979789929e-01
4.867676767676769600e-01
1.168787878787880263e+00
0.000000000000000000e+00
8.912121212121193459e-01
1.344444444444448383e-01
2.475757575757577267e-01
7.417171717171718859e-01
1.071717171717169403e+00
9.999999999999996739e-03
1.979797979797979363e-02
9.397979797979789662e-01
4.722222222222212662e-01
0.000000000000000000e+00
0.000000000000000000e+00
8.924242424242412319e-01
1.401313131313131510e+00
1.636161616161614818e+00
2.939393939393944444e-02
2.491212121212124764e+00
7.061616161616151022e-01
4.270606060606066734e+00
2.793030303030303418e+00
4.270606060606056964e+00
1.213636363636365623e+00
7.469292929292927319e+00
6.940404040404027919e-01
1.045050505050503897e+00
0.000000000000000000e+00
9.489898989898972737e-01
1.302424242424243817e+00
1.527070707070705913e+00
1.979797979797979016e-02
1.165151515151516159e+00
7.055555555555560465e-01
1.554545454545456507e-01
7.441414141414138816e-01
9.800000000000008704e-01
1.733333333333331172e-01
1.603030303030303250e+00
3.878787878787880172e-02
8.272727272727276038e-02
5.696969696969712837e-02
0.000000000000000000e+00
3.175212121212123151e+01
9.513131313131317768e-01
1.392787878787878952e+01
3.645454545454550055e-01
1.794646464646465045e+00
2.481515151515153228e+00
1.722121212121213274e+00
1.979797979797979016e-02
7.349494949494945750e-01
8.676767676767672965e-02
3.060808080808079090e+00
0.000000000000000000e+00
1.967878787878785118e+00
1.870101010101010486e+00
0.000000000000000000e+00
1.893939393939393923e-01
9.888888888888895667e-02
0.000000000000000000e+00
2.187878787878790032e-01
0.000000000000000000e+00
4.673737373737377188e-01
6.693939393939400961e-01
2.001515151515152802e+00
2.170161616161614759e+01
2.500000000000001110e-01
1.287878787878784514e-01
0.000000000000000000e+00
2.431313131313128095e-01
0.000000000000000000e+00
1.193737373737374874e+00
1.999999999999994837e-02
1.047979797979795569e+00
2.616161616161619685e-01
1.007474747474749632e+00
8.434343434343449797e-01
5.095959595959591582e+00
1.391919191919192000e+00
0.000000000000000000e+00
9.999999999999996739e-03
9.193939393939410953e-01
8.661616161616141341e-01
9.590909090909102153e-01
1.617070707070707325e+00
9.888888888888897055e-02
5.061111111111116223e+00
1.469888888888888800e+01
9.496969696969698171e-01
2.197979797979799643e-01
8.632323232323243500e-01
1.049999999999998934e+00
1.426161616161616186e+00
9.404040404040412415e-01
2.079797979797981811e-01
1.290808080808079517e+00
2.702525252525257660e+00
1.087575757575760083e+00
1.428888888888889319e+00
1.752676767676767611e+01
7.578787878787881516e-01
1.988383838383839475e+01
8.083838383838386488e-01
9.371717171717177663e-01
3.184242424242426761e+00
1.178484848484849135e+00
8.972727272727260006e-01
0.000000000000000000e+00
2.995050505050503187e+00
3.134343434343432322e-01
7.209090909090907218e-01
2.169040404040404013e+01
1.445555555555555927e+00
2.168505050505049425e+01
1.550808080808083078e+00
1.733333333333332005e-01
1.382828282828283850e+00
1.480303030303029344e+00
1.310505050505048397e+00
3.878787878787880172e-02
2.475757575757577267e-01
3.084595959595960935e+01
2.041313131313132079e+00
4.520606060606060517e+00
2.939393939393939933e-02
7.822222222222223742e-01
6.182828282828275457e-01
2.606666666666664245e+00
1.979797979797979016e-02
1.066666666666668400e-01
0.000000000000000000e+00
2.543030303030303418e+00
9.687878787878796416e-01
2.091919191919190124e-01
1.083383838383838160e+01
7.037373737373725513e-01
7.777777777777769574e-02
2.354545454545460825e-01
1.204646464646464077e+00
1.904141414141412358e+00
2.731707070707071594e+01
3.206666666666670551e+00
0.000000000000000000e+00
0.000000000000000000e+00
1.590909090909092272e-01
4.131212121212120891e+00
1.292828282828286435e+00
0.000000000000000000e+00
4.781818181818189850e-01
9.656565656565638811e-01
1.146868686868686149e+00
8.483838383838379071e-01
1.170000000000001927e+00
2.081919191919193057e+00
1.253434343434343567e+00
1.113333333333332842e+00
0.000000000000000000e+00
0.000000000000000000e+00
1.703636363636367612e+00
2.038383838383836799e-01
0.000000000000000000e+00
2.491919191919196863e-01
1.990909090909090962e-01
1.970707070707073405e-01
1.641313131313132168e+00
9.334343434343449486e-01
9.440404040404034580e-01
2.427272727272731800e-01
0.000000000000000000e+00
3.316161616161623638e-01
2.249191919191920075e+00
1.520000000000001572e+00
2.409999999999999254e+00
9.072727272727277859e-01
4.605050505050500842e-01
7.425252525252528102e-01
1.047171717171717864e+00
1.521818181818182181e+00
4.307131313131309724e+01
1.164545454545453440e+00
1.063737373737372094e+00
6.158585858585851058e-01
1.497676767676768828e+00
3.272525252525252171e+00
5.592929292929291751e-01
4.237373737373731908e-01
0.000000000000000000e+00
1.077474747474746364e+00
6.031313131313140730e-01
1.782424242424244465e+00
2.079797979797981533e-01
9.999999999999949901e-03
3.878787878787880172e-02
1.188989898989897265e+00
2.939393939393942362e-02
0.000000000000000000e+00
5.352525252525259791e-01
7.781111111111115974e+00
1.676969696969697665e+00
1.157757575757575630e+01
9.999999999999948166e-03
2.503030303030307491e-01
1.158080808080806490e+00
5.797979797979804784e-02
1.292222222222220607e+00
1.401111111111109420e+00
0.000000000000000000e+00
1.720505050505048983e+00
2.021404040404039648e+01
6.555555555555568903e-01
1.093535353535355803e+00
4.351818181818179809e+00
1.140808080808078939e+00
8.999999999999996891e-01
1.657676767676766305e+00
0.000000000000000000e+00
6.175757575757574447e-01
2.164646464646466040e+00
4.676767676767680237e-01
1.951313131313135329e+00
1.242424242424240655e+00
3.681212121212121158e+00
0.000000000000000000e+00
1.241414141414140415e+00
9.090909090909091161e-02
6.255555555555563085e-01
3.485555555555555518e+00
1.836636363636364067e+01
5.509494949494945892e+00
6.010101010101007724e-01
0.000000000000000000e+00
6.397171717171722172e+00
9.544444444444435405e-01
2.924242424242420313e-01
1.343343434343434595e+01
8.322222222222227517e-01
3.878787878787880172e-02
1.264444444444444704e+00
1.401313131313131510e+00
0.000000000000000000e+00
1.055151515151516728e+00
9.090909090909075896e-02
1.627676767676767611e+00
0.000000000000000000e+00
1.048383838383835753e+00
6.838383838383832458e-01
1.979797979797979363e-02
9.398888888888896176e+00
1.066666666666668678e-01
4.315050505050499474e+00
7.344444444444455655e-01
1.357575757575757991e-01
1.451111111111109686e+00
0.000000000000000000e+00
2.036464646464644090e+00
6.675757575757571560e-01
4.813323232323232759e+01
9.978787878787888088e-01
7.474242424242430793e+00
4.942525252525260981e+00
1.243434343434341782e+00
2.939393939393943056e-02
1.129797979797978913e+00
1.896969696969701191e+00
1.233030303030300479e+00
1.366060606060607086e+00
2.160606060606058143e-01
1.168040404040404567e+01
7.938383838383844537e-01
9.888888888888887341e-02
1.637171717171717500e+00
1.046262626262625783e+00
1.546464646464643378e-01
3.878494949494944422e+01
1.197575757575758182e+00
7.177777777777779589e-01
2.618383838383834483e+00
1.341212121212120634e+00
1.033252525252525444e+01
0.000000000000000000e+00
0.000000000000000000e+00
1.001010101010102460e+00
7.513131313131299338e-01
1.781959595959597209e+01
1.088383838383840008e+00
6.777777777777756196e-02
9.213131313131304179e-01
1.692222222222219408e+00
0.000000000000000000e+00
3.741414141414142858e+00
3.252474747474748540e+01
8.866666666666672691e-01
2.803030303030297765e-01
2.079797979797981256e-01
5.196060606060611597e+00
1.066666666666669788e-01
4.098818181818182182e+01
0.000000000000000000e+00
7.054545454545458893e-01
0.000000000000000000e+00
1.421414141414140797e+00
2.516161616161619596e-01
9.999999999999962044e-03
8.613131313131311417e-01
2.696969696969693242e-01
2.681818181818183788e+01
2.403030303030307957e-01
1.059999999999998721e+00
2.625252525252524949e-01
1.842424242424241798e-01
5.813131313131312261e-01
1.394646464646464912e+00
2.327272727272731434e-01
2.565050505050509244e+00
0.000000000000000000e+00
1.146565656565656122e+00
1.052222222222221060e+00
3.356161616161613015e+00
1.166666666666668295e+00
2.461313131313129343e+00
7.430303030303029299e-01
9.999999999999960310e-03
6.393939393939387372e-01
1.066666666666668400e-01
4.280808080808082283e-01
3.250999999999999091e+01
3.546646464646465091e+01
7.518181818181819409e-01
1.107070707070706012e-01
1.008787878787878789e+00
3.196353535353536657e+01
1.605252525252522267e+00
1.764242424242423946e+00
2.976767676767672066e-01
1.019191919191921425e+00
2.605050505050508503e-01
1.245353535353533436e+00
4.360676767676769572e+01
2.245454545454544093e-01
0.000000000000000000e+00
1.537878787878786735e+00
2.778303030303029075e+01
9.037373737373747273e-01
1.442323232323234450e+00
1.616161616161617132e-01
2.636161616161618149e+00
1.893939393939393923e-01
0.000000000000000000e+00
1.842424242424241798e-01
1.314484848484847568e+01
2.543434343434340050e+00
5.157676767676768037e+01
0.000000000000000000e+00
5.181818181818174107e-01
1.113737373737375469e+00
9.786868686868674949e-01
1.066666666666668678e-01
9.549494949494953255e-01
9.473737373737382006e-01
2.284848484848485406e-01
7.949898989898992241e+00
0.000000000000000000e+00
1.844444444444441333e-01
1.793434343434340494e+00
1.979797979797979016e-02
2.236363636363640495e-01
7.266666666666674601e-01
1.409595959595959958e+00
5.872222222222218235e+00
7.596969696969706476e-01
2.696969696969693242e-01
1.429797979797981844e+00
2.585858585858590852e-01
9.132323232323241724e-01
4.208080808080807977e-01
0.000000000000000000e+00
6.657878787878796167e+00
1.675757575757576834e-01
2.297979797979792516e-01
0.000000000000000000e+00
9.090909090909084223e-02
0.000000000000000000e+00
8.034343434343440560e-01
1.287878787878783127e-01
4.713131313131312949e-01
3.878787878787880172e-02
1.196161616161616648e+00
9.562626262626284790e-01
1.638888888888889284e+00
1.203535353535351460e+00
1.653939393939393820e+00
1.486262626262627062e+00
1.629757575757575694e+01
4.228292929292930324e+01
1.340101010101012458e+00
1.137575757575758573e+00
7.157171717171713965e+00
2.121212121212122381e-01
2.547272727272723802e+00
0.000000000000000000e+00
1.990101010101006374e+00
8.268686868686879743e-01
0.000000000000000000e+00
1.048989898989897807e+00
1.296969696969694497e-01
0.000000000000000000e+00
3.545252525252524212e+00
2.544010101010101010e+01
2.063636363636362492e-01
7.845454545454551010e-01
1.343737373737373231e+00
3.158282828282830579e+00
8.863636363636377968e-01
8.880808080808068050e-01
5.878787878787888194e-02
1.213636363636364734e+00
6.575757575757584794e-02
1.113636363636363313e+00
2.303131313131316027e+00
8.453535353535348573e-01
1.239595959595958252e+00
2.864646464646467550e-01
2.403030303030307957e-01
1.524040404040404750e+00
1.675757575757577944e-01
3.329898989898994355e+00
2.711212121212120962e+00
7.085858585858597625e-01
3.203131313131311497e+00
2.939393939393944791e-02
2.723232323232330221e-01
2.600000000000000644e-01
9.506060606060591223e-01
1.810101010101007990e+00
1.979797979797979016e-02
1.273333333333333206e+00
1.005454545454547155e+00
4.226646464646464807e+01
6.575757575757583406e-02
5.132323232323233952e+00
1.107070707070704346e-01
1.824242424242419336e-01
4.603131313131311408e+00
1.814545454545450909e+00
6.815151515151519623e-01
1.088888888888890488e-01
2.779171717171716693e+01
1.944949494949498536e+00
1.654040404040401091e+00
1.066666666666669372e-01
2.277777777777776902e-01
7.226262626262620614e-01
1.530707070707072903e+00
5.388585858585860144e+00
0.000000000000000000e+00
0.000000000000000000e+00
7.009090909090908150e-01
7.864646464646444235e-01
1.510707070707068445e+00
2.797777777777779473e+00
1.702424242424242840e+00
9.374747474747484599e-01
2.812121212121209135e-01
0.000000000000000000e+00
0.000000000000000000e+00
1.629090909090910033e+00
1.341616161616163261e+00
1.639999999999998126e+00
1.979797979797979016e-02
1.558888888888887880e+00
5.156565656565661904e+00
2.414141414141419972e-01
1.479383838383838246e+01
1.462525252525251229e+00
1.907272727272725676e+00
8.329292929292941849e-01
3.359292929292924779e+00
1.486262626262629061e+00
0.000000000000000000e+00
9.080808080808073779e-01
1.696868686868686416e+00
9.090909090909075896e-02
1.250000000000002665e+00
8.334343434343420842e-01
1.633121212121212551e+01
3.989696969696971074e+00
8.177777777777786028e-01
8.421212121212124924e-01
2.999999999999998501e-02
2.036363636363636709e-01
0.000000000000000000e+00
2.495959595959598432e-01
1.013939393939395917e+00
3.106060606060606077e-01
3.622222222222214461e-01
1.062929292929293945e+00
7.399898989898987089e+00
9.851515151515148006e+00
6.595959595959589583e-01
0.000000000000000000e+00
6.575757575757583406e-02
7.870000000000001883e+00
8.318181818181824561e-01
1.627878787878787037e+00
1.563434343434341622e+00
0.000000000000000000e+00
6.838383838383841340e-01
9.888888888888892892e-02
9.999999999999953371e-03
7.740909090909099177e+00
1.200202020202020048e+00
1.107474747474748833e+00
3.384848484848480554e-01
1.399696969696965887e+00
2.427272727272731245e-01
1.466868686868689764e+00
4.097878787878785900e+00
8.753535353535366603e-01
7.747474747474750734e-01
3.878787878787880172e-02
1.647575757575759914e+00
6.736060606060602751e+00
9.375757575757569517e-01
6.014141414141400688e-01
0.000000000000000000e+00
2.979797979797974700e-02
8.309090909090898203e-01
1.421515151515148512e+00
7.788888888888891859e-01
1.675757575757577944e-01
3.435757575757574678e+00
2.435343434343434410e+01
1.863636363636362425e+00
2.076868686868686087e+00
2.059595959595957204e+00
5.557575757575754505e-01
2.379797979797985408e-01
3.372262626262624963e+01
1.943656565656565860e+01
7.375757575757575513e-01
9.851515151515164437e-01
2.028181818181815643e+00
1.239494949494950982e+00
1.147272727272726112e+00
4.010101010101008168e-01
0.000000000000000000e+00
4.797979797979799732e-02
1.083434343434344527e+00
6.961818181818178353e+00
1.139595959595956831e+00
1.894848484848484560e+01
1.059949494949495374e+01
6.012828282828280635e+00
8.011111111111095529e-01
6.777777777777767299e-02
1.311717171717173613e+00
9.349494949494949747e-01
0.000000000000000000e+00
3.690747474747476531e+01
6.111111111111094951e-01
5.738383838383847024e-01
7.469696969696959510e-01
1.892727272727272370e+00
9.428282828282805728e-01
1.217979797979798828e+00
1.896363636363635807e+00
9.999999999999989800e-03
0.000000000000000000e+00
2.054474747474747431e+01
8.957575757575769737e-01
2.172797979797980972e+01
1.842424242424241798e-01
1.057575757575759390e+00
0.000000000000000000e+00
1.006000000000000227e+01
0.000000000000000000e+00
4.732424242424253080e+00
0.000000000000000000e+00
4.297979797979802896e-01
1.109858585858584235e+01
1.152424242424243239e+00
1.085959595959596902e+00
3.710050505050507041e+01
1.512121212121212865e+00
1.836262626262622266e+00
3.939393939393939781e-02
1.089595959595961672e+00
0.000000000000000000e+00
1.326262626262627586e+00
8.957474747474751808e+00
9.999999999999982861e-03
1.001565656565657569e+01
4.711777777777776777e+01
1.106464646464647483e+00
0.000000000000000000e+00
1.333131313131314499e+00
2.091060606060604599e+01
1.938484848484849588e+00
7.488888888888904916e-01
1.863575757575757308e+01
0.000000000000000000e+00
8.482828282828277500e-01
0.000000000000000000e+00
1.227272727272730041e-01
2.890303030303030951e+01
2.036363636363636986e-01
4.139595959595958163e+00
2.775555555555555109e+00
1.260404040404039305e+00
5.860606060606053935e-01
2.354545454545460270e-01
1.916161616161614345e-01
6.737373737373743010e-01
3.053030303030300097e+00
1.358585858585859452e+00
1.107373737373739564e+00
8.272727272727277426e-02
4.063636363636367599e-01
4.587272727272723394e+00
1.747585858585858176e+01
7.752525252525240829e-01
7.136363636363638463e-01
1.585858585858584524e+00
1.979797979797979363e-02
3.068212121212120991e+01
9.687878787878798637e-01
7.319191919191907481e-01
2.159292929292927710e+00
7.790909090909103885e-01
9.796969696969711761e-01
2.471717171717174200e+00
1.216161616161617748e-01
3.725252525252527036e-01
0.000000000000000000e+00
4.310101010101004548e-01
1.484747474747472484e+00
3.148676767676767341e+01
2.978252525252524308e+01
1.415555555555554790e+00
2.516161616161619596e-01
1.094848484848482517e+00
1.041919191919192356e+00
1.542020202020202291e+00
2.354545454545460270e-01
1.772929292929296796e+00
0.000000000000000000e+00
2.303131313131316471e+00
9.965656565656579868e-01
1.133232323232325145e+00
7.832323232323231688e-01
1.961515151515148991e+00
2.697979797979794259e-01
4.225898989898992397e+01
1.158686868686870763e+00
3.721515151515151221e+00
1.144343434343432886e+00
1.432121212121209908e+00
9.319191919191933682e-01
1.315353535353536385e+00
8.528282828282814920e-01
5.411111111111111427e+00
9.190909090909078483e-01
1.041212121212119257e+00
1.371919191919191094e+00
0.000000000000000000e+00
5.667676767676764760e-01
7.695959595959602773e-01
1.835757575757572146e+00
1.107676767676769147e+00
1.713232323232323662e+00
2.233333333333338555e-01
2.939393939393944444e-02
2.160606060606058143e-01
9.999999999999963779e-03
5.555555555555566905e-01
0.000000000000000000e+00
2.796969696969692221e-01
1.143737373737371721e+00
1.324646464646461963e+00
5.696969696969704511e-02
1.733333333333333393e-01
3.914242424242431184e+00
8.890909090909090429e-01
6.787373737373738614e+00
0.000000000000000000e+00
0.000000000000000000e+00
1.121818181818183380e+00
6.575757575757584794e-02
0.000000000000000000e+00
6.823232323232321095e-01
2.362727272727269678e+00
0.000000000000000000e+00
1.308989898989900480e+00
1.420101010101007866e+00
2.069292929292930960e+00
4.797979797979805977e-02
7.818181818181825504e-02
