1.864949494949496911e+00
8.823232323232308438e-01
0.000000000000000000e+00
6.428282828282840811e-01
1.774444444444443381e+00
5.982828282828284161e-01
2.443434343434337797e-01
7.944444444444436204e-01
2.403030303030307679e-01
9.165656565656584709e-01
2.792737373737374895e+01
1.888888888888887729e-01
0.000000000000000000e+00
6.912121212121223879e-01
9.747474747474755841e-01
2.390505050505048246e+00
0.000000000000000000e+00
0.000000000000000000e+00
1.835131313131312325e+01
7.505050505050497867e-01
0.000000000000000000e+00
4.928282828282816164e-01
1.065757575757577014e+00
2.327272727272731989e-01
0.000000000000000000e+00
9.999999999999974187e-03
1.175151515151513282e+00
0.000000000000000000e+00
9.999999999999995004e-03
7.506060606060593887e-01
2.252323232323233615e+00
3.878787878787880172e-02
2.090909090909089108e-01
5.509090909090914590e-01
9.199999999999989297e-01
8.778787878787878141e-01
3.774494949494948770e+01
1.738171717171716324e+01
2.403030303030307679e-01
1.086161616161617438e+00
3.671313131313137301e+00
5.921212121212129365e-01
9.698989898989885949e-01
7.210101010100989916e-01
1.042525252525251966e+00
0.000000000000000000e+00
4.213131313131313060e-01
0.000000000000000000e+00
1.359797979797980672e+00
6.192727272727266197e+00
1.088484848484847500e+00
0.000000000000000000e+00
7.434343434343430868e-02
3.893939393939393478e-01
1.432929292929293386e+00
2.925252525252525215e-01
1.007070707070709004e+00
3.853535353535353924e-01
2.126767676767679749e+00
7.248484848484842979e-01
2.172383838383837329e+01
7.433333333333326243e-01
1.279494949494949729e+01
0.000000000000000000e+00
8.366666666666662255e-01
3.878787878787880172e-02
2.404343434343430452e+00
1.012121212121214420e+00
2.524242424242423843e-01
1.979797979797979363e-02
1.411212121212122916e+00
1.979797979797979016e-02
1.142727272727273480e+00
1.469797979797982768e+00
8.636363636363623975e-02
2.138222222222221447e+01
1.278787878787881027e+00
9.258585858585864914e-01
1.383050505050504597e+01
4.834343434343430501e-01
6.661616161616169540e-01
8.518181818181818077e-01
5.858585858585859535e-02
2.803030303030303649e+00
1.871313131313133038e+00
1.175656565656565622e+00
5.569696969696980027e-01
1.356060606060606633e+00
4.536363636363633933e-01
1.893939393939393923e-01
2.979797979797979210e-02
7.984848484848489081e-01
1.999999999999994837e-02
1.047474747474747003e+00
9.019191919191904550e-01
4.848484848484844179e-01
1.267676767676766181e+00
1.026262626262627098e+00
9.497979797979781980e-01
2.736060606060606304e+01
1.487474747474748282e+00
0.000000000000000000e+00
6.575757575757584794e-02
6.151414141414123016e+00
2.424242424242418481e-01
7.194949494949496316e-01
5.156565656565669231e-01
3.507070707070709670e-01
2.524242424242423843e-01
1.443434343434342404e+00
2.621212121212118107e-01
9.999999999999968983e-03
9.999999999999953371e-03
1.245858585858587997e+00
1.042626262626264122e+00
5.797979797979796457e-02
0.000000000000000000e+00
1.605151515151517660e+00
9.574747474747454801e-01
3.363131313131312528e+00
3.110101010101010477e+00
5.975757575757580931e-01
1.775757575757579143e-01
6.548484848484837917e-01
1.023636363636364566e+00
3.585858585858576753e-01
8.454545454545454586e-01
1.979797979797979016e-02
4.848787878787867989e+00
0.000000000000000000e+00
0.000000000000000000e+00
0.000000000000000000e+00
9.999999999999977657e-03
1.016767676767675432e+00
6.667676767676761207e-01
6.149898989898991530e+00
2.524242424242423843e-01
1.779494949494950129e+00
8.294949494949511726e-01
0.000000000000000000e+00
7.102020202020202788e-01
9.003030303030284953e-01
9.999999999999975922e-03
9.489898989898984949e-01
2.197979797979799643e-01
1.159393939393939421e+00
8.144444444444444153e-01
2.467676767676769134e-01
8.967676767676776572e-01
9.999999999999993269e-03
1.312222222222220180e+00
7.647474747474747314e-01
0.000000000000000000e+00
1.225656565656565666e+00
2.681919191919191370e+00
6.052525252525249311e-01
9.615151515151518780e-01
2.702929292929289407e+00
8.701010101010104858e-01
4.878787878787882448e-02
7.434343434343430868e-02
0.000000000000000000e+00
9.888888888888898443e-02
6.114545454545451619e+00
1.139696969696970541e+00
3.350606060606060055e+01
1.979797979797979363e-02
8.564646464646469282e-01
4.350606060606062364e+00
9.196969696969715669e-01
9.888888888888892892e-02
9.324242424242431548e-01
6.011111111111102634e-01
0.000000000000000000e+00
5.996969696969689512e-01
4.587777777777782617e+00
1.072222222222219745e+00
9.888888888888891504e-02
3.878787878787880172e-02
6.838383838383834679e-01
1.979797979797979363e-02
1.108181818181816158e+00
7.434343434343432255e-02
9.202020202020192441e-01
2.202020202020197881e-01
6.968686868686861935e-01
9.279797979797959062e-01
8.089898989898999249e-01
8.010101010101003949e-01
1.893939393939393923e-01
1.244747474747471383e+00
1.227373737373736784e+00
8.059595959595952097e-01
9.819191919191903040e-01
0.000000000000000000e+00
1.466464646464646249e+00
0.000000000000000000e+00
8.850505050505045324e-01
0.000000000000000000e+00
8.086767676767683710e+00
5.692929292929291840e+00
7.225252525252533475e-01
1.364646464646462054e-01
0.000000000000000000e+00
1.098484848484847065e+00
0.000000000000000000e+00
2.366969696969695836e+00
0.000000000000000000e+00
0.000000000000000000e+00
2.714141414141416075e-01
2.700101010101011312e+01
2.521212121212118573e-01
1.754545454545452798e-01
3.425252525252528435e-01
9.990909090909080303e-01
2.437525252525251673e+01
9.667272727272733235e+00
1.001131313131314649e+01
6.066666666666659102e-01
8.952525252525271870e-01
5.116161616161625236e-01
2.625252525252524949e-01
2.581010101010106084e+00
0.000000000000000000e+00
1.049636363636364145e+01
6.818181818181828779e-01
1.181212121212122268e+00
3.538383838383832303e-01
2.959494949494953175e+00
6.100000000000012079e-01
0.000000000000000000e+00
5.025252525252517088e-01
1.144343434343435773e+00
1.138989898989901661e+00
3.658383838383836295e+00
1.858888888888886592e+00
4.397373737373736269e+00
1.018484848484849437e+00
9.366666666666654262e-01
4.825252525252519686e-01
6.690909090909098467e-01
6.204040404040396250e-01
0.000000000000000000e+00
1.788888888888891249e-01
1.079797979797977980e+00
1.191212121212119612e+00
8.361111111111103611e+00
9.859595959595971459e-01
5.243434343434338896e-01
5.558585858585850525e-01
7.275757575757577644e-01
1.097272727272726511e+00
1.223232323232319174e-01
1.979797979797979016e-02
2.160606060606057310e-01
4.249494949494951435e+00
6.119191919191931950e-01
2.166262626262628110e+00
1.840101010101014012e+00
1.221919191919193404e+00
0.000000000000000000e+00
0.000000000000000000e+00
7.941414141414130379e-01
3.399898989898984869e+00
2.403464646464646748e+01
9.620202020202041071e-01
2.181717171717168835e+00
8.710101010101010122e-01
4.798989898989891589e-01
8.867676767676762051e-01
1.076969696969695800e+00
3.598989898989902070e+00
0.000000000000000000e+00
2.379999999999994120e+00
0.000000000000000000e+00
0.000000000000000000e+00
1.236262626262627062e+00
9.888888888888897055e-02
0.000000000000000000e+00
1.241010101010099120e+00
9.127272727272723873e-01
6.939999999999999503e+00
6.683838383838383024e-01
8.838383838383835345e-01
2.330303030303029210e+00
9.560606060606039458e-01
1.089999999999999503e+01
1.178484848484848024e+00
1.298383838383837530e+00
2.488888888888884654e-01
1.285151515151516044e+00
5.968282828282825747e+00
1.160202020202022011e+00
0.000000000000000000e+00
1.121818181818184490e+00
7.352525252525244914e-01
3.043030303030305195e+00
4.797979797979810834e-02
1.157878787878785731e+00
1.490909090909092460e-01
8.003030303030289616e-01
6.418181818181819542e-01
4.062626262626260476e-01
9.743434343434325129e-01
0.000000000000000000e+00
8.020202020202019666e-01
1.166666666666669183e-01
2.443434343434337519e-01
7.427272727272727915e-01
8.671717171717171491e-01
1.979797979797979710e-02
1.979797979797979363e-02
8.342424242424252290e-01
4.819191919191914697e-01
0.000000000000000000e+00
0.000000000000000000e+00
7.194949494949496316e-01
1.161919191919194017e+00
1.254444444444446249e+00
0.000000000000000000e+00
1.854343434343433517e+00
5.759595959595961157e-01
4.029393939393936641e+00
1.881111111111111400e+00
3.564343434343435479e+00
9.301010101010099840e-01
6.578787878787886179e+00
6.872727272727275905e-01
8.273737373737376499e-01
0.000000000000000000e+00
8.385858585858599890e-01
1.207474747474744703e+00
1.141313131313133500e+00
9.999999999999988065e-03
1.064040404040406562e+00
6.003030303030305603e-01
1.287878787878784237e-01
6.281818181818171754e-01
8.527272727272733333e-01
1.733333333333331172e-01
1.198282828282829726e+00
9.999999999999975922e-03
6.575757575757584794e-02
2.939393939393943403e-02
0.000000000000000000e+00
2.744949494949494451e+01
7.348484848484850840e-01
1.042212121212120657e+01
3.537373737373729621e-01
1.421717171717170380e+00
1.912020202020202619e+00
1.370404040404044066e+00
0.000000000000000000e+00
6.455555555555566594e-01
2.979797979797979904e-02
3.069797979797981746e+00
0.000000000000000000e+00
1.708585858585855100e+00
1.359595959595958359e+00
0.000000000000000000e+00
1.616161616161617132e-01
8.272727272727277426e-02
0.000000000000000000e+00
2.043434343434342715e-01
0.000000000000000000e+00
4.346464646464643922e-01
5.255555555555564418e-01
1.530707070707070683e+00
1.648898989898991019e+01
2.475757575757577267e-01
1.616161616161617132e-01
0.000000000000000000e+00
2.333333333333338366e-01
0.000000000000000000e+00
9.692929292929286511e-01
1.999999999999994837e-02
9.448484848484844933e-01
2.521212121212118573e-01
7.787878787878791398e-01
7.133333333333347070e-01
4.458282828282825072e+00
1.169696969696972344e+00
0.000000000000000000e+00
0.000000000000000000e+00
7.734343434343443624e-01
8.559595959595963643e-01
8.681818181818174995e-01
1.478282828282827310e+00
8.272727272727277426e-02
4.047575757575754274e+00
1.366202020202020151e+01
7.255555555555555092e-01
2.260606060606056844e-01
7.642424242424250558e-01
9.099999999999991429e-01
1.266565656565658227e+00
8.584848484848479622e-01
2.079797979797981811e-01
1.137171717171716390e+00
2.112626262626261742e+00
8.499999999999993117e-01
1.137272727272724770e+00
1.633595959595960068e+01
6.794949494949494850e-01
1.519707070707069718e+01
7.388888888888870410e-01
8.508080808080809021e-01
2.636262626262631414e+00
1.061717171717173391e+00
9.457575757575755748e-01
0.000000000000000000e+00
2.387171717171717944e+00
2.531313131313126519e-01
6.887878787878779496e-01
1.679131313131313163e+01
1.213131313131312172e+00
1.545919191919192848e+01
1.356868686868688112e+00
1.142424242424244091e-01
1.049595959595960748e+00
1.158383838383838071e+00
1.304141414141416933e+00
9.999999999999967248e-03
2.403030303030307957e-01
2.534888888888889369e+01
1.708181818181820022e+00
3.430707070707073925e+00
9.999999999999998473e-03
6.619191919191927953e-01
5.336363636363644636e-01
2.259191919191917641e+00
0.000000000000000000e+00
9.090909090909080059e-02
0.000000000000000000e+00
1.829595959595959886e+00
8.605050505050503284e-01
1.590909090909091994e-01
8.395050505050509315e+00
6.346464646464654580e-01
6.858585858585854178e-02
2.443434343434337519e-01
1.157272727272729451e+00
1.554242424242421317e+00
2.111949494949492490e+01
2.689191919191924907e+00
9.999999999999955105e-03
0.000000000000000000e+00
1.242424242424246122e-01
3.310606060606060552e+00
1.026363636363637033e+00
0.000000000000000000e+00
4.652525252525246957e-01
8.727272727272742392e-01
9.708080808080815638e-01
6.958585858585868422e-01
1.082626262626260827e+00
1.530707070707068684e+00
1.029696969696970443e+00
1.037878787878790066e+00
0.000000000000000000e+00
0.000000000000000000e+00
1.478686868686868161e+00
1.670707070707071751e-01
0.000000000000000000e+00
2.277777777777776902e-01
1.842424242424241798e-01
1.783838383838386721e-01
1.260808080808082376e+00
8.825252525252522684e-01
8.963636363636360294e-01
2.379797979797985408e-01
0.000000000000000000e+00
2.640404040404037422e-01
2.434242424242424541e+00
1.239797979797977234e+00
1.927979797979800791e+00
6.859595959595948811e-01
3.343434343434346645e-01
5.090909090909101486e-01
9.121212121212137758e-01
1.196161616161618868e+00
3.482111111111110802e+01
9.245454545454562245e-01
8.858585858585873440e-01
5.877777777777770662e-01
1.256969696969695516e+00
2.659696969696965674e+00
4.812121212121203695e-01
3.978787878787885535e-01
0.000000000000000000e+00
1.028181818181817198e+00
4.863636363636373305e-01
1.317575757575754958e+00
1.893939393939393923e-01
0.000000000000000000e+00
4.797979797979809446e-02
1.125959595959594717e+00
1.979797979797979363e-02
0.000000000000000000e+00
5.008080808080807023e-01
5.802727272727267405e+00
1.318282828282830499e+00
9.812727272727265415e+00
0.000000000000000000e+00
2.503030303030308046e-01
1.237070707070706099e+00
3.939393939393939781e-02
1.100101010101011356e+00
1.217272727272724619e+00
0.000000000000000000e+00
1.482222222222222108e+00
1.743787878787878043e+01
5.799999999999996270e-01
9.162626262626276663e-01
2.938484848484845813e+00
9.197979797979798366e-01
8.298989898989906910e-01
1.269292929292927363e+00
0.000000000000000000e+00
5.320202020202017268e-01
2.023838383838386434e+00
4.479797979797974783e-01
1.595050505050503276e+00
1.072525252525254880e+00
2.892020202020198383e+00
0.000000000000000000e+00
1.051919191919192365e+00
6.575757575757590345e-02
6.640404040404024322e-01
2.739999999999994884e+00
1.585474747474747126e+01
4.350505050505053539e+00
4.939393939393943445e-01
0.000000000000000000e+00
5.420707070707070585e+00
7.448484848484859810e-01
3.352525252525255239e-01
9.605959595959593145e+00
6.885858585858574132e-01
3.878787878787878785e-02
9.989898989898983173e-01
1.161010101010099493e+00
0.000000000000000000e+00
1.158585858585857276e+00
9.090909090909075896e-02
1.371414141414141863e+00
0.000000000000000000e+00
9.617171717171695278e-01
6.152525252525243848e-01
1.979797979797979363e-02
6.044545454545456664e+00
5.696969696969707980e-02
3.478989898989899299e+00
7.588888888888888351e-01
1.142424242424243397e-01
1.186666666666666758e+00
0.000000000000000000e+00
1.628585858585858581e+00
6.393939393939386262e-01
4.158737373737375265e+01
7.445454545454540662e-01
6.016767676767683426e+00
4.097575757575752320e+00
1.021717171717172690e+00
9.999999999999989800e-03
9.722222222222220989e-01
1.695151515151513966e+00
9.748484848484842979e-01
1.208989898989896616e+00
2.197979797979799643e-01
9.586969696969697807e+00
7.122222222222208687e-01
8.272727272727277426e-02
1.294141414141416258e+00
8.608080808080812441e-01
1.837373737373737270e-01
2.820959595959596911e+01
1.077272727272726494e+00
6.394949494949487834e-01
2.071111111111108904e+00
1.088787878787880858e+00
9.272222222222220367e+00
0.000000000000000000e+00
0.000000000000000000e+00
8.448484848484831833e-01
5.905050505050516430e-01
1.526373737373737782e+01
9.854545454545478034e-01
3.939393939393939781e-02
7.465656565656549892e-01
1.351111111111113594e+00
0.000000000000000000e+00
2.715353535353537406e+00
2.377626262626262488e+01
7.133333333333320425e-01
2.443434343434338629e-01
1.893939393939393923e-01
3.992828282828280617e+00
8.272727272727277426e-02
2.919555555555555770e+01
0.000000000000000000e+00
5.821212121212109292e-01
0.000000000000000000e+00
1.191111111111111898e+00
2.524242424242423843e-01
9.999999999999962044e-03
7.516161616161604053e-01
2.718181818181821252e-01
2.196434343434341940e+01
2.297979797979792238e-01
8.438383838383837210e-01
2.521212121212118573e-01
1.616161616161617132e-01
5.110101010101014696e-01
1.099393939393937591e+00
2.079797979797982366e-01
2.284242424242427294e+00
0.000000000000000000e+00
1.004646464646463011e+00
1.060505050505049285e+00
2.644040404040402858e+00
1.014343434343436323e+00
1.758686868686866855e+00
7.410101010101025620e-01
0.000000000000000000e+00
6.039393939393933319e-01
9.090909090909075896e-02
3.912121212121212332e-01
2.419101010101008953e+01
3.504070707070707158e+01
6.933333333333343562e-01
8.272727272727277426e-02
8.430303030303041290e-01
2.317151515151514118e+01
1.064444444444442528e+00
1.393131313131310778e+00
2.815151515151515516e-01
9.288888888888876538e-01
2.155555555555559444e-01
9.930303030303050393e-01
3.844676767676765650e+01
2.213131313131316003e-01
1.979797979797979016e-02
1.462020202020205550e+00
1.944787878787879265e+01
7.483838383838390396e-01
1.173232323232320962e+00
1.675757575757577111e-01
1.933535353535356771e+00
1.675757575757577666e-01
0.000000000000000000e+00
1.990909090909092072e-01
1.004585858585859626e+01
1.820101010101008665e+00
4.101434343434343788e+01
0.000000000000000000e+00
5.501010101010094244e-01
8.905050505050490228e-01
8.027272727272726227e-01
9.090909090909086998e-02
8.647474747474759305e-01
7.126262626262632738e-01
1.833333333333331816e-01
6.216868686868679106e+00
0.000000000000000000e+00
1.057575757575758418e-01
1.547777777777778585e+00
0.000000000000000000e+00
1.837373737373737825e-01
7.394949494949494273e-01
1.041010101010102495e+00
4.818181818181827225e+00
7.024242424242427285e-01
2.454545454545459526e-01
1.244747474747471383e+00
2.525252525252521529e-01
7.581818181818172908e-01
4.784848484848479022e-01
0.000000000000000000e+00
5.294848484848483139e+00
1.287878787878785625e-01
2.297979797979793071e-01
0.000000000000000000e+00
6.575757575757587570e-02
0.000000000000000000e+00
7.223232323232318119e-01
1.357575757575757991e-01
4.012121212121223524e-01
2.939393939393943403e-02
9.784848484848498451e-01
7.847474747474764145e-01
1.447979797979795702e+00
8.709090909090918542e-01
1.366666666666668695e+00
1.237979797979799512e+00
1.358898989898990095e+01
3.246808080808079922e+01
1.082727272727274537e+00
8.361616161616173271e-01
5.244747474747473603e+00
1.616161616161617132e-01
1.924848484848487695e+00
0.000000000000000000e+00
1.654343434343435115e+00
8.058585858585864958e-01
0.000000000000000000e+00
8.106060606060593310e-01
1.360606060606061041e-01
0.000000000000000000e+00
2.626060606060606428e+00
1.982282828282828646e+01
2.027272727272722008e-01
6.770707070707068231e-01
1.072222222222220411e+00
2.296565656565654923e+00
7.351515151515169988e-01
8.192929292929298501e-01
6.777777777777753421e-02
9.363636363636383964e-01
5.696969696969705899e-02
8.196969696969693686e-01
1.917676767676763872e+00
7.392929292929305563e-01
1.025353535353534795e+00
2.516161616161621817e-01
2.403030303030308235e-01
1.174242424242426086e+00
1.066666666666668400e-01
2.833939393939394424e+00
2.739696969696972850e+00
6.475757575757589146e-01
2.508989898989901768e+00
9.999999999999948166e-03
2.696969696969692687e-01
2.403030303030307679e-01
7.747474747474745183e-01
1.501212121212120998e+00
1.979797979797979363e-02
9.748484848484871845e-01
8.046464646464636106e-01
3.057202020202019810e+01
4.797979797979797650e-02
4.034242424242420633e+00
5.696969696969709368e-02
1.335353535353538956e-01
3.523232323232325491e+00
1.289999999999998259e+00
5.820202020202033255e-01
5.696969696969710756e-02
2.030070707070707670e+01
1.401111111111112972e+00
1.074141414141415174e+00
1.009090909090911287e-01
2.277777777777776902e-01
6.580808080808090432e-01
1.437373737373738303e+00
3.886363636363637131e+00
0.000000000000000000e+00
0.000000000000000000e+00
5.521212121212112356e-01
7.241414141414145300e-01
1.207474747474746923e+00
2.378383838383839155e+00
1.413232323232321841e+00
9.771717171717176909e-01
2.591919191919198062e-01
0.000000000000000000e+00
0.000000000000000000e+00
1.431717171717169279e+00
1.172626262626262017e+00
1.174242424242426308e+00
0.000000000000000000e+00
1.489090909090912129e+00
3.313737373737377201e+00
1.767676767676763794e-01
1.102828282828282802e+01
1.196262626262629025e+00
1.784646464646465258e+00
7.679797979797979846e-01
2.853636363636365747e+00
1.161515151515153832e+00
0.000000000000000000e+00
8.109090909090902466e-01
1.345252525252526477e+00
3.878787878787880172e-02
1.061717171717172059e+00
7.813131313131308486e-01
1.481272727272726897e+01
3.239494949494947207e+00
7.327272727272728936e-01
6.806060606060596596e-01
2.979797979797976781e-02
2.197979797979799643e-01
0.000000000000000000e+00
2.454545454545460081e-01
8.673737373737385736e-01
2.390909090909093537e-01
3.755555555555559755e-01
9.896969696969676322e-01
5.800606060606061654e+00
7.645353535353533125e+00
5.455555555555546832e-01
0.000000000000000000e+00
2.939393939393943403e-02
6.234242424242422587e+00
7.506060606060607210e-01
1.134747474747472840e+00
1.456464646464647350e+00
0.000000000000000000e+00
5.534343434343441670e-01
9.888888888888898443e-02
0.000000000000000000e+00
6.792929292929287044e+00
1.143535353535354959e+00
9.660606060606075074e-01
3.060606060606063661e-01
1.173737373737372192e+00
2.260606060606057677e-01
1.299191919191921007e+00
2.945353535353535168e+00
7.977777777777762536e-01
8.048484848484845910e-01
9.999999999999953371e-03
1.266464646464645183e+00
5.070303030303033864e+00
6.835353535353541066e-01
5.602020202020211448e-01
0.000000000000000000e+00
9.999999999999981126e-03
6.968686868686869706e-01
1.232424242424241756e+00
5.862626262626251528e-01
1.616161616161617132e-01
2.930808080808083638e+00
1.898515151515151089e+01
1.522323232323234743e+00
2.199090909090903878e+00
1.839292929292926537e+00
5.005050505050512299e-01
2.266666666666661278e-01
2.471737373737374099e+01
1.491919191919192755e+01
6.694949494949499202e-01
8.717171717171728895e-01
1.641919191919192222e+00
1.067272727272728039e+00
9.324242424242424887e-01
3.069696969696968369e-01
0.000000000000000000e+00
2.939393939393944444e-02
8.628282828282813899e-01
6.117777777777773984e+00
9.455555555555543723e-01
1.741727272727273146e+01
8.753434343434349785e+00
4.290000000000008029e+00
7.356565656565646760e-01
2.979797979797978169e-02
1.044343434343433241e+00
7.772727272727253389e-01
0.000000000000000000e+00
3.024555555555555486e+01
4.850505050505055649e-01
5.819191919191909479e-01
7.364646464646453783e-01
1.440808080808078984e+00
8.362626262626260409e-01
1.036161616161616505e+00
1.674646464646465605e+00
0.000000000000000000e+00
0.000000000000000000e+00
1.662474747474747971e+01
7.396969696969691865e-01
1.693525252525252967e+01
1.733333333333332005e-01
9.193939393939410953e-01
0.000000000000000000e+00
7.870303030303031910e+00
0.000000000000000000e+00
4.438686868686866127e+00
0.000000000000000000e+00
4.367676767676771377e-01
9.379191919191921301e+00
8.879797979797967589e-01
9.965656565656552113e-01
2.746353535353537367e+01
1.466565656565657294e+00
1.524343434343436554e+00
9.999999999999972453e-03
8.962626262626265383e-01
0.000000000000000000e+00
1.163232323232322285e+00
5.275252525252523306e+00
4.878787878787885224e-02
7.975151515151510218e+00
3.894484848484851369e+01
1.001414141414143533e+00
0.000000000000000000e+00
1.039090909090908399e+00
1.837101010101008569e+01
1.514141414141412012e+00
7.096969696969697150e-01
1.525232323232324561e+01
0.000000000000000000e+00
6.919191919191938211e-01
0.000000000000000000e+00
1.313131313131309652e-01
2.033151515151514488e+01
1.893939393939393923e-01
2.937474747474746906e+00
2.299090909090908852e+00
9.717171717171714240e-01
5.045454545454555184e-01
2.121212121212122381e-01
1.943434343434342071e-01
5.016161616161611825e-01
2.357474747474749499e+00
1.218787878787876755e+00
9.761616161616155640e-01
3.878787878787880172e-02
4.378787878787885335e-01
3.620505050505048672e+00
1.315646464646464153e+01
7.064646464646481272e-01
6.697979797979803918e-01
1.367676767676767380e+00
1.979797979797979363e-02
2.707818181818178971e+01
8.170707070707079467e-01
6.859595959595948811e-01
1.686464646464649775e+00
7.256565656565641120e-01
7.465656565656567656e-01
1.991919191919193199e+00
1.066666666666668400e-01
3.587878787878784337e-01
0.000000000000000000e+00
4.078787878787876187e-01
1.182929292929294274e+00
2.282858585858586054e+01
2.421525252525253080e+01
9.792929292929277718e-01
2.516161616161619596e-01
1.003030303030303605e+00
7.445454545454531781e-01
1.218383838383840789e+00
2.354545454545460548e-01
1.374343434343434645e+00
0.000000000000000000e+00
1.815252525252527116e+00
9.611111111111123595e-01
9.224242424242418137e-01
6.494949494949485702e-01
1.413636363636365578e+00
2.500000000000001110e-01
3.409131313131312879e+01
8.379797979797994900e-01
3.237070707070705211e+00
9.751515151515143254e-01
1.168282828282827035e+00
7.395959595959601396e-01
9.687878787878759779e-01
7.901010101010090825e-01
5.011111111111101302e+00
9.158585858585842621e-01
1.024444444444443381e+00
9.275757575757571649e-01
0.000000000000000000e+00
5.452525252525256549e-01
6.643434343434350131e-01
1.498383838383836597e+00
1.047979797979796013e+00
1.584848484848486949e+00
1.788888888888889028e-01
9.999999999999972453e-03
2.043434343434342715e-01
0.000000000000000000e+00
5.488888888888888706e-01
0.000000000000000000e+00
2.151515151515151214e-01
7.655555555555554337e-01
1.123838383838382082e+00
3.878787878787880172e-02
1.788888888888889583e-01
2.894848484848482784e+00
6.818181818181812126e-01
5.620000000000001883e+00
0.000000000000000000e+00
0.000000000000000000e+00
8.653535353535364294e-01
2.939393939393942709e-02
0.000000000000000000e+00
6.430303030303022860e-01
1.967272727272729949e+00
0.000000000000000000e+00
1.172828282828283442e+00
1.126666666666664929e+00
1.533535353535353751e+00
1.979797979797979363e-02
3.878787878787880172e-02
