1.001434343434343255e+01
7.296363636363629723e+00
2.979797979797979904e-02
3.729999999999998206e+00
1.057414141414141540e+01
2.423636363636356261e+00
3.259595959595955605e-01
6.652020202020198170e+00
2.431313131313128928e-01
6.212929292929292302e+00
3.123760606060607188e+02
3.760606060606056511e-01
8.272727272727277426e-02
3.456464646464649793e+00
6.867171717171719258e+00
1.784070707070706518e+01
5.858585858585859535e-02
1.910101010101011576e-01
1.563356565656566204e+02
2.849090909090909118e+00
7.434343434343430868e-02
2.155050505050509102e+00
8.302424242424244483e+00
2.673737373737369860e-01
1.893939393939388094e-01
1.767676767676764071e-01
7.436868686868683298e+00
2.157575757575753150e-01
3.800000000000003930e-01
4.288585858585864052e+00
1.812313131313131009e+01
2.640404040404034647e-01
5.701010101010103304e-01
4.572323232323233455e+00
5.081616161616158145e+00
4.908080808080802271e+00
2.998575757575757734e+02
1.486507070707071136e+02
3.825252525252531566e-01
7.579191919191919702e+00
3.534121212121212352e+01
2.795353535353535257e+00
7.095050505050505052e+00
3.055757575757581446e+00
6.984141414141418203e+00
1.969696969696965727e-01
8.639393939393943400e-01
0.000000000000000000e+00
9.519191919191920093e+00
3.972545454545453225e+01
8.784949494949495730e+00
8.272727272727276038e-02
2.397979797979797045e-01
2.683434343434347280e+00
8.534040404040398542e+00
2.013232323232320820e+00
6.092525252525254231e+00
1.573232323232319319e+00
1.577969696969696756e+01
4.405858585858585030e+00
1.420916161616161730e+02
4.574444444444443647e+00
1.299913131313131203e+02
1.190909090909093582e-01
6.340505050505049311e+00
2.852525252525251465e-01
2.038808080808077960e+01
6.159292929292924157e+00
2.521212121212118573e-01
2.277777777777776347e-01
8.559292929292924512e+00
1.357575757575757991e-01
5.076969696969697132e+00
1.205343434343434339e+01
3.787878787878788400e-01
1.607037373737373684e+02
4.201111111111113239e+00
4.486868686868685785e+00
1.271589898989899297e+02
6.222222222222221211e-01
3.848787878787875538e+00
4.352929292929289318e+00
2.707070707070707294e-01
1.989838383838383606e+01
1.515666666666666806e+01
1.158242424242425095e+01
2.784444444444447164e+00
7.730707070707071971e+00
2.463737373737375780e+00
4.159595959595968062e-01
3.527272727272734443e-01
5.626565656565649221e+00
3.959595959595958725e-02
6.662020202020194404e+00
5.435050505050507574e+00
5.851515151515139790e-01
8.193333333333326252e+00
6.251616161616173173e+00
5.458484848484847163e+00
2.062390909090908906e+02
1.123494949494948969e+01
4.939393939393945526e-02
4.175757575757577666e-01
4.392232323232318691e+01
3.112121212121206071e-01
4.709292929292929308e+00
2.898585858585855934e+00
1.997979797979800187e+00
2.803030303030296100e-01
1.005242424242424271e+01
6.943434343434352618e-01
2.150505050505048532e-01
1.716161616161616943e-01
1.160010101010100136e+01
9.256868686868683582e+00
7.428282828282816164e-01
2.979797979797975047e-02
1.082979797979798242e+01
4.998181818181818947e+00
2.846848484848484162e+01
2.275343434343434978e+01
3.593838383838380057e+00
1.224949494949497675e+00
6.112121212121211400e+00
8.262121212121227742e+00
6.656565656565671674e-01
3.739191919191916291e+00
1.931313131313131815e-01
4.603131313131314073e+01
1.139393939393942151e-01
0.000000000000000000e+00
1.585858585858583858e-01
5.740404040404047947e-01
6.186161616161617971e+00
4.428585858585859292e+00
6.143747474747470250e+01
3.316161616161619752e-01
1.471545454545453779e+01
4.254040404040398293e+00
8.797979797979793570e-02
3.994949494949492586e+00
5.923535353535352321e+00
2.621212121212125878e-01
7.813434343434340512e+00
2.266666666666662111e-01
7.845858585858578316e+00
4.474444444444453772e+00
1.069292929292927630e+00
5.096363636363634875e+00
1.088888888888890488e-01
9.354545454545458938e+00
3.428989898989895035e+00
3.878787878787880172e-02
9.364747474747471045e+00
1.703222222222222371e+01
2.311717171717174946e+00
6.859090909090907573e+00
2.808252525252524023e+01
4.406767676767678665e+00
4.120202020202020643e-01
2.277777777777777735e-01
1.999999999999998654e-02
2.896969696969692865e-01
5.907303030303025082e+01
8.239797979797982563e+00
3.136957575757575682e+02
2.179797979797982732e-01
6.835353535353541510e+00
4.212121212121211045e+01
4.220606060606058030e+00
3.505050505050511522e-01
6.335959595959605117e+00
4.213232323232324106e+00
6.818181818181824616e-02
2.747878787878785367e+00
3.998969696969695065e+01
7.239393939393933941e+00
4.288888888888883755e-01
3.546464646464651538e-01
2.966565656565658848e+00
2.652525252525254063e-01
5.876767676767671311e+00
2.803030303030298320e-01
7.777878787878792721e+00
2.056666666666666643e+00
2.803131313131315139e+00
7.807171717171708103e+00
4.734949494949494131e+00
5.922828282828286106e+00
3.262626262626266427e-01
9.791818181818191746e+00
7.261313131313127833e+00
4.265959595959596840e+00
6.853939393939397107e+00
1.027272727272726671e-01
9.524141414141412909e+00
1.307070707070708548e-01
6.632727272727271028e+00
2.839393939393939359e-01
5.969595959595960721e+01
3.424545454545454248e+01
3.186161616161610866e+00
2.648484848484848886e-01
1.999999999999990674e-02
6.760303030303033367e+00
1.979797979797979016e-02
1.323020202020201452e+01
1.652525252525252897e-01
2.185858585858584946e-01
1.301717171717174937e+00
2.106960606060605699e+02
2.509090909090911925e-01
2.559898989898985011e+00
4.723232323232324226e-01
6.898787878787881134e+00
1.543974747474747744e+02
1.095048484848484804e+02
1.067594949494949788e+02
2.683030303030309316e+00
5.530808080808073512e+00
1.117171717171718370e+00
5.050505050505055271e-01
2.063848484848484688e+01
4.999999999999995420e-02
7.755292929292927795e+01
4.422222222222217169e+00
9.680303030303033296e+00
2.123737373737377698e+00
2.656313131313130427e+01
3.172828282828281665e+00
8.555555555555563463e-02
3.447373737373740088e+00
6.201111111111109686e+00
8.623232323232336682e+00
2.840757575757575992e+01
1.142121212121212359e+01
3.616767676767675965e+01
6.200808080808080547e+00
4.981919191919192968e+00
3.753636363636366102e+00
4.225353535353539414e+00
3.639797979797980254e+00
7.434343434343430868e-02
4.180808080808079419e-01
5.168888888888887756e+00
8.175555555555565235e+00
7.376070707070704202e+01
7.078686868686862255e+00
3.316666666666662877e+00
2.710505050505050306e+00
4.252828282828279960e+00
8.534747474747470974e+00
7.243434343434337341e-01
3.223232323232330665e-01
5.554545454545462002e-01
3.210212121212121161e+01
4.104343434343442176e+00
1.433525252525252824e+01
1.673848484848484830e+01
8.116767676767683071e+00
5.959595959595950787e-02
9.999999999999998473e-03
4.677272727272721475e+00
2.552333333333332988e+01
1.677610101010101005e+02
5.851111111111113594e+00
1.884353535353534426e+01
4.790404040404039776e+00
1.826161616161612322e+00
4.815252525252527782e+00
5.838181818181831240e+00
1.572868686868686439e+01
2.317171717171718492e-01
2.452535353535353835e+01
2.507070707070708782e-01
1.206060606060607859e-01
8.133535353535348733e+00
3.316161616161623082e-01
2.513131313131307110e-01
9.496464646464644943e+00
7.118989898989902088e+00
6.247686868686869843e+01
3.498282828282830437e+00
4.635555555555560758e+00
1.772777777777776365e+01
5.086767676767689927e+00
7.750565656565657946e+01
6.316666666666668206e+00
6.877373737373742024e+00
2.673737373737370970e-01
6.966767676767675610e+00
3.288717171717169663e+01
7.371616161616169727e+00
0.000000000000000000e+00
7.725353535353539414e+00
4.101616161616156830e+00
1.941808080808081982e+01
4.345454545454541240e-01
7.250707070707080426e+00
2.366666666666672469e-01
3.661717171717165265e+00
4.152828282828276762e+00
2.843434343434344758e+00
5.697878787878791762e+00
1.494949494949495417e-01
3.207474747474750920e+00
5.050505050505043059e-01
2.913131313131316902e-01
2.609999999999994547e+00
4.760303030303036032e+00
1.357575757575757991e-01
1.440404040404040242e-01
3.822424242424247609e+00
5.076767676767673931e-01
4.939393939393936506e-02
0.000000000000000000e+00
3.346666666666667567e+00
8.643030303030309724e+00
7.953434343434342857e+00
2.273737373737376444e-01
1.554848484848484524e+01
2.991818181818181710e+00
2.751575757575757564e+01
1.373181818181816638e+01
2.252151515151516747e+01
4.898585858585861708e+00
4.610272727272730009e+01
2.510606060606065615e+00
6.268585858585860926e+00
1.999999999999998307e-02
5.621717171717168782e+00
6.629292929292926573e+00
7.010505050505051017e+00
3.575757575757577689e-01
7.190505050505049844e+00
3.620909090909093297e+00
2.843434343434346201e-01
3.044949494949499069e+00
4.670909090909086459e+00
2.266666666666662389e-01
7.209999999999994635e+00
1.888888888888889117e-01
2.513131313131308220e-01
2.090909090909088552e-01
1.979797979797979363e-02
2.872015151515152525e+02
3.967575757575757756e+00
9.877404040404043428e+01
5.896969696969684982e-01
9.730303030303030454e+00
1.218727272727271860e+01
9.631515151515147366e+00
2.514141414141419784e-01
2.489595959595962249e+00
8.676767676767668802e-02
2.451292929292930012e+01
1.357575757575757991e-01
1.270575757575757514e+01
8.158181818181816425e+00
1.360606060606062429e-01
3.288888888888888973e-01
3.638383838383832392e-01
8.555555555555549585e-02
4.191919191919187826e-01
6.575757575757590345e-02
4.924242424242429861e-01
3.770707070707070230e+00
1.101555555555555266e+01
1.238304040404040478e+02
3.489898989898987947e-01
1.942424242424241887e-01
7.434343434343430868e-02
3.737373737373730909e-01
1.969696969696966837e-01
5.676363636363633169e+00
3.158585858585852280e-01
3.564747474747474332e+00
5.441414141414149253e-01
5.274545454545456202e+00
3.065959595959593997e+00
4.009353535353536557e+01
8.993030303030311146e+00
8.272727272727277426e-02
1.942424242424241887e-01
4.656464646464637980e+00
6.059090909090907751e+00
4.270606060606056076e+00
7.546969696969693331e+00
2.197979797979799643e-01
4.044555555555555770e+01
1.266729292929292825e+02
5.258888888888886726e+00
3.790909090909095891e-01
4.552525252525262189e+00
6.443939393939392524e+00
8.173131313131312581e+00
3.702525252525253219e+00
2.443434343434337519e-01
5.304949494949499744e+00
1.299252525252525281e+01
4.782121212121212217e+00
7.622828282828283619e+00
1.213813131313132203e+02
3.039393939393943089e+00
2.034140404040404917e+02
4.876565656565650109e+00
5.582929292929303955e+00
2.200464646464644503e+01
6.086464646464655459e+00
5.317373737373734421e+00
4.919191919191923806e-02
1.838949494949495644e+01
6.189898989899005333e-01
2.219090909090906116e+00
1.028978787878787813e+02
8.212020202020207549e+00
1.438943434343434831e+02
6.851212121212125972e+00
3.949494949494955498e-01
8.114545454545451619e+00
6.285454545454544295e+00
9.131212121212117339e+00
2.223232323232320617e-01
3.542424242424246916e-01
1.605223232323232310e+02
1.171020202020202383e+01
2.342252525252525786e+01
2.079797979797981811e-01
2.020505050505053024e+00
3.443434343434344846e+00
2.273525252525253038e+01
2.121212121212119328e-01
5.008080808080810353e-01
4.878787878787885918e-02
1.290616161616161151e+01
6.214545454545458369e+00
4.028282828282820915e-01
5.915949494949494181e+01
2.073333333333335915e+00
4.418181818181822207e-01
3.001010101010097020e-01
6.127878787878790590e+00
1.007575757575757969e+01
1.955524242424241947e+02
1.915979797979796828e+01
1.340404040404039321e-01
2.979797979797976087e-02
4.205050505050501597e-01
1.909363636363636374e+01
5.593737373737362795e+00
9.999999999999979391e-03
8.867676767676770933e-01
5.930707070707065043e+00
4.574040404040403907e+00
4.167575757575757045e+00
7.185757575757574678e+00
9.033737373737366738e+00
6.911818181818186524e+00
6.883838383838384978e+00
1.945454545454542994e-01
9.999999999999972453e-03
9.031414141414138896e+00
7.222222222222210997e-01
1.999999999999999001e-02
5.752525252525261257e-01
3.490909090909091184e-01
9.574747474747491438e-01
1.158171717171718207e+01
5.454747474747472680e+00
3.961414141414146162e+00
5.105050505050497955e-01
2.979797979797976434e-02
4.561616161616169340e-01
1.332424242424243310e+01
7.396666666666665613e+00
1.351454545454546441e+01
4.573131313131312936e+00
2.489999999999994884e+00
4.184949494949488980e+00
4.538787878787879926e+00
7.744949494949497470e+00
2.135246464646465938e+02
5.884747474747474172e+00
4.745050505050502743e+00
9.170707070707067032e-01
8.344040404040404368e+00
1.857797979797978982e+01
3.222525252525252792e+00
7.217171717171726453e-01
4.878787878787876897e-02
5.080202020202023050e+00
3.137373737373736038e+00
9.706161616161601557e+00
3.218181818181817255e-01
1.554545454545456507e-01
3.631313131313125830e-01
7.186969696969699228e+00
1.625252525252528779e-01
6.696969696969708175e-02
2.533636363636368571e+00
4.567545454545455641e+01
7.403636363636366013e+00
7.011585858585858944e+01
1.975757575757575990e-01
5.423232323232328733e-01
6.357474747474745946e+00
3.401010101010104592e-01
7.563636363636363491e+00
6.396969696969695640e+00
2.979797979797978169e-02
1.017242424242424015e+01
1.219685858585858398e+02
2.665252525252530091e+00
4.991414141414145966e+00
2.608797979797980915e+01
6.940404040404038355e+00
4.873939393939393128e+00
7.878686868686877176e+00
1.066666666666669372e-01
1.946969696969700792e+00
1.075535353535353345e+01
4.733333333333337722e-01
1.120464646464645853e+01
5.752121212121213745e+00
2.173535353535355696e+01
1.598989898989900682e-01
7.125959595959593607e+00
4.390909090909093648e-01
7.475757575757570050e-01
2.548595959595960991e+01
1.062217171717171169e+02
3.413393939393940002e+01
1.537979797979798668e+00
2.609090909090915344e-01
5.278858585858588981e+01
5.758585858585861139e+00
4.743434343434347333e-01
8.914242424242426921e+01
4.316060606060605487e+00
3.537373737373736837e-01
5.428989898989901697e+00
7.657979797979805880e+00
1.557575757575757058e-01
6.610000000000002096e+00
2.297979797979792238e-01
9.443333333333331581e+00
6.777777777777779789e-02
5.523030303030301624e+00
2.739999999999997993e+00
2.778787878787881693e-01
3.767292929292929671e+01
2.176767676767673021e-01
2.030161616161617033e+01
4.778787878787874810e+00
3.312121212121211244e-01
9.460505050505046754e+00
1.979797979797979363e-02
8.976161616161610013e+00
2.860505050505045332e+00
3.186293939393940491e+02
4.846161616161616337e+00
5.575252525252524549e+01
2.410898989898989697e+01
5.849898989898990820e+00
2.875757575757572626e-01
8.062929292929291947e+00
9.943232323232328085e+00
6.250000000000004441e+00
8.937777777777778709e+00
3.186868686868683520e-01
6.356191919191916639e+01
3.979898989898991601e+00
2.233333333333338555e-01
9.500404040404047734e+00
5.738787878787885433e+00
3.712121212121204938e-01
2.070344444444443752e+02
7.927171717171714427e+00
4.392626262626259326e+00
1.447616161616160824e+01
7.778787878787871257e+00
6.869393939393933124e+01
1.187878787878786924e-01
2.605050505050507392e-01
5.881818181818186275e+00
3.459494949494954952e+00
2.104943434343434205e+02
9.225252525252519931e+00
3.335353535353531851e-01
5.212020202020198667e+00
8.795353535353536145e+00
4.878787878787876897e-02
2.085606060606061618e+01
2.236782828282827325e+02
2.824040404040406571e+00
4.075757575757580908e-01
4.380808080808071270e-01
2.731575757575756569e+01
2.427272727272731800e-01
3.035828282828283591e+02
2.080808080808078664e-01
1.147373737373738489e+00
1.969696969696966005e-01
7.933636363636361821e+00
3.513131313131316324e-01
1.655555555555558722e-01
3.089494949494954401e+00
4.305050505050505572e-01
1.633962626262626259e+02
3.030303030303025391e-01
6.224747474747476694e+00
3.874747474747470832e-01
3.623232323232317142e-01
4.201414141414139714e+00
6.839191919191919489e+00
4.943434343434344180e-01
1.629212121212120223e+01
2.979797979797975671e-01
6.641919191919193999e+00
3.805959595959594655e+00
2.104313131313130825e+01
5.967575757575745321e+00
1.465151515151515227e+01
2.509090909090906152e+00
1.066666666666669094e-01
3.349393939393941810e+00
2.721212121212116530e-01
6.417171717171726852e-01
2.426528282828283238e+02
2.107970707070706737e+02
3.079797979797976648e+00
6.006060606060599216e-01
4.044343434343435462e+00
2.313673737373735833e+02
8.003434343434333798e+00
8.714646464646465418e+00
7.600000000000001199e-01
5.962222222222217205e+00
5.472727272727261338e-01
6.992626262626266076e+00
2.351982828282828848e+02
4.434343434343428481e-01
3.395959595959601174e-01
8.900505050505046256e+00
1.437145454545454584e+02
4.247070707070710327e+00
8.080707070707072504e+00
2.403030303030307957e-01
1.526020202020202277e+01
3.004040404040404511e-01
5.696969696969709368e-02
2.648484848484843890e-01
9.964232323232322130e+01
1.346010101010101856e+01
3.561105050505051395e+02
1.216161616161617887e-01
7.527272727272745767e-01
6.291212121212120145e+00
3.814444444444446525e+00
1.942424242424241887e-01
4.613535353535346495e+00
6.410505050505043378e+00
4.055555555555555580e-01
3.696424242424242834e+01
1.581818181818183955e-01
6.280808080808070182e-01
7.409494949494943583e+00
1.387878787878790710e-01
4.152525252525260391e-01
3.422929292929293155e+00
6.760404040404046633e+00
4.841232323232320311e+01
2.650606060606062631e+00
4.257575757575753905e-01
7.115050505050500185e+00
4.782828282828279209e-01
4.496363636363640559e+00
1.829393939393942903e+00
9.999999999999953371e-03
4.228585858585859825e+01
2.742424242424245651e-01
2.603030303030307024e-01
1.979797979797979016e-02
3.687878787878788311e-01
9.272727272727274150e-02
4.804343434343429919e+00
3.146464646464653958e-01
7.990909090909098511e-01
3.089898989898992587e-01
7.563131313131315814e+00
6.034545454545459542e+00
1.144313131313131215e+01
5.735151515151520663e+00
1.081595959595959755e+01
7.744848484848489534e+00
8.315828282828279328e+01
2.054984848484847930e+02
7.798989898989897362e+00
5.587777777777774624e+00
4.370090909090909292e+01
2.859595959595961356e-01
1.505111111111112265e+01
1.073737373737375239e-01
1.707575757575759567e+01
4.809999999999997833e+00
4.878787878787893550e-02
6.260808080808073051e+00
4.168686868686865554e-01
1.088888888888889933e-01
1.515515151515151260e+01
1.821393939393939547e+02
4.241414141414141525e-01
4.216868686868687988e+00
6.566666666666661101e+00
1.180262626262627279e+01
4.267777777777780557e+00
4.808282828282820276e+00
6.688888888888899764e-01
4.454747474747478897e+00
2.803030303030304982e-01
5.578383838383832227e+00
1.286737373737374313e+01
3.378787878787881560e+00
9.382727272727290568e+00
7.535353535353541687e-01
3.394949494949494051e-01
7.761111111111113736e+00
3.812121212121209468e-01
2.198171717171716466e+01
2.052474747474748540e+01
3.736363636363628782e+00
1.395858585858585776e+01
2.803030303030298320e-01
5.655555555555562552e-01
3.804040404040407441e-01
4.041919191919189025e+00
8.716262626262624380e+00
2.280808080808076344e-01
8.478484848484848513e+00
6.933232323232329186e+00
2.618964646464646080e+02
3.185858585858582503e-01
3.170818181818183490e+01
3.825252525252525460e-01
6.418181818181836196e-01
2.759141414141415538e+01
1.100606060606060765e+01
5.407979797979797887e+00
4.023232323232318053e-01
1.820771717171717512e+02
1.085232323232323814e+01
7.065353535353542824e+00
4.520202020202022108e-01
4.595959595959586141e-01
2.267070707070709901e+00
8.713434343434350637e+00
2.264090909090909420e+01
5.696969696969715613e-02
2.035353535353538468e-01
3.598989898989898961e+00
3.340808080808085556e+00
6.786363636363635266e+00
2.324303030303030226e+01
1.101919191919190411e+01
6.046868686868680953e+00
7.780808080808078175e-01
2.939393939393944791e-02
1.724242424242421468e-01
8.486666666666668135e+00
6.520505050505053468e+00
9.147373737373737157e+00
3.506060606060611429e-01
9.001616161616167844e+00
3.543494949494947832e+01
4.515151515151524242e-01
9.975919191919194873e+01
8.807979797979797354e+00
1.162484848484848143e+01
5.549696969696963578e+00
2.154949494949494948e+01
5.772020202020205382e+00
1.979797979797979016e-02
4.010505050505041247e+00
1.014242424242424967e+01
4.369696969696972300e-01
5.218181818181814258e+00
2.658888888888886193e+00
7.981121212121213659e+01
2.054080808080808040e+01
3.639494949494952891e+00
3.485959595959598367e+00
3.073737373737365219e-01
2.955555555555558489e-01
1.969696969696967670e-01
4.916161616161622838e-01
5.377272727272728758e+00
1.053737373737372307e+00
1.220101010101010797e+00
7.109696969696960522e+00
4.975020202020200344e+01
7.258595959595959357e+01
3.351313131313131244e+00
6.575757575757586182e-02
2.090909090909089108e-01
5.632222222222220864e+01
3.514242424242418839e+00
6.119696969696962974e+00
9.239898989898998494e+00
9.575757575757595785e-02
2.639494949494948006e+00
3.010101010101003949e-01
2.184848484848485872e-01
5.960505050505048530e+01
6.634141414141412341e+00
6.560202020202022588e+00
4.419191919191911566e-01
8.470303030303032443e+00
4.359595959595963799e-01
7.740101010101012591e+00
1.762969696969697253e+01
5.941919191919193821e+00
5.416060606060610461e+00
2.358585858585862949e-01
6.527171717171716736e+00
4.521979797979800253e+01
7.159393939393936535e+00
3.489898989898990056e+00
8.919191919191929441e-02
3.182828282828271127e-01
3.690303030303030418e+00
8.596464646464644588e+00
2.800202020202018360e+00
2.479797979797984941e-01
2.117737373737372408e+01
1.459517171717171777e+02
9.468080808080804545e+00
1.256555555555556047e+01
1.442838383838383187e+01
2.081818181818177571e+00
2.968686868686862823e-01
1.931698989898990249e+02
1.591653535353536029e+02
4.663434343434340157e+00
4.604242424242430687e+00
9.598181818181815927e+00
5.305959595959595987e+00
5.218989898989897291e+00
2.532828282828278432e+00
1.979797979797979710e-02
2.378787878787873844e-01
5.236969696969698163e+00
4.252838383838383152e+01
8.642222222222233796e+00
1.483274747474747244e+02
5.388929292929294945e+01
3.116060606060606020e+01
2.781717171717170256e+00
3.402020202020205053e-01
9.238888888888892481e+00
5.113535353535354488e+00
1.131313131313130826e-01
1.970374747474747039e+02
2.258686868686871296e+00
2.294848484848484915e+00
2.223939393939398546e+00
8.023333333333335204e+00
2.936060606060607814e+00
7.068484848484850147e+00
1.293494949494950319e+01
2.358585858585864337e-01
8.676767676767702109e-02
1.020511111111111120e+02
3.415555555555557898e+00
1.132283838383838059e+02
4.552525252525247423e-01
5.656363636363636260e+00
3.878787878787880172e-02
8.265838383838385539e+01
4.878787878787884530e-02
2.618242424242423283e+01
4.797979797979805977e-02
6.696969696969716779e-01
7.413878787878785204e+01
5.129999999999996341e+00
5.490707070707064652e+00
1.859392929292929466e+02
8.209191919191919595e+00
1.137080808080808580e+01
3.348484848484850618e-01
6.089898989898981263e+00
2.266666666666665997e-01
7.304848484848487367e+00
6.612757575757575523e+01
4.549494949494956031e-01
7.238777777777781353e+01
3.243305050505050531e+02
3.962929292929292302e+00
4.878787878787876897e-02
8.747575757575758004e+00
1.239079797979798485e+02
1.499383838383840839e+01
3.368989898989899867e+00
2.247760606060605539e+02
1.203030303030304254e-01
3.217070707070707858e+00
3.440404040404039798e-01
4.583838383838373942e-01
1.550852525252525709e+02
2.266666666666662389e-01
1.968474747474747133e+01
1.582666666666666266e+01
7.069393939393942894e+00
2.843030303030306793e+00
4.647474747474752421e-01
5.683838383838382136e-01
2.911616161616164877e+00
1.430666666666667020e+01
6.749696969696974413e+00
6.639292929292911261e+00
1.990909090909088741e-01
2.335454545454552555e+00
3.351454545454544842e+01
1.020507070707071335e+02
5.365858585858590324e+00
2.490404040404043062e+00
8.955454545454555770e+00
1.814141414141414999e-01
2.052443434343433921e+02
5.892828282828279640e+00
3.488282828282826209e+00
1.310585858585857899e+01
3.484242424242425251e+00
5.598585858585858333e+00
1.256151515151514531e+01
2.648484848484844445e-01
4.482828282828280053e-01
1.110101010101009616e-01
6.858585858585865003e-01
1.156959595959594900e+01
2.267760606060605539e+02
2.382144444444445242e+02
7.162121212121216551e+00
3.881818181818183500e-01
5.150909090909092214e+00
4.428181818181827545e+00
6.296767676767674793e+00
3.866666666666666030e-01
9.125151515151523895e+00
1.102020202020204120e-01
1.299404040404040472e+01
6.190707070707068382e+00
5.977272727272731068e+00
5.012020202020205595e+00
1.023010101010101103e+01
5.177777777777784474e-01
2.532985858585858807e+02
6.930808080808088967e+00
3.170696969696969347e+01
3.330808080808077332e+00
9.459999999999997300e+00
4.314545454545459791e+00
6.395353535353542895e+00
4.033131313131310236e+00
2.838525252525251119e+01
4.924646464646465382e+00
6.063131313131309597e+00
6.130303030303029921e+00
2.040404040404037167e-01
7.546464646464630111e-01
2.660808080808076515e+00
1.029242424242423759e+01
4.783030303030309405e+00
8.352121212121215166e+00
2.882828282828283628e-01
1.990909090909090684e-01
3.327272727272720387e-01
2.939393939393943056e-02
1.829797979797981311e+00
2.633333333333335302e-01
5.918181818181833531e-01
6.813232323232322862e+00
6.402020202020190176e+00
2.430303030303024026e-01
3.101010101010094333e-01
2.822868686868686794e+01
4.173232323232328511e+00
3.396232323232323580e+01
2.083838383838383379e-01
4.797979797979797650e-02
8.353030303030298143e+00
3.582828282828281474e-01
1.142424242424244507e-01
2.928282828282827932e+00
1.610212121212120806e+01
1.203030303030303005e-01
6.256363636363629688e+00
6.479090909090903239e+00
8.656262626262620330e+00
3.093939393939394433e-01
6.120202020202003546e-01
