1.278787878787880361e+00
8.846464646464637926e-01
0.000000000000000000e+00
6.282828282828271105e-01
1.346868686868689879e+00
5.819191919191905038e-01
2.354545454545460548e-01
6.859595959595952142e-01
2.403030303030307957e-01
7.864646464646470880e-01
2.141575757575757422e+01
1.490909090909092460e-01
0.000000000000000000e+00
4.385858585858582459e-01
8.660606060606064194e-01
1.832323232323232576e+00
0.000000000000000000e+00
0.000000000000000000e+00
1.618080808080808097e+01
7.250505050505043902e-01
0.000000000000000000e+00
4.833333333333340587e-01
9.715151515151507766e-01
2.121212121212122381e-01
0.000000000000000000e+00
0.000000000000000000e+00
1.001010101010101572e+00
0.000000000000000000e+00
9.999999999999995004e-03
7.230303030303030232e-01
2.020505050505054356e+00
2.939393939393944444e-02
2.036363636363636986e-01
3.921212121212120372e-01
8.886868686868681921e-01
6.592929292929282648e-01
2.977434343434339681e+01
1.505121212121212793e+01
2.260606060606057399e-01
1.104949494949495570e+00
3.032626262626262115e+00
4.798989898989887148e-01
9.059595959595964088e-01
6.302020202020200967e-01
9.926262626262617461e-01
0.000000000000000000e+00
4.191919191919181720e-01
0.000000000000000000e+00
1.117979797979799184e+00
4.399797979797975600e+00
8.410101010101016517e-01
0.000000000000000000e+00
3.878787878787880172e-02
3.562626262626265583e-01
1.124242424242425598e+00
2.225252525252527924e-01
9.161616161616167320e-01
3.521212121212120572e-01
1.993838383838381301e+00
6.984848484848498185e-01
1.610676767676768506e+01
6.553535353535344665e-01
1.079747474747475877e+01
0.000000000000000000e+00
6.883838383838395414e-01
1.979797979797979016e-02
2.229393939393937263e+00
9.182828282828289224e-01
2.521212121212118573e-01
2.939393939393942709e-02
9.343434343434358080e-01
0.000000000000000000e+00
9.178787878787889598e-01
1.254040404040405177e+00
4.878787878787876897e-02
1.711616161616161236e+01
9.280808080808089500e-01
7.949494949494949614e-01
9.911010101010111484e+00
2.737373737373741123e-01
6.360606060606056600e-01
7.203030303030294457e-01
3.939393939393939781e-02
2.354545454545458938e+00
1.800505050505051274e+00
1.028888888888887854e+00
5.137373737373746030e-01
1.057676767676765550e+00
3.541414141414135353e-01
1.893939393939393923e-01
0.000000000000000000e+00
6.630303030303036360e-01
1.999999999999994837e-02
9.182828282828289224e-01
7.222222222222206556e-01
4.790909090909102330e-01
9.114141414141424535e-01
8.620202020202004656e-01
6.735353535353526544e-01
2.223505050505052694e+01
1.431717171717171055e+00
0.000000000000000000e+00
3.878787878787880172e-02
5.469292929292941530e+00
2.460606060606066181e-01
7.327272727272733377e-01
5.352525252525258681e-01
3.274747474747471410e-01
2.525252525252525415e-01
1.446363636363637184e+00
2.609090909090912569e-01
0.000000000000000000e+00
0.000000000000000000e+00
1.067575757575758955e+00
7.783838383838398434e-01
2.939393939393942362e-02
0.000000000000000000e+00
1.064040404040404786e+00
8.341414141414134065e-01
2.868585858585854798e+00
2.607575757575759656e+00
4.478787878787870991e-01
1.873737373737368872e-01
6.386868686868684142e-01
9.670707070707084130e-01
2.855555555555558955e-01
8.759595959595949388e-01
0.000000000000000000e+00
4.518585858585849380e+00
0.000000000000000000e+00
0.000000000000000000e+00
9.999999999999968983e-03
0.000000000000000000e+00
7.804040404040409884e-01
5.978787878787883425e-01
5.764141414141419340e+00
2.521212121212118573e-01
1.584545454545453369e+00
7.004040404040415835e-01
0.000000000000000000e+00
5.505050505050511633e-01
9.465656565656579424e-01
0.000000000000000000e+00
9.078787878787869525e-01
2.197979797979799643e-01
1.010303030303030480e+00
7.547474747474737233e-01
2.234343434343434853e-01
7.637373737373718274e-01
9.999999999999993269e-03
1.091919191919189958e+00
6.641414141414150318e-01
0.000000000000000000e+00
9.998989898989913971e-01
2.098080808080807547e+00
5.891919191919182675e-01
8.167676767676771421e-01
2.541212121212122366e+00
6.524242424242431282e-01
9.999999999999975922e-03
5.696969696969712837e-02
0.000000000000000000e+00
5.696969696969707286e-02
4.514242424242433493e+00
9.687878787878800857e-01
2.560525252525253137e+01
9.999999999999991535e-03
7.057575757575749176e-01
3.034545454545454213e+00
7.930303030303039735e-01
2.939393939393940280e-02
7.841414141414152494e-01
4.754545454545454075e-01
0.000000000000000000e+00
5.837373737373731108e-01
3.388484848484847767e+00
7.046464646464654091e-01
1.066666666666668400e-01
4.878787878787894938e-02
6.269696969696957334e-01
0.000000000000000000e+00
1.042727272727273835e+00
7.434343434343432255e-02
7.682828282828279010e-01
1.502020202020202533e-01
5.434343434343446022e-01
7.887878787878795928e-01
6.551515151515138191e-01
6.274747474747472964e-01
1.490909090909092460e-01
1.075353535353537948e+00
1.285858585858588032e+00
7.045454545454562512e-01
7.686868686868691958e-01
0.000000000000000000e+00
1.299191919191920563e+00
0.000000000000000000e+00
7.861616161616148402e-01
0.000000000000000000e+00
6.175555555555558129e+00
4.181717171717175496e+00
6.904040404040392431e-01
1.088888888888890627e-01
0.000000000000000000e+00
9.444444444444453080e-01
0.000000000000000000e+00
1.998585858585857356e+00
0.000000000000000000e+00
0.000000000000000000e+00
1.688888888888891715e-01
2.287585858585860876e+01
2.488888888888884654e-01
1.461616161616157983e-01
3.181818181818182878e-01
8.762626262626254103e-01
2.289353535353536273e+01
8.055151515151514729e+00
8.432929292929289389e+00
4.115151515151517780e-01
5.845454545454542572e-01
4.894949494949489832e-01
2.488888888888884654e-01
2.035656565656566386e+00
0.000000000000000000e+00
8.119898989898985064e+00
6.087878787878781006e-01
9.867676767676777372e-01
3.739393939393929611e-01
2.651616161616165090e+00
4.960606060606073675e-01
0.000000000000000000e+00
2.571717171717166628e-01
8.819191919191919915e-01
8.377777777777778434e-01
3.342222222222222872e+00
1.667777777777777581e+00
3.391818181818182065e+00
9.445454545454561313e-01
6.782828282828289312e-01
3.034343434343437229e-01
5.607070707070711535e-01
6.087878787878777676e-01
0.000000000000000000e+00
1.733333333333331450e-01
9.216161616161626657e-01
1.160000000000002141e+00
5.887474747474747971e+00
9.373737373737389689e-01
3.925252525252531099e-01
5.817171717171724099e-01
7.143434343434336142e-01
9.880808080808081151e-01
8.676767676767679904e-02
9.999999999999955105e-03
2.079797979797982643e-01
3.693636363636364273e+00
5.651515151515144053e-01
1.701616161616159584e+00
1.512626262626261875e+00
1.082323232323233020e+00
0.000000000000000000e+00
0.000000000000000000e+00
5.672727272727283720e-01
2.892424242424239900e+00
2.126292929292929657e+01
8.066666666666674201e-01
1.747373737373739688e+00
7.428282828282832817e-01
4.064646464646471946e-01
7.121212121212138202e-01
7.675757575757587992e-01
3.464848484848489285e+00
0.000000000000000000e+00
2.113838383838381851e+00
0.000000000000000000e+00
0.000000000000000000e+00
1.085555555555553831e+00
9.888888888888901219e-02
9.999999999999998473e-03
9.938383838383849644e-01
8.693939393939409399e-01
5.316464646464644339e+00
6.329292929292920089e-01
8.378787878787893328e-01
1.936363636363637397e+00
7.860606060606064593e-01
9.539494949494947917e+00
1.045050505050503009e+00
1.180101010101012315e+00
2.500000000000001110e-01
1.105656565656564227e+00
5.196161616161617758e+00
8.631313131313143039e-01
0.000000000000000000e+00
9.328282828282804529e-01
7.050505050505050386e-01
2.592525252525257784e+00
9.999999999999953371e-03
9.460606060606072676e-01
1.287878787878784237e-01
6.807070707070697058e-01
6.446464646464652448e-01
4.252525252525259924e-01
8.587878787878792108e-01
0.000000000000000000e+00
7.508080808080799251e-01
1.066666666666668400e-01
2.424242424242418481e-01
7.295959595959590205e-01
7.642424242424240566e-01
9.999999999999996739e-03
1.979797979797979363e-02
7.670707070707072361e-01
4.797979797979803895e-01
0.000000000000000000e+00
0.000000000000000000e+00
6.617171717171711487e-01
1.023737373737372280e+00
1.041717171717170043e+00
0.000000000000000000e+00
1.790909090909091006e+00
4.660606060606051204e-01
3.073838383838380928e+00
1.590101010101011791e+00
2.836363636363635532e+00
8.148484848484840448e-01
6.248282828282831325e+00
6.554545454545461780e-01
6.974747474747475806e-01
0.000000000000000000e+00
6.672727272727264625e-01
1.095252525252526699e+00
1.018383838383837503e+00
9.999999999999988065e-03
9.307070707070715931e-01
4.819191919191923579e-01
9.888888888888897055e-02
6.066666666666660213e-01
6.481818181818178592e-01
1.216161616161618442e-01
9.679797979797967189e-01
0.000000000000000000e+00
4.797979797979802508e-02
1.979797979797979016e-02
0.000000000000000000e+00
2.250767676767675951e+01
7.748484848484846754e-01
8.213535353535355910e+00
3.646464646464646076e-01
1.214444444444442439e+00
1.516565656565658227e+00
1.289090909090908843e+00
0.000000000000000000e+00
6.039393939393955524e-01
1.979797979797979016e-02
2.767878787878787605e+00
0.000000000000000000e+00
1.281414141414139785e+00
1.110505050505049551e+00
0.000000000000000000e+00
1.357575757575757991e-01
6.575757575757587570e-02
0.000000000000000000e+00
1.888888888888889672e-01
0.000000000000000000e+00
4.248484848484852527e-01
3.897979797979805316e-01
1.278484848484845893e+00
1.433878787878787442e+01
2.403030303030307957e-01
1.287878787878784514e-01
0.000000000000000000e+00
2.221212121212121637e-01
0.000000000000000000e+00
8.459595959595963555e-01
9.999999999999972453e-03
7.944444444444441755e-01
2.524242424242423843e-01
7.189898989898994008e-01
6.659595959595953074e-01
3.066565656565659381e+00
9.029292929292936920e-01
0.000000000000000000e+00
0.000000000000000000e+00
6.513131313131320654e-01
7.830303030303019662e-01
7.679797979797974294e-01
1.120202020202019755e+00
3.878787878787880172e-02
3.014040404040403409e+00
1.051747474747474698e+01
6.309090909090896426e-01
2.121212121212122381e-01
5.966666666666659014e-01
7.864646464646478652e-01
1.047373737373736402e+00
7.177777777777778478e-01
2.160606060606057865e-01
8.302020202020190531e-01
1.609090909090906241e+00
7.529292929292941139e-01
7.896969696969707853e-01
1.261292929292929621e+01
4.493939393939400118e-01
1.413878787878788401e+01
6.979797979797970342e-01
6.644444444444438380e-01
2.359898989898986166e+00
9.402020202020181516e-01
7.894949494949484725e-01
0.000000000000000000e+00
2.009494949494946336e+00
1.821212121212122115e-01
6.839393939393931809e-01
1.154454545454544601e+01
1.089696969696968276e+00
1.233848484848484084e+01
1.068080808080809074e+00
1.357575757575757991e-01
9.546464646464640769e-01
9.989898989899013149e-01
1.156262626262627657e+00
9.999999999999981126e-03
2.354545454545460270e-01
1.784515151515151032e+01
1.286767676767677671e+00
3.054040404040403889e+00
0.000000000000000000e+00
7.084848484848488281e-01
4.999999999999996669e-01
1.898888888888887516e+00
0.000000000000000000e+00
1.066666666666668400e-01
0.000000000000000000e+00
1.654848484848488122e+00
8.793939393939393945e-01
1.107070707070704346e-01
6.969191919191921158e+00
5.303030303030298320e-01
9.999999999999955105e-03
2.379797979797985685e-01
9.950505050505045190e-01
1.282626262626263669e+00
1.739404040404042817e+01
2.760505050505050129e+00
0.000000000000000000e+00
0.000000000000000000e+00
1.142424242424246311e-01
2.715959595959594353e+00
9.409090909090895849e-01
0.000000000000000000e+00
4.701010101010093534e-01
7.182828282828274125e-01
7.570707070707090036e-01
6.878787878787869792e-01
8.968686868686864821e-01
1.145959595959598509e+00
8.932323232323230444e-01
9.132323232323215079e-01
0.000000000000000000e+00
0.000000000000000000e+00
1.054848484848483592e+00
1.053535353535354213e-01
0.000000000000000000e+00
2.397979797979797045e-01
1.788888888888890139e-01
1.638383838383840330e-01
9.331313131313138109e-01
6.529292929292933589e-01
7.755555555555549985e-01
2.197979797979799643e-01
0.000000000000000000e+00
2.585858585858589742e-01
2.010808080808082821e+00
1.123131313131314091e+00
1.455151515151513752e+00
5.302020202020196749e-01
2.842424242424232972e-01
3.438383838383836100e-01
8.349494949494947749e-01
1.066060606060605043e+00
2.712323232323232247e+01
7.805050505050494802e-01
7.925252525252516334e-01
6.099999999999985434e-01
1.079696969696969155e+00
2.301818181818182651e+00
3.543434343434341827e-01
3.823232323232327867e-01
0.000000000000000000e+00
8.160606060606069301e-01
4.136363636363631358e-01
1.268181818181816078e+00
1.788888888888891249e-01
0.000000000000000000e+00
3.878787878787880172e-02
9.022222222222224808e-01
9.999999999999993269e-03
0.000000000000000000e+00
4.196969696969695129e-01
5.159494949494942695e+00
1.301919191919191476e+00
8.328787878787878185e+00
0.000000000000000000e+00
2.233333333333338555e-01
8.447474747474738033e-01
1.979797979797979710e-02
1.096060606060604625e+00
9.549494949494962137e-01
0.000000000000000000e+00
1.515050505050503205e+00
1.409202020202019234e+01
5.380808080808074934e-01
8.435353535353556920e-01
2.797474747474742340e+00
8.030303030303024281e-01
7.121212121212131541e-01
1.014040404040402743e+00
9.999999999999974187e-03
5.444444444444453968e-01
1.668585858585856174e+00
4.354545454545452610e-01
1.270101010101012173e+00
8.519191919191926310e-01
2.359090909090908905e+00
0.000000000000000000e+00
8.662626262626270668e-01
9.888888888888890116e-02
6.628282828282824335e-01
2.255252525252521068e+00
1.369464646464646762e+01
3.495252525252522169e+00
4.646464646464636417e-01
0.000000000000000000e+00
4.562323232323235445e+00
7.459595959595963777e-01
3.691919191919194598e-01
8.487474747474749392e+00
6.470707070707056863e-01
1.979797979797979710e-02
9.631313131313148368e-01
9.299999999999984945e-01
0.000000000000000000e+00
8.394949494949486279e-01
6.575757575757586182e-02
1.314141414141415165e+00
0.000000000000000000e+00
9.922222222222204513e-01
5.670707070707065034e-01
0.000000000000000000e+00
4.684747474747475771e+00
2.939393939393944097e-02
2.413030303030304413e+00
7.627272727272723651e-01
9.888888888888887341e-02
9.567676767676757121e-01
0.000000000000000000e+00
1.203939393939394975e+00
4.949494949494942508e-01
3.400757575757578621e+01
5.946464646464657555e-01
4.848282828282827417e+00
3.958686868686864369e+00
8.230303030303042222e-01
0.000000000000000000e+00
8.945454545454537554e-01
1.340808080808078007e+00
7.711111111111103034e-01
9.603030303030296588e-01
2.197979797979799643e-01
8.461515151515158095e+00
6.876767676767671089e-01
1.142424242424242981e-01
1.029393939393940860e+00
7.844444444444432785e-01
1.485858585858582659e-01
2.229848484848485057e+01
8.835353535353520638e-01
6.604040404040407708e-01
1.464040404040406029e+00
7.408080808080811375e-01
6.391717171717174573e+00
0.000000000000000000e+00
0.000000000000000000e+00
7.226262626262620614e-01
3.394949494949493496e-01
1.303424242424243040e+01
7.858585858585853678e-01
3.939393939393939781e-02
6.212121212121203273e-01
1.164747474747476197e+00
0.000000000000000000e+00
2.565555555555550704e+00
2.454080808080806975e+01
6.523232323232311947e-01
2.082828282828282918e-01
1.788888888888891249e-01
3.118686868686868507e+00
9.999999999999970718e-03
2.567070707070705282e+01
0.000000000000000000e+00
6.141414141414135441e-01
0.000000000000000000e+00
9.158585858585869266e-01
2.524242424242423843e-01
0.000000000000000000e+00
7.973737373737384004e-01
2.297979797979799177e-01
1.574717171717170849e+01
2.403030303030307957e-01
7.292929292929287710e-01
2.516161616161619596e-01
1.733333333333332282e-01
4.770707070707077557e-01
8.621212121212100676e-01
1.993939393939393456e-01
1.843535353535356247e+00
0.000000000000000000e+00
8.226262626262629274e-01
1.016767676767674544e+00
2.174343434343434911e+00
7.840404040404022057e-01
1.466565656565657294e+00
7.330303030303022549e-01
0.000000000000000000e+00
5.859595959595949033e-01
4.797979797979805283e-02
3.211111111111106808e-01
2.051808080808082124e+01
2.806151515151514531e+01
6.716161616161629988e-01
8.434343434343431756e-02
6.439393939393950328e-01
2.265595959595958320e+01
9.485858585858573111e-01
1.044343434343434573e+00
2.686868686868690848e-01
8.276767676767688986e-01
1.530303030303026834e-01
7.895959595959596289e-01
3.188515151515151302e+01
1.942424242424243275e-01
0.000000000000000000e+00
1.221313131313132905e+00
1.631010101010100755e+01
6.337373737373740434e-01
1.141616161616163971e+00
1.616161616161617132e-01
1.922626262626260907e+00
1.788888888888890416e-01
0.000000000000000000e+00
1.675757575757576834e-01
7.662020202020200621e+00
1.674141414141416151e+00
3.975282828282828973e+01
0.000000000000000000e+00
5.028282828282839567e-01
7.408080808080803603e-01
7.577777777777782164e-01
3.878787878787880172e-02
8.221212121212108093e-01
7.036363636363626162e-01
1.675757575757576556e-01
4.712121212121209268e+00
0.000000000000000000e+00
9.676767676767683568e-02
1.352525252525254240e+00
0.000000000000000000e+00
1.745454545454546702e-01
5.998989898989903757e-01
7.957575757575768849e-01
3.278585858585859381e+00
6.302020202020200967e-01
2.160606060606058976e-01
8.520202020202007898e-01
2.696969696969692687e-01
6.232323232323242479e-01
4.079797979797987195e-01
0.000000000000000000e+00
4.200202020202022268e+00
1.287878787878785070e-01
1.990909090909090684e-01
0.000000000000000000e+00
3.878787878787880172e-02
0.000000000000000000e+00
6.425252525252534985e-01
1.142424242424244507e-01
3.748484848484848198e-01
1.979797979797979016e-02
8.527272727272724451e-01
7.711111111111090821e-01
1.232626262626264069e+00
8.147474747474748868e-01
1.228080808080809438e+00
1.036262626262627551e+00
1.032989898989898414e+01
2.565232323232322642e+01
8.664646464646464930e-01
7.405050505050509990e-01
4.492323232323230719e+00
1.554545454545456229e-01
1.872121212121209854e+00
0.000000000000000000e+00
1.325656565656565755e+00
7.538383838383846403e-01
0.000000000000000000e+00
7.784848484848476691e-01
9.515151515151504258e-02
0.000000000000000000e+00
2.287777777777778798e+00
1.411535353535352932e+01
1.623232323232320085e-01
5.972727272727280656e-01
8.613131313131335842e-01
1.755858585858584009e+00
6.812121212121217129e-01
7.162626262626274887e-01
7.737373737373738625e-02
7.752525252525235278e-01
6.575757575757584794e-02
8.036363636363647034e-01
1.212525252525254782e+00
7.598989898989896297e-01
8.014141414141433550e-01
2.412121212121209890e-01
2.233333333333339110e-01
9.698989898989900382e-01
9.888888888888891504e-02
2.206161616161614880e+00
2.051313131313129201e+00
4.709090909090913879e-01
2.048585858585858510e+00
0.000000000000000000e+00
2.543434343434349820e-01
2.509090909090912480e-01
7.460606060606056467e-01
1.128282828282829220e+00
9.999999999999991535e-03
8.374747474747458176e-01
7.508080808080819235e-01
2.339383838383836789e+01
2.939393939393943403e-02
3.042323232323232762e+00
3.878787878787880172e-02
1.384848484848483774e-01
2.888686868686871634e+00
1.128484848484850644e+00
6.293939393939400606e-01
6.575757575757588957e-02
1.647737373737372835e+01
1.132727272727274803e+00
8.050505050505062377e-01
5.696969696969710062e-02
2.179797979797983287e-01
6.208080808080819191e-01
1.120707070707068764e+00
3.194545454545458352e+00
0.000000000000000000e+00
0.000000000000000000e+00
4.276767676767671555e-01
5.792929292929299701e-01
9.720202020202031168e-01
2.092727272727268328e+00
1.270707070707071562e+00
7.521212121212110802e-01
2.333333333333338089e-01
0.000000000000000000e+00
0.000000000000000000e+00
1.082727272727270318e+00
8.405050505050497556e-01
9.480808080808077465e-01
9.999999999999998473e-03
1.195050505050506029e+00
2.779393939393944191e+00
1.636363636363630802e-01
8.741212121212114994e+00
9.614141414141400555e-01
1.653535353535356078e+00
7.588888888888885020e-01
2.451919191919188279e+00
1.060505050505053282e+00
0.000000000000000000e+00
7.863636363636374860e-01
1.145757575757577973e+00
2.939393939393944444e-02
1.007171717171718717e+00
6.947474747474746692e-01
1.248020202020202518e+01
2.878484848484847536e+00
4.751515151515149915e-01
5.165656565656562282e-01
9.999999999999975922e-03
2.079797979797981533e-01
0.000000000000000000e+00
2.454545454545459526e-01
6.998989898989891323e-01
2.331313131313127174e-01
2.641414141414146766e-01
9.009090909090907706e-01
4.785252525252523093e+00
6.977171717171704479e+00
4.621212121212127100e-01
0.000000000000000000e+00
1.979797979797979016e-02
5.776161616161616053e+00
5.712121212121205049e-01
9.713131313131310174e-01
1.344040404040402814e+00
0.000000000000000000e+00
5.518181818181824294e-01
7.434343434343430868e-02
0.000000000000000000e+00
5.079393939393939128e+00
8.004040404040393408e-01
9.658585858585868600e-01
2.715151515151518757e-01
9.610101010100994268e-01
2.036363636363637819e-01
1.099898989898991486e+00
2.208686868686865701e+00
5.751515151515156354e-01
6.513131313131315103e-01
9.999999999999953371e-03
1.001818181818183717e+00
4.046868686868688947e+00
6.519191919191926754e-01
4.725252525252525149e-01
0.000000000000000000e+00
0.000000000000000000e+00
6.527272727272719344e-01
1.027272727272725561e+00
3.874747474747474718e-01
1.357575757575757991e-01
2.207070707070701854e+00
1.477313131313130867e+01
1.178888888888890873e+00
1.762424242424242893e+00
1.514545454545451308e+00
2.972727272727266334e-01
2.197979797979799643e-01
2.151616161616162515e+01
1.160494949494948713e+01
5.695959595959602106e-01
7.698989898989896385e-01
1.386868686868686140e+00
8.915151515151498174e-01
8.874747474747480824e-01
2.791919191919197685e-01
0.000000000000000000e+00
9.999999999999993269e-03
6.195959595959603661e-01
4.918989898989897469e+00
8.552525252525249311e-01
1.471090909090907850e+01
6.894343434343432442e+00
3.538484848484848566e+00
6.322222222222220189e-01
0.000000000000000000e+00
8.955555555555562153e-01
6.149494949494942464e-01
0.000000000000000000e+00
2.435343434343434410e+01
4.721212121212133850e-01
4.758585858585858697e-01
7.231313131313131803e-01
1.046868686868684506e+00
7.493939393939383908e-01
1.051515151515150848e+00
1.329494949494949507e+00
0.000000000000000000e+00
0.000000000000000000e+00
1.257676767676767859e+01
6.596969696969696706e-01
1.421000000000000618e+01
1.554545454545456507e-01
7.281818181818174862e-01
0.000000000000000000e+00
6.930303030303026190e+00
0.000000000000000000e+00
3.154141414141416355e+00
0.000000000000000000e+00
4.241414141414142080e-01
7.595555555555564275e+00
7.602020202020192130e-01
9.169696969696949918e-01
2.212535353535352911e+01
1.209696969696967939e+00
1.265454545454543167e+00
9.999999999999972453e-03
8.507070707070704119e-01
0.000000000000000000e+00
1.031212121212119248e+00
4.936464646464649775e+00
3.878787878787880172e-02
7.102121212121217830e+00
3.055949494949494749e+01
8.318181818181813458e-01
0.000000000000000000e+00
9.058585858585848083e-01
1.363262626262625865e+01
1.261616161616159193e+00
6.309090909090903088e-01
1.242535353535353870e+01
0.000000000000000000e+00
5.188888888888900652e-01
0.000000000000000000e+00
1.215151515151516731e-01
1.775959595959596271e+01
1.554545454545456507e-01
2.908585858585856165e+00
1.762727272727271810e+00
9.828282828282822736e-01
4.011111111111101968e-01
2.160606060606057310e-01
1.525252525252528968e-01
5.270707070707069120e-01
2.008383838383839048e+00
9.029292929292928038e-01
8.047474747474752110e-01
3.878787878787879478e-02
3.773737373737374168e-01
3.733232323232324568e+00
1.099494949494948592e+01
7.005050505050520737e-01
6.692929292929309382e-01
1.321515151515152420e+00
9.999999999999984596e-03
2.428797979797979067e+01
6.044444444444455611e-01
4.353535353535351593e-01
1.505656565656565027e+00
5.518181818181804310e-01
7.243434343434331790e-01
1.620404040404039625e+00
6.575757575757587570e-02
3.418181818181817988e-01
0.000000000000000000e+00
3.732323232323230267e-01
9.987878787878804454e-01
2.153242424242425201e+01
2.028464646464644261e+01
7.661616161616150444e-01
2.509090909090912480e-01
8.814141414141428710e-01
7.240404040404037067e-01
1.145454545454543727e+00
2.297979797979792238e-01
1.247070707070705220e+00
0.000000000000000000e+00
1.388484848484846879e+00
8.687878787878774434e-01
8.051515151515162838e-01
6.201010101010112630e-01
1.098383838383840017e+00
2.500000000000001110e-01
2.900313131313133042e+01
7.379797979797974028e-01
2.656464646464641977e+00
7.974747474747472253e-01
9.607070707070717308e-01
5.791919191919202570e-01
8.720202020202018067e-01
6.498989898989899761e-01
4.345757575757580149e+00
7.518181818181829401e-01
8.718181818181826026e-01
8.531313131313120746e-01
0.000000000000000000e+00
4.954545454545467020e-01
5.929292929292938608e-01
1.320303030303033198e+00
8.604040404040391721e-01
1.326767676767679927e+00
1.788888888888889028e-01
0.000000000000000000e+00
1.788888888888890139e-01
0.000000000000000000e+00
5.409090909090917831e-01
0.000000000000000000e+00
1.832323232323231910e-01
7.307070707070716375e-01
1.087878787878789444e+00
2.939393939393943403e-02
1.554545454545456507e-01
2.381212121212119115e+00
6.716161616161625547e-01
4.328181818181816354e+00
0.000000000000000000e+00
0.000000000000000000e+00
8.201010101010119957e-01
1.979797979797979363e-02
0.000000000000000000e+00
6.165656565656576493e-01
1.741515151515153237e+00
0.000000000000000000e+00
9.090909090909085055e-01
8.555555555555541813e-01
1.175151515151513282e+00
9.999999999999975922e-03
2.939393939393943403e-02
