9.951414141414144154e+00
7.436666666666656766e+00
3.959595959595958031e-02
3.768080808080802591e+00
1.037989898989898840e+01
2.568787878787880619e+00
3.264646464646461799e-01
6.859696969696958746e+00
2.431313131313128373e-01
6.651616161616155765e+00
3.351994949494948060e+02
3.893939393939398474e-01
9.090909090909048140e-02
3.692222222222218075e+00
7.551111111111105778e+00
1.924141414141413264e+01
7.676767676767659587e-02
1.752525252525254096e-01
1.467147474747474973e+02
3.109393939393937600e+00
6.575757575757584794e-02
2.276969696969693757e+00
8.431313131313132203e+00
2.648484848484843890e-01
1.975757575757575990e-01
1.857575757575756215e-01
7.635959595959589841e+00
2.120202020202017479e-01
4.438383838383833657e-01
4.349090909090908674e+00
1.914494949494947917e+01
2.677777777777780588e-01
5.344444444444439446e-01
5.129090909090910699e+00
5.217070707070710966e+00
5.040707070707067139e+00
3.030269696969697861e+02
1.554563636363636476e+02
3.913131313131311684e-01
8.022222222222218591e+00
3.959898989898991317e+01
2.957171717171716008e+00
7.331616161616164362e+00
3.140808080808080049e+00
7.998484848484849863e+00
2.131313131313133657e-01
9.290909090909077461e-01
0.000000000000000000e+00
9.536060606060607014e+00
4.228595959595958220e+01
7.986464646464648709e+00
9.090909090909086998e-02
2.266666666666662389e-01
2.719090909090911445e+00
8.584949494949496440e+00
1.979696969696964848e+00
6.207979797979803926e+00
1.630202020202021540e+00
1.626979797979797482e+01
4.694242424242423439e+00
1.478751515151514866e+02
4.424444444444445956e+00
1.424572727272727093e+02
1.344444444444448661e-01
6.629696969696969866e+00
2.932323232323237883e-01
2.207090909090908681e+01
6.152626262626265330e+00
2.624242424242423377e-01
2.277777777777777179e-01
8.983232323232329009e+00
1.525252525252526747e-01
5.922323232323240205e+00
1.223222222222221944e+01
3.837373737373738214e-01
1.737578787878788091e+02
4.467979797979792167e+00
4.632727272727274581e+00
1.351251515151515434e+02
6.508080808080808355e-01
4.266060606060613658e+00
4.714646464646459201e+00
2.799999999999995826e-01
2.208262626262625616e+01
1.712959595959594594e+01
1.122848484848484496e+01
3.101717171717174093e+00
7.298585858585855846e+00
2.542929292929290597e+00
4.132323232323235618e-01
3.752525252525246713e-01
6.337272727272726058e+00
3.959595959595958725e-02
6.353434343434343212e+00
5.220909090909090722e+00
5.861616161616168830e-01
8.297575757575751609e+00
6.453535353535347241e+00
5.437878787878789311e+00
2.081982828282828848e+02
1.139979797979798803e+01
5.919191919191918450e-02
4.055555555555554470e-01
4.817696969696973497e+01
3.388888888888883510e-01
4.960909090909089159e+00
2.487070707070709652e+00
2.327171717171712562e+00
2.793939393939399718e-01
9.494141414141415325e+00
8.124242424242426042e-01
2.212121212121212765e-01
1.654545454545454930e-01
1.214989898989899153e+01
9.282525252525259063e+00
7.675757575757585771e-01
2.979797979797975047e-02
1.134656565656566940e+01
5.623333333333332185e+00
2.914080808080805696e+01
2.380808080808079907e+01
3.476666666666662575e+00
1.353333333333330613e+00
6.474242424242422800e+00
9.282424242424241356e+00
6.531313131313133402e-01
3.640707070707073445e+00
1.873737373737367762e-01
5.011777777777779619e+01
1.315151515151518069e-01
0.000000000000000000e+00
1.788888888888889028e-01
6.802020202020209183e-01
6.391414141414135663e+00
4.807070707070700166e+00
6.329767676767676221e+01
3.424242424242429639e-01
1.416020202020201957e+01
4.244242424242426814e+00
7.878787878787879562e-02
4.079595959595960331e+00
6.534848484848483352e+00
2.642424242424246117e-01
7.993737373737393348e+00
2.233333333333338278e-01
9.014747474747483835e+00
4.324242424242418892e+00
1.052020202020200523e+00
5.086666666666658898e+00
1.009090909090910732e-01
9.789292929292932044e+00
3.511212121212119008e+00
4.797979797979806671e-02
1.013828282828283633e+01
1.719050505050504896e+01
2.638484848484851764e+00
7.579393939393926694e+00
3.000111111111110773e+01
4.647070707070714235e+00
4.140404040404034314e-01
2.188888888888894935e-01
2.979797979797977822e-02
3.154545454545452654e-01
6.041646464646466086e+01
7.932525252525240766e+00
3.160811111111109994e+02
2.179797979797982732e-01
6.723030303030310684e+00
4.281131313131314897e+01
4.302424242424236489e+00
3.914141414141416031e-01
6.825151515151517856e+00
4.114242424242422480e+00
8.636363636363622587e-02
2.873030303030303045e+00
3.922898989898988731e+01
7.149898989898992419e+00
4.218181818181819254e-01
3.612121212121210956e-01
3.182020202020201971e+00
2.415151515151517658e-01
5.613535353535357153e+00
3.034343434343430568e-01
7.679292929292937053e+00
1.849898989898986823e+00
2.652727272727271046e+00
8.545050505050497236e+00
4.416565656565651921e+00
6.152121212121215876e+00
3.348484848484853393e-01
1.024787878787879336e+01
7.791616161616153668e+00
4.408989898989895906e+00
7.267070707070709012e+00
1.027272727272726949e-01
9.670707070707074138e+00
1.131313131313132908e-01
6.332424242424242067e+00
2.820202020202020599e-01
6.317313131313130015e+01
3.496464646464644943e+01
3.727878787878790678e+00
3.661616161616156329e-01
9.999999999999951636e-03
7.097575757575754096e+00
1.979797979797979016e-02
1.369767676767676079e+01
1.570707070707066944e-01
2.500000000000001110e-01
1.403737373737370842e+00
2.036201010101009388e+02
2.521212121212118573e-01
2.269696969696965994e+00
4.839393939393935584e-01
7.541717171717169599e+00
1.600428282828283102e+02
1.160999999999999659e+02
1.073017171717171436e+02
2.910202020202025341e+00
6.154545454545455208e+00
1.194949494949494984e+00
5.308080808080812840e-01
2.063101010101009791e+01
6.020202020202020110e-02
8.231393939393939263e+01
4.633737373737370824e+00
1.035131313131312147e+01
2.386161616161617260e+00
2.898666666666665037e+01
3.064949494949499531e+00
1.207070707070707904e-01
3.902626262626265774e+00
6.575656565656567309e+00
9.238080808080807671e+00
2.725212121212122796e+01
1.098969696969697374e+01
3.927939393939394819e+01
6.660404040404048764e+00
4.971515151515149888e+00
4.069797979797979970e+00
4.140909090909088874e+00
4.025656565656574593e+00
1.216161616161618719e-01
4.571717171717165074e-01
5.478989898989898855e+00
7.999494949494944329e+00
7.592636363636363228e+01
7.444747474747479110e+00
3.513838383838385759e+00
2.955757575757576916e+00
4.810707070707077371e+00
8.678282828282823047e+00
7.271717171717180239e-01
3.165656565656569943e-01
5.608080808080804225e-01
3.383454545454545581e+01
4.209999999999994635e+00
1.420828282828281885e+01
1.756070707070708181e+01
8.622929292929290668e+00
1.065656565656564886e-01
2.000000000000000042e-02
4.453939393939388758e+00
2.759989898989899260e+01
1.702548484848484804e+02
5.941616161616163794e+00
1.981474747474744902e+01
4.952020202020202433e+00
2.045555555555559124e+00
5.488888888888889817e+00
5.737272727272729966e+00
1.681686868686869119e+01
2.217171717171712853e-01
2.474000000000001620e+01
2.701010101010097308e-01
1.102020202020206896e-01
8.749292929292925791e+00
3.368686868686877611e-01
2.470707070707067188e-01
9.080606060606063679e+00
8.025656565656561270e+00
6.655909090909089798e+01
3.344747474747471916e+00
5.144141414141407687e+00
1.873303030303030070e+01
5.057575757575754061e+00
8.014797979797975813e+01
6.143131313131315885e+00
7.200101010101011667e+00
2.815151515151515516e-01
6.704242424242426779e+00
3.408171717171716608e+01
7.704949494949508093e+00
0.000000000000000000e+00
8.256060606060600549e+00
4.444343434343438481e+00
2.031777777777777061e+01
4.434343434343432921e-01
6.904444444444442830e+00
2.427272727272732078e-01
4.078686868686873801e+00
4.125656565656565355e+00
2.857979797979796288e+00
6.405050505050502885e+00
1.652525252525252342e-01
3.249494949494949214e+00
5.461616161616174026e-01
2.818181818181822451e-01
2.796868686868680953e+00
5.033131313131310236e+00
1.357575757575757991e-01
1.476767676767674620e-01
3.829696969696970044e+00
5.251515151515144808e-01
5.878787878787875704e-02
2.939393939393943403e-02
3.367878787878789915e+00
8.863636363636359761e+00
8.418484848484848015e+00
2.245454545454543815e-01
1.619656565656565306e+01
2.874646464646466004e+00
2.833949494949496284e+01
1.357767676767677223e+01
2.453797979797979423e+01
5.383535353535362944e+00
4.827161616161617275e+01
2.517373737373742149e+00
6.017575757575750472e+00
3.939393939393939781e-02
6.126060606060604208e+00
6.517777777777775228e+00
7.008484848484853202e+00
3.510101010101007168e-01
7.583333333333338366e+00
3.678989898989900365e+00
2.803030303030299430e-01
3.313232323232328191e+00
4.888282828282831893e+00
2.233333333333338278e-01
7.838989898989900951e+00
1.942424242424241332e-01
2.969696969696964950e-01
2.297979797979799177e-01
1.979797979797979363e-02
2.928430303030303889e+02
4.386666666666669379e+00
1.030458585858585820e+02
6.011111111111105965e-01
9.750909090909088306e+00
1.217959595959595731e+01
1.073090909090909228e+01
2.822222222222215415e-01
2.424242424242426974e+00
7.737373737373737237e-02
2.526858585858587247e+01
1.357575757575757991e-01
1.115575757575757443e+01
8.078686868686862255e+00
1.264646464646462243e-01
3.566666666666666874e-01
3.562626262626257256e-01
1.025252525252525471e-01
4.060606060606060663e-01
6.575757575757590345e-02
4.787878787878787623e-01
3.556666666666666643e+00
1.030696969696969312e+01
1.322777777777777715e+02
3.292929292929295815e-01
2.179797979797982732e-01
3.878787878787880172e-02
3.801010101010096065e-01
2.245454545454543260e-01
5.826868686868683866e+00
3.041414141414145456e-01
3.863838383838377855e+00
5.428282828282823269e-01
5.772828282828276869e+00
3.377575757575756565e+00
4.331262626262626725e+01
9.529595959595953403e+00
1.066666666666668400e-01
2.090909090909091606e-01
4.561515151515155964e+00
5.968787878787880530e+00
5.261717171717173791e+00
7.631818181818178282e+00
2.197979797979799643e-01
4.112787878787879237e+01
1.310182828282828496e+02
5.278282828282831574e+00
3.610101010101008367e-01
4.629393939393939839e+00
7.466666666666658791e+00
7.845050505050509493e+00
4.049898989898993662e+00
2.475757575757577267e-01
5.466161616161613779e+00
1.357878787878787286e+01
5.101313131313133020e+00
8.706363636363636971e+00
1.208218181818181307e+02
3.152525252525250288e+00
2.032188888888888414e+02
4.850808080808076461e+00
5.769191919191920981e+00
2.341202020202020151e+01
6.458484848484849827e+00
5.079797979797973539e+00
4.919191919191923806e-02
1.850373737373736915e+01
6.273737373737396927e-01
2.597878787878790785e+00
1.047542424242424204e+02
7.479797979797977447e+00
1.589505050505051429e+02
7.095959595959592470e+00
3.812121212121212799e-01
8.110909090909093067e+00
6.241414141414138861e+00
8.349494949494946638e+00
2.721212121212127633e-01
3.731313131313130915e-01
1.630846464646464824e+02
1.233464646464646286e+01
2.517212121212122611e+01
2.160606060606058143e-01
2.025656565656571040e+00
3.765555555555541556e+00
2.464101010101009592e+01
2.136363636363637630e-01
5.162626262626264229e-01
4.878787878787885918e-02
1.345333333333333492e+01
6.245555555555561966e+00
4.094949494949494673e-01
6.177363636363635635e+01
2.155757575757573985e+00
4.785858585858598913e-01
2.995959595959601374e-01
6.209595959595954895e+00
1.018989898989898357e+01
1.959701010101011036e+02
1.991898989898990280e+01
1.485858585858583492e-01
3.939393939393939781e-02
4.653535353535359076e-01
1.995424242424243033e+01
6.193434343434339517e+00
0.000000000000000000e+00
8.007070707070697013e-01
5.224343434343443171e+00
4.615656565656559351e+00
5.016868686868686034e+00
6.754949494949501698e+00
9.031111111111108869e+00
6.752525252525252597e+00
6.813030303030304324e+00
2.013131313131313882e-01
9.999999999999972453e-03
8.894848484848488113e+00
7.505050505050512299e-01
1.999999999999999001e-02
6.054545454545465777e-01
3.731313131313130915e-01
9.995959595959608146e-01
1.136949494949495509e+01
5.441414141414140815e+00
4.255454545454547599e+00
5.251515151515159241e-01
2.979797979797976781e-02
4.512121212121208980e-01
1.363898989898989633e+01
7.461717171717175745e+00
1.328898989898990202e+01
4.316161616161611647e+00
2.610000000000003872e+00
4.221717171717178196e+00
4.781313131313135401e+00
8.267373737373739928e+00
2.232739393939393722e+02
6.032525252525251958e+00
4.193838383838377482e+00
9.326262626262629141e-01
8.333939393939386875e+00
1.932959595959595589e+01
3.495959595959592825e+00
7.152525252525245847e-01
3.878787878787880172e-02
5.248888888888885162e+00
3.092828282828279374e+00
1.034292929292928953e+01
3.505050505050500975e-01
1.733333333333331450e-01
4.217171717171707135e-01
7.686767676767675361e+00
1.487878787878791909e-01
5.797979797979803396e-02
2.640202020202023547e+00
5.142212121212124032e+01
7.976464646464646258e+00
7.365505050505049667e+01
2.125252525252524782e-01
5.538383838383850177e-01
6.706969696969697026e+00
3.537373737373731286e-01
7.688989898989897931e+00
6.985959595959598367e+00
4.000000000000000083e-02
1.116454545454545411e+01
1.326252525252525345e+02
2.539999999999998259e+00
5.031414141414146890e+00
2.713515151515149881e+01
7.231414141414142627e+00
4.963232323232322329e+00
8.403939393939396041e+00
1.216161616161618719e-01
1.937878787878785314e+00
1.142343434343434261e+01
4.843434343434337985e-01
1.133363636363636751e+01
6.192222222222227401e+00
2.336727272727272364e+01
1.680808080808079419e-01
8.181616161616162231e+00
4.274747474747471743e-01
6.869696969696964528e-01
2.347757575757574600e+01
1.137353535353535676e+02
3.334696969696969404e+01
1.407979797979796999e+00
2.828282828282820960e-01
5.672181818181820034e+01
6.005959595959594388e+00
4.669696969696975342e-01
9.485282828282826983e+01
4.310606060606062329e+00
3.222222222222229648e-01
5.762222222222218804e+00
8.246262626262623741e+00
1.625252525252529057e-01
6.645959595959596733e+00
2.379797979797985685e-01
1.013181818181818628e+01
4.878787878787891469e-02
5.881515151515138484e+00
2.511414141414137546e+00
2.778787878787881693e-01
3.963080808080810868e+01
2.343434343434341316e-01
2.093717171717171865e+01
4.877373737373734031e+00
3.352525252525254684e-01
9.931515151515155182e+00
2.939393939393941668e-02
9.310707070707074706e+00
3.067676767676767113e+00
3.484006060606058668e+02
4.741717171717173329e+00
5.958747474747476502e+01
2.588383838383837343e+01
6.470101010101005912e+00
2.560606060606058221e-01
8.332424242424243843e+00
1.062868686868687185e+01
6.471414141414130405e+00
8.279595959595969390e+00
3.204040404040411905e-01
6.199131313131313448e+01
3.875050505050504857e+00
2.327272727272732267e-01
1.000343434343434446e+01
6.493131313131314641e+00
3.796969696969701435e-01
2.165309090909091481e+02
8.611919191919188421e+00
4.670101010101010530e+00
1.425555555555556175e+01
7.662424242424247467e+00
6.737767676767685998e+01
1.187878787878786924e-01
2.463636363636366455e-01
6.568181818181818343e+00
3.511717171717170682e+00
2.149166666666667140e+02
8.895656565656576475e+00
3.614141414141416875e-01
5.415252525252527427e+00
9.232121212121205289e+00
3.939393939393939781e-02
2.098898989898988887e+01
2.144587878787877742e+02
2.857171717171720360e+00
4.040404040404034780e-01
4.411111111111120087e-01
2.991474747474748952e+01
2.742424242424247316e-01
3.389631313131313846e+02
2.094949494949497337e-01
1.144848484848486114e+00
1.732323232323232098e-01
8.622828282828288948e+00
3.510101010101006058e-01
1.440404040404039132e-01
3.217575757575760864e+00
4.196969696969699570e-01
1.744504040404040381e+02
3.012121212121215419e-01
6.247272727272725312e+00
4.098989898989903180e-01
3.695959595959601995e-01
4.426161616161612855e+00
7.152525252525249400e+00
4.835353535353542065e-01
1.693101010101008441e+01
3.206060606060600060e-01
7.394646464646465134e+00
4.023232323232321939e+00
2.081717171717172832e+01
6.025151515151503823e+00
1.570353535353536145e+01
2.441212121212123609e+00
1.316161616161619363e-01
3.664444444444443949e+00
3.110101010101015140e-01
6.625252525252517399e-01
2.586261616161617667e+02
2.124536363636362921e+02
2.971212121212118085e+00
6.894949494949491609e-01
4.440202020202020705e+00
2.554314141414141091e+02
8.194949494949497648e+00
9.419191919191922224e+00
7.768686868686869307e-01
6.183333333333341564e+00
5.379797979797974472e-01
7.324747474747475451e+00
2.621777777777778056e+02
4.224242424242428684e-01
3.258585858585855699e-01
9.484343434343429635e+00
1.636208080808080467e+02
4.372323232323236830e+00
9.358686868686861615e+00
2.354545454545460270e-01
1.434414141414144517e+01
2.988888888888892592e-01
7.434343434343430868e-02
2.621212121212116997e-01
1.045022222222222581e+02
1.469999999999998863e+01
3.641149494949494851e+02
1.287878787878785625e-01
7.386868686868695022e-01
6.531212121212116806e+00
3.945252525252521458e+00
2.043434343434342437e-01
5.224545454545458156e+00
6.274040404040404084e+00
4.087878787878787556e-01
3.913474747474748483e+01
1.555555555555557246e-01
6.458585858585846884e-01
8.056060606060601259e+00
1.655555555555558722e-01
4.152525252525260391e-01
3.431818181818181213e+00
7.401111111111111640e+00
4.850131313131312538e+01
2.573131313131308495e+00
4.112121212121214175e-01
7.289898989898985882e+00
4.940404040404040020e-01
4.508383838383846154e+00
1.844444444444447218e+00
9.999999999999953371e-03
4.693020202020203868e+01
2.812121212121209135e-01
2.579797979797984753e-01
2.939393939393944444e-02
3.600000000000005973e-01
7.434343434343430868e-02
5.210303030303028216e+00
3.288888888888888973e-01
8.537373737373735727e-01
2.840404040404040931e-01
7.588585858585854993e+00
6.419696969696972566e+00
1.145737373737375009e+01
5.983232323232323679e+00
1.077404040404039876e+01
7.536464646464654749e+00
8.649919191919197203e+01
2.199893939393939775e+02
8.870101010101004491e+00
6.077777777777795265e+00
4.512666666666665805e+01
2.904040404040398871e-01
1.372020202020202895e+01
1.073737373737375239e-01
1.719060606060606844e+01
4.930404040404046562e+00
6.696969696969712338e-02
6.481818181818185920e+00
4.196969696969695129e-01
1.066666666666668400e-01
1.598606060606060275e+01
1.898546464646464358e+02
4.507070707070713333e-01
4.109999999999996767e+00
6.640202020202020883e+00
1.306404040404040856e+01
4.497878787878785367e+00
4.976767676767678950e+00
6.035353535353537024e-01
4.597474747474746160e+00
3.207070707070708848e-01
5.452424242424245726e+00
1.244858585858585442e+01
3.505252525252523732e+00
9.967070707070696756e+00
7.152525252525251398e-01
3.534343434343433232e-01
8.479898989898986272e+00
3.758585858585864470e-01
2.003424242424243218e+01
2.110848484848484574e+01
4.250404040404045958e+00
1.450979797979798391e+01
2.976767676767685944e-01
5.642424242424239900e-01
3.732323232323231377e-01
4.968787878787880530e+00
8.629292929292939007e+00
2.524242424242418847e-01
8.901010101010097486e+00
6.984444444444439348e+00
2.611162626262625963e+02
3.061616161616158016e-01
3.337464646464648155e+01
3.732323232323229711e-01
6.624242424242445804e-01
2.862414141414141255e+01
1.078494949494948862e+01
6.154949494949494060e+00
3.748484848484853194e-01
1.973312121212122463e+02
1.153959595959596030e+01
7.075757575757569917e+00
4.442424242424246605e-01
4.692929292929297058e-01
2.382525252525257820e+00
9.520909090909086103e+00
2.387858585858585059e+01
5.696969696969715613e-02
2.315151515151518125e-01
3.592020202020200337e+00
3.784444444444445832e+00
6.862929292929292657e+00
2.396717171717170913e+01
1.172212121212120906e+01
6.128686868686871847e+00
8.291919191919180365e-01
4.878787878787875509e-02
1.969696969696964617e-01
8.729494949494947420e+00
6.177777777777782475e+00
9.316464646464657662e+00
3.513131313131309108e-01
9.514242424242421947e+00
3.554646464646463500e+01
4.398989898989897895e-01
1.048785858585858790e+02
8.503636363636363882e+00
1.268030303030303685e+01
5.176666666666665861e+00
2.241323232323230386e+01
6.497070707070712103e+00
1.979797979797979016e-02
4.400404040404043648e+00
1.058616161616160944e+01
4.535353535353544019e-01
5.285858585858585812e+00
2.627171717171719045e+00
8.084959595959595902e+01
2.153292929292928193e+01
4.438282828282833492e+00
3.592020202020201225e+00
3.133333333333327420e-01
2.863636363636367643e-01
2.338383838383840119e-01
5.541414141414123806e-01
5.707373737373738543e+00
1.141919191919193999e+00
1.204646464646462301e+00
7.036363636363645924e+00
5.219171717171718683e+01
7.753323232323229774e+01
3.618888888888891486e+00
5.696969696969709368e-02
1.993939393939393456e-01
5.913393939393942134e+01
3.545151515151514943e+00
6.901414141414141667e+00
9.443333333333336910e+00
1.307070707070708826e-01
2.844343434343431731e+00
2.864646464646467550e-01
2.297979797979794458e-01
6.171999999999999176e+01
6.759393939393936179e+00
6.046767676767668576e+00
4.432323232323231998e-01
8.450303030303032870e+00
4.278787878787883581e-01
7.887979797979803642e+00
1.730414141414141227e+01
6.297575757575764044e+00
5.069292929292929628e+00
2.600000000000000644e-01
6.702525252525244781e+00
4.558767676767675425e+01
6.842121212121203833e+00
3.733131313131316631e+00
9.838383838383846225e-02
3.308080808080797186e-01
3.631717171717174786e+00
9.125454545454548594e+00
2.930808080808076532e+00
2.577777777777774393e-01
2.454535353535354147e+01
1.622127272727273350e+02
9.660000000000000142e+00
1.258171717171718029e+01
1.418646464646465155e+01
2.234141414141418647e+00
2.940404040404043240e-01
2.035135353535353318e+02
1.626814141414141943e+02
4.553030303030307202e+00
4.896464646464642634e+00
1.004343434343434716e+01
5.378888888888887720e+00
5.100404040404035833e+00
2.445252525252522346e+00
9.999999999999988065e-03
2.423232323232324126e-01
5.835757575757575033e+00
4.476828282828280692e+01
9.125858585858590999e+00
1.479328282828282397e+02
5.568222222222224360e+01
3.363252525252524805e+01
2.586666666666662895e+00
3.511111111111111516e-01
9.945353535353534724e+00
5.064646464646459734e+00
9.575757575757587459e-02
1.996374747474747835e+02
2.161212121212124693e+00
2.386868686868686140e+00
2.262525252525249275e+00
8.795353535353534369e+00
2.738787878787879659e+00
7.116161616161618575e+00
1.316141414141414145e+01
2.358585858585864059e-01
1.049494949494951673e-01
1.083907070707070801e+02
3.666868686868685501e+00
1.109884848484848590e+02
4.631313131313137821e-01
5.756565656565662437e+00
2.939393939393943403e-02
8.265717171717170686e+01
7.676767676767672077e-02
2.514606060606060467e+01
4.797979797979808059e-02
6.773737373737372947e-01
8.324292929292926146e+01
5.013434343434339802e+00
5.565151515151522510e+00
2.013321212121211374e+02
8.871717171717163453e+00
1.199585858585858666e+01
3.278787878787883248e-01
6.406666666666660070e+00
2.276767676767676440e-01
7.402020202020202611e+00
6.935494949494949424e+01
4.212121212121204272e-01
6.685010101010104222e+01
3.481721212121212261e+02
4.254343434343435426e+00
4.878787878787891469e-02
8.790606060606064531e+00
1.233294949494949719e+02
1.555616161616159943e+01
3.256868686868682250e+00
2.406680808080808447e+02
1.282828282828285538e-01
3.395353535353535790e+00
3.440404040404040908e-01
4.631313131313137821e-01
1.545813131313131521e+02
2.233333333333338555e-01
1.939737373737373716e+01
1.693777777777777871e+01
7.081414141414142271e+00
3.105656565656571111e+00
4.508080808080815460e-01
6.229292929292915559e-01
2.771010101010100701e+00
1.531797979797979892e+01
7.350101010101014687e+00
6.997070707070711215e+00
1.990909090909089851e-01
2.414444444444444837e+00
3.552787878787879805e+01
1.042055555555555770e+02
5.903636363636369566e+00
2.554646464646467940e+00
9.988080808080805895e+00
1.752525252525255761e-01
2.103102020202020412e+02
5.860909090909092178e+00
3.832121212121210263e+00
1.385555555555556140e+01
3.504545454545454408e+00
5.398686868686868756e+00
1.226303030303029651e+01
2.601010101010097220e-01
4.524242424242420069e-01
7.020202020202041815e-02
6.951515151515159641e-01
1.205242424242424448e+01
2.385450505050505399e+02
2.479294949494948526e+02
7.267373737373743481e+00
3.878787878787874899e-01
5.422929292929296707e+00
4.767070707070705460e+00
6.012222222222220580e+00
3.804040404040407441e-01
9.941010101010107292e+00
1.206060606060608553e-01
1.296060606060604670e+01
6.516565656565656006e+00
5.871717171717171446e+00
5.103838383838384729e+00
1.203454545454546754e+01
5.380808080808083815e-01
2.538443434343433864e+02
6.880606060606059060e+00
3.187222222222223422e+01
3.209494949494945626e+00
1.008575757575757414e+01
4.372727272727273018e+00
6.523434343434344918e+00
4.283030303030307628e+00
3.090444444444444372e+01
5.399797979797980929e+00
6.751919191919192542e+00
6.630909090909089088e+00
2.289898989898995485e-01
7.581818181818197333e-01
2.787474747474746106e+00
1.111131313131312659e+01
5.120202020202022197e+00
8.471818181818175475e+00
2.836363636363638530e-01
2.121212121212122381e-01
3.454545454545459027e-01
3.878787878787880172e-02
1.809393939393939998e+00
2.682828282828285116e-01
5.950505050505042748e-01
7.217777777777788728e+00
6.747575757575764221e+00
2.803030303030304982e-01
2.968686868686863933e-01
2.909959595959596612e+01
4.413636363636361359e+00
3.486646464646464239e+01
2.155555555555554170e-01
7.575757575757585682e-02
8.439797979797974747e+00
3.507070707070705784e-01
1.066666666666668400e-01
3.017474747474747865e+00
1.664838383838384672e+01
1.215151515151516870e-01
6.603535353535350261e+00
6.775656565656565711e+00
8.849696969696967841e+00
3.130303030303024925e-01
6.019191919191934081e-01
