1.706767676767677377e+00
8.965656565656583421e-01
0.000000000000000000e+00
6.441414141414142369e-01
1.624646464646461785e+00
5.449494949494950724e-01
2.327272727272731989e-01
8.455555555555570590e-01
2.403030303030307679e-01
9.312121212121199365e-01
2.753797979797981554e+01
1.733333333333332282e-01
0.000000000000000000e+00
7.095959595959598909e-01
9.667676767676790517e-01
2.038282828282827364e+00
0.000000000000000000e+00
0.000000000000000000e+00
1.736545454545454703e+01
7.660606060606063306e-01
0.000000000000000000e+00
5.101010101010108322e-01
1.151313131313131510e+00
2.233333333333338278e-01
0.000000000000000000e+00
9.999999999999962044e-03
1.238585858585860011e+00
0.000000000000000000e+00
0.000000000000000000e+00
7.368686868686874503e-01
2.131313131313134601e+00
3.878787878787880172e-02
1.942424242424241332e-01
4.984848484848485861e-01
9.525252525252536628e-01
8.097979797979795169e-01
3.749131313131313448e+01
1.758535353535353707e+01
2.454545454545459526e-01
1.078383838383840221e+00
3.833030303030295460e+00
5.593939393939404425e-01
9.237373737373735239e-01
6.594949494949507995e-01
9.859595959595964798e-01
0.000000000000000000e+00
4.157575757575761033e-01
0.000000000000000000e+00
1.434747474747475771e+00
5.790505050505053042e+00
1.014242424242423057e+00
0.000000000000000000e+00
7.434343434343430868e-02
3.868686868686871394e-01
1.338080808080810646e+00
3.219191919191914386e-01
9.745454545454561579e-01
3.862626262626264184e-01
2.206666666666671439e+00
7.424242424242425420e-01
2.062494949494947605e+01
6.225252525252521485e-01
1.221181818181817924e+01
0.000000000000000000e+00
7.594949494949498892e-01
2.939393939393942709e-02
2.501111111111115726e+00
1.028282828282826911e+00
2.488888888888884654e-01
9.999999999999967248e-03
1.344646464646467088e+00
9.999999999999962044e-03
9.909090909090918498e-01
1.431313131313133979e+00
6.777777777777772850e-02
1.872060606060605181e+01
1.255555555555556868e+00
8.855555555555565395e-01
1.370818181818182602e+01
4.615151515151519335e-01
6.758585858585859363e-01
8.086868686868688982e-01
6.777777777777768686e-02
2.456464646464642687e+00
1.859292929292925223e+00
1.091515151515152882e+00
5.332323232323233908e-01
1.161515151515153610e+00
4.002020202020200590e-01
1.990909090909090684e-01
9.999999999999979391e-03
7.661616161616163767e-01
1.999999999999994837e-02
1.019191919191918538e+00
7.029292929292920711e-01
4.552525252525259081e-01
1.087272727272725836e+00
1.026161616161617163e+00
7.804040404040405443e-01
2.680585858585855874e+01
1.486666666666665249e+00
0.000000000000000000e+00
5.696969696969703817e-02
6.041010101010112265e+00
2.460606060606066181e-01
7.456565656565655731e-01
5.134343434343444645e-01
3.333333333333329818e-01
2.521212121212118573e-01
1.601919191919191965e+00
2.609090909090912569e-01
0.000000000000000000e+00
0.000000000000000000e+00
1.225656565656567443e+00
9.302020202020219175e-01
5.797979797979796457e-02
0.000000000000000000e+00
1.558282828282827159e+00
9.949494949494930296e-01
3.294848484848481807e+00
2.988989898989898641e+00
5.608080808080796453e-01
1.554545454545456507e-01
6.665656565656568056e-01
9.299999999999999378e-01
3.069696969696972810e-01
8.637373737373738036e-01
1.979797979797979016e-02
5.310505050505038405e+00
0.000000000000000000e+00
0.000000000000000000e+00
9.999999999999968983e-03
9.999999999999977657e-03
9.096969696969691155e-01
6.458585858585870199e-01
5.838282828282827630e+00
2.521212121212118573e-01
1.694444444444445086e+00
7.207070707070704074e-01
0.000000000000000000e+00
6.672727272727273506e-01
8.943434343434345513e-01
9.999999999999975922e-03
8.709090909090900778e-01
2.121212121212122381e-01
1.118585858585860571e+00
7.779797979797981045e-01
2.690909090909086587e-01
8.798989898989912906e-01
9.999999999999993269e-03
1.200202020202017161e+00
7.926262626262632338e-01
0.000000000000000000e+00
1.135959595959594060e+00
2.495959595959599486e+00
6.164646464646473811e-01
8.887878787878799036e-01
2.637777777777775778e+00
7.516161616161614045e-01
2.979797979797976781e-02
5.696969696969712837e-02
0.000000000000000000e+00
1.142424242424244785e-01
6.139696969696976758e+00
1.171616161616160889e+00
2.965808080808080760e+01
2.939393939393942362e-02
9.132323232323216189e-01
3.970404040404034163e+00
9.105050505050495957e-01
9.090909090909091161e-02
8.551515151515145519e-01
5.001010101010096021e-01
0.000000000000000000e+00
5.829292929292922976e-01
4.422020202020207513e+00
1.028787878787880583e+00
9.888888888888891504e-02
5.696969696969707980e-02
6.894949494949484947e-01
9.999999999999963779e-03
1.103232323232324452e+00
7.434343434343432255e-02
9.369696969696992284e-01
2.099999999999998257e-01
6.119191919191925289e-01
9.646464646464661952e-01
6.955555555555547054e-01
7.215151515151518868e-01
1.943434343434342904e-01
1.179898989898988448e+00
1.339999999999999414e+00
7.795959595959592869e-01
9.183838383838373032e-01
0.000000000000000000e+00
1.223737373737372236e+00
0.000000000000000000e+00
8.657575757575752817e-01
0.000000000000000000e+00
7.682222222222222285e+00
5.509292929292930907e+00
7.296969696969699548e-01
1.286868686868683220e-01
0.000000000000000000e+00
1.086464646464644579e+00
0.000000000000000000e+00
2.253232323232319256e+00
9.999999999999998473e-03
0.000000000000000000e+00
2.428282828282825323e-01
2.456151515151515596e+01
2.516161616161619596e-01
1.676767676767679793e-01
3.351515151515160329e-01
9.990909090909071422e-01
2.529393939393939306e+01
9.541212121212128139e+00
8.995454545454544260e+00
6.023232323232329266e-01
7.797979797979809335e-01
5.116161616161606362e-01
2.516161616161619596e-01
2.552020202020206519e+00
0.000000000000000000e+00
1.027333333333333876e+01
7.316161616161627190e-01
1.137272727272728101e+00
3.628282828282825001e-01
2.930707070707072148e+00
5.691919191919200260e-01
0.000000000000000000e+00
4.455555555555549274e-01
1.085555555555553164e+00
1.115050505050502849e+00
3.611212121212117765e+00
1.936464646464645778e+00
4.104444444444443896e+00
1.062525252525251318e+00
9.004040404040398737e-01
4.484848484848482641e-01
6.645454545454534401e-01
6.091919191919187293e-01
0.000000000000000000e+00
1.616161616161617132e-01
9.986868686868681788e-01
1.120202020202018645e+00
7.820505050505050626e+00
9.388888888888874407e-01
4.237373737373736904e-01
5.670707070707067254e-01
7.278787878787863486e-01
9.980808080808072358e-01
1.125252525252527641e-01
1.979797979797979016e-02
2.121212121212122381e-01
4.036262626262622888e+00
5.747474747474741186e-01
2.076262626262627808e+00
1.750909090909088750e+00
1.150101010101009180e+00
0.000000000000000000e+00
0.000000000000000000e+00
7.598989898989900738e-01
3.542727272727275167e+00
2.333040404040405846e+01
9.672727272727280612e-01
2.081919191919190393e+00
7.989898989898998050e-01
4.649494949494943352e-01
7.923232323232324292e-01
1.017979797979795764e+00
3.551616161616167666e+00
0.000000000000000000e+00
2.452525252525254995e+00
0.000000000000000000e+00
0.000000000000000000e+00
1.188989898989901262e+00
9.888888888888897055e-02
0.000000000000000000e+00
1.178787878787880716e+00
1.042323232323233650e+00
6.927575757575752391e+00
6.773737373737368506e-01
8.695959595959610322e-01
2.316363636363636846e+00
8.338383838383859326e-01
1.042787878787877709e+01
1.064040404040405896e+00
1.242121212121210627e+00
2.509090909090911925e-01
1.313939393939395517e+00
5.402020202020200834e+00
1.124646464646466226e+00
0.000000000000000000e+00
1.092020202020204112e+00
7.112121212121217395e-01
2.801717171717176935e+00
3.878787878787880172e-02
1.110404040404037840e+00
1.490909090909092460e-01
7.790909090909081680e-01
6.328282828282838501e-01
3.976767676767674620e-01
9.235353535353549859e-01
0.000000000000000000e+00
7.923232323232342056e-01
1.242424242424244318e-01
2.424242424242418481e-01
7.472727272727262005e-01
8.660606060606073076e-01
1.979797979797979710e-02
9.999999999999981126e-03
8.397979797979812089e-01
4.757575757575763231e-01
0.000000000000000000e+00
0.000000000000000000e+00
7.525252525252528191e-01
1.124747474747475939e+00
1.213737373737373115e+00
0.000000000000000000e+00
1.856060606060607965e+00
5.788888888888888973e-01
3.937272727272719930e+00
1.762424242424241561e+00
3.206262626262625481e+00
9.350505050505035776e-01
6.727575757575761095e+00
6.936363636363626073e-01
8.438383838383846092e-01
0.000000000000000000e+00
7.723232323232313012e-01
1.098080808080807103e+00
1.126666666666666039e+00
9.999999999999988065e-03
1.052020202020200745e+00
6.594949494949496893e-01
1.425252525252528879e-01
6.187878787878777764e-01
8.361616161616158838e-01
1.490909090909092460e-01
1.185252525252526334e+00
9.999999999999975922e-03
5.696969696969707980e-02
1.979797979797979016e-02
0.000000000000000000e+00
2.803666666666668306e+01
7.208080808080812307e-01
1.065959595959595418e+01
3.712121212121214375e-01
1.321515151515152198e+00
1.894848484848480785e+00
1.233434343434346658e+00
0.000000000000000000e+00
6.328282828282808525e-01
2.979797979797979904e-02
2.900505050505052029e+00
0.000000000000000000e+00
1.644444444444446818e+00
1.376363636363638898e+00
0.000000000000000000e+00
1.733333333333332005e-01
7.434343434343430868e-02
0.000000000000000000e+00
1.990909090909090406e-01
0.000000000000000000e+00
4.288888888888887641e-01
4.975757575757575046e-01
1.436565656565656601e+00
1.461232323232323438e+01
2.475757575757577267e-01
1.357575757575757991e-01
0.000000000000000000e+00
2.397979797979795658e-01
0.000000000000000000e+00
1.039595959595958297e+00
9.999999999999972453e-03
9.190909090909101797e-01
2.521212121212118573e-01
7.149494949494935581e-01
7.114141414141410547e-01
4.053939393939392843e+00
1.025757575757576978e+00
0.000000000000000000e+00
0.000000000000000000e+00
7.731313131313130027e-01
8.309090909090914856e-01
7.963636363636371618e-01
1.330707070707070727e+00
5.696969696969712144e-02
3.590202020202020172e+00
1.270616161616162643e+01
7.274747474747471632e-01
2.121212121212122381e-01
6.729292929292913783e-01
8.414141414141419473e-01
1.174040404040406660e+00
7.791919191919194354e-01
1.990909090909090406e-01
1.124242424242426930e+00
1.882727272727272361e+00
8.423232323232319185e-01
1.000202020202022091e+00
1.439454545454546164e+01
6.778787878787893018e-01
1.456111111111111533e+01
7.281818181818164870e-01
7.796969696969704433e-01
2.635858585858582348e+00
1.031111111111109313e+00
8.968686868686860381e-01
0.000000000000000000e+00
2.343333333333335933e+00
2.321212121212124502e-01
6.915151515151504169e-01
1.528282828282828021e+01
1.232929292929295206e+00
1.494202020202020620e+01
1.337979797979800267e+00
1.616161616161617132e-01
1.015858585858587126e+00
1.101010101010099662e+00
1.338484848484849055e+00
1.979797979797979363e-02
2.354545454545460548e-01
2.420515151515150620e+01
1.640606060606060179e+00
3.134747474747472396e+00
9.999999999999998473e-03
6.625252525252539604e-01
5.531313131313143616e-01
2.292727272727270282e+00
0.000000000000000000e+00
1.142424242424244785e-01
0.000000000000000000e+00
1.690606060606062666e+00
8.571717171717174732e-01
1.581818181818184788e-01
7.803434343434346943e+00
5.631313131313121501e-01
3.939393939393939781e-02
2.403030303030307957e-01
1.089898989898991921e+00
1.558181818181815226e+00
2.061080808080808069e+01
2.836565656565658067e+00
0.000000000000000000e+00
0.000000000000000000e+00
1.414141414141410480e-01
3.098989898989898961e+00
1.021717171717169359e+00
0.000000000000000000e+00
4.616161616161618131e-01
8.421212121212107160e-01
8.378787878787858912e-01
7.173737373737374412e-01
1.024646464646465249e+00
1.264545454545454861e+00
9.770707070707066455e-01
9.207070707070703630e-01
0.000000000000000000e+00
0.000000000000000000e+00
1.459191919191920928e+00
1.413131313131311684e-01
0.000000000000000000e+00
2.179797979797982732e-01
1.733333333333331450e-01
1.712121212121214264e-01
1.205151515151516639e+00
7.832323232323240569e-01
9.016161616161604275e-01
2.379797979797985408e-01
0.000000000000000000e+00
2.527272727272723563e-01
2.258888888888892943e+00
1.145656565656567816e+00
1.926262626262629896e+00
6.190909090909099133e-01
3.319191919191920026e-01
4.571717171717167294e-01
9.130303030303043021e-01
1.194141414141415947e+00
3.251101010101008626e+01
9.012121212121223524e-01
8.293939393939410154e-01
6.026262626262626210e-01
1.268989898989901111e+00
2.492020202020202024e+00
4.349494949494955298e-01
3.993939393939394122e-01
0.000000000000000000e+00
9.877777777777766444e-01
5.514141414141421338e-01
1.323838383838385369e+00
2.036363636363636709e-01
0.000000000000000000e+00
3.878787878787880172e-02
1.104040404040403933e+00
1.979797979797979363e-02
0.000000000000000000e+00
4.583838383838390595e-01
5.650808080808088718e+00
1.315050505050503027e+00
9.255252525252515738e+00
9.999999999999948166e-03
2.479797979797985497e-01
1.136565656565654336e+00
2.939393939393940974e-02
1.104949494949495570e+00
1.060808080808079090e+00
0.000000000000000000e+00
1.662828282828281656e+00
1.667070707070708480e+01
5.291919191919183252e-01
9.877777777777787538e-01
3.038181818181820315e+00
9.059595959595951875e-01
7.969696969696963285e-01
1.088787878787880192e+00
9.999999999999974187e-03
5.231313131313138909e-01
1.725858585858583760e+00
4.496969696969689290e-01
1.426868686868687730e+00
1.027676767676767966e+00
2.704545454545454586e+00
0.000000000000000000e+00
1.023838383838381771e+00
6.575757575757590345e-02
6.585858585858580527e-01
2.649090909090914270e+00
1.473898989898990664e+01
4.376767676767682858e+00
4.949494949494945839e-01
0.000000000000000000e+00
4.765454545454546498e+00
7.608080808080807111e-01
3.333333333333325377e-01
9.699696969696965709e+00
6.819191919191908147e-01
3.878787878787879478e-02
1.019292929292927807e+00
1.166666666666670071e+00
0.000000000000000000e+00
1.035555555555554452e+00
8.272727272727276038e-02
1.400505050505049365e+00
0.000000000000000000e+00
9.254545454545428651e-01
6.082828282828272037e-01
9.999999999999981126e-03
5.785656565656559280e+00
5.696969696969707980e-02
3.097373737373735114e+00
7.675757575757586881e-01
1.066666666666667568e-01
1.016565656565654452e+00
0.000000000000000000e+00
1.457575757575755970e+00
6.090909090909102375e-01
3.893606060606060026e+01
8.212121212121210601e-01
5.763131313131307998e+00
4.588484848484843504e+00
9.449494949494958718e-01
9.999999999999984596e-03
9.194949494949504754e-01
1.540404040404041774e+00
9.038383838383827751e-01
1.126666666666665373e+00
2.233333333333338555e-01
9.262828282828287740e+00
6.991919191919186982e-01
8.272727272727277426e-02
1.287878787878785403e+00
7.881818181818187607e-01
1.485858585858583214e-01
2.761141414141414785e+01
1.000606060606060721e+00
6.920202020202019799e-01
1.838686868686868703e+00
9.846464646464625492e-01
8.411515151515136068e+00
0.000000000000000000e+00
0.000000000000000000e+00
8.149494949494942020e-01
5.137373737373736038e-01
1.410252525252526112e+01
9.481818181818182367e-01
2.979797979797976781e-02
7.158585858585841954e-01
1.223333333333335382e+00
0.000000000000000000e+00
3.123939393939392239e+00
2.271333333333332760e+01
6.939393939393952992e-01
2.318181818181813403e-01
1.990909090909091794e-01
4.044545454545456664e+00
8.272727272727277426e-02
2.800797979797978954e+01
0.000000000000000000e+00
6.113131313131318079e-01
0.000000000000000000e+00
1.118585858585860349e+00
2.524242424242423843e-01
9.999999999999962044e-03
7.642424242424245007e-01
2.548484848484845466e-01
1.964676767676767355e+01
2.424242424242418481e-01
7.869696969696962086e-01
2.516161616161619596e-01
1.788888888888889583e-01
5.237373737373748339e-01
1.099090909090907786e+00
2.179797979797983287e-01
2.212727272727275984e+00
0.000000000000000000e+00
9.714141414141428399e-01
1.056363636363637504e+00
2.630909090909089976e+00
9.421212121212138024e-01
1.626868686868686353e+00
7.428282828282836148e-01
0.000000000000000000e+00
5.864646464646452451e-01
1.066666666666668678e-01
4.148484848484854104e-01
2.383909090909092043e+01
3.134656565656566585e+01
6.731313131313141351e-01
9.272727272727274150e-02
7.732323232323221607e-01
2.346909090909090523e+01
9.689898989899004000e-01
1.339595959595957675e+00
2.915151515151515604e-01
9.113131313131324074e-01
2.027272727272722563e-01
9.203030303030302894e-01
3.582181818181816624e+01
2.082828282828282918e-01
1.979797979797979016e-02
1.382424242424243666e+00
1.761838383838385269e+01
6.544444444444453834e-01
1.125555555555556975e+00
1.554545454545456507e-01
2.043030303030298978e+00
1.943434343434342904e-01
0.000000000000000000e+00
1.943434343434342904e-01
9.311010101010099405e+00
1.771919191919193226e+00
3.897151515151515611e+01
0.000000000000000000e+00
5.282828282828283539e-01
8.454545454545450145e-01
7.791919191919187693e-01
8.272727272727277426e-02
8.645454545454558382e-01
7.362626262626258411e-01
1.654545454545455485e-01
6.381212121212120003e+00
0.000000000000000000e+00
1.149494949494951485e-01
1.505252525252527063e+00
0.000000000000000000e+00
2.034343434343435231e-01
7.005050505050498533e-01
1.084747474747476348e+00
4.203131313131319047e+00
7.399999999999994360e-01
2.260606060606056844e-01
1.116767676767678852e+00
2.552525252525248423e-01
7.747474747474750734e-01
4.543434343434353262e-01
0.000000000000000000e+00
4.771919191919193004e+00
1.287878787878785625e-01
2.297979797979793348e-01
0.000000000000000000e+00
3.878787878787880172e-02
0.000000000000000000e+00
7.198989898989894831e-01
1.357575757575757991e-01
4.010101010101000951e-01
2.939393939393943403e-02
9.716161616161612669e-01
7.348484848484840848e-01
1.321111111111111791e+00
8.567676767676778438e-01
1.303333333333330568e+00
1.226060606060608515e+00
1.252272727272726982e+01
2.893595959595959144e+01
1.019696969696968658e+00
9.405050505050490672e-01
5.288383838383839297e+00
1.616161616161617132e-01
2.006767676767680531e+00
0.000000000000000000e+00
1.523232323232324603e+00
8.335353535353529075e-01
0.000000000000000000e+00
8.014141414141420228e-01
1.203030303030303699e-01
0.000000000000000000e+00
2.392020202020199271e+00
1.783696969696969603e+01
2.027272727272722008e-01
6.476767676767686277e-01
1.009191919191920084e+00
2.104949494949496458e+00
6.838383838383845781e-01
7.937373737373729643e-01
8.636363636363622587e-02
8.534343434343439894e-01
7.434343434343432255e-02
8.171717171717156614e-01
1.707474747474748034e+00
7.764646464646466351e-01
9.106060606060611962e-01
2.470707070707068298e-01
2.354545454545460548e-01
1.168888888888887534e+00
9.888888888888897055e-02
2.997777777777777430e+00
2.591818181818180022e+00
6.208080808080801427e-01
2.610202020202017081e+00
9.999999999999948166e-03
2.454545454545460081e-01
2.403030303030307957e-01
7.635353535353524013e-01
1.550808080808080192e+00
9.999999999999968983e-03
1.052020202020199857e+00
7.937373737373738525e-01
2.747979797979797922e+01
2.939393939393940974e-02
3.678989898989902585e+00
4.797979797979805283e-02
1.329292929292929248e-01
3.300909090909089905e+00
1.285858585858583147e+00
6.110101010101013363e-01
6.575757575757587570e-02
1.803373737373737740e+01
1.329393939393937796e+00
1.092323232323230142e+00
6.696969696969705399e-02
2.043434343434342437e-01
6.248484848484832099e-01
1.357171717171715697e+00
3.735959595959596591e+00
0.000000000000000000e+00
0.000000000000000000e+00
5.052525252525253974e-01
6.798989898989892255e-01
1.217171717171716683e+00
2.354949494949496458e+00
1.232121212121209952e+00
8.458585858585851991e-01
2.613131313131314415e-01
0.000000000000000000e+00
0.000000000000000000e+00
1.281414141414139118e+00
1.088080808080806428e+00
1.063636363636361493e+00
0.000000000000000000e+00
1.432121212121211018e+00
3.318585858585861192e+00
1.695959595959591892e-01
1.006727272727272648e+01
1.054343434343435026e+00
1.721010101010104654e+00
7.779797979797973273e-01
2.702121212121211258e+00
1.186363636363636509e+00
0.000000000000000000e+00
8.317171717171712997e-01
1.365252525252526716e+00
5.696969696969714919e-02
1.017272727272729549e+00
7.473737373737384670e-01
1.369030303030304552e+01
3.194242424242427436e+00
6.384848484848474337e-01
6.837373737373751981e-01
1.999999999999995184e-02
2.327272727272731434e-01
0.000000000000000000e+00
2.454545454545460081e-01
7.642424242424233904e-01
2.446464646464644455e-01
3.776767676767675552e-01
9.962626262626279594e-01
5.568787878787877510e+00
7.774040404040405861e+00
5.648484848484844889e-01
0.000000000000000000e+00
2.939393939393943403e-02
6.076969696969696244e+00
7.281818181818184854e-01
1.070202020202018600e+00
1.390606060606061067e+00
0.000000000000000000e+00
5.312121212121205804e-01
9.090909090909084223e-02
0.000000000000000000e+00
6.399090909090917378e+00
1.077272727272724717e+00
9.271717171717189787e-01
3.012121212121214864e-01
1.111919191919189975e+00
2.090909090909089385e-01
1.171616161616164220e+00
2.761313131313131830e+00
6.777777777777785895e-01
6.810101010101012875e-01
9.999999999999953371e-03
1.231717171717172654e+00
4.511010101010096029e+00
7.113131313131303424e-01
5.586868686868678990e-01
0.000000000000000000e+00
1.979797979797979710e-02
7.096969696969684938e-01
1.237070707070704767e+00
4.925252525252519775e-01
1.554545454545456507e-01
2.642727272727276588e+00
1.709404040404040614e+01
1.391818181818181399e+00
2.233737373737371357e+00
1.729090909090909678e+00
4.645454545454548723e-01
2.354545454545459715e-01
2.405676767676767014e+01
1.546373737373736823e+01
6.690909090909090695e-01
8.203030303030297565e-01
1.553434343434345166e+00
1.079090909090907546e+00
1.009999999999999343e+00
3.222222222222226873e-01
0.000000000000000000e+00
9.999999999999984596e-03
8.123232323232333352e-01
5.798181818181814329e+00
8.988888888888884043e-01
1.696929292929291577e+01
8.239494949494966747e+00
4.480707070707073747e+00
7.771717171717149597e-01
9.999999999999984596e-03
1.047979797979796235e+00
6.781818181818194402e-01
0.000000000000000000e+00
2.837676767676766332e+01
4.879797979797987906e-01
5.479797979797974561e-01
7.404040404040403978e-01
1.287979797979797336e+00
7.825252525252528457e-01
1.032121212121214437e+00
1.687474747474746684e+00
0.000000000000000000e+00
0.000000000000000000e+00
1.624909090909089215e+01
6.746464646464643833e-01
1.660292929292929287e+01
1.675757575757577111e-01
8.285858585858606462e-01
0.000000000000000000e+00
7.782828282828282873e+00
0.000000000000000000e+00
4.065555555555554257e+00
0.000000000000000000e+00
4.266666666666670271e-01
8.267676767676780614e+00
8.474747474747477138e-01
9.808080808080813506e-01
2.738050505050504668e+01
1.446565656565658387e+00
1.524242424242423954e+00
1.999999999999995184e-02
9.267676767676780170e-01
0.000000000000000000e+00
1.119393939393936943e+00
5.239898989898987836e+00
6.777777777777771462e-02
8.054242424242424647e+00
3.716030303030299820e+01
8.715151515151533523e-01
0.000000000000000000e+00
9.954545454545440375e-01
1.611868686868688627e+01
1.580404040404039812e+00
6.465656565656582311e-01
1.493666666666666920e+01
0.000000000000000000e+00
7.165656565656574051e-01
0.000000000000000000e+00
1.484848484848486361e-01
1.875070707070707243e+01
1.733333333333331172e-01
2.946565656565658831e+00
2.325555555555557152e+00
1.029797979797979046e+00
4.731313131313135689e-01
2.197979797979799643e-01
1.610101010101012697e-01
4.838383838383830127e-01
2.262828282828279747e+00
1.061313131313129210e+00
9.061616161616172782e-01
3.878787878787880172e-02
4.458585858585864536e-01
3.775959595959598847e+00
1.273323232323232901e+01
7.258585858585845374e-01
6.708080808080810753e-01
1.346161616161615227e+00
1.979797979797979363e-02
2.725484848484848044e+01
7.347474747474750378e-01
5.558585858585864958e-01
1.684444444444446853e+00
7.128282828282821448e-01
7.045454545454551409e-01
1.790202020202017907e+00
6.575757575757586182e-02
3.434343434343428703e-01
0.000000000000000000e+00
4.132323232323233952e-01
1.241313131313129814e+00
2.297929292929292444e+01
2.355252525252525686e+01
8.721212121212137403e-01
2.524242424242423843e-01
9.593939393939381333e-01
7.266666666666671270e-01
1.189393939393937449e+00
2.297979797979792238e-01
1.353333333333331279e+00
0.000000000000000000e+00
1.637777777777776000e+00
9.076767676767666382e-01
9.360606060606069256e-01
6.366666666666674912e-01
1.340202020202020838e+00
2.500000000000001110e-01
3.417797979797976637e+01
7.984848484848503514e-01
3.071717171717171180e+00
9.496969696969710384e-01
9.872727272727260805e-01
6.665656565656566945e-01
1.033838383838382002e+00
7.513131313131305999e-01
4.446666666666668100e+00
8.365656565656549581e-01
9.901010101010120357e-01
9.730303030303051326e-01
0.000000000000000000e+00
5.073737373737383649e-01
6.556565656565646050e-01
1.361515151515152677e+00
1.094040404040404146e+00
1.422121212121211453e+00
1.893939393939393923e-01
0.000000000000000000e+00
1.893939393939393923e-01
0.000000000000000000e+00
5.679797979797983620e-01
0.000000000000000000e+00
2.051515151515151680e-01
7.881818181818188718e-01
1.163737373737375291e+00
5.696969696969705899e-02
1.842424242424241798e-01
2.650909090909088217e+00
7.364646464646477098e-01
4.858282828282825427e+00
0.000000000000000000e+00
0.000000000000000000e+00
8.277777777777769463e-01
1.979797979797979363e-02
0.000000000000000000e+00
6.296969696969709762e-01
1.927272727272730579e+00
0.000000000000000000e+00
1.178888888888887321e+00
1.059393939393939776e+00
1.409191919191922215e+00
1.979797979797979363e-02
3.878787878787880172e-02
