1.230202020202022295e+00
8.321212121212109292e-01
0.000000000000000000e+00
6.160606060606071965e-01
1.366565656565656761e+00
5.724242424242432792e-01
2.121212121212122381e-01
6.818181818181828779e-01
2.379797979797985408e-01
7.419191919191914231e-01
2.312383838383838253e+01
1.554545454545456507e-01
0.000000000000000000e+00
4.948484848484855925e-01
7.704040404040403134e-01
1.632424242424241889e+00
0.000000000000000000e+00
0.000000000000000000e+00
1.412101010101009813e+01
7.468686868686876812e-01
0.000000000000000000e+00
4.232323232323236262e-01
9.440404040404026809e-01
2.079797979797981811e-01
0.000000000000000000e+00
0.000000000000000000e+00
9.311111111111097793e-01
0.000000000000000000e+00
0.000000000000000000e+00
7.076767676767667936e-01
2.052020202020198081e+00
3.878787878787880172e-02
1.990909090909090962e-01
4.458585858585857320e-01
8.830303030303016110e-01
6.367676767676768712e-01
2.392676767676767113e+01
1.330404040404041055e+01
2.079797979797981533e-01
1.059999999999999165e+00
2.860707070707072308e+00
4.781818181818179858e-01
8.887878787878795706e-01
6.135353535353538224e-01
9.675757575757591988e-01
0.000000000000000000e+00
4.078787878787877852e-01
0.000000000000000000e+00
1.075151515151512749e+00
4.118686868686868507e+00
8.512121212121226410e-01
0.000000000000000000e+00
3.878787878787880172e-02
3.498989898989900427e-01
1.108484848484848850e+00
2.512121212121208313e-01
8.493939393939398119e-01
3.279797979797975382e-01
1.946161616161613761e+00
6.861616161616160836e-01
1.553636363636364770e+01
5.351515151515153779e-01
1.036808080808080845e+01
0.000000000000000000e+00
5.791919191919192578e-01
2.939393939393944097e-02
2.225353535353532752e+00
7.880808080808081595e-01
2.521212121212118573e-01
2.939393939393944097e-02
9.293939393939387728e-01
0.000000000000000000e+00
9.248484848484835874e-01
1.188888888888890882e+00
2.939393939393944444e-02
1.634979797979798377e+01
8.901010101010101705e-01
8.175757575757555129e-01
8.308080808080809732e+00
2.446464646464644177e-01
6.184848484848486372e-01
6.710101010101020558e-01
2.939393939393944097e-02
2.100101010101014243e+00
1.818787878787877954e+00
9.872727272727298553e-01
5.218181818181809595e-01
1.045050505050506118e+00
3.530303030303027501e-01
1.943434343434342904e-01
1.979797979797979710e-02
6.611111111111123151e-01
1.999999999999994837e-02
9.433333333333329129e-01
7.462626262626266271e-01
4.642424242424246783e-01
8.369696969696978073e-01
8.474747474747489351e-01
6.143434343434345246e-01
2.074747474747473674e+01
1.511010101010103135e+00
0.000000000000000000e+00
2.939393939393942362e-02
4.813838383838376700e+00
2.460606060606066181e-01
6.373737373737361489e-01
5.254545454545446193e-01
2.633333333333332527e-01
2.521212121212118573e-01
1.378383838383836490e+00
2.621212121212118107e-01
0.000000000000000000e+00
9.999999999999953371e-03
9.655555555555537239e-01
7.897979797979801653e-01
9.999999999999998473e-03
0.000000000000000000e+00
1.044242424242422196e+00
8.064646464646456625e-01
2.301717171717167609e+00
2.587676767676772904e+00
4.531313131313120524e-01
1.873737373737368317e-01
5.809090909090917076e-01
8.923232323232310748e-01
2.924242424242417537e-01
8.464646464646461421e-01
0.000000000000000000e+00
4.097575757575761202e+00
0.000000000000000000e+00
0.000000000000000000e+00
0.000000000000000000e+00
0.000000000000000000e+00
7.679797979797984286e-01
5.619191919191927065e-01
5.427979797979795684e+00
2.500000000000001110e-01
1.379292929292930792e+00
6.691919191919200038e-01
0.000000000000000000e+00
4.871717171717173667e-01
9.150505050505051141e-01
0.000000000000000000e+00
8.285858585858588699e-01
2.233333333333338278e-01
9.957575757575775066e-01
7.211111111111108141e-01
2.234343434343434853e-01
7.194949494949489655e-01
9.999999999999993269e-03
9.541414141414127359e-01
6.778787878787867482e-01
0.000000000000000000e+00
9.468686868686871927e-01
2.062020202020203197e+00
5.845454545454538131e-01
7.864646464646456447e-01
1.904949494949493172e+00
6.197979797979786820e-01
5.696969696969707286e-02
3.878787878787880172e-02
0.000000000000000000e+00
6.575757575757583406e-02
4.392929292929284912e+00
9.116161616161604364e-01
2.174565656565656369e+01
1.979797979797979363e-02
7.197979797979789929e-01
2.794141414141416480e+00
7.833333333333338810e-01
4.797979797979797650e-02
7.250505050505049454e-01
4.135353535353544219e-01
0.000000000000000000e+00
4.848484848484856946e-01
3.539595959595954522e+00
7.360606060606049716e-01
9.090909090909084223e-02
2.939393939393944791e-02
5.861616161616164389e-01
0.000000000000000000e+00
1.001919191919192986e+00
8.272727272727276038e-02
7.311111111111122662e-01
1.193939393939395383e-01
5.594949494949507107e-01
7.953535353535349239e-01
6.116161616161640557e-01
5.110101010101003594e-01
1.357575757575757991e-01
1.018787878787877688e+00
1.096060606060605069e+00
6.777777777777772572e-01
7.927272727272739461e-01
0.000000000000000000e+00
1.166767676767674899e+00
0.000000000000000000e+00
7.707070707070700077e-01
0.000000000000000000e+00
5.424444444444442404e+00
3.948989898989897718e+00
6.587878787878775899e-01
7.575757575757587070e-02
0.000000000000000000e+00
7.796969696969701102e-01
0.000000000000000000e+00
1.726767676767674287e+00
0.000000000000000000e+00
0.000000000000000000e+00
1.931313131313131815e-01
2.035373737373736702e+01
2.475757575757577267e-01
1.287878787878790621e-01
2.979797979797981777e-01
8.615151515151525663e-01
2.226010101010103881e+01
7.731212121212119648e+00
8.629696969696967201e+00
3.347474747474751822e-01
6.060606060606075207e-01
4.707070707070713511e-01
2.686868686868690848e-01
1.857676767676765150e+00
0.000000000000000000e+00
6.731919191919191192e+00
6.338383838383829794e-01
9.528282828282831352e-01
3.314141414141413833e-01
2.335959595959599788e+00
5.165656565656572274e-01
0.000000000000000000e+00
3.041414141414138239e-01
9.210101010101023888e-01
7.283838383838381336e-01
2.869696969696970967e+00
1.552525252525253308e+00
3.048080808080806836e+00
8.706060606060617157e-01
6.708080808080801871e-01
3.499999999999998668e-01
5.810101010100998664e-01
5.461616161616158482e-01
0.000000000000000000e+00
1.425252525252528324e-01
8.865656565656556687e-01
9.902020202020211936e-01
5.784141414141414472e+00
9.560606060606052781e-01
3.473737373737368905e-01
5.512121212121208202e-01
7.077777777777769508e-01
9.932323232323239104e-01
5.919191919191918450e-02
0.000000000000000000e+00
2.197979797979799643e-01
3.618383838383842477e+00
5.198989898989887504e-01
1.481313131313131359e+00
1.422323232323234432e+00
9.589898989898973936e-01
0.000000000000000000e+00
0.000000000000000000e+00
6.172727272727255299e-01
2.703636363636366280e+00
1.944191919191920448e+01
7.077777777777778390e-01
1.693939393939392302e+00
7.287878787878786513e-01
3.443434343434340072e-01
6.487878787878795794e-01
8.576767676767679260e-01
2.580404040404044697e+00
0.000000000000000000e+00
2.165050505050502672e+00
0.000000000000000000e+00
0.000000000000000000e+00
1.098787878787880423e+00
9.888888888888892892e-02
9.999999999999998473e-03
8.548484848484839693e-01
8.539393939393948862e-01
4.888383838383840718e+00
5.881818181818183611e-01
6.115151515151523443e-01
1.878686868686871181e+00
8.499999999999997558e-01
9.452323232323232460e+00
8.601010101010100328e-01
1.095555555555557170e+00
2.509090909090912480e-01
1.039393939393938426e+00
4.667676767676766758e+00
9.235353535353518772e-01
0.000000000000000000e+00
9.317171717171733869e-01
6.221212121212128521e-01
2.445050505050508249e+00
1.979797979797979016e-02
9.129292929292917025e-01
1.216161616161617470e-01
6.301010101010108277e-01
6.115151515151527883e-01
3.765656565656571031e-01
7.904040404040406642e-01
0.000000000000000000e+00
7.389898989898988635e-01
7.434343434343430868e-02
2.403030303030307957e-01
7.368686868686854519e-01
6.878787878787886445e-01
9.999999999999996739e-03
0.000000000000000000e+00
8.104040404040401269e-01
4.684848484848485595e-01
0.000000000000000000e+00
0.000000000000000000e+00
6.442424242424249492e-01
8.596969696969712915e-01
9.194949494949486990e-01
0.000000000000000000e+00
1.694040404040406234e+00
4.347474747474752155e-01
2.784545454545448884e+00
1.606767676767677955e+00
2.514141414141412234e+00
7.546464646464644543e-01
6.138787878787878682e+00
6.486868686868678680e-01
7.092929292929288643e-01
0.000000000000000000e+00
6.406060606060609564e-01
9.433333333333339121e-01
9.319191919191917028e-01
0.000000000000000000e+00
8.345454545454549233e-01
4.455555555555556491e-01
1.142424242424244507e-01
6.005050505050494314e-01
6.673737373737380629e-01
1.357575757575757991e-01
1.003232323232325252e+00
0.000000000000000000e+00
4.797979797979802508e-02
1.979797979797979016e-02
0.000000000000000000e+00
2.077969696969697466e+01
7.842424242424254066e-01
7.692525252525259205e+00
3.448484848484852372e-01
1.293636363636362363e+00
1.571313131313129885e+00
1.145454545454547057e+00
0.000000000000000000e+00
6.120202020202012427e-01
9.999999999999977657e-03
2.361010101010095230e+00
0.000000000000000000e+00
1.287070707070707698e+00
9.464646464646446766e-01
0.000000000000000000e+00
1.287878787878785625e-01
4.797979797979797650e-02
0.000000000000000000e+00
1.833333333333332094e-01
0.000000000000000000e+00
3.914141414141414921e-01
2.699999999999999067e-01
1.180707070707072370e+00
1.231232323232323722e+01
2.403030303030308235e-01
1.216161616161618442e-01
0.000000000000000000e+00
2.233333333333339110e-01
0.000000000000000000e+00
8.080808080808085103e-01
9.999999999999972453e-03
7.690909090909088253e-01
2.524242424242423843e-01
7.025252525252516644e-01
6.605050505050489296e-01
3.173232323232325847e+00
8.267676767676757077e-01
0.000000000000000000e+00
0.000000000000000000e+00
6.467676767676781013e-01
7.018181818181815634e-01
6.470707070707065744e-01
9.777777777777770796e-01
4.797979797979808059e-02
2.910202020202016460e+00
9.601919191919197516e+00
6.075757575757587681e-01
1.990909090909091239e-01
5.153535353535354524e-01
6.911111111111097882e-01
9.578787878787878851e-01
6.637373737373752913e-01
2.197979797979799643e-01
7.716161616161613113e-01
1.500909090909090082e+00
8.023232323232314389e-01
6.398989898989890790e-01
1.212606060606061753e+01
3.968686868686873703e-01
1.199828282828282688e+01
7.279797979797979490e-01
6.507070707070715665e-01
2.129090909090914252e+00
9.020202020202007231e-01
7.933333333333334458e-01
0.000000000000000000e+00
1.983030303030303587e+00
2.012121212121210923e-01
6.681818181818170999e-01
1.023737373737372280e+01
1.032121212121210219e+00
1.090272727272728304e+01
9.630303030303034584e-01
1.490909090909092460e-01
9.873737373737359047e-01
9.869696969696957201e-01
1.154040404040404866e+00
0.000000000000000000e+00
2.327272727272731989e-01
1.653262626262626611e+01
1.268787878787881240e+00
2.584848484848477845e+00
0.000000000000000000e+00
6.891919191919203547e-01
4.610101010101007035e-01
1.694646464646464512e+00
0.000000000000000000e+00
1.066666666666668400e-01
0.000000000000000000e+00
1.536262626262625774e+00
8.423232323232328067e-01
1.387878787878792652e-01
5.436969696969686794e+00
4.797979797979803895e-01
0.000000000000000000e+00
2.424242424242418481e-01
9.293939393939404381e-01
1.191717171717173507e+00
1.535020202020201019e+01
2.297575757575754718e+00
0.000000000000000000e+00
0.000000000000000000e+00
1.242424242424245012e-01
2.485252525252527267e+00
9.043434343434336720e-01
0.000000000000000000e+00
4.612121212121211844e-01
6.786868686868702261e-01
7.513131313131305999e-01
6.616161616161627679e-01
8.407070707070702920e-01
1.008585858585856476e+00
8.596969696969687380e-01
8.605050505050507725e-01
0.000000000000000000e+00
0.000000000000000000e+00
1.081616161616163918e+00
5.919191919191918450e-02
0.000000000000000000e+00
2.297979797979799177e-01
1.675757575757577111e-01
1.498989898989896707e-01
9.502020202020208250e-01
6.192929292929301166e-01
7.622222222222215793e-01
2.266666666666662111e-01
0.000000000000000000e+00
2.836363636363638530e-01
1.966767676767680495e+00
1.085555555555554275e+00
1.336868686868688538e+00
4.976767676767680504e-01
3.235353535353531762e-01
2.688888888888887885e-01
8.135353535353544441e-01
9.667676767676757210e-01
2.601161616161617118e+01
7.605050505050506837e-01
7.677777777777786694e-01
5.646464646464635084e-01
1.099191919191921496e+00
2.207070707070710736e+00
3.740404040404036734e-01
3.658585858585862716e-01
0.000000000000000000e+00
7.842424242424252956e-01
2.781818181818183633e-01
1.196969696969695685e+00
1.733333333333331450e-01
0.000000000000000000e+00
9.999999999999972453e-03
8.928282828282825268e-01
9.999999999999993269e-03
0.000000000000000000e+00
5.048484848484837695e-01
5.331111111111104250e+00
1.171919191919192027e+00
7.264848484848487331e+00
0.000000000000000000e+00
2.233333333333338555e-01
8.953535353535343466e-01
1.979797979797979710e-02
1.029494949494950573e+00
9.084848484848480066e-01
0.000000000000000000e+00
1.389393939393940292e+00
1.216747474747474200e+01
5.326262626262634470e-01
7.876767676767671977e-01
2.698383838383842104e+00
8.049494949494955254e-01
6.815151515151507411e-01
9.399999999999990585e-01
1.979797979797979016e-02
5.221212121212129853e-01
1.569191919191917028e+00
4.342424242424242631e-01
1.194646464646465178e+00
9.141414141414140326e-01
2.284646464646465702e+00
0.000000000000000000e+00
8.931313131313147746e-01
9.090909090909086998e-02
6.810101010101012875e-01
2.105858585858588761e+00
1.281161616161616834e+01
3.483131313131317519e+00
4.442424242424250491e-01
0.000000000000000000e+00
4.302323232323235658e+00
7.537373737373732618e-01
3.640404040404039421e-01
7.693232323232317427e+00
6.046464646464660975e-01
1.979797979797979710e-02
8.765656565656587684e-01
9.099999999999994760e-01
0.000000000000000000e+00
8.407070707070716242e-01
3.878787878787880172e-02
1.148888888888886850e+00
0.000000000000000000e+00
8.914141414141399933e-01
5.934343434343442025e-01
9.999999999999981126e-03
4.111717171717172548e+00
4.797979797979802508e-02
2.238787878787880103e+00
7.234343434343432078e-01
9.888888888888887341e-02
8.272727272727287140e-01
0.000000000000000000e+00
1.058484848484850582e+00
4.953535353535344909e-01
3.147868686868688570e+01
5.603030303030305248e-01
4.200606060606060232e+00
3.617979797979799628e+00
8.393939393939388038e-01
0.000000000000000000e+00
8.075757575757556150e-01
1.247575757575760225e+00
6.625252525252534053e-01
9.869696969696984956e-01
2.160606060606057310e-01
8.236363636363636331e+00
6.968686868686866376e-01
8.272727272727277426e-02
1.037474747474749215e+00
7.249494949494937890e-01
1.025252525252525887e-01
2.148858585858583936e+01
7.860606060606060153e-01
6.039393939393951083e-01
1.513333333333330089e+00
6.755555555555557978e-01
6.511111111111110183e+00
0.000000000000000000e+00
0.000000000000000000e+00
7.009090909090914812e-01
3.296969696969695440e-01
1.198646464646464338e+01
6.966666666666673224e-01
2.939393939393944444e-02
5.898989898989911440e-01
1.094444444444445219e+00
0.000000000000000000e+00
2.408484848484846896e+00
2.103131313131313007e+01
6.292929292929284601e-01
2.124242424242427096e-01
1.554545454545456507e-01
3.303232323232318635e+00
2.939393939393940974e-02
2.484636363636364109e+01
0.000000000000000000e+00
6.443434343434336631e-01
0.000000000000000000e+00
8.300000000000006262e-01
2.525252525252525415e-01
0.000000000000000000e+00
7.329292929292935410e-01
2.354545454545459715e-01
1.329383838383837890e+01
2.327272727272732267e-01
6.486868686868688672e-01
2.509090909090911925e-01
1.554545454545456507e-01
4.281818181818178859e-01
8.275757575757565210e-01
1.993939393939393456e-01
1.738787878787880326e+00
0.000000000000000000e+00
7.209090909090907218e-01
1.036666666666666403e+00
1.994343434343434973e+00
7.278787878787869037e-01
1.448383838383838329e+00
7.364646464646453783e-01
0.000000000000000000e+00
5.824242424242416227e-01
5.696969696969704511e-02
3.113131313131314859e-01
1.768252525252524521e+01
2.648383838383838551e+01
6.754545454545456407e-01
5.696969696969703817e-02
6.680808080808086080e-01
2.210595959595959670e+01
9.657575757575771469e-01
9.186868686868693290e-01
2.488888888888884932e-01
8.063636363636360604e-01
1.436363636363639229e-01
7.436363636363634289e-01
2.864494949494948628e+01
1.745454545454545869e-01
0.000000000000000000e+00
1.116161616161617021e+00
1.490191919191919823e+01
6.317171717171724543e-01
1.026666666666667282e+00
1.616161616161617132e-01
1.661313131313131519e+00
1.842424242424241798e-01
0.000000000000000000e+00
1.616161616161617132e-01
7.817575757575758288e+00
1.682727272727268408e+00
3.753676767676767412e+01
0.000000000000000000e+00
4.907070707070710358e-01
6.483838383838391728e-01
7.039393939393941979e-01
5.696969696969712144e-02
8.236363636363633889e-01
7.214141414141406194e-01
1.616161616161617132e-01
4.165050505050508889e+00
0.000000000000000000e+00
1.145454545454546308e-01
1.248383838383836153e+00
0.000000000000000000e+00
1.490909090909092460e-01
5.779797979797983709e-01
8.038383838383852398e-01
3.677777777777783363e+00
6.537373737373740612e-01
2.121212121212122381e-01
7.970707070707069297e-01
2.754545454545450633e-01
6.055555555555564018e-01
3.896969696969695418e-01
0.000000000000000000e+00
3.817171717171715883e+00
1.357575757575757991e-01
1.943434343434342904e-01
0.000000000000000000e+00
1.979797979797979016e-02
0.000000000000000000e+00
6.256565656565660216e-01
9.888888888888902606e-02
3.554545454545459116e-01
1.979797979797979016e-02
8.270707070707070674e-01
6.822222222222228405e-01
1.107171717171714809e+00
7.017171717171734047e-01
1.145757575757577751e+00
9.745454545454556028e-01
9.637777777777751353e+00
2.291858585858584618e+01
8.034343434343430568e-01
6.943434343434344846e-01
3.853636363636365303e+00
1.357575757575757991e-01
1.768686868686870639e+00
0.000000000000000000e+00
1.289898989898990322e+00
7.312121212121209801e-01
0.000000000000000000e+00
7.978787878787887422e-01
9.515151515151498707e-02
0.000000000000000000e+00
2.113838383838382740e+00
1.218777777777777871e+01
1.651515151515149105e-01
5.930303030303017975e-01
8.624242424242420935e-01
1.527575757575756255e+00
6.321212121212111956e-01
7.247474747474746959e-01
6.818181818181823228e-02
8.191919191919208032e-01
5.696969696969705899e-02
7.781818181818180857e-01
1.216060606060603178e+00
7.309090909090912858e-01
8.115151515151513006e-01
2.333333333333337534e-01
2.266666666666661001e-01
7.910101010101000529e-01
8.272727272727277426e-02
2.243030303030305816e+00
1.846868686868688325e+00
4.734343434343425971e-01
1.913030303030304413e+00
0.000000000000000000e+00
2.543434343434349820e-01
2.424242424242418481e-01
7.273737373737365619e-01
1.168282828282829922e+00
0.000000000000000000e+00
7.642424242424236125e-01
7.559595959595967196e-01
2.125505050505050519e+01
1.979797979797979710e-02
2.683737373737374199e+00
5.696969696969709368e-02
1.382828282828285349e-01
2.940404040404040131e+00
1.082424242424240735e+00
6.188888888888885997e-01
6.575757575757583406e-02
1.404141414141413513e+01
1.169191919191920448e+00
7.565656565656578847e-01
5.696969696969710062e-02
2.136363636363636520e-01
6.155555555555560776e-01
1.119494949494947988e+00
2.947777777777779828e+00
0.000000000000000000e+00
0.000000000000000000e+00
3.435353535353537491e-01
5.715151515151509765e-01
9.783838383838401320e-01
1.766666666666669272e+00
1.275252525252526414e+00
6.853535353535358254e-01
2.603030303030307024e-01
0.000000000000000000e+00
0.000000000000000000e+00
9.449494949494956497e-01
8.983838383838403940e-01
9.502020202020192707e-01
0.000000000000000000e+00
1.153939393939393376e+00
2.406767676767675113e+00
1.436363636363638396e-01
7.607979797979806946e+00
8.817171717171728984e-01
1.680303030303031075e+00
7.488888888888889372e-01
2.579393939393939572e+00
1.016464646464645183e+00
0.000000000000000000e+00
7.473737373737371348e-01
1.093636363636365516e+00
1.979797979797979363e-02
8.741414141414152184e-01
6.940404040404034580e-01
1.226121212121212878e+01
2.617272727272726751e+00
3.695959595959602551e-01
4.435353535353525611e-01
9.999999999999975922e-03
2.160606060606058976e-01
0.000000000000000000e+00
2.354545454545460270e-01
6.614141414141424535e-01
2.063636363636361937e-01
2.713131313131312838e-01
8.413131313131317901e-01
4.383636363636365552e+00
6.550101010101017529e+00
4.307070707070716487e-01
0.000000000000000000e+00
9.999999999999951636e-03
5.448383838383836775e+00
5.339393939393932698e-01
9.052525252525267518e-01
1.220000000000003082e+00
0.000000000000000000e+00
5.441414141414137040e-01
6.575757575757593121e-02
0.000000000000000000e+00
4.970808080808083673e+00
8.402020202020213935e-01
9.667676767676776084e-01
2.685858585858582614e-01
9.680808080808074312e-01
2.221212121212121637e-01
1.039393939393937982e+00
2.080303030303030543e+00
6.135353535353538224e-01
6.402020202020199946e-01
9.999999999999953371e-03
8.943434343434359945e-01
3.577676767676768232e+00
5.647474747474756640e-01
4.673737373737383849e-01
0.000000000000000000e+00
9.999999999999981126e-03
6.110101010101020025e-01
1.188181818181820670e+00
3.732323232323234152e-01
1.490909090909092460e-01
2.059191919191919684e+00
1.370848484848485427e+01
1.137575757575759461e+00
1.485858585858587322e+00
1.315454545454546986e+00
3.076767676767673265e-01
2.197979797979799643e-01
2.228232323232322543e+01
1.085646464646464437e+01
5.287878787878782516e-01
6.803030303030309645e-01
1.239797979797982563e+00
8.630303030303027034e-01
8.337373737373755533e-01
2.718181818181819032e-01
0.000000000000000000e+00
0.000000000000000000e+00
6.051515151515142188e-01
4.466060606060604954e+00
8.494949494949491919e-01
1.295585858585858219e+01
6.874646464646462896e+00
3.281717171717174253e+00
6.531313131313130071e-01
0.000000000000000000e+00
8.363636363636356430e-01
6.010101010101001062e-01
0.000000000000000000e+00
2.332919191919190638e+01
4.498989898989907976e-01
4.302020202020209738e-01
7.303030303030304538e-01
9.982828282828288824e-01
7.491919191919190757e-01
9.444444444444466402e-01
1.276262626262628208e+00
0.000000000000000000e+00
0.000000000000000000e+00
1.089555555555556410e+01
6.616161616161624348e-01
1.300949494949494323e+01
1.842424242424241798e-01
7.174747474747480425e-01
0.000000000000000000e+00
6.792525252525263291e+00
0.000000000000000000e+00
2.695151515151509969e+00
0.000000000000000000e+00
4.086868686868685985e-01
6.973232323232325669e+00
7.290909090909094559e-01
9.347474747474761037e-01
2.007818181818181102e+01
1.146464646464648629e+00
1.083535353535352241e+00
0.000000000000000000e+00
7.459595959595969328e-01
0.000000000000000000e+00
9.862626262626273954e-01
4.778787878787879251e+00
3.939393939393939087e-02
6.198585858585856201e+00
2.835454545454545894e+01
8.278787878787866594e-01
0.000000000000000000e+00
8.929292929292925729e-01
1.409393939393941331e+01
1.230202020202019408e+00
6.174747474747466214e-01
1.115161616161616820e+01
0.000000000000000000e+00
4.370707070707064434e-01
0.000000000000000000e+00
1.037373737373735588e-01
1.637474747474747971e+01
1.554545454545456507e-01
2.958686868686867921e+00
1.694040404040404901e+00
9.222222222222240529e-01
3.631313131313140263e-01
1.990909090909089851e-01
1.357575757575757991e-01
4.576767676767669046e-01
1.831515151515154871e+00
7.725252525252538360e-01
8.561616161616152354e-01
2.939393939393944097e-02
3.435353535353539711e-01
2.984040404040403160e+00
1.104949494949494593e+01
6.439393939393942556e-01
6.540404040404050878e-01
1.148888888888888626e+00
0.000000000000000000e+00
2.271212121212120749e+01
6.152525252525242738e-01
4.790909090909095114e-01
1.361111111111109162e+00
5.760606060606057177e-01
6.641414141414150318e-01
1.505757575757578071e+00
9.888888888888897055e-02
3.497979797979800520e-01
0.000000000000000000e+00
3.776767676767676662e-01
1.075353535353534618e+00
1.873646464646464693e+01
1.952232323232323807e+01
7.603030303030293702e-01
2.516161616161619596e-01
8.636363636363626473e-01
7.016161616161603609e-01
1.158989898989899237e+00
2.233333333333339110e-01
1.230202020202022073e+00
0.000000000000000000e+00
1.293232323232325287e+00
7.993939393939382132e-01
7.934343434343429369e-01
6.172727272727255299e-01
9.327272727272742925e-01
2.524242424242423843e-01
2.777757575757577513e+01
7.344444444444429010e-01
2.438888888888893991e+00
7.278787878787880139e-01
8.682828282828285449e-01
5.207070707070714510e-01
8.059595959595945436e-01
6.047474747474737011e-01
3.807171717171713432e+00
7.206060606060608054e-01
8.201010101010098863e-01
8.248484848484854970e-01
0.000000000000000000e+00
4.694949494949489099e-01
6.058585858585867623e-01
1.147272727272729220e+00
7.379797979797978469e-01
1.152121212121211213e+00
1.842424242424241798e-01
9.999999999999972453e-03
1.554545454545456229e-01
0.000000000000000000e+00
5.697979797979803029e-01
0.000000000000000000e+00
1.501010101010096798e-01
6.980808080808065252e-01
9.704040404040382706e-01
1.979797979797979016e-02
1.490909090909092738e-01
2.213333333333331154e+00
6.950505050505059179e-01
4.150101010101000298e+00
0.000000000000000000e+00
0.000000000000000000e+00
8.591919191919193954e-01
9.999999999999970718e-03
0.000000000000000000e+00
5.948484848484845156e-01
1.414040404040403320e+00
0.000000000000000000e+00
8.044444444444454057e-01
7.607070707070715532e-01
9.833333333333318382e-01
2.939393939393944444e-02
9.999999999999962044e-03
