1.239090909090907910e+00
8.590909090909079060e-01
0.000000000000000000e+00
6.094949494949504221e-01
1.356969696969696715e+00
5.612121212121210512e-01
1.943434343434342904e-01
6.385858585858575909e-01
2.424242424242418481e-01
7.266666666666679042e-01
2.338252525252523739e+01
1.357575757575757991e-01
0.000000000000000000e+00
4.404040404040406309e-01
7.320202020202029036e-01
1.691919191919190490e+00
0.000000000000000000e+00
0.000000000000000000e+00
1.399090909090909030e+01
7.499999999999996669e-01
0.000000000000000000e+00
4.253535353535346508e-01
9.179797979797968965e-01
1.990909090909091794e-01
0.000000000000000000e+00
0.000000000000000000e+00
9.109090909090896693e-01
0.000000000000000000e+00
0.000000000000000000e+00
7.251515151515157687e-01
2.001818181818185494e+00
3.878787878787880172e-02
1.990909090909090962e-01
4.213131313131318056e-01
8.831313131313121012e-01
6.637373737373728488e-01
2.392232323232322599e+01
1.404616161616162628e+01
2.079797979797981533e-01
1.086262626262628483e+00
2.861313131313133251e+00
4.815151515151521178e-01
9.154545454545460759e-01
6.220202020202005855e-01
9.388888888888896611e-01
0.000000000000000000e+00
4.079797979797971097e-01
0.000000000000000000e+00
1.094747474747476801e+00
4.137676767676765621e+00
8.548484848484854126e-01
0.000000000000000000e+00
3.878787878787880172e-02
3.656565656565651801e-01
1.109292929292930552e+00
2.665656565656569499e-01
7.953535353535357011e-01
3.429292929292923620e-01
1.845858585858583423e+00
6.923232323232333396e-01
1.515696969696968566e+01
5.259595959595954051e-01
1.054494949494951328e+01
0.000000000000000000e+00
6.159595959595953740e-01
2.939393939393944097e-02
2.212828282828280368e+00
8.159595959595942194e-01
2.516161616161619596e-01
1.979797979797979363e-02
9.304040404040392342e-01
0.000000000000000000e+00
9.602020202020190576e-01
1.171111111111109437e+00
3.878787878787880172e-02
1.623414141414140843e+01
8.778787878787870369e-01
8.291919191919193688e-01
8.335252525252544231e+00
2.446464646464644177e-01
6.148484848484846443e-01
6.662626262626253348e-01
2.939393939393944097e-02
1.990505050505047002e+00
1.825757575757578355e+00
9.262626262626248996e-01
5.293939393939385285e-01
1.030404040404039989e+00
3.864646464646465662e-01
1.893939393939393923e-01
1.979797979797979710e-02
6.737373737373741900e-01
1.999999999999994837e-02
9.720202020202036719e-01
7.168686868686853231e-01
4.669696969696975897e-01
8.216161616161610226e-01
8.637373737373730265e-01
6.159595959595957071e-01
2.154535353535353792e+01
1.498989898989898650e+00
0.000000000000000000e+00
2.939393939393942362e-02
4.821818181818169791e+00
2.443434343434337797e-01
6.196969696969684138e-01
5.245454545454534268e-01
2.766666666666661167e-01
2.500000000000001110e-01
1.358383838383839359e+00
2.616161616161619685e-01
0.000000000000000000e+00
9.999999999999953371e-03
9.236363636363633667e-01
8.098989898989896741e-01
9.999999999999998473e-03
0.000000000000000000e+00
1.033434343434344704e+00
7.670707070707075692e-01
2.299797979797977732e+00
2.528787878787876142e+00
4.693939393939387528e-01
1.873737373737368317e-01
5.803030303030306536e-01
8.824242424242405569e-01
2.890909090909093426e-01
8.122222222222217347e-01
0.000000000000000000e+00
4.110808080808076248e+00
0.000000000000000000e+00
0.000000000000000000e+00
0.000000000000000000e+00
0.000000000000000000e+00
7.419191919191919782e-01
5.650505050505036930e-01
5.275252525252520641e+00
2.509090909090912480e-01
1.326767676767678816e+00
7.004040404040411394e-01
0.000000000000000000e+00
5.005050505050512299e-01
9.210101010100999464e-01
0.000000000000000000e+00
8.252525252525255706e-01
2.266666666666662389e-01
9.788888888888878093e-01
7.161616161616146670e-01
2.188888888888894102e-01
7.263636363636358784e-01
9.999999999999993269e-03
9.812121212121217573e-01
6.673737373737390621e-01
0.000000000000000000e+00
9.724242424242434124e-01
2.152727272727268826e+00
5.746464646464652937e-01
8.002020202020188044e-01
1.948080808080807858e+00
6.494949494949491253e-01
3.878787878787879478e-02
3.878787878787880172e-02
0.000000000000000000e+00
3.878787878787880172e-02
4.288787878787869268e+00
9.287878787878794951e-01
2.218888888888889710e+01
9.999999999999991535e-03
7.207070707070720728e-01
2.732323232323228712e+00
7.892929292929272700e-01
3.878787878787880172e-02
7.639393939393951394e-01
4.026262626262624988e-01
0.000000000000000000e+00
5.045454545454554074e-01
3.469292929292930427e+00
6.804040404040390122e-01
9.090909090909084223e-02
2.939393939393944791e-02
6.022222222222226584e-01
0.000000000000000000e+00
9.995959595959612587e-01
8.272727272727276038e-02
7.142424242424245673e-01
1.193939393939395383e-01
5.465656565656569210e-01
7.807070707070695725e-01
5.518181818181812082e-01
4.784848484848489569e-01
1.425252525252528324e-01
1.041717171717172485e+00
1.133030303030305497e+00
6.642424242424237457e-01
7.675757575757585771e-01
0.000000000000000000e+00
1.208181818181820910e+00
0.000000000000000000e+00
8.046464646464639436e-01
0.000000000000000000e+00
5.512020202020208259e+00
3.830101010101012893e+00
6.535353535353545240e-01
6.696969696969710950e-02
0.000000000000000000e+00
7.962626262626261164e-01
0.000000000000000000e+00
1.724242424242421912e+00
0.000000000000000000e+00
0.000000000000000000e+00
1.931313131313131815e-01
2.006010101010102886e+01
2.460606060606065904e-01
1.565656565656562416e-01
2.904040404040398871e-01
8.779797979797985263e-01
2.111010101010101181e+01
7.370404040404038071e+00
8.731313131313134690e+00
3.429292929292936942e-01
6.218181818181813814e-01
4.624242424242417937e-01
2.686868686868690848e-01
1.888888888888891948e+00
0.000000000000000000e+00
6.417575757575758821e+00
6.286868686868689604e-01
9.091919191919175525e-01
3.484848484848493966e-01
2.311515151515155075e+00
5.210101010101002572e-01
0.000000000000000000e+00
2.620202020202019311e-01
8.624242424242437588e-01
7.014141414141411568e-01
2.966262626262630153e+00
1.517373737373736819e+00
2.980909090909091841e+00
8.664646464646488244e-01
6.677777777777774704e-01
3.499999999999998668e-01
6.058585858585862072e-01
5.591919191919196841e-01
0.000000000000000000e+00
1.554545454545456507e-01
9.146464646464658177e-01
9.166666666666684060e-01
5.862121212121212288e+00
8.824242424242412230e-01
3.304040404040411438e-01
5.651515151515141833e-01
7.001010101010086695e-01
9.687878787878781983e-01
5.919191919191918450e-02
0.000000000000000000e+00
2.036363636363637819e-01
3.627272727272726982e+00
4.778787878787879029e-01
1.530909090909089887e+00
1.425252525252528546e+00
9.829292929292917647e-01
0.000000000000000000e+00
0.000000000000000000e+00
5.899999999999989697e-01
2.801818181818183096e+00
1.979454545454545666e+01
6.757575757575746689e-01
1.650505050505051807e+00
7.324242424242417560e-01
3.387878787878793041e-01
6.393939393939409577e-01
8.585858585858597847e-01
2.648787878787879357e+00
0.000000000000000000e+00
2.152929292929289584e+00
0.000000000000000000e+00
0.000000000000000000e+00
1.079191919191917037e+00
9.888888888888895667e-02
9.999999999999998473e-03
8.461616161616162257e-01
8.539393939393939981e-01
5.033737373737366738e+00
5.949494949494958940e-01
5.829292929292936298e-01
1.939999999999999059e+00
8.276767676767685655e-01
9.544545454545461993e+00
8.618181818181834819e-01
1.112121212121210734e+00
2.516161616161619596e-01
1.029898989898990758e+00
4.515555555555559764e+00
8.339393939393940913e-01
0.000000000000000000e+00
9.085858585858570535e-01
6.249494949494943663e-01
2.364747474747478151e+00
0.000000000000000000e+00
9.530303030303042267e-01
1.216161616161617748e-01
6.352525252525242916e-01
6.093939393939399318e-01
3.704040404040400691e-01
7.480808080808087901e-01
0.000000000000000000e+00
7.081818181818179125e-01
7.434343434343430868e-02
2.354545454545460548e-01
7.443434343434344180e-01
6.806060606060613249e-01
0.000000000000000000e+00
0.000000000000000000e+00
7.915151515151516159e-01
4.790909090909102330e-01
0.000000000000000000e+00
0.000000000000000000e+00
6.430303030303019529e-01
8.540404040404032671e-01
8.857575757575771869e-01
0.000000000000000000e+00
1.618080808080810895e+00
4.259595959595965375e-01
2.760505050505052349e+00
1.608686868686868943e+00
2.464646464646465862e+00
7.709090909090910992e-01
6.168181818181811771e+00
6.419191919191905571e-01
6.887878787878777276e-01
0.000000000000000000e+00
6.665656565656573607e-01
9.006060606060612983e-01
9.196969696969712338e-01
0.000000000000000000e+00
8.459595959595967996e-01
4.431313131313128761e-01
1.066666666666668400e-01
6.051515151515134416e-01
6.565656565656556864e-01
1.287878787878785070e-01
9.557575757575774711e-01
9.999999999999962044e-03
4.797979797979802508e-02
1.979797979797979016e-02
0.000000000000000000e+00
1.998464646464645966e+01
7.496969696969686403e-01
7.248080808080811011e+00
3.281818181818179081e-01
1.250000000000001332e+00
1.628181818181820839e+00
1.143333333333332202e+00
0.000000000000000000e+00
5.785858585858594250e-01
9.999999999999977657e-03
2.351717171717174093e+00
0.000000000000000000e+00
1.276262626262623989e+00
9.996969696969674191e-01
0.000000000000000000e+00
1.287878787878785625e-01
4.797979797979797650e-02
0.000000000000000000e+00
1.888888888888889672e-01
0.000000000000000000e+00
4.003030303030302717e-01
2.585858585858587522e-01
1.145252525252525855e+00
1.208555555555555117e+01
2.443434343434337519e-01
1.216161616161618442e-01
0.000000000000000000e+00
2.266666666666661001e-01
0.000000000000000000e+00
7.699999999999993516e-01
9.999999999999972453e-03
7.925252525252527436e-01
2.524242424242423843e-01
7.135353535353538001e-01
6.553535353535353547e-01
3.195050505050503364e+00
8.535353535353538135e-01
0.000000000000000000e+00
0.000000000000000000e+00
6.633333333333316650e-01
7.170707070707071917e-01
6.386868686868680811e-01
9.445454545454549100e-01
4.797979797979808059e-02
2.937979797979795027e+00
9.637878787878785047e+00
6.046464646464630999e-01
1.990909090909091239e-01
5.287878787878776965e-01
6.738383838383827928e-01
9.206060606060616491e-01
6.748484848484856968e-01
2.197979797979799643e-01
7.453535353535363228e-01
1.531414141414145558e+00
8.139393939393951838e-01
6.601010101010093001e-01
1.241808080808081449e+01
3.801010101010107167e-01
1.198969696969696308e+01
7.226262626262618394e-01
6.443434343434329969e-01
2.218888888888885802e+00
9.134343434343442647e-01
7.728282828282836414e-01
0.000000000000000000e+00
1.989393939393939270e+00
1.914141414141414532e-01
6.731313131313135800e-01
1.032757575757576340e+01
1.002323232323233615e+00
1.054727272727272336e+01
9.335353535353544396e-01
1.554545454545456507e-01
1.002323232323233615e+00
9.856565656565636768e-01
1.143636363636364450e+00
0.000000000000000000e+00
2.297979797979792516e-01
1.668636363636363740e+01
1.222727272727269332e+00
2.606767676767671738e+00
0.000000000000000000e+00
6.976767676767665627e-01
4.610101010101007035e-01
1.619797979797978460e+00
0.000000000000000000e+00
9.888888888888901219e-02
0.000000000000000000e+00
1.512222222222220580e+00
8.221212121212122526e-01
1.316161616161620196e-01
5.514949494949503261e+00
4.794949494949505842e-01
0.000000000000000000e+00
2.443434343434337519e-01
9.157575757575733277e-01
1.222222222222224541e+00
1.517080808080811671e+01
2.390606060606062400e+00
0.000000000000000000e+00
0.000000000000000000e+00
1.242424242424245012e-01
2.550505050505051052e+00
9.191919191919214471e-01
0.000000000000000000e+00
4.655555555555559999e-01
6.956565656565649736e-01
7.660606060606065526e-01
6.523232323232318608e-01
8.039393939393939537e-01
1.042626262626259459e+00
8.660606060606071965e-01
8.536363636363640817e-01
0.000000000000000000e+00
0.000000000000000000e+00
1.051111111111109775e+00
5.919191919191918450e-02
0.000000000000000000e+00
2.366666666666672469e-01
1.675757575757577111e-01
1.530303030303027667e-01
9.308080808080805291e-01
6.349494949494945972e-01
7.605050505050496845e-01
2.266666666666662111e-01
0.000000000000000000e+00
2.803030303030297765e-01
2.001010101010097575e+00
1.034545454545456211e+00
1.312626262626263918e+00
5.048484848484842136e-01
3.296969696969694330e-01
2.692929292929285290e-01
8.130303030303021039e-01
9.945454545454559536e-01
2.556393939393942460e+01
7.596969696969687602e-01
7.505050505050502307e-01
5.597979797979797389e-01
1.096868686868688103e+00
2.167676767676766758e+00
3.574747474747471676e-01
3.658585858585862716e-01
0.000000000000000000e+00
8.133333333333329085e-01
2.706060606060600171e-01
1.191111111111110787e+00
1.788888888888891249e-01
0.000000000000000000e+00
0.000000000000000000e+00
8.814141414141434261e-01
9.999999999999993269e-03
0.000000000000000000e+00
5.084848484848477623e-01
5.307373737373731082e+00
1.150909090909089105e+00
6.850707070707076518e+00
0.000000000000000000e+00
2.197979797979799643e-01
8.915151515151524819e-01
1.979797979797979710e-02
1.045252525252527098e+00
8.608080808080812441e-01
0.000000000000000000e+00
1.377777777777778212e+00
1.136646464646464239e+01
5.364646464646456447e-01
7.871717171717184103e-01
2.638989898989897220e+00
8.144444444444454145e-01
6.755555555555559089e-01
9.399999999999990585e-01
1.979797979797979016e-02
5.253535353535360164e-01
1.511818181818180840e+00
4.490909090909095402e-01
1.185353535353536936e+00
9.303030303030290771e-01
2.244141414141414437e+00
0.000000000000000000e+00
8.600000000000025402e-01
9.090909090909086998e-02
6.813131313131304267e-01
2.051111111111111107e+00
1.317737373737373652e+01
3.346161616161616337e+00
4.413131313131309352e-01
0.000000000000000000e+00
4.256161616161612926e+00
7.506060606060599438e-01
3.619191919191926399e-01
7.443333333333328916e+00
6.233333333333344051e-01
2.939393939393941321e-02
8.774747474747466303e-01
8.868686868686873614e-01
0.000000000000000000e+00
8.653535353535350971e-01
3.878787878787880172e-02
1.103939393939392444e+00
0.000000000000000000e+00
9.025252525252540625e-01
5.857575757575752551e-01
9.999999999999981126e-03
4.108383838383832476e+00
4.797979797979802508e-02
2.152121212121215432e+00
7.319191919191905260e-01
9.888888888888887341e-02
8.281818181818184632e-01
0.000000000000000000e+00
1.089090909090911552e+00
4.891919191919186782e-01
3.051464646464648567e+01
5.825252525252530011e-01
4.281111111111111533e+00
3.626262626262620525e+00
8.245454545454543593e-01
0.000000000000000000e+00
8.642424242424242564e-01
1.274242424242422400e+00
6.781818181818187741e-01
1.018888888888887845e+00
2.121212121212122381e-01
8.320202020202021487e+00
6.996969696969689290e-01
9.090909090909075896e-02
1.012626262626262097e+00
7.308080808080803514e-01
1.009090909090910732e-01
2.145272727272728019e+01
8.015151515151517359e-01
5.893939393939380267e-01
1.514141414141410680e+00
7.037373737373733285e-01
6.282222222222227259e+00
0.000000000000000000e+00
0.000000000000000000e+00
7.142424242424233460e-01
3.296969696969695440e-01
1.157313131313132004e+01
6.862626262626257967e-01
2.939393939393944444e-02
5.969696969696975941e-01
1.089090909090908221e+00
0.000000000000000000e+00
2.391717171717173240e+00
2.081030303030302875e+01
6.263636363636374549e-01
2.124242424242427096e-01
1.554545454545456507e-01
3.326969696969695800e+00
2.939393939393940974e-02
2.502484848484848001e+01
0.000000000000000000e+00
6.443434343434336631e-01
0.000000000000000000e+00
8.672727272727274173e-01
2.524242424242423843e-01
0.000000000000000000e+00
7.216161616161610448e-01
2.403030303030307679e-01
1.341404040404040821e+01
2.327272727272732267e-01
6.374747474747486375e-01
2.516161616161619596e-01
1.675757575757577111e-01
4.056565656565649935e-01
8.596969696969705144e-01
1.942424242424241887e-01
1.749090909090907697e+00
0.000000000000000000e+00
7.209090909090907218e-01
1.068080808080809074e+00
1.953434343434340636e+00
7.481818181818180591e-01
1.438989898989897931e+00
7.328282828282820516e-01
0.000000000000000000e+00
5.891919191919184895e-01
6.575757575757584794e-02
3.201010101010094422e-01
1.761595959595960892e+01
2.564545454545454461e+01
6.798989898989896696e-01
5.696969696969703817e-02
6.662626262626252238e-01
2.165878787878788714e+01
9.324242424242411564e-01
9.096969696969685604e-01
2.488888888888884932e-01
8.267676767676780392e-01
1.712121212121208158e-01
7.453535353535361008e-01
2.863464646464646535e+01
1.745454545454545869e-01
0.000000000000000000e+00
1.132424242424242999e+00
1.490333333333332710e+01
6.013131313131305777e-01
1.031212121212118582e+00
1.616161616161617132e-01
1.668080808080807387e+00
1.842424242424241798e-01
0.000000000000000000e+00
1.616161616161617132e-01
7.960000000000001741e+00
1.687474747474747794e+00
3.672737373737372479e+01
0.000000000000000000e+00
5.032323232323225870e-01
6.427272727272724806e-01
6.716161616161619996e-01
5.696969696969712144e-02
7.914141414141419029e-01
7.050505050505064819e-01
1.616161616161617132e-01
4.295151515151514054e+00
0.000000000000000000e+00
1.145454545454546308e-01
1.271010101010100035e+00
0.000000000000000000e+00
1.425252525252529434e-01
5.993939393939394789e-01
8.054545454545444239e-01
3.593030303030306349e+00
6.727272727272719521e-01
2.121212121212122381e-01
7.647474747474767298e-01
2.718181818181821807e-01
5.859595959595947923e-01
3.896969696969695418e-01
0.000000000000000000e+00
3.916161616161612624e+00
1.357575757575757991e-01
1.842424242424241798e-01
0.000000000000000000e+00
1.979797979797979016e-02
0.000000000000000000e+00
5.994949494949505242e-01
1.066666666666669372e-01
3.723232323232322227e-01
9.999999999999970718e-03
8.341414141414132954e-01
6.847474747474737722e-01
1.081515151515150208e+00
6.901010101010095488e-01
1.102525252525251576e+00
9.392929292929290686e-01
9.966464646464636701e+00
2.255262626262626213e+01
8.257575757575740250e-01
6.726262626262639044e-01
4.019494949494949232e+00
1.287878787878785070e-01
1.795656565656564618e+00
0.000000000000000000e+00
1.265656565656568588e+00
7.239393939393921062e-01
0.000000000000000000e+00
8.111111111111103389e-01
9.515151515151498707e-02
0.000000000000000000e+00
2.129494949494950440e+00
1.227747474747475920e+01
1.555555555555557246e-01
6.108080808080813551e-01
8.459595959595961334e-01
1.583333333333332149e+00
6.330303030303031653e-01
7.136363636363648455e-01
7.757575757575760345e-02
7.725252525252526148e-01
5.696969696969705899e-02
7.514141414141413122e-01
1.243838383838385964e+00
7.327272727272721164e-01
8.115151515151513006e-01
2.333333333333337534e-01
2.197979797979799643e-01
7.698989898989893055e-01
8.272727272727277426e-02
2.241616161616161840e+00
1.741515151515151016e+00
4.524242424242428395e-01
1.891616161616162861e+00
0.000000000000000000e+00
2.560606060606065992e-01
2.443434343434337519e-01
7.178787878787885601e-01
1.165151515151515271e+00
0.000000000000000000e+00
7.392929292929314444e-01
7.529292929292930037e-01
2.130949494949494039e+01
1.979797979797979710e-02
2.599797979797979330e+00
5.696969696969709368e-02
1.476767676767674065e-01
3.067575757575754292e+00
1.123939393939394460e+00
6.014141414141419562e-01
7.434343434343430868e-02
1.367424242424240965e+01
1.200909090909089594e+00
7.540404040404053987e-01
5.696969696969710062e-02
2.136363636363636520e-01
6.175757575757587770e-01
1.105353535353533090e+00
2.990505050505054996e+00
0.000000000000000000e+00
0.000000000000000000e+00
3.611111111111113825e-01
5.744444444444457565e-01
9.554545454545453342e-01
1.795050505050503675e+00
1.160303030303030836e+00
6.835353535353531074e-01
2.603030303030307024e-01
0.000000000000000000e+00
0.000000000000000000e+00
9.646464646464631976e-01
8.687878787878769993e-01
9.409090909090899180e-01
0.000000000000000000e+00
1.208484848484849827e+00
2.389393939393943178e+00
1.360606060606061318e-01
7.551616161616151679e+00
9.020202020202021664e-01
1.603939393939396219e+00
7.587878787878784559e-01
2.467070707070700752e+00
1.015050505050507201e+00
0.000000000000000000e+00
7.554545454545458227e-01
1.051616161616161227e+00
9.999999999999965514e-03
8.936363636363626739e-01
6.923232323232316743e-01
1.237848484848484709e+01
2.660808080808080955e+00
3.879797979797976470e-01
4.321212121212119062e-01
9.999999999999975922e-03
2.160606060606058976e-01
0.000000000000000000e+00
2.354545454545460270e-01
6.326262626262614264e-01
2.176767676767678295e-01
2.645454545454547501e-01
8.912121212121206781e-01
4.558484848484847696e+00
6.476363636363631215e+00
4.051515151515155955e-01
0.000000000000000000e+00
9.999999999999951636e-03
5.677474747474745342e+00
5.327272727272733821e-01
8.692929292929274521e-01
1.276161616161613388e+00
0.000000000000000000e+00
5.447474747474742029e-01
8.272727272727277426e-02
0.000000000000000000e+00
5.189393939393948330e+00
7.970707070707067077e-01
9.368686868686854075e-01
2.685858585858582614e-01
9.626262626262640509e-01
2.221212121212121637e-01
1.032020202020204280e+00
2.014747474747472733e+00
5.951515151515139879e-01
6.062626262626256146e-01
9.999999999999953371e-03
9.166666666666654084e-01
3.615454545454546587e+00
5.440404040404044350e-01
4.547474747474741230e-01
0.000000000000000000e+00
9.999999999999981126e-03
5.980808080808092120e-01
1.156161616161615502e+00
3.791919191919191356e-01
1.425252525252529434e-01
2.073434343434346516e+00
1.367141414141414835e+01
1.151717171717173027e+00
1.487979797979797958e+00
1.317878787878790980e+00
2.807070707070708493e-01
2.233333333333338278e-01
2.182050505050505507e+01
1.068454545454546434e+01
5.122222222222229115e-01
6.738383838383849023e-01
1.200404040404038142e+00
8.516161616161600501e-01
8.138383838383852487e-01
2.450505050505048799e-01
0.000000000000000000e+00
0.000000000000000000e+00
6.064646464646470392e-01
4.365959595959598261e+00
8.318181818181814569e-01
1.306030303030304651e+01
6.941515151515148752e+00
3.450404040404039474e+00
6.632323232323230622e-01
0.000000000000000000e+00
8.932323232323217121e-01
5.755555555555559311e-01
0.000000000000000000e+00
2.243242424242423283e+01
4.482828282828285049e-01
4.500000000000003442e-01
7.247474747474734746e-01
1.019999999999999352e+00
7.488888888888894924e-01
9.402020202020191508e-01
1.321313131313130551e+00
0.000000000000000000e+00
0.000000000000000000e+00
1.156747474747475657e+01
6.371717171717166117e-01
1.258242424242423851e+01
1.733333333333332005e-01
7.225252525252532365e-01
0.000000000000000000e+00
6.771919191919195669e+00
0.000000000000000000e+00
2.726666666666660799e+00
0.000000000000000000e+00
4.140404040404040420e-01
6.653737373737373950e+00
7.349494949494944640e-01
8.854545454545462713e-01
2.006737373737373531e+01
1.095959595959598021e+00
1.077878787878786548e+00
0.000000000000000000e+00
7.265656565656556376e-01
0.000000000000000000e+00
9.759595959595936954e-01
4.466262626262624380e+00
3.939393939393939087e-02
5.950505050505050519e+00
2.778767676767676420e+01
8.333333333333334814e-01
0.000000000000000000e+00
9.263636363636371662e-01
1.423949494949495431e+01
1.250505050505049232e+00
6.027272727272711128e-01
1.062161616161616173e+01
0.000000000000000000e+00
4.894949494949483726e-01
0.000000000000000000e+00
9.515151515151500095e-02
1.643979797979797652e+01
1.616161616161617132e-01
2.926262626262627897e+00
1.714646464646464086e+00
9.416161616161624615e-01
3.715151515151517425e-01
1.990909090909089574e-01
1.357575757575757991e-01
4.511111111111103522e-01
1.875050505050499750e+00
7.632323232323218187e-01
8.405050505050497556e-01
3.878787878787880172e-02
3.470707070707073072e-01
2.853636363636362194e+00
1.095535353535353984e+01
6.374747474747466391e-01
6.540404040404050878e-01
1.128686868686868294e+00
0.000000000000000000e+00
2.355707070707071082e+01
6.443434343434354394e-01
4.609090909090904908e-01
1.400303030303028828e+00
5.558585858585854966e-01
6.424242424242431193e-01
1.502121212121211968e+00
9.888888888888897055e-02
3.425252525252528435e-01
0.000000000000000000e+00
3.833333333333325821e-01
1.110404040404041837e+00
1.842848484848484603e+01
1.930484848484847760e+01
7.364646464646461554e-01
2.488888888888884654e-01
8.440404040404060337e-01
6.916161616161624615e-01
1.098888888888887472e+00
2.297979797979792238e-01
1.214343434343432726e+00
0.000000000000000000e+00
1.339292929292929646e+00
8.123232323232307817e-01
7.909090909090903398e-01
6.314141414141407616e-01
9.238383838383850133e-01
2.524242424242423843e-01
2.847303030303029914e+01
7.129292929292920800e-01
2.418585858585855064e+00
7.409090909090911836e-01
8.754545454545451522e-01
5.198989898989907488e-01
8.221212121212103652e-01
5.796969696969689334e-01
3.808686868686868010e+00
7.743434343434327793e-01
8.221212121212138069e-01
8.333333333333351467e-01
0.000000000000000000e+00
4.728282828282817651e-01
5.980808080808087679e-01
1.185656565656566297e+00
7.367676767676748506e-01
1.124747474747476383e+00
1.733333333333333115e-01
0.000000000000000000e+00
1.425252525252528324e-01
0.000000000000000000e+00
5.619191919191917073e-01
0.000000000000000000e+00
1.586868686868685985e-01
7.057575757575749176e-01
9.344444444444451880e-01
1.979797979797979016e-02
1.357575757575757991e-01
2.123535353535357384e+00
6.891919191919192444e-01
4.054747474747471436e+00
0.000000000000000000e+00
0.000000000000000000e+00
8.431313131313127318e-01
9.999999999999970718e-03
0.000000000000000000e+00
5.948484848484845156e-01
1.424444444444443070e+00
0.000000000000000000e+00
8.274747474747462528e-01
7.686868686868690848e-01
1.041818181818182865e+00
2.939393939393944444e-02
9.999999999999962044e-03
