1.253535353535350394e+00
7.405050505050505549e-01
0.000000000000000000e+00
6.406060606060595131e-01
1.352525252525251132e+00
5.646464646464659509e-01
2.197979797979799643e-01
6.031313131313146281e-01
2.403030303030307957e-01
6.762626262626248996e-01
2.155030303030302719e+01
1.357575757575757991e-01
0.000000000000000000e+00
3.898989898989901337e-01
7.061616161616168785e-01
1.765757575757575859e+00
0.000000000000000000e+00
0.000000000000000000e+00
1.328070707070706113e+01
7.137373737373730043e-01
0.000000000000000000e+00
4.163636363636359361e-01
8.511111111111124838e-01
1.990909090909090962e-01
0.000000000000000000e+00
0.000000000000000000e+00
8.761616161616162524e-01
0.000000000000000000e+00
0.000000000000000000e+00
6.797979797979786243e-01
1.975555555555557063e+00
2.939393939393944444e-02
1.942424242424241887e-01
2.355555555555558511e-01
8.737373737373734794e-01
6.096969696969695152e-01
2.230444444444445296e+01
1.281959595959594900e+01
1.943434343434342904e-01
1.046868686868684950e+00
2.573636363636364610e+00
4.684848484848486705e-01
8.790909090909082568e-01
6.410101010100998087e-01
9.581818181818193558e-01
0.000000000000000000e+00
3.873737373737370926e-01
0.000000000000000000e+00
1.076969696969694690e+00
4.119797979797978016e+00
7.832323232323241680e-01
0.000000000000000000e+00
3.878787878787880172e-02
3.328282828282821959e-01
1.109292929292930996e+00
2.560606060606063772e-01
8.431313131313137310e-01
3.635353535353532117e-01
1.853131313131313851e+00
6.894949494949489388e-01
1.485212121212120628e+01
5.973737373737365575e-01
9.579595959595962995e+00
0.000000000000000000e+00
6.626262626262640065e-01
2.939393939393944097e-02
2.049393939393939323e+00
6.818181818181838771e-01
2.524242424242423843e-01
2.939393939393944097e-02
8.566666666666657992e-01
0.000000000000000000e+00
8.186868686868692402e-01
1.188080808080806516e+00
2.000000000000000042e-02
1.487575757575758928e+01
9.069696969696964262e-01
8.596969696969687380e-01
8.569898989898989683e+00
2.551515151515152957e-01
5.993939393939400340e-01
6.426262626262624345e-01
3.878787878787880172e-02
1.833636363636363065e+00
1.613030303030305701e+00
8.579797979797990637e-01
4.873737373737380141e-01
1.058787878787879944e+00
3.254545454545462180e-01
1.842424242424241798e-01
0.000000000000000000e+00
6.462626262626267604e-01
1.979797979797979363e-02
9.444444444444447528e-01
6.126262626262608535e-01
4.581818181818186897e-01
8.253535353535358388e-01
7.896969696969702301e-01
5.945454545454555983e-01
2.014555555555556055e+01
1.458181818181817357e+00
0.000000000000000000e+00
2.939393939393942362e-02
4.655252525252513429e+00
2.460606060606065904e-01
6.750505050505051230e-01
4.963636363636373949e-01
2.864646464646466995e-01
2.521212121212118573e-01
1.229393939393941038e+00
2.509090909090911925e-01
1.979797979797979016e-02
0.000000000000000000e+00
9.078787878787872856e-01
7.444444444444443532e-01
2.000000000000003164e-02
0.000000000000000000e+00
1.055555555555556912e+00
8.024242424242442606e-01
2.353434343434345877e+00
2.442828282828281239e+00
4.108080808080799562e-01
1.873737373737368317e-01
5.445454545454541107e-01
8.236363636363623897e-01
2.941414141414143701e-01
7.385858585858580128e-01
0.000000000000000000e+00
3.948585858585850872e+00
0.000000000000000000e+00
0.000000000000000000e+00
0.000000000000000000e+00
0.000000000000000000e+00
7.106060606060603524e-01
4.572727272727269421e-01
4.959393939393938133e+00
2.521212121212118573e-01
1.427272727272729025e+00
6.507070707070704563e-01
0.000000000000000000e+00
5.465656565656560328e-01
7.298989898989888259e-01
0.000000000000000000e+00
7.399999999999993250e-01
2.160606060606058976e-01
8.867676767676786476e-01
6.950505050505052518e-01
1.943434343434342904e-01
7.206060606060618046e-01
9.999999999999993269e-03
9.550505050505039284e-01
6.688888888888877560e-01
0.000000000000000000e+00
9.264646464646474344e-01
1.998181818181821168e+00
5.794949494949492852e-01
8.797979797979811334e-01
1.900404040404038541e+00
6.010101010101022156e-01
3.878787878787880172e-02
2.939393939393944444e-02
0.000000000000000000e+00
5.696969696969705899e-02
3.993737373737378249e+00
8.524242424242424176e-01
2.226757575757575935e+01
9.999999999999991535e-03
6.697979797979790595e-01
2.789292929292930712e+00
7.602020202020195461e-01
2.939393939393939933e-02
6.793939393939405491e-01
3.896969696969698194e-01
0.000000000000000000e+00
5.185858585858595937e-01
3.207070707070707627e+00
6.398989898989906333e-01
5.696969696969707286e-02
1.979797979797979016e-02
6.208080808080799207e-01
0.000000000000000000e+00
9.837373737373743543e-01
9.090909090909084223e-02
7.223232323232318119e-01
1.108080808080806473e-01
5.049494949494958140e-01
7.556565656565670253e-01
5.590909090909075285e-01
4.523232323232324048e-01
1.425252525252528324e-01
9.740404040404021524e-01
1.001818181818181941e+00
6.261616161616169185e-01
8.082828282828288247e-01
0.000000000000000000e+00
1.180909090909092907e+00
0.000000000000000000e+00
7.589898989898975490e-01
0.000000000000000000e+00
4.953737373737378213e+00
3.777676767676767966e+00
6.669696969696976563e-01
6.696969696969710950e-02
0.000000000000000000e+00
7.041414141414131800e-01
0.000000000000000000e+00
1.534747474747475637e+00
0.000000000000000000e+00
0.000000000000000000e+00
1.654545454545455485e-01
2.061151515151516378e+01
2.460606060606066181e-01
2.031313131313130793e-01
2.988888888888892592e-01
7.798989898989894254e-01
2.028535353535353281e+01
7.416868686868686389e+00
8.202828282828283690e+00
2.769696969696976430e-01
5.589898989898982595e-01
4.714141414141410635e-01
2.575757575757576801e-01
1.743333333333333179e+00
0.000000000000000000e+00
5.588585858585859434e+00
6.040404040404045993e-01
8.943434343434329969e-01
3.258585858585856809e-01
2.261111111111107963e+00
4.992929292929283447e-01
0.000000000000000000e+00
2.159595959595962955e-01
8.573737373737377876e-01
7.767676767676745531e-01
2.544747474747474314e+00
1.470202020202021842e+00
2.666161616161614845e+00
8.219191919191928264e-01
6.798989898989896696e-01
3.375757575757578066e-01
5.405050505050492671e-01
5.396969696969700081e-01
0.000000000000000000e+00
1.554545454545456507e-01
8.253535353535341734e-01
8.891919191919180898e-01
5.167878787878791513e+00
8.267676767676768179e-01
3.359595959595964576e-01
5.360606060606056822e-01
7.178787878787871168e-01
8.909090909090913168e-01
5.919191919191918450e-02
1.979797979797979363e-02
2.121212121212122381e-01
3.597575757575759425e+00
3.769696969696976208e-01
1.649292929292931253e+00
1.390505050505053575e+00
1.008585858585858919e+00
0.000000000000000000e+00
0.000000000000000000e+00
5.642424242424256553e-01
2.839696969696968498e+00
1.687828282828281701e+01
6.099999999999989875e-01
1.551818181818183318e+00
6.452525252525251886e-01
3.335353535353528520e-01
5.837373737373736660e-01
8.467676767676762806e-01
2.592323232323227700e+00
0.000000000000000000e+00
1.999191919191919853e+00
0.000000000000000000e+00
0.000000000000000000e+00
1.094545454545453822e+00
7.434343434343430868e-02
0.000000000000000000e+00
8.644444444444455700e-01
7.102020202020193906e-01
4.447878787878789097e+00
6.036363636363626384e-01
5.753535353535345065e-01
2.049595959595957861e+00
7.844444444444433895e-01
8.875252525252525615e+00
8.091919191919175747e-01
1.010000000000002007e+00
2.516161616161619596e-01
9.111111111111107608e-01
4.294141414141408042e+00
8.747474747474742740e-01
0.000000000000000000e+00
8.475757575757559836e-01
6.184848484848491923e-01
2.288686868686866660e+00
0.000000000000000000e+00
8.533333333333348314e-01
1.066666666666667984e-01
6.230303030303022682e-01
6.099999999999996536e-01
3.805050505050511234e-01
7.462626262626239626e-01
0.000000000000000000e+00
7.391919191919195109e-01
7.434343434343430868e-02
2.354545454545460548e-01
7.405050505050505549e-01
7.023232323232315721e-01
0.000000000000000000e+00
9.999999999999974187e-03
7.626262626262626521e-01
4.685858585858576619e-01
0.000000000000000000e+00
0.000000000000000000e+00
6.336363636363623320e-01
9.526262626262608224e-01
9.611111111111095839e-01
0.000000000000000000e+00
1.558787878787878611e+00
4.079797979797973873e-01
2.717373737373733888e+00
1.629696969696970976e+00
2.371010101010100346e+00
7.548484848484847687e-01
5.979292929292937764e+00
6.284848484848476469e-01
6.904040404040416856e-01
0.000000000000000000e+00
6.522222222222218146e-01
8.499999999999997558e-01
8.512121212121220859e-01
0.000000000000000000e+00
8.151515151515161817e-01
3.731313131313127585e-01
1.066666666666668400e-01
6.350505050505038662e-01
6.034343434343429902e-01
1.142424242424244091e-01
8.932323232323220452e-01
0.000000000000000000e+00
2.939393939393943056e-02
1.979797979797979016e-02
0.000000000000000000e+00
1.984909090909090068e+01
7.291919191919196130e-01
6.931313131313133091e+00
3.281818181818181301e-01
1.109696969696970736e+00
1.442323232323230453e+00
1.205858585858586629e+00
0.000000000000000000e+00
5.801010101010112274e-01
0.000000000000000000e+00
2.339797979797984873e+00
0.000000000000000000e+00
1.187777777777774713e+00
9.864646464646474877e-01
0.000000000000000000e+00
1.142424242424244507e-01
5.696969696969703817e-02
0.000000000000000000e+00
1.942424242424241887e-01
0.000000000000000000e+00
3.999999999999997446e-01
2.685858585858593717e-01
1.017272727272728883e+00
1.150505050505051052e+01
2.354545454545460548e-01
1.216161616161618442e-01
0.000000000000000000e+00
2.233333333333339110e-01
0.000000000000000000e+00
7.727272727272737063e-01
0.000000000000000000e+00
7.227272727272736619e-01
2.516161616161619041e-01
7.518181818181824960e-01
6.576767676767670823e-01
3.110101010101009145e+00
7.590909090909080392e-01
0.000000000000000000e+00
0.000000000000000000e+00
6.540404040404048658e-01
6.632323232323221740e-01
5.740404040404051278e-01
8.337373737373743321e-01
3.878787878787880172e-02
2.712020202020198223e+00
9.051515151515154400e+00
6.111111111111123817e-01
1.990909090909091239e-01
5.646464646464656179e-01
6.406060606060594020e-01
8.623232323232324914e-01
5.794949494949482860e-01
1.990909090909089851e-01
7.574747474747468567e-01
1.600202020202022624e+00
7.167676767676761651e-01
6.412121212121213443e-01
1.183616161616162898e+01
3.444444444444436648e-01
1.215424242424243495e+01
7.198989898989907044e-01
5.623232323232320029e-01
2.144040404040403303e+00
7.818181818181818565e-01
7.741414141414129091e-01
0.000000000000000000e+00
1.791414141414140238e+00
1.816161616161616477e-01
6.664646464646463153e-01
9.481919191919187639e+00
1.083434343434344527e+00
1.035010101010102268e+01
8.529292929292926484e-01
1.287878787878785625e-01
1.007474747474749188e+00
8.915151515151535921e-01
1.095656565656566883e+00
0.000000000000000000e+00
2.379797979797985685e-01
1.509111111111110226e+01
1.131919191919193990e+00
2.606969696969695161e+00
0.000000000000000000e+00
6.863636363636372861e-01
4.283838383838387553e-01
1.871717171717171890e+00
0.000000000000000000e+00
1.066666666666668400e-01
0.000000000000000000e+00
1.523434343434342253e+00
8.130303030303021039e-01
1.485858585858582936e-01
4.952626262626272258e+00
4.794949494949488633e-01
9.999999999999949901e-03
2.475757575757577267e-01
8.588888888888873696e-01
1.056363636363637726e+00
1.512585858585859988e+01
2.440000000000000391e+00
0.000000000000000000e+00
0.000000000000000000e+00
1.387878787878792652e-01
2.466969696969699033e+00
8.685858585858579062e-01
0.000000000000000000e+00
4.645454545454557049e-01
5.619191919191924844e-01
7.739393939393935939e-01
6.223232323232336105e-01
8.311111111111113559e-01
1.053030303030305204e+00
7.909090909090900068e-01
8.148484848484836007e-01
0.000000000000000000e+00
0.000000000000000000e+00
1.010909090909090091e+00
4.959595959595956838e-02
0.000000000000000000e+00
2.079797979797981533e-01
1.842424242424241798e-01
1.282828282828285538e-01
9.574747474747493658e-01
6.021212121212127233e-01
7.698989898989896385e-01
2.327272727272732267e-01
0.000000000000000000e+00
2.640404040404036867e-01
1.903131313131314561e+00
1.119191919191917517e+00
1.254242424242424603e+00
5.051515151515157953e-01
3.063636363636367266e-01
2.613131313131311639e-01
7.961616161616168474e-01
9.137373737373725158e-01
2.392070707070706348e+01
7.535353535353536136e-01
7.166666666666665630e-01
5.339393939393937139e-01
1.020101010101011951e+00
2.154646464646464921e+00
3.278787878787878807e-01
4.147474747474740320e-01
0.000000000000000000e+00
7.675757575757581330e-01
1.938383838383837821e-01
1.244444444444446241e+00
1.842424242424241798e-01
0.000000000000000000e+00
0.000000000000000000e+00
8.429292929292921954e-01
9.999999999999993269e-03
0.000000000000000000e+00
4.583838383838390595e-01
4.881010101010097912e+00
1.138787878787876684e+00
6.939595959595961538e+00
0.000000000000000000e+00
2.160606060606058976e-01
9.303030303030322967e-01
1.979797979797979710e-02
9.471717171717164430e-01
8.466666666666657903e-01
0.000000000000000000e+00
1.203636363636362061e+00
1.053121212121212125e+01
5.003030303030303605e-01
8.415151515151495509e-01
2.084141414141412074e+00
7.403030303030294634e-01
6.443434343434352174e-01
8.512121212121221969e-01
0.000000000000000000e+00
5.242424242424228442e-01
1.426363636363636944e+00
4.386868686868698464e-01
1.151717171717170141e+00
8.605050505050503284e-01
2.162727272727272609e+00
0.000000000000000000e+00
8.152525252525248955e-01
9.090909090909086998e-02
6.701010101010115294e-01
1.877474747474746408e+00
1.188272727272727458e+01
3.132727272727268364e+00
4.107070707070702986e-01
0.000000000000000000e+00
3.985757575757579385e+00
7.231313131313137355e-01
3.731313131313129805e-01
6.653131313131305902e+00
6.085858585858598957e-01
9.999999999999991535e-03
8.947474747474761791e-01
8.583838383838370278e-01
0.000000000000000000e+00
8.632323232323223516e-01
3.878787878787880172e-02
1.132323232323230622e+00
0.000000000000000000e+00
8.802020202020178763e-01
5.973737373737372236e-01
9.999999999999981126e-03
3.904949494949492284e+00
3.878787878787880172e-02
2.113333333333336395e+00
7.456565656565663502e-01
8.272727272727277426e-02
7.834343434343434831e-01
0.000000000000000000e+00
1.149090909090911605e+00
3.994949494949494584e-01
2.771171717171720772e+01
5.868686868686875391e-01
4.040808080808076852e+00
3.389696969696970097e+00
8.456565656565646627e-01
0.000000000000000000e+00
7.324242424242418670e-01
1.231919191919193635e+00
7.023232323232330154e-01
9.107070707070716864e-01
2.160606060606058143e-01
7.702828282828288131e+00
7.097979797979803163e-01
8.272727272727277426e-02
8.964646464646486290e-01
7.513131313131319322e-01
9.090909090909086998e-02
2.205292929292931348e+01
8.969696969696957511e-01
6.147474747474740431e-01
1.402222222222222259e+00
8.080808080808085103e-01
5.746161616161624686e+00
0.000000000000000000e+00
0.000000000000000000e+00
6.777777777777791446e-01
2.932323232323229556e-01
1.153626262626263177e+01
7.033333333333334769e-01
2.939393939393944444e-02
6.103030303030309023e-01
1.041212121212122810e+00
0.000000000000000000e+00
2.271717171717168693e+00
1.996121212121212096e+01
6.649494949494954010e-01
2.034343434343433010e-01
1.675757575757576834e-01
3.117878787878790803e+00
1.979797979797979710e-02
2.590464646464646492e+01
0.000000000000000000e+00
6.304040404040414103e-01
0.000000000000000000e+00
8.070707070707073827e-01
2.500000000000001110e-01
0.000000000000000000e+00
7.316161616161618308e-01
2.266666666666662944e-01
1.252535353535353124e+01
2.379797979797985408e-01
6.645454545454547723e-01
2.524242424242423843e-01
1.490909090909092460e-01
4.090909090909091717e-01
8.939393939393937005e-01
1.893939393939393923e-01
1.658787878787880476e+00
9.999999999999949901e-03
7.317171717171701006e-01
9.891919191919203991e-01
2.086262626262624487e+00
7.548484848484854348e-01
1.289191919191919000e+00
7.203030303030303338e-01
0.000000000000000000e+00
5.533333333333326776e-01
4.797979797979799732e-02
3.045454545454541195e-01
1.738808080808080092e+01
2.166484848484850190e+01
6.174747474747466214e-01
4.797979797979799732e-02
6.411111111111120753e-01
1.943818181818182111e+01
7.813131313131315148e-01
8.894949494949485613e-01
2.543434343434349265e-01
8.066666666666671981e-01
1.264646464646462798e-01
7.547474747474754997e-01
2.779878787878787350e+01
1.745454545454546702e-01
0.000000000000000000e+00
1.102525252525253796e+00
1.389686868686866994e+01
5.574747474747465681e-01
9.234343434343446066e-01
1.554545454545456507e-01
1.447373737373737868e+00
1.616161616161617132e-01
0.000000000000000000e+00
1.554545454545456229e-01
7.295656565656561732e+00
1.428989898989902141e+00
3.150080808080807060e+01
0.000000000000000000e+00
4.875757575757566076e-01
6.620202020202026194e-01
6.907070707070696036e-01
3.878787878787880172e-02
7.562626262626268581e-01
6.397979797979805872e-01
1.616161616161617132e-01
3.855555555555551628e+00
0.000000000000000000e+00
7.737373737373726135e-02
1.209797979797977652e+00
0.000000000000000000e+00
1.316161616161617420e-01
5.409090909090915611e-01
7.505050505050517851e-01
3.732424242424240646e+00
6.907070707070720461e-01
2.121212121212122381e-01
7.529292929292922265e-01
2.696969696969693242e-01
4.855555555555563507e-01
3.950505050505050963e-01
0.000000000000000000e+00
3.664646464646462931e+00
1.357575757575757991e-01
1.943434343434342904e-01
0.000000000000000000e+00
9.999999999999951636e-03
0.000000000000000000e+00
5.713131313131309952e-01
1.066666666666668678e-01
3.525252525252522418e-01
9.999999999999960310e-03
7.950505050505041194e-01
7.062626262626275908e-01
1.049494949494948592e+00
7.369696969696967193e-01
1.096161616161614116e+00
8.895959595959602728e-01
9.232424242424242422e+00
2.062868686868687362e+01
7.687878787878787978e-01
6.691919191919200038e-01
4.055656565656567736e+00
1.357575757575757991e-01
1.609898989898992827e+00
0.000000000000000000e+00
1.255757575757574296e+00
7.248484848484834098e-01
0.000000000000000000e+00
7.627272727272732533e-01
8.555555555555553748e-02
0.000000000000000000e+00
2.004141414141412891e+00
1.110060606060605437e+01
1.623232323232321750e-01
5.997979797979795524e-01
8.164646464646467816e-01
1.607979797979794512e+00
6.692929292929287177e-01
6.940404040404034580e-01
5.858585858585859535e-02
7.506060606060601659e-01
4.797979797979803201e-02
7.425252525252524771e-01
1.250000000000002220e+00
7.642424242424237235e-01
7.047474747474765655e-01
1.719191919191918883e-01
2.160606060606058421e-01
7.690909090909077150e-01
8.272727272727277426e-02
2.238989898989898641e+00
1.679898989898992445e+00
4.211111111111096594e-01
1.790808080808079294e+00
0.000000000000000000e+00
2.397979797979795935e-01
2.424242424242418481e-01
7.234343434343433188e-01
1.102525252525251798e+00
0.000000000000000000e+00
6.213131313131300404e-01
6.733333333333337833e-01
1.998393939393939789e+01
2.939393939393940974e-02
2.400606060606059078e+00
7.434343434343432255e-02
1.460606060606063905e-01
2.892222222222225358e+00
1.100707070707069191e+00
6.659595959595963066e-01
8.272727272727277426e-02
1.368828282828283349e+01
1.155656565656566936e+00
8.108080808080808666e-01
4.797979797979800426e-02
2.179797979797982732e-01
6.392929292929283580e-01
8.621212121212135093e-01
2.617474747474743957e+00
0.000000000000000000e+00
0.000000000000000000e+00
3.227272727272734176e-01
4.979797979797973007e-01
8.890909090909098200e-01
1.708585858585858652e+00
1.025454545454546507e+00
6.706060606060613161e-01
2.622222222222225785e-01
0.000000000000000000e+00
0.000000000000000000e+00
8.803030303030289216e-01
7.183838383838381247e-01
1.028989898989900231e+00
0.000000000000000000e+00
1.202424242424244394e+00
2.159090909090905175e+00
1.436363636363638119e-01
7.031515151515154827e+00
8.507070707070710780e-01
1.336868686868688316e+00
7.359595959595959247e-01
2.221616161616165819e+00
9.533333333333345871e-01
0.000000000000000000e+00
6.968686868686869706e-01
9.865656565656563126e-01
3.878787878787880172e-02
8.690909090909084700e-01
6.987878787878798459e-01
1.109878787878787776e+01
2.530303030303028500e+00
3.249494949494949880e-01
4.116161616161616021e-01
0.000000000000000000e+00
2.036363636363636431e-01
0.000000000000000000e+00
2.327272727272732267e-01
5.881818181818182500e-01
2.176767676767679405e-01
2.575757575757569584e-01
7.363636363636364424e-01
4.331111111111114020e+00
5.761515151515148148e+00
3.736363636363639329e-01
0.000000000000000000e+00
0.000000000000000000e+00
5.796666666666664192e+00
5.174747474747465326e-01
8.342424242424250069e-01
1.200707070707069946e+00
0.000000000000000000e+00
4.653535353535358521e-01
9.090909090909059243e-02
0.000000000000000000e+00
5.099595959595951911e+00
7.926262626262629007e-01
8.811111111111121774e-01
2.654545454545451655e-01
9.319191919191904816e-01
2.036363636363637541e-01
1.009494949494947447e+00
1.824040404040406571e+00
6.029292929292918712e-01
5.481818181818175484e-01
9.999999999999953371e-03
9.598989898989914726e-01
3.346060606060608400e+00
5.080808080808086880e-01
4.438383838383843094e-01
0.000000000000000000e+00
0.000000000000000000e+00
5.828282828282818073e-01
1.099595959595958128e+00
3.136363636363631580e-01
1.357575757575757991e-01
2.113030303030297485e+00
1.281252525252526198e+01
1.065656565656567079e+00
1.452424242424243728e+00
1.229797979797976781e+00
2.547474747474743895e-01
2.197979797979799643e-01
2.028838383838384019e+01
1.108707070707071018e+01
5.065656565656573296e-01
6.845454545454543460e-01
1.254040404040405621e+00
8.905050505050483567e-01
8.225252525252513269e-01
1.921212121212126922e-01
0.000000000000000000e+00
9.999999999999948166e-03
5.828282828282823624e-01
4.096060606060607512e+00
7.817171717171719214e-01
1.199343434343434289e+01
6.275656565656568375e+00
3.226060606060604297e+00
6.007070707070698568e-01
0.000000000000000000e+00
8.002020202020210249e-01
6.087878787878784337e-01
0.000000000000000000e+00
2.290090909090909577e+01
4.475757575757571827e-01
4.175757575757571560e-01
7.352525252525252686e-01
8.928282828282825268e-01
7.419191919191936435e-01
9.827272727272736708e-01
1.274242424242426397e+00
0.000000000000000000e+00
0.000000000000000000e+00
1.066575757575756711e+01
6.013131313131320210e-01
1.157131313131313810e+01
1.842424242424241798e-01
7.410101010101014518e-01
0.000000000000000000e+00
6.252727272727280905e+00
0.000000000000000000e+00
2.743333333333339397e+00
0.000000000000000000e+00
4.040404040404034780e-01
6.613232323232324461e+00
6.803030303030294101e-01
9.278787878787877474e-01
1.987646464646467592e+01
1.003030303030304937e+00
1.028080808080809039e+00
0.000000000000000000e+00
6.839393939393948463e-01
0.000000000000000000e+00
9.530303030303051148e-01
4.283838383838374675e+00
2.979797979797979557e-02
5.550909090909092569e+00
2.557111111111109381e+01
7.501010101010102682e-01
0.000000000000000000e+00
8.677777777777762047e-01
1.337868686868685231e+01
1.180101010101010317e+00
6.050505050505060600e-01
1.112585858585858389e+01
0.000000000000000000e+00
4.318181818181808240e-01
0.000000000000000000e+00
1.037373737373738225e-01
1.486929292929291790e+01
1.554545454545456507e-01
2.659999999999997033e+00
1.597777777777778629e+00
9.012121212121202429e-01
3.578787878787881849e-01
1.990909090909089574e-01
1.485858585858582659e-01
4.672727272727268399e-01
1.668181818181815990e+00
7.142424242424262326e-01
8.071717171717174288e-01
2.939393939393942362e-02
3.060606060606059220e-01
2.718686868686871705e+00
1.003959595959597095e+01
6.629292929292939229e-01
6.034343434343448775e-01
1.142424242424241454e+00
0.000000000000000000e+00
2.239757575757574060e+01
5.957575757575764852e-01
4.365656565656556021e-01
1.303333333333331900e+00
5.788888888888882311e-01
6.753535353535365937e-01
1.294040404040403658e+00
8.272727272727276038e-02
3.477777777777771862e-01
0.000000000000000000e+00
3.432323232323230000e-01
1.010707070707068889e+00
1.779787878787878341e+01
1.696181818181819878e+01
6.924242424242434968e-01
2.443434343434337519e-01
8.341414141414155159e-01
6.697979797979808358e-01
1.002121212121210414e+00
2.266666666666661278e-01
1.073030303030302557e+00
0.000000000000000000e+00
1.286363636363634377e+00
7.376767676767675974e-01
7.855555555555546743e-01
5.808080808080815505e-01
8.803030303030313641e-01
2.509090909090912480e-01
2.796434343434340519e+01
6.473737373737386003e-01
2.529595959595955623e+00
7.767676767676745531e-01
8.272727272727287140e-01
4.917171717171722745e-01
7.323232323232334862e-01
5.893939393939383597e-01
3.586969696969697807e+00
7.251515151515161017e-01
8.024242424242427063e-01
7.589898989898993253e-01
0.000000000000000000e+00
5.101010101010090558e-01
5.997979797979806627e-01
1.039797979797978833e+00
8.022222222222229471e-01
1.079090909090910877e+00
1.357575757575757991e-01
0.000000000000000000e+00
1.733333333333332560e-01
0.000000000000000000e+00
5.755555555555545988e-01
0.000000000000000000e+00
1.566666666666662877e-01
6.943434343434357059e-01
8.883838383838377206e-01
2.939393939393944097e-02
1.287878787878785625e-01
1.903333333333333988e+00
6.907070707070707138e-01
3.872626262626262417e+00
0.000000000000000000e+00
0.000000000000000000e+00
7.984848484848476868e-01
0.000000000000000000e+00
0.000000000000000000e+00
6.013131313131306888e-01
1.341212121212119968e+00
0.000000000000000000e+00
8.448484848484847376e-01
6.924242424242429417e-01
1.127676767676768943e+00
0.000000000000000000e+00
9.999999999999962044e-03
