1.242828282828282394e+00
8.373737373737385470e-01
0.000000000000000000e+00
6.042424242424241365e-01
1.350505050505048654e+00
5.869696969696955868e-01
2.327272727272732267e-01
6.556565656565666034e-01
2.424242424242418481e-01
7.602020202020195461e-01
2.151131313131314471e+01
1.287878787878783127e-01
0.000000000000000000e+00
4.390909090909085877e-01
8.758585858585851147e-01
1.803535353535353103e+00
0.000000000000000000e+00
0.000000000000000000e+00
1.587141414141414408e+01
7.461616161616164700e-01
0.000000000000000000e+00
4.781818181818174307e-01
1.008787878787877457e+00
2.036363636363636709e-01
0.000000000000000000e+00
0.000000000000000000e+00
9.573737373737386536e-01
0.000000000000000000e+00
9.999999999999995004e-03
7.378787878787886889e-01
2.008989898989897771e+00
2.939393939393944444e-02
2.043434343434342437e-01
4.019191919191921758e-01
9.092929292929312624e-01
6.500000000000004663e-01
2.797030303030303955e+01
1.491545454545452998e+01
2.260606060606057677e-01
1.060505050505051283e+00
2.993333333333334068e+00
4.888888888888895945e-01
9.510101010101011942e-01
6.140404040404032759e-01
9.299999999999986056e-01
0.000000000000000000e+00
4.137373737373739035e-01
0.000000000000000000e+00
1.117777777777775983e+00
4.315757575757576348e+00
8.849494949494954854e-01
0.000000000000000000e+00
5.696969696969710062e-02
3.901010101010098374e-01
1.098888888888887694e+00
2.290909090909088730e-01
9.291919191919189025e-01
3.379797979797977137e-01
2.068080808080804633e+00
6.939393939393954103e-01
1.629181818181816510e+01
6.277777777777788781e-01
1.070505050505049383e+01
0.000000000000000000e+00
6.951515151515141877e-01
1.979797979797979016e-02
2.211212121212116077e+00
8.672727272727278613e-01
2.516161616161619596e-01
2.939393939393942709e-02
9.433333333333339121e-01
0.000000000000000000e+00
8.495959595959591271e-01
1.290808080808083957e+00
5.797979797979802702e-02
1.675454545454545041e+01
9.078787878787887289e-01
8.148484848484852661e-01
9.968686868686864599e+00
2.606060606060604523e-01
6.204040404040394030e-01
7.112121212121208513e-01
4.878787878787884530e-02
2.433030303030307984e+00
1.785959595959593749e+00
9.504040404040391410e-01
5.332323232323238349e-01
1.025858585858587135e+00
3.541414141414135353e-01
1.943434343434342904e-01
0.000000000000000000e+00
6.783838383838375341e-01
1.999999999999994837e-02
9.356565656565671851e-01
6.797979797979781802e-01
4.757575757575763231e-01
9.512121212121201763e-01
8.922222222222208066e-01
5.865656565656576227e-01
2.133171717171715542e+01
1.474949494949493678e+00
0.000000000000000000e+00
3.878787878787880172e-02
5.694343434343437593e+00
2.443434343434337797e-01
7.122222222222216459e-01
5.250505050505044347e-01
3.319191919191917806e-01
2.509090909090911925e-01
1.459595959595960446e+00
2.609090909090912569e-01
0.000000000000000000e+00
9.999999999999953371e-03
1.054444444444444962e+00
8.203030303030292014e-01
2.939393939393942362e-02
0.000000000000000000e+00
1.093939393939393101e+00
8.185858585858590830e-01
2.714545454545457481e+00
2.538080808080806605e+00
4.262626262626256213e-01
1.910101010101012964e-01
6.487878787878796905e-01
9.545454545454558071e-01
2.918181818181813103e-01
8.641414141414132111e-01
0.000000000000000000e+00
4.462020202020207549e+00
0.000000000000000000e+00
0.000000000000000000e+00
9.999999999999968983e-03
0.000000000000000000e+00
8.188888888888885553e-01
6.206060606060610496e-01
5.519090909090906827e+00
2.516161616161619596e-01
1.527272727272726227e+00
6.777777777777787005e-01
0.000000000000000000e+00
5.327272727272737152e-01
9.543434343434358258e-01
0.000000000000000000e+00
8.775757575757580087e-01
2.197979797979799643e-01
1.029090909090908168e+00
7.460606060606048695e-01
2.141414141414138828e-01
7.985858585858577330e-01
9.999999999999993269e-03
1.046363636363635274e+00
7.028282828282826911e-01
0.000000000000000000e+00
9.594949494949498447e-01
1.995353535353539209e+00
5.857575757575772535e-01
8.002020202020188044e-01
2.208484848484849383e+00
6.950505050505043636e-01
1.979797979797979363e-02
5.696969696969712837e-02
0.000000000000000000e+00
5.696969696969705899e-02
4.542929292929300367e+00
9.327272727272740704e-01
2.467585858585857039e+01
9.999999999999991535e-03
6.862626262626269069e-01
2.955858585858584853e+00
8.107070707070715976e-01
1.979797979797979710e-02
7.710101010101017005e-01
4.323232323232318874e-01
0.000000000000000000e+00
5.995959595959581279e-01
3.462626262626264051e+00
7.604040404040405265e-01
9.888888888888892892e-02
3.939393939393939781e-02
6.242424242424255976e-01
0.000000000000000000e+00
1.043030303030299422e+00
7.434343434343432255e-02
7.637373737373746030e-01
1.302020202020200967e-01
5.434343434343446022e-01
7.905050505050502663e-01
5.541414141414131578e-01
6.195959595959605881e-01
1.616161616161617132e-01
1.042525252525254187e+00
1.232121212121212395e+00
7.025252525252535518e-01
7.726262626262619948e-01
0.000000000000000000e+00
1.255151515151513353e+00
0.000000000000000000e+00
7.417171717171727741e-01
0.000000000000000000e+00
6.093838383838379613e+00
4.068585858585858084e+00
6.904040404040392431e-01
1.088888888888890627e-01
0.000000000000000000e+00
9.337373737373727556e-01
0.000000000000000000e+00
2.015454545454544721e+00
0.000000000000000000e+00
0.000000000000000000e+00
1.688888888888891715e-01
2.265121212121211514e+01
2.500000000000001110e-01
1.449494949494947726e-01
3.178787878787874277e-01
8.615151515151528994e-01
2.231696969696968580e+01
7.926666666666667638e+00
8.661313131313132629e+00
3.829292929292932302e-01
5.932323232323228890e-01
4.953535353535359897e-01
2.443434343434337519e-01
2.033535353535349532e+00
0.000000000000000000e+00
7.531414141414146002e+00
6.195959595959595889e-01
1.053939393939391733e+00
3.739393939393929611e-01
2.356363636363640879e+00
4.710101010101016561e-01
0.000000000000000000e+00
2.653535353535349528e-01
8.847474747474739498e-01
7.970707070707070407e-01
3.361010101010096562e+00
1.567474747474745467e+00
3.304444444444445406e+00
9.255555555555546876e-01
6.826262626262621369e-01
3.130303030303026035e-01
5.819191919191911699e-01
5.938383838383844981e-01
0.000000000000000000e+00
1.733333333333331450e-01
9.012121212121226854e-01
1.167777777777775805e+00
6.081414141414146712e+00
1.023131313131314668e+00
3.945454545454545880e-01
5.545454545454554518e-01
7.330303030303023659e-01
1.025757575757574536e+00
7.777777777777758472e-02
9.999999999999955105e-03
2.036363636363636709e-01
3.763030303030304946e+00
5.222222222222213661e-01
1.551919191919193031e+00
1.494242424242426592e+00
1.053636363636362594e+00
0.000000000000000000e+00
0.000000000000000000e+00
5.546464646464641657e-01
3.066565656565651832e+00
2.132292929292928463e+01
8.048484848484844800e-01
1.798181818181816327e+00
7.242424242424250203e-01
3.921212121212118151e-01
6.706060606060603169e-01
7.248484848484841869e-01
3.299595959595957417e+00
0.000000000000000000e+00
2.137979797979795205e+00
0.000000000000000000e+00
0.000000000000000000e+00
1.124444444444442359e+00
1.142424242424244785e-01
9.999999999999998473e-03
9.820202020202031257e-01
8.447474747474752466e-01
4.958484848484846275e+00
6.362626262626271956e-01
7.848484848484851284e-01
1.776262626262624877e+00
7.832323232323232798e-01
9.760707070707068667e+00
9.600000000000014078e-01
1.252727272727274022e+00
2.488888888888884654e-01
1.076969696969698687e+00
5.062222222222222179e+00
7.829292929292923642e-01
0.000000000000000000e+00
9.211111111111112137e-01
6.715151515151507322e-01
2.455858585858580856e+00
9.999999999999953371e-03
9.835353535353551502e-01
1.357575757575757991e-01
6.863636363636367310e-01
6.408080808080819368e-01
4.083838383838381825e-01
8.269696969696956890e-01
0.000000000000000000e+00
7.522222222222223476e-01
9.090909090909075896e-02
2.424242424242418481e-01
7.325252525252518021e-01
7.321212121212120616e-01
9.999999999999996739e-03
1.979797979797979363e-02
7.821212121212112178e-01
4.814141414141417941e-01
0.000000000000000000e+00
0.000000000000000000e+00
6.620202020202033966e-01
9.893939393939388260e-01
1.046262626262625339e+00
0.000000000000000000e+00
1.755454545454548043e+00
4.495959595959597155e-01
2.960606060606061352e+00
1.490707070707069315e+00
2.790303030303034060e+00
8.205050505050492937e-01
6.442626262626258260e+00
6.612121212121201408e-01
6.887878787878807252e-01
0.000000000000000000e+00
6.592929292929293750e-01
1.035858585858584480e+00
1.018080808080807032e+00
9.999999999999988065e-03
9.173737373737388401e-01
5.125252525252526059e-01
1.142424242424244507e-01
6.095959595959581367e-01
6.854545454545463157e-01
1.216161616161618442e-01
1.001919191919190766e+00
0.000000000000000000e+00
4.797979797979802508e-02
1.979797979797979016e-02
0.000000000000000000e+00
2.142767676767676477e+01
7.602020202020197681e-01
8.177373737373734741e+00
3.712121212121214375e-01
1.237373737373735683e+00
1.564747474747473888e+00
1.243535353535356158e+00
0.000000000000000000e+00
6.135353535353527121e-01
1.979797979797979016e-02
2.655959595959596520e+00
0.000000000000000000e+00
1.257575757575759567e+00
1.072626262626262816e+00
0.000000000000000000e+00
1.287878787878784514e-01
5.696969696969710756e-02
0.000000000000000000e+00
1.888888888888889672e-01
0.000000000000000000e+00
4.245454545454542816e-01
3.939393939393939226e-01
1.235656565656568784e+00
1.432757575757575985e+01
2.403030303030307957e-01
1.357575757575757991e-01
0.000000000000000000e+00
2.179797979797982732e-01
0.000000000000000000e+00
8.383838383838396746e-01
9.999999999999972453e-03
7.869696969696967637e-01
2.521212121212118573e-01
7.056565656565665368e-01
6.737373737373740790e-01
3.039898989898986326e+00
9.021212121212121016e-01
0.000000000000000000e+00
0.000000000000000000e+00
6.581818181818185343e-01
7.548484848484857679e-01
6.990909090909083190e-01
1.132424242424242999e+00
4.797979797979808059e-02
3.060101010101009766e+00
1.036515151515152056e+01
6.168686868686860114e-01
2.121212121212122381e-01
5.948484848484855148e-01
7.889898989899002402e-01
1.039292929292928269e+00
7.044444444444445397e-01
2.160606060606057865e-01
8.504040404040392742e-01
1.563737373737372538e+00
7.824242424242434657e-01
7.247474747474755841e-01
1.152636363636363548e+01
4.099999999999995315e-01
1.364585858585859768e+01
6.899999999999997247e-01
6.802020202020206963e-01
2.340303030303026777e+00
9.722222222222208776e-01
7.919191919191912454e-01
0.000000000000000000e+00
1.995353535353535879e+00
1.821212121212122115e-01
6.782828282828273769e-01
1.131585858585860116e+01
1.041010101010102717e+00
1.190767676767676697e+01
1.043636363636364361e+00
1.357575757575757991e-01
9.688888888888878004e-01
9.990909090909100287e-01
1.179999999999997495e+00
9.999999999999981126e-03
2.403030303030307957e-01
1.795494949494948145e+01
1.245858585858583334e+00
2.841010101010103206e+00
0.000000000000000000e+00
6.891919191919203547e-01
4.979797979797975227e-01
1.836868686868687428e+00
0.000000000000000000e+00
9.888888888888901219e-02
0.000000000000000000e+00
1.673636363636362256e+00
8.812121212121215574e-01
1.264646464646462243e-01
6.727878787878783129e+00
5.069696969696960709e-01
0.000000000000000000e+00
2.460606060606066181e-01
9.940404040404037245e-01
1.194242424242421219e+00
1.763535353535354488e+01
2.683030303030302655e+00
0.000000000000000000e+00
0.000000000000000000e+00
1.242424242424245012e-01
2.616868686868685678e+00
9.478787878787882093e-01
0.000000000000000000e+00
4.695959595959603994e-01
7.138383838383833835e-01
7.909090909090913391e-01
6.272727272727257608e-01
8.434343434343430923e-01
1.107777777777777972e+00
9.089898989899006798e-01
9.076767676767686366e-01
0.000000000000000000e+00
0.000000000000000000e+00
1.093232323232324665e+00
9.656565656565667399e-02
0.000000000000000000e+00
2.397979797979796768e-01
1.788888888888890139e-01
1.607070707070709370e-01
9.631313131313126163e-01
6.753535353535353725e-01
7.553535353535347774e-01
2.160606060606058143e-01
0.000000000000000000e+00
2.560606060606057666e-01
1.930707070707073703e+00
1.162929292929295810e+00
1.458383838383838338e+00
5.485858585858578440e-01
2.664646464646466817e-01
3.363636363636366422e-01
8.055555555555561353e-01
9.990909090909098067e-01
2.734858585858585656e+01
7.456565656565655731e-01
7.643434343434338807e-01
6.045454545454551631e-01
1.169393939393939430e+00
2.499393939393942166e+00
3.788888888888882756e-01
3.979797979797980445e-01
0.000000000000000000e+00
8.246464646464637394e-01
4.181818181818175439e-01
1.251818181818179498e+00
1.788888888888891249e-01
0.000000000000000000e+00
3.878787878787880172e-02
9.622222222222243104e-01
9.999999999999993269e-03
0.000000000000000000e+00
4.512121212121203429e-01
5.257777777777787875e+00
1.221313131313133571e+00
7.785656565656566386e+00
0.000000000000000000e+00
2.366666666666672469e-01
7.951515151515163859e-01
1.979797979797979710e-02
1.154949494949492950e+00
9.643434343434325040e-01
0.000000000000000000e+00
1.558686868686865790e+00
1.351343434343434780e+01
5.496969696969693508e-01
8.354545454545461158e-01
2.851919191919190411e+00
8.136363636363630469e-01
6.996969696969690400e-01
9.336363636363627094e-01
9.999999999999974187e-03
5.276767676767672999e-01
1.645050505050506651e+00
4.337373737373726446e-01
1.297070707070705931e+00
8.970707070707082398e-01
2.386464646464646844e+00
0.000000000000000000e+00
8.625252525252526947e-01
8.272727272727277426e-02
6.697979797979798366e-01
2.200202020202015607e+00
1.325929292929293091e+01
3.524747474747472964e+00
4.616161616161614800e-01
0.000000000000000000e+00
4.579696969696966491e+00
7.403030303030302406e-01
3.595959595959604127e-01
8.335959595959591795e+00
6.539393939393935984e-01
1.979797979797979710e-02
9.248484848484850307e-01
9.727272727272735509e-01
0.000000000000000000e+00
8.381818181818182500e-01
5.696969696969705899e-02
1.232929292929292764e+00
0.000000000000000000e+00
9.756565656565640010e-01
5.603030303030295256e-01
9.999999999999981126e-03
4.704141414141411737e+00
3.878787878787880172e-02
2.498484848484850307e+00
7.655555555555562108e-01
1.066666666666667290e-01
9.360606060606044831e-01
0.000000000000000000e+00
1.186464646464644224e+00
5.170707070707062369e-01
3.203393939393939860e+01
5.986868686868676015e-01
4.811919191919193928e+00
3.988080808080804118e+00
8.549494949494963469e-01
0.000000000000000000e+00
9.238383838383826818e-01
1.365050505050505292e+00
7.652525252525238519e-01
9.492929292929277452e-01
2.160606060606058143e-01
8.181212121212121602e+00
6.775757575757567208e-01
1.216161616161617470e-01
1.052323232323230773e+00
7.725252525252517266e-01
1.510101010101012886e-01
2.200343434343433202e+01
9.561616161616152132e-01
6.466666666666660568e-01
1.489898989898990278e+00
7.420202020202026905e-01
6.430101010101014758e+00
0.000000000000000000e+00
0.000000000000000000e+00
7.055555555555562686e-01
3.274747474747480847e-01
1.299181818181817505e+01
7.659595959595953962e-01
2.939393939393944444e-02
6.208080808080793656e-01
1.146868686868688147e+00
0.000000000000000000e+00
2.501818181818180609e+00
2.453323232323231906e+01
6.458585858585849104e-01
1.994949494949491420e-01
1.733333333333331450e-01
3.311313131313125879e+00
2.939393939393942709e-02
2.446404040404041780e+01
0.000000000000000000e+00
6.116161616161610581e-01
0.000000000000000000e+00
9.533333333333340320e-01
2.521212121212118573e-01
0.000000000000000000e+00
7.903030303030312842e-01
2.197979797979799643e-01
1.512313131313131542e+01
2.354545454545460548e-01
7.090909090909085499e-01
2.516161616161619596e-01
1.733333333333332282e-01
4.770707070707077557e-01
8.737373737373724802e-01
1.942424242424241887e-01
1.866767676767679740e+00
9.999999999999949901e-03
8.419191919191932882e-01
1.023030303030303401e+00
2.199696969696968818e+00
7.650505050505053140e-01
1.497272727272726867e+00
7.380808080808088922e-01
0.000000000000000000e+00
5.970707070707065300e-01
6.575757575757584794e-02
3.402020202020205053e-01
1.962525252525253805e+01
2.733878787878787975e+01
6.659595959595970838e-01
6.696969696969701236e-02
6.439393939393950328e-01
2.199505050505049297e+01
9.347474747474755485e-01
1.045252525252526210e+00
2.588888888888883910e-01
8.575757575757597673e-01
1.454545454545451144e-01
8.034343434343425017e-01
3.090606060606060268e+01
1.942424242424243275e-01
0.000000000000000000e+00
1.224949494949493234e+00
1.629333333333332945e+01
6.828282828282812300e-01
1.120707070707068764e+00
1.616161616161617132e-01
1.933535353535353885e+00
1.842424242424241798e-01
0.000000000000000000e+00
1.616161616161617132e-01
7.634242424242427383e+00
1.689999999999999503e+00
3.994333333333332092e+01
0.000000000000000000e+00
5.057575757575750730e-01
7.812121212121208025e-01
7.246464646464652049e-01
4.797979797979806671e-02
8.373737373737361045e-01
7.378787878787872456e-01
1.675757575757576556e-01
4.631212121212123556e+00
0.000000000000000000e+00
9.636363636363623475e-02
1.309797979797982848e+00
0.000000000000000000e+00
1.688888888888891160e-01
6.071717171717176953e-01
8.078787878787873078e-01
3.414747474747478861e+00
6.377777777777783319e-01
2.160606060606058976e-01
8.800000000000016698e-01
2.718181818181821807e-01
6.349494949494940421e-01
4.172727272727267400e-01
0.000000000000000000e+00
4.339696969696971607e+00
1.357575757575757991e-01
1.990909090909090406e-01
0.000000000000000000e+00
1.979797979797979016e-02
0.000000000000000000e+00
6.486868686868682010e-01
1.066666666666668678e-01
3.748484848484848198e-01
1.979797979797979016e-02
8.353535353535341823e-01
7.554545454545449346e-01
1.273434343434345584e+00
8.042424242424243142e-01
1.178383838383836091e+00
1.064646464646463730e+00
1.045606060606060161e+01
2.503757575757575182e+01
8.804040404040400780e-01
7.367676767676780702e-01
4.333838383838387820e+00
1.490909090909092460e-01
1.911515151515149835e+00
0.000000000000000000e+00
1.500707070707070878e+00
7.282828282828271993e-01
0.000000000000000000e+00
7.566666666666649332e-01
9.515151515151504258e-02
0.000000000000000000e+00
2.348585858585857444e+00
1.348717171717172114e+01
1.555555555555558078e-01
5.986868686868682676e-01
9.061616161616148357e-01
1.750404040404043515e+00
6.829292929292914982e-01
7.029292929292937364e-01
5.878787878787886112e-02
7.801010101010099618e-01
5.696969696969705899e-02
7.882828282828294730e-01
1.221818181818184579e+00
7.146464646464656401e-01
7.654545454545464978e-01
2.412121212121209890e-01
2.121212121212122381e-01
8.755555555555540881e-01
9.888888888888891504e-02
2.193838383838380146e+00
2.014949494949495268e+00
4.930303030303022638e-01
2.058484848484847696e+00
0.000000000000000000e+00
2.560606060606065992e-01
2.475757575757577267e-01
7.456565656565664613e-01
1.164747474747473754e+00
0.000000000000000000e+00
7.872727272727286785e-01
7.357575757575763875e-01
2.400404040404039918e+01
1.979797979797979710e-02
2.966565656565660181e+00
3.878787878787880172e-02
1.384848484848483774e-01
2.893333333333330870e+00
1.085151515151513646e+00
6.373737373737382583e-01
8.272727272727277426e-02
1.542383838383838501e+01
1.151010101010099262e+00
8.024242424242422622e-01
6.575757575757587570e-02
2.179797979797983287e-01
6.160606060606071965e-01
1.252323232323229396e+00
3.086363636363632423e+00
0.000000000000000000e+00
0.000000000000000000e+00
3.696969696969699126e-01
5.763636363636372995e-01
9.652525252525265831e-01
1.951515151515154312e+00
1.338787878787877750e+00
7.126262626262631628e-01
2.464646464646467472e-01
0.000000000000000000e+00
0.000000000000000000e+00
1.091212121212121966e+00
9.082828282828293576e-01
9.536363636363651697e-01
9.999999999999998473e-03
1.198585858585859309e+00
2.637474747474745751e+00
1.712121212121208436e-01
8.753838383838386861e+00
9.444444444444451969e-01
1.664949494949492736e+00
7.598989898989908509e-01
2.408383838383837183e+00
1.099090909090910007e+00
0.000000000000000000e+00
7.864646464646464219e-01
1.130909090909092640e+00
2.939393939393944444e-02
9.989898989899002046e-01
6.894949494949484947e-01
1.255141414141414025e+01
2.861616161616157505e+00
4.655555555555561109e-01
5.625252525252534275e-01
9.999999999999975922e-03
2.036363636363636709e-01
0.000000000000000000e+00
2.454545454545459526e-01
6.773737373737366285e-01
2.389898989898991410e-01
2.641414141414148986e-01
8.693939393939382754e-01
5.002929292929294114e+00
6.727878787878792011e+00
4.621212121212127100e-01
0.000000000000000000e+00
1.979797979797979016e-02
5.626464646464643948e+00
5.751515151515141921e-01
9.480808080808069693e-01
1.302121212121209792e+00
0.000000000000000000e+00
5.517171717171708289e-01
8.272727272727277426e-02
0.000000000000000000e+00
5.178585858585858404e+00
8.363636363636361981e-01
9.812121212121200919e-01
2.685858585858582614e-01
9.630303030303046796e-01
1.943434343434342904e-01
1.127878787878786371e+00
2.199090909090906543e+00
5.844444444444454323e-01
6.561616161616173892e-01
9.999999999999953371e-03
9.950505050505049631e-01
4.106060606060607299e+00
6.480808080808074800e-01
4.697979797979807137e-01
0.000000000000000000e+00
9.999999999999981126e-03
6.793939393939383287e-01
1.096363636363637095e+00
3.768686868686871305e-01
1.287878787878785625e-01
2.348888888888890136e+00
1.384414141414141852e+01
1.204646464646462523e+00
1.687878787878788422e+00
1.409494949494949356e+00
2.770707070707064679e-01
2.160606060606057310e-01
2.190666666666665563e+01
1.183787878787878789e+01
5.728282828282835748e-01
7.578787878787890397e-01
1.308989898989897815e+00
8.948484848484828946e-01
8.536363636363636376e-01
2.818181818181825227e-01
0.000000000000000000e+00
9.999999999999948166e-03
6.135353535353529342e-01
4.924040404040406216e+00
8.100000000000002753e-01
1.421636363636363320e+01
7.011818181818176399e+00
3.384444444444441480e+00
6.442424242424247272e-01
0.000000000000000000e+00
8.219191919191917162e-01
5.853535353535365138e-01
0.000000000000000000e+00
2.391606060606060069e+01
4.584848484848492167e-01
4.825252525252519686e-01
7.201010101010093534e-01
1.001414141414140202e+00
7.485858585858576886e-01
1.053131313131313807e+00
1.397474747474745982e+00
0.000000000000000000e+00
0.000000000000000000e+00
1.185565656565654713e+01
6.334343434343426837e-01
1.408070707070707606e+01
1.425252525252529157e-01
7.416161616161613956e-01
0.000000000000000000e+00
6.779797979797976382e+00
0.000000000000000000e+00
2.995353535353534546e+00
0.000000000000000000e+00
4.127272727272727204e-01
7.673333333333328454e+00
7.464646464646477186e-01
8.523232323232320384e-01
2.167777777777776294e+01
1.203434343434343967e+00
1.300808080808078415e+00
9.999999999999972453e-03
8.015151515151525130e-01
0.000000000000000000e+00
1.052222222222224834e+00
4.883838383838385866e+00
2.939393939393942709e-02
6.815656565656569299e+00
3.028676767676768833e+01
8.789898989898982107e-01
0.000000000000000000e+00
9.169696969696959910e-01
1.366414141414142414e+01
1.315757575757576570e+00
5.978787878787891197e-01
1.154858585858585762e+01
0.000000000000000000e+00
5.004040404040402956e-01
0.000000000000000000e+00
9.515151515151500095e-02
1.820393939393938609e+01
1.490909090909092460e-01
2.856868686868683227e+00
1.715151515151512873e+00
1.011515151515150146e+00
4.318181818181821563e-01
2.197979797979799643e-01
1.457575757575757247e-01
5.080808080808072447e-01
2.004141414141416000e+00
8.618181818181817055e-01
7.795959595959602861e-01
3.878787878787880172e-02
3.675757575757574447e-01
3.706161616161615324e+00
1.071424242424243545e+01
6.636363636363641350e-01
6.613131313131320743e-01
1.187979797979799690e+00
9.999999999999984596e-03
2.450858585858586380e+01
5.813131313131324474e-01
4.470707070707067854e-01
1.500202020202019426e+00
5.399999999999988143e-01
7.409090909090909616e-01
1.613232323232323573e+00
7.434343434343430868e-02
3.425252525252528435e-01
0.000000000000000000e+00
3.725252525252527036e-01
1.061717171717172947e+00
2.134242424242424008e+01
2.087101010101008569e+01
7.682828282828301214e-01
2.516161616161619596e-01
8.891919191919188670e-01
7.111111111111100280e-01
1.176464646464644659e+00
2.327272727272732267e-01
1.278686868686867095e+00
0.000000000000000000e+00
1.394040404040402858e+00
8.559595959595980297e-01
7.821212121212108848e-01
6.059595959595953651e-01
1.056767676767677244e+00
2.521212121212118573e-01
2.972828282828282198e+01
6.717171717171732670e-01
2.566767676767681028e+00
8.139393939393949617e-01
9.433333333333325799e-01
5.291919191919183252e-01
8.354545454545464489e-01
6.391919191919198662e-01
4.156060606060608009e+00
7.437373737373735860e-01
8.855555555555567615e-01
8.624242424242420935e-01
0.000000000000000000e+00
4.936363636363624852e-01
6.155555555555547453e-01
1.282323232323234530e+00
8.321212121212122614e-01
1.277070707070709910e+00
1.842424242424241798e-01
0.000000000000000000e+00
1.675757575757577111e-01
0.000000000000000000e+00
5.361616161616157283e-01
0.000000000000000000e+00
1.752525252525251875e-01
6.869696969696964528e-01
1.057373737373738631e+00
2.939393939393943403e-02
1.490909090909092738e-01
2.297171717171717642e+00
6.839393939393924038e-01
4.255959595959596165e+00
0.000000000000000000e+00
0.000000000000000000e+00
7.910101010101014962e-01
2.939393939393942709e-02
0.000000000000000000e+00
6.312121212121221125e-01
1.578484848484850378e+00
0.000000000000000000e+00
8.906060606060610674e-01
8.723232323232329444e-01
1.110202020202018858e+00
9.999999999999975922e-03
2.939393939393943403e-02
