1.244040404040402281e+00
7.480808080808072358e-01
0.000000000000000000e+00
6.248484848484864296e-01
1.298888888888886539e+00
5.519191919191928086e-01
2.121212121212122381e-01
6.390909090909079326e-01
2.354545454545460270e-01
6.325252525252522684e-01
2.139747474747474953e+01
1.425252525252529989e-01
0.000000000000000000e+00
4.073737373737373324e-01
7.383838383838393638e-01
1.773232323232325935e+00
0.000000000000000000e+00
0.000000000000000000e+00
1.340969696969695946e+01
7.465656565656555443e-01
0.000000000000000000e+00
3.864646464646462887e-01
8.948484848484858922e-01
2.121212121212122381e-01
0.000000000000000000e+00
0.000000000000000000e+00
8.991919191919202081e-01
0.000000000000000000e+00
0.000000000000000000e+00
7.017171717171719614e-01
1.935555555555555030e+00
3.878787878787880172e-02
1.893939393939393923e-01
2.241414141414141414e-01
8.710101010101019003e-01
6.165656565656558730e-01
2.190737373737372806e+01
1.246121212121212807e+01
2.079797979797981811e-01
1.010707070707069111e+00
2.346060606060603071e+00
4.642424242424250669e-01
8.721212121212107427e-01
6.271717171717183792e-01
8.989898989899001158e-01
0.000000000000000000e+00
3.950505050505050963e-01
0.000000000000000000e+00
1.033939393939392826e+00
3.859797979797984446e+00
6.875757575757581730e-01
0.000000000000000000e+00
2.939393939393943056e-02
3.005050505050499421e-01
1.016464646464645627e+00
2.520202020202022553e-01
7.929292929292915959e-01
3.692929292929288954e-01
1.842323232323231030e+00
6.735353535353539867e-01
1.539838383838383429e+01
4.863636363636372195e-01
9.873737373737361267e+00
0.000000000000000000e+00
6.160606060606073076e-01
2.939393939393944097e-02
1.955858585858585741e+00
6.882828282828282740e-01
2.521212121212118573e-01
4.797979797979805977e-02
9.205050505050509368e-01
0.000000000000000000e+00
8.213131313131313282e-01
1.164545454545456105e+00
3.939393939393939781e-02
1.451565656565656681e+01
8.196969696969699237e-01
8.494949494949489699e-01
8.810303030303034078e+00
2.734343434343431412e-01
6.107070707070695326e-01
6.613131313131321853e-01
2.939393939393944097e-02
1.863636363636366422e+00
1.513838383838384649e+00
8.261616161616169851e-01
4.742424242424251868e-01
1.035353535353533250e+00
2.875757575757583728e-01
1.842424242424241798e-01
0.000000000000000000e+00
5.797979797979807559e-01
1.979797979797979363e-02
9.004040404040399848e-01
6.087878787878784337e-01
4.564646464646465729e-01
8.107070707070725968e-01
8.713131313131305955e-01
5.245454545454555362e-01
1.941414141414142591e+01
1.519393939393941073e+00
0.000000000000000000e+00
9.999999999999970718e-03
4.413131313131309241e+00
2.475757575757577267e-01
6.660606060606053536e-01
4.787878787878786513e-01
2.886868686868685474e-01
2.516161616161619596e-01
1.179292929292927949e+00
2.524242424242423843e-01
9.999999999999981126e-03
0.000000000000000000e+00
9.329292929292920533e-01
7.523232323232329488e-01
9.999999999999998473e-03
0.000000000000000000e+00
9.996969696969679742e-01
7.516161616161621817e-01
2.375252525252522506e+00
2.280202020202023672e+00
3.850505050505044768e-01
1.525252525252528690e-01
5.202020202020212203e-01
7.949494949494944063e-01
2.621212121212124213e-01
7.236363636363641882e-01
0.000000000000000000e+00
3.929191919191926896e+00
0.000000000000000000e+00
0.000000000000000000e+00
0.000000000000000000e+00
0.000000000000000000e+00
6.907070707070713800e-01
4.669696969696978117e-01
4.713434343434346196e+00
2.524242424242423843e-01
1.463636363636361182e+00
6.338383838383830904e-01
0.000000000000000000e+00
5.068686868686858027e-01
7.801010101010095177e-01
0.000000000000000000e+00
7.620202020202027082e-01
2.197979797979799643e-01
9.227272727272706199e-01
6.612121212121224723e-01
1.842424242424241798e-01
7.176767676767694670e-01
9.999999999999993269e-03
9.682828282828288557e-01
6.793939393939387728e-01
0.000000000000000000e+00
9.259595959595973147e-01
1.942121212121209251e+00
5.755555555555549319e-01
8.178787878787889820e-01
1.864141414141415654e+00
5.837373737373746652e-01
2.939393939393942362e-02
3.878787878787880172e-02
0.000000000000000000e+00
4.797979797979801814e-02
3.862525252525244479e+00
8.668686868686854563e-01
2.160757575757575921e+01
9.999999999999991535e-03
6.718181818181832021e-01
2.878282828282827666e+00
7.698989898989908598e-01
1.979797979797979710e-02
7.005050505050499643e-01
4.091919191919193288e-01
0.000000000000000000e+00
4.931313131313121989e-01
3.197070707070704287e+00
6.248484848484840981e-01
6.575757575757584794e-02
1.979797979797979016e-02
5.994949494949497470e-01
0.000000000000000000e+00
1.025252525252526192e+00
9.090909090909084223e-02
7.445454545454545103e-01
1.206060606060606610e-01
5.194949494949490099e-01
7.622222222222223564e-01
4.593939393939404647e-01
4.374747474747468501e-01
1.425252525252528324e-01
9.495959595959616584e-01
9.665656565656565169e-01
6.126262626262609645e-01
8.041414141414157113e-01
0.000000000000000000e+00
1.167777777777779358e+00
0.000000000000000000e+00
7.215151515151528860e-01
0.000000000000000000e+00
5.034949494949496618e+00
3.550505050505046611e+00
6.777777777777791446e-01
6.696969696969710950e-02
0.000000000000000000e+00
7.404040404040420631e-01
0.000000000000000000e+00
1.526565656565659568e+00
0.000000000000000000e+00
0.000000000000000000e+00
1.752525252525255206e-01
1.999343434343433401e+01
2.509090909090911925e-01
1.763636363636363613e-01
2.912121212121215330e-01
8.054545454545459782e-01
1.887181818181819182e+01
7.370808080808079588e+00
7.770303030303034042e+00
3.065656565656560972e-01
5.091919191919189736e-01
4.758585858585856476e-01
2.673737373737370970e-01
1.896767676767674438e+00
0.000000000000000000e+00
5.378383838383839155e+00
5.985858585858598868e-01
9.783838383838374675e-01
3.386868686868679812e-01
2.143333333333336199e+00
5.035353535353542798e-01
0.000000000000000000e+00
2.449494949494946672e-01
8.160606060606062639e-01
7.930303030303027523e-01
2.503636363636363882e+00
1.398989898989901226e+00
2.421212121212119595e+00
8.046464646464626114e-01
6.807070707070695947e-01
3.375757575757578066e-01
5.173737373737384848e-01
5.033333333333334103e-01
0.000000000000000000e+00
1.675757575757577666e-01
8.757575757575770670e-01
9.238383838383822377e-01
5.671212121212121815e+00
8.042424242424249803e-01
3.141414141414134997e-01
5.765656565656575028e-01
7.201010101010100195e-01
7.907070707070711357e-01
5.919191919191918450e-02
1.979797979797979363e-02
2.036363636363638097e-01
3.508080808080806356e+00
3.833333333333341364e-01
1.619292929292927896e+00
1.326666666666664440e+00
9.926262626262644106e-01
0.000000000000000000e+00
0.000000000000000000e+00
5.267676767676757743e-01
2.948686868686867690e+00
1.626121212121212878e+01
6.131313131313119724e-01
1.610404040404040726e+00
6.459595959595945125e-01
3.079797979797977425e-01
5.763636363636351900e-01
8.064646464646475499e-01
2.568282828282828056e+00
0.000000000000000000e+00
1.916161616161615511e+00
0.000000000000000000e+00
0.000000000000000000e+00
1.090707070707070070e+00
8.272727272727277426e-02
0.000000000000000000e+00
9.048484848484860121e-01
7.174747474747474874e-01
4.319797979797979082e+00
6.029292929292943137e-01
5.489898989898996939e-01
2.050303030303031626e+00
8.086868686868694533e-01
8.934848484848490813e+00
8.063636363636367266e-01
1.003838383838383530e+00
2.521212121212118573e-01
8.867676767676760941e-01
3.805353535353538597e+00
8.766666666666645957e-01
0.000000000000000000e+00
8.579797979797986196e-01
6.233333333333327397e-01
2.005454545454543158e+00
0.000000000000000000e+00
8.738383838383847468e-01
1.142424242424244507e-01
6.342424242424234970e-01
6.338383838383833124e-01
3.784848484848483130e-01
7.184848484848488370e-01
0.000000000000000000e+00
7.409090909090911836e-01
9.090909090909073120e-02
2.327272727272732267e-01
7.361616161616167942e-01
6.920202020202019799e-01
0.000000000000000000e+00
9.999999999999974187e-03
7.658585858585850170e-01
4.722222222222212107e-01
0.000000000000000000e+00
0.000000000000000000e+00
6.254545454545443750e-01
9.065656565656584620e-01
9.033333333333321002e-01
0.000000000000000000e+00
1.536767676767677226e+00
4.046464646464645321e-01
2.710505050505050306e+00
1.516969696969699299e+00
2.104949494949494682e+00
7.101010101010108988e-01
5.920808080808067864e+00
6.381818181818190716e-01
6.793939393939384397e-01
0.000000000000000000e+00
6.454545454545440597e-01
8.439393939393946553e-01
8.628282828282832773e-01
0.000000000000000000e+00
8.124242424242416050e-01
3.798989898989898473e-01
1.142424242424244507e-01
6.192929292929293394e-01
5.561616161616154130e-01
1.142424242424244091e-01
9.285858585858596248e-01
0.000000000000000000e+00
3.878787878787880172e-02
9.999999999999960310e-03
0.000000000000000000e+00
1.913080808080807316e+01
7.177777777777768486e-01
6.918989898989899245e+00
3.230303030303026124e-01
1.078686868686870248e+00
1.477373737373737894e+00
1.189898989898988457e+00
0.000000000000000000e+00
5.266666666666666163e-01
0.000000000000000000e+00
2.307373737373735079e+00
0.000000000000000000e+00
1.197373737373739422e+00
9.811111111111123773e-01
0.000000000000000000e+00
1.287878787878785625e-01
4.797979797979797650e-02
0.000000000000000000e+00
1.942424242424241887e-01
0.000000000000000000e+00
4.086868686868685430e-01
2.369696969696972744e-01
9.504040404040411394e-01
1.159171717171717120e+01
2.403030303030307957e-01
1.066666666666668400e-01
0.000000000000000000e+00
2.160606060606057310e-01
0.000000000000000000e+00
7.993939393939392124e-01
0.000000000000000000e+00
7.181818181818196978e-01
2.516161616161619041e-01
6.967676767676777017e-01
6.252525252525260591e-01
2.868181818181820386e+00
7.768686868686858205e-01
0.000000000000000000e+00
0.000000000000000000e+00
6.160606060606067524e-01
6.208080808080820301e-01
5.708080808080798763e-01
8.454545454545466798e-01
4.797979797979808059e-02
3.017676767676768179e+00
9.305454545454542981e+00
6.038383838383846181e-01
2.079797979797981811e-01
5.417171717171708201e-01
6.547474747474760770e-01
8.559595959595955872e-01
6.123232323232333796e-01
2.079797979797981811e-01
7.726262626262618838e-01
1.424242424242422311e+00
7.611111111111126259e-01
6.836363636363632645e-01
1.088020202020202198e+01
3.304040404040396450e-01
1.099323232323232880e+01
7.152525252525245847e-01
5.348484848484833520e-01
2.178383838383838089e+00
7.829292929292913650e-01
7.457575757575756192e-01
0.000000000000000000e+00
1.886060606060606881e+00
1.816161616161616477e-01
6.660606060606063528e-01
8.934444444444455513e+00
1.024141414141414685e+00
1.037969696969696898e+01
8.584848484848482952e-01
1.357575757575757991e-01
1.017676767676766181e+00
8.738383838383855240e-01
1.054343434343433028e+00
0.000000000000000000e+00
2.297979797979792516e-01
1.525686868686869602e+01
1.142828282828284747e+00
2.716666666666672114e+00
0.000000000000000000e+00
6.701010101010099751e-01
4.127272727272732200e-01
1.768282828282828900e+00
0.000000000000000000e+00
1.066666666666668400e-01
0.000000000000000000e+00
1.551313131313132310e+00
8.459595959595945791e-01
1.340404040404037933e-01
4.954141414141423283e+00
4.582828282828276811e-01
9.999999999999949901e-03
2.403030303030307957e-01
8.644444444444449038e-01
1.045959595959597310e+00
1.473111111111111171e+01
2.294444444444443842e+00
0.000000000000000000e+00
0.000000000000000000e+00
1.316161616161619918e-01
2.444646464646468065e+00
8.552525252525237098e-01
0.000000000000000000e+00
4.636363636363645679e-01
5.953535353535355235e-01
7.704040404040407575e-01
6.382828282828294508e-01
8.246464646464634063e-01
9.833333333333317272e-01
7.954545454545457472e-01
8.041414141414131578e-01
0.000000000000000000e+00
0.000000000000000000e+00
1.028080808080807040e+00
5.919191919191918450e-02
0.000000000000000000e+00
2.160606060606058976e-01
1.943434343434342904e-01
1.436363636363637564e-01
9.913131313131314792e-01
5.775757575757586304e-01
7.701010101010109521e-01
2.266666666666662389e-01
0.000000000000000000e+00
2.601010101010103326e-01
1.886969696969695853e+00
1.128989898989897878e+00
1.247878787878788698e+00
5.251515151515144808e-01
2.890909090909098977e-01
2.192929292929288732e-01
7.575757575757584572e-01
8.839393939393915822e-01
2.497404040404040870e+01
6.960606060606046031e-01
6.745454545454545592e-01
5.440404040404046571e-01
1.022424242424243568e+00
2.006363636363638125e+00
3.142424242424245451e-01
4.065656565656567967e-01
0.000000000000000000e+00
7.743434343434340006e-01
2.160606060606059253e-01
1.174343434343433579e+00
1.842424242424241798e-01
0.000000000000000000e+00
0.000000000000000000e+00
8.325252525252522240e-01
9.999999999999993269e-03
0.000000000000000000e+00
4.415151515151517492e-01
4.729595959595957133e+00
1.112525252525251140e+00
6.489191919191918956e+00
0.000000000000000000e+00
2.036363636363635599e-01
8.757575757575740694e-01
1.979797979797979710e-02
9.602020202020193906e-01
8.175757575757574003e-01
0.000000000000000000e+00
1.193939393939393412e+00
1.006080808080809064e+01
4.874747474747483378e-01
8.172727272727277059e-01
2.086767676767672608e+00
7.413131313131303690e-01
6.394949494949490054e-01
8.539393939393945532e-01
0.000000000000000000e+00
5.261616161616170517e-01
1.412626262626263118e+00
4.460606060606065459e-01
1.101616161616160827e+00
8.098989898989897851e-01
2.144141414141414792e+00
0.000000000000000000e+00
7.619191919191924400e-01
9.090909090909086998e-02
6.682828282828283673e-01
1.735656565656566341e+00
1.187535353535353089e+01
3.011515151515150368e+00
4.143434343434339584e-01
0.000000000000000000e+00
3.766262626262628643e+00
7.287878787878795395e-01
3.690909090909090806e-01
6.890808080808076497e+00
6.248484848484858745e-01
9.999999999999991535e-03
8.838383838383829794e-01
8.742424242424254865e-01
0.000000000000000000e+00
8.857575757575770758e-01
1.979797979797979016e-02
1.136262626262623643e+00
0.000000000000000000e+00
8.823232323232312879e-01
6.014141414141420672e-01
9.999999999999981126e-03
3.894343434343432442e+00
2.939393939393944097e-02
2.104343434343433739e+00
7.206060606060612495e-01
9.090909090909091161e-02
7.514141414141413122e-01
0.000000000000000000e+00
1.127373737373734919e+00
3.945454545454545880e-01
2.886454545454543208e+01
6.018181818181812526e-01
3.898383838383836064e+00
3.159090909090909616e+00
8.094949494949496005e-01
0.000000000000000000e+00
6.718181818181808707e-01
1.273434343434340255e+00
7.076767676767674597e-01
9.291919191919194576e-01
2.233333333333338555e-01
7.694848484848484382e+00
6.952525252525243449e-01
5.696969696969705899e-02
8.789898989898982107e-01
7.138383838383843827e-01
7.434343434343430868e-02
2.140606060606060268e+01
7.965656565656565880e-01
6.184848484848493033e-01
1.365656565656564903e+00
7.630303030303032807e-01
5.964545454545442382e+00
0.000000000000000000e+00
0.000000000000000000e+00
6.834343434343425061e-01
3.160606060606064305e-01
1.191050505050504960e+01
7.231313131313128473e-01
1.979797979797979016e-02
5.485858585858570668e-01
1.015151515151516248e+00
0.000000000000000000e+00
2.229393939393943036e+00
2.010999999999999943e+01
6.376767676767679527e-01
2.034343434343432733e-01
1.616161616161617132e-01
2.958686868686870142e+00
9.999999999999993269e-03
2.423848484848484475e+01
0.000000000000000000e+00
6.346464646464650139e-01
0.000000000000000000e+00
8.022222222222225030e-01
2.488888888888884654e-01
0.000000000000000000e+00
6.891919191919182452e-01
2.233333333333338278e-01
1.191828282828282859e+01
2.403030303030307957e-01
6.360606060606049938e-01
2.509090909090911925e-01
1.425252525252528046e-01
3.889898989898983306e-01
8.620202020202013538e-01
1.893939393939393923e-01
1.729696969696969289e+00
0.000000000000000000e+00
7.655555555555564329e-01
9.480808080808086347e-01
1.986868686868688227e+00
7.370707070707057662e-01
1.215454545454546453e+00
7.287878787878793174e-01
0.000000000000000000e+00
5.639393939393934074e-01
4.797979797979799732e-02
2.968686868686863933e-01
1.619101010101010374e+01
2.104717171717170743e+01
6.121212121212131763e-01
4.797979797979799732e-02
6.402020202020196615e-01
2.044999999999999574e+01
7.579797979797964214e-01
7.955555555555544611e-01
2.500000000000001110e-01
7.676767676767685122e-01
1.340404040404038211e-01
7.400000000000008793e-01
2.702161616161616209e+01
1.719191919191919438e-01
0.000000000000000000e+00
1.042626262626263900e+00
1.285202020202018325e+01
5.460606060606061352e-01
9.340404040404028940e-01
1.675757575757577111e-01
1.490404040404041286e+00
1.554545454545456229e-01
0.000000000000000000e+00
1.554545454545456229e-01
6.841414141414148276e+00
1.359494949494951754e+00
3.120717171717172889e+01
0.000000000000000000e+00
4.981818181818191138e-01
7.561616161616162568e-01
6.564646464646460844e-01
5.696969696969710756e-02
7.781818181818194180e-01
6.127272727272720099e-01
1.490909090909092460e-01
3.875757575757570628e+00
0.000000000000000000e+00
7.737373737373723359e-02
1.091010101010100319e+00
0.000000000000000000e+00
1.525252525252527858e-01
5.352525252525247579e-01
7.093939393939394655e-01
3.865757575757575726e+00
6.948484848484837162e-01
2.036363636363636986e-01
7.960606060606052470e-01
2.673737373737369860e-01
4.485858585858576442e-01
3.913131313131312794e-01
0.000000000000000000e+00
3.277373737373741935e+00
1.425252525252528046e-01
2.079797979797981256e-01
0.000000000000000000e+00
1.979797979797979016e-02
0.000000000000000000e+00
5.896969696969689423e-01
1.066666666666668678e-01
3.626262626262625188e-01
0.000000000000000000e+00
7.286868686868679390e-01
6.562626262626255480e-01
1.069393939393941784e+00
7.126262626262612754e-01
1.108787878787877990e+00
8.701010101010088205e-01
8.764747474747478506e+00
1.964181818181818073e+01
7.809090909090908861e-01
5.804040404040399226e-01
3.912121212121212110e+00
1.425252525252529434e-01
1.573636363636362168e+00
0.000000000000000000e+00
1.307575757575756059e+00
7.368686868686867841e-01
0.000000000000000000e+00
7.406060606060609341e-01
8.555555555555553748e-02
0.000000000000000000e+00
2.094848484848484294e+00
1.149171717171717511e+01
1.623232323232321750e-01
5.857575757575762543e-01
8.090909090909080836e-01
1.630606060606057728e+00
6.572727272727260095e-01
6.843434343434350309e-01
6.777777777777772850e-02
7.549494949494953699e-01
4.797979797979803201e-02
7.448484848484859810e-01
1.246060606060608533e+00
7.533333333333336324e-01
7.566666666666673757e-01
1.814141414141414999e-01
2.160606060606058421e-01
7.412121212121218772e-01
6.575757575757583406e-02
2.266969696969697967e+00
1.569696969696967814e+00
4.178787878787870169e-01
1.748181818181818725e+00
0.000000000000000000e+00
2.233333333333338000e-01
2.424242424242418481e-01
7.283838383838382446e-01
1.102424242424241640e+00
0.000000000000000000e+00
6.839393939393956234e-01
6.746464646464658266e-01
1.872060606060605181e+01
2.939393939393940974e-02
2.492323232323233384e+00
2.939393939393943056e-02
1.364646464646462054e-01
2.702929292929289407e+00
1.023939393939395925e+00
6.402020202020214379e-01
9.090909090909075896e-02
1.283737373737373666e+01
1.203535353535351904e+00
7.294949494949510838e-01
6.575757575757587570e-02
2.136363636363636520e-01
6.176767676767684900e-01
9.167676767676775640e-01
2.580808080808083105e+00
0.000000000000000000e+00
0.000000000000000000e+00
3.417171717171722523e-01
5.035353535353521703e-01
9.154545454545450767e-01
1.500202020202019204e+00
9.655555555555558334e-01
6.641414141414142547e-01
2.577777777777773838e-01
0.000000000000000000e+00
0.000000000000000000e+00
8.564646464646471502e-01
6.600000000000000311e-01
9.695959595959580124e-01
0.000000000000000000e+00
1.253131313131314650e+00
2.271515151515151043e+00
1.530303030303026834e-01
6.517878787878780500e+00
8.180808080808078531e-01
1.358989898989898526e+00
7.480808080808085681e-01
2.098484848484852616e+00
9.096969696969686714e-01
0.000000000000000000e+00
6.772727272727268044e-01
9.631313131313119502e-01
1.979797979797979363e-02
8.420202020202018911e-01
6.839393939393931809e-01
1.051969696969697665e+01
2.402525252525255173e+00
3.923232323232323515e-01
3.610101010101017249e-01
9.999999999999975922e-03
1.990909090909091239e-01
0.000000000000000000e+00
2.266666666666661278e-01
6.070707070707077602e-01
2.322222222222224686e-01
2.782828282828276323e-01
6.749494949494951879e-01
4.125050505050505301e+00
5.582929292929297738e+00
3.896969696969691532e-01
0.000000000000000000e+00
0.000000000000000000e+00
5.555656565656576618e+00
5.222222222222232535e-01
8.366666666666653374e-01
1.131111111111112955e+00
0.000000000000000000e+00
4.704040404040400469e-01
5.696969696969715613e-02
0.000000000000000000e+00
4.931111111111103007e+00
7.893939393939385374e-01
8.248484848484852749e-01
2.509090909090913035e-01
9.814141414141425157e-01
2.036363636363637541e-01
9.428282828282816830e-01
1.794949494949495739e+00
5.943434343434336187e-01
5.247474747474737411e-01
9.999999999999953371e-03
9.395959595959594290e-01
3.189898989898991566e+00
5.372727272727263470e-01
4.293939393939401605e-01
0.000000000000000000e+00
0.000000000000000000e+00
6.276767676767687210e-01
1.047979797979800454e+00
3.234343434343440182e-01
1.357575757575757991e-01
2.151414141414146552e+00
1.234686868686867633e+01
1.019191919191920759e+00
1.368686868686866287e+00
1.245050505050506739e+00
2.633333333333336412e-01
2.079797979797982366e-01
1.936111111111111427e+01
1.104747474747474634e+01
5.036363636363625496e-01
6.983838383838384400e-01
1.165555555555554790e+00
8.944444444444431541e-01
8.301010101010115605e-01
2.221212121212121082e-01
0.000000000000000000e+00
9.999999999999948166e-03
5.001010101010110454e-01
3.838585858585857657e+00
7.508080808080809243e-01
1.153202020202020428e+01
6.436565656565660376e+00
3.287979797979799113e+00
5.899999999999994138e-01
0.000000000000000000e+00
7.838383838383843338e-01
6.179797979797971852e-01
0.000000000000000000e+00
2.312111111111113715e+01
4.475757575757571827e-01
4.564646464646461288e-01
7.182828282828292998e-01
9.110101010101006036e-01
7.501010101010098241e-01
9.207070707070684756e-01
1.238989898989901528e+00
0.000000000000000000e+00
0.000000000000000000e+00
1.037313131313132430e+01
5.988888888888895812e-01
1.103191919191919723e+01
1.733333333333331172e-01
7.125252525252515623e-01
0.000000000000000000e+00
6.396363636363632033e+00
0.000000000000000000e+00
2.559797979797981515e+00
0.000000000000000000e+00
4.241414141414141525e-01
6.001111111111103291e+00
6.979797979797978114e-01
9.032323232323238305e-01
1.777111111111109309e+01
1.024141414141412909e+00
1.078282828282830286e+00
0.000000000000000000e+00
6.467676767676773242e-01
0.000000000000000000e+00
9.792929292929279939e-01
4.419292929292931937e+00
1.999999999999997266e-02
5.497171717171713823e+00
2.588717171717173926e+01
7.651515151515138058e-01
0.000000000000000000e+00
8.818181818181811682e-01
1.255050505050505905e+01
1.126767676767679083e+00
6.156565656565647915e-01
1.130323232323231153e+01
0.000000000000000000e+00
4.911111111111123306e-01
0.000000000000000000e+00
8.555555555555549585e-02
1.498191919191920363e+01
1.490909090909092460e-01
2.554343434343432140e+00
1.651111111111110530e+00
8.555555555555542924e-01
3.181818181818180657e-01
1.943434343434342904e-01
1.340404040404039321e-01
4.612121212121204072e-01
1.564747474747472999e+00
7.190909090909093360e-01
8.114141414141406994e-01
2.939393939393942362e-02
2.781818181818186964e-01
2.801818181818178211e+00
9.666969696969694326e+00
6.473737373737382672e-01
5.925252525252537872e-01
1.158383838383836073e+00
0.000000000000000000e+00
2.265949494949495246e+01
6.123232323232328245e-01
4.047474747474751333e-01
1.310808080808079534e+00
5.211111111111119687e-01
6.737373737373747451e-01
1.243030303030305150e+00
4.797979797979799038e-02
3.327272727272720387e-01
0.000000000000000000e+00
3.333333333333325377e-01
9.615151515151527661e-01
1.702090909090908966e+01
1.615939393939395075e+01
7.130303030303033474e-01
2.424242424242418481e-01
8.227272727272728625e-01
6.341414141414134509e-01
1.058888888888890989e+00
2.297979797979792238e-01
1.096060606060605291e+00
0.000000000000000000e+00
1.293030303030301420e+00
7.465656565656557664e-01
7.756565656565661548e-01
5.872727272727261694e-01
9.683838383838404562e-01
2.521212121212118573e-01
2.692313131313129659e+01
6.174747474747473985e-01
2.394646464646466910e+00
7.751515151515157021e-01
8.382828282828276301e-01
4.264646464646455470e-01
6.916161616161610182e-01
5.643434343434333700e-01
3.554949494949489974e+00
7.226262626262618394e-01
8.140404040404037866e-01
7.876767676767671977e-01
0.000000000000000000e+00
4.991919191919189092e-01
6.014141414141408459e-01
9.719191919191915163e-01
8.598989898989912728e-01
1.062020202020203863e+00
1.554545454545456229e-01
0.000000000000000000e+00
1.490909090909092460e-01
0.000000000000000000e+00
5.510101010100999508e-01
0.000000000000000000e+00
1.810101010101010932e-01
6.587878787878775899e-01
8.468686868686876590e-01
3.878787878787880172e-02
1.287878787878784514e-01
2.032525252525250625e+00
6.761616161616164078e-01
3.640303030303029708e+00
0.000000000000000000e+00
0.000000000000000000e+00
7.581818181818179569e-01
0.000000000000000000e+00
0.000000000000000000e+00
5.748484848484852749e-01
1.288686868686867770e+00
0.000000000000000000e+00
7.929292929292933723e-01
6.827272727272731823e-01
1.077777777777775947e+00
0.000000000000000000e+00
9.999999999999962044e-03
