1.178080808080810726e+00
6.832323232323234130e-01
0.000000000000000000e+00
6.239393939393940158e-01
1.289595959595961405e+00
5.137373737373730487e-01
1.943434343434342904e-01
6.022222222222221033e-01
2.327272727272732267e-01
4.228282828282827754e-01
1.883898989898990095e+01
1.216161616161619136e-01
0.000000000000000000e+00
2.980808080808088345e-01
6.659595959595956405e-01
1.591717171717170087e+00
0.000000000000000000e+00
0.000000000000000000e+00
1.160414141414141120e+01
6.882828282828288291e-01
0.000000000000000000e+00
3.829292929292928416e-01
8.206060606060616713e-01
1.990909090909091239e-01
0.000000000000000000e+00
0.000000000000000000e+00
8.485858585858603309e-01
0.000000000000000000e+00
0.000000000000000000e+00
7.105050505050488630e-01
1.738888888888888706e+00
9.999999999999986330e-03
1.893939393939393923e-01
1.489898989898989778e-01
7.970707070707079289e-01
6.038383838383845070e-01
1.914484848484848101e+01
1.140161616161615221e+01
1.943434343434342904e-01
9.841414141414126515e-01
2.285555555555558449e+00
3.994949494949490143e-01
7.618181818181829490e-01
5.832323232323243234e-01
7.728282828282828643e-01
0.000000000000000000e+00
4.141414141414134775e-01
0.000000000000000000e+00
9.408080808080786506e-01
3.787474747474750547e+00
7.167676767676766092e-01
0.000000000000000000e+00
1.979797979797979363e-02
2.551515151515154622e-01
8.595959595959602462e-01
2.446464646464647508e-01
8.116161616161621239e-01
2.814141414141415609e-01
1.597373737373738667e+00
6.697979797979782823e-01
1.229353535353535776e+01
4.436363636363639951e-01
8.813535353535353778e+00
0.000000000000000000e+00
4.802020202020194639e-01
1.979797979797979016e-02
1.696363636363637184e+00
7.021212121212115909e-01
2.516161616161619596e-01
1.979797979797979016e-02
8.870707070707076758e-01
0.000000000000000000e+00
7.725252525252532809e-01
9.557575757575771380e-01
4.919191919191923806e-02
1.160676767676767440e+01
8.187878787878802855e-01
7.728282828282833083e-01
8.674343434343422032e+00
2.960606060606066348e-01
6.119191919191904194e-01
6.004040404040413836e-01
3.878787878787880172e-02
1.975959595959594806e+00
1.222929292929291423e+00
8.131313131313145925e-01
4.576767676767676818e-01
8.658585858585851058e-01
3.045454545454541750e-01
2.036363636363636986e-01
9.999999999999984596e-03
5.536363636363632601e-01
1.979797979797979363e-02
6.851515151515141788e-01
5.783838383838380004e-01
4.419191919191909346e-01
8.146464646464658399e-01
7.621212121212123103e-01
4.391919191919195775e-01
1.627585858585858603e+01
1.390202020202018440e+00
0.000000000000000000e+00
9.999999999999970718e-03
4.300808080808083744e+00
2.424242424242418759e-01
6.414141414141401043e-01
4.857575757575752218e-01
1.854545454545452610e-01
2.521212121212118573e-01
1.053838383838383574e+00
2.524242424242423843e-01
0.000000000000000000e+00
9.999999999999953371e-03
8.834343434343434609e-01
6.718181818181822029e-01
9.999999999999998473e-03
0.000000000000000000e+00
9.675757575757563123e-01
7.073737373737359890e-01
2.031010101010102709e+00
2.149393939393942077e+00
3.459595959595957448e-01
1.357575757575757991e-01
5.118181818181809506e-01
7.889898989898972426e-01
2.777777777777773460e-01
7.198989898989895941e-01
0.000000000000000000e+00
3.394141414141412127e+00
0.000000000000000000e+00
0.000000000000000000e+00
0.000000000000000000e+00
0.000000000000000000e+00
6.458585858585849104e-01
4.122222222222221011e-01
4.629595959595956600e+00
2.488888888888884376e-01
1.110606060606058376e+00
5.755555555555549319e-01
0.000000000000000000e+00
5.068686868686855806e-01
7.182828282828273014e-01
0.000000000000000000e+00
7.034343434343433010e-01
2.121212121212122381e-01
7.880808080808091587e-01
6.176767676767662696e-01
1.990909090909089574e-01
6.540404040404058650e-01
9.999999999999993269e-03
9.221212121212128965e-01
5.538383838383826863e-01
0.000000000000000000e+00
8.924242424242406768e-01
1.578888888888891007e+00
5.194949494949502311e-01
7.453535353535355457e-01
1.574848484848486052e+00
5.720202020202019844e-01
1.979797979797979363e-02
2.939393939393943403e-02
0.000000000000000000e+00
4.797979797979799038e-02
4.033737373737380949e+00
7.604040404040404155e-01
1.951818181818182296e+01
0.000000000000000000e+00
7.263636363636349902e-01
2.628181818181817064e+00
7.821212121212116619e-01
1.979797979797979016e-02
6.523232323232328600e-01
3.884848484848482109e-01
0.000000000000000000e+00
4.540404040404040220e-01
3.121515151515150244e+00
5.943434343434348399e-01
5.696969696969707286e-02
1.979797979797979016e-02
5.666666666666674290e-01
0.000000000000000000e+00
1.083434343434342528e+00
9.888888888888895667e-02
7.065656565656560639e-01
9.040404040404047270e-02
5.178787878787879384e-01
7.538383838383850843e-01
3.747474747474747736e-01
3.008080808080802471e-01
1.357575757575757991e-01
8.981818181818206348e-01
9.513131313131319988e-01
6.734343434343424972e-01
7.961616161616150711e-01
0.000000000000000000e+00
1.072626262626261262e+00
0.000000000000000000e+00
6.919191919191918227e-01
0.000000000000000000e+00
4.363030303030302370e+00
3.179191919191917126e+00
6.161616161616169096e-01
6.696969696969710950e-02
0.000000000000000000e+00
6.982828282828289490e-01
0.000000000000000000e+00
1.339191919191922153e+00
0.000000000000000000e+00
0.000000000000000000e+00
1.316161616161619641e-01
1.692383838383836192e+01
2.521212121212118573e-01
1.251515151515148472e-01
2.815151515151515516e-01
7.136363636363651786e-01
1.713161616161615086e+01
6.752727272727269359e+00
7.197676767676769671e+00
1.921212121212124702e-01
4.405050505050504550e-01
4.103030303030302806e-01
2.552525252525248978e-01
1.822828282828280688e+00
0.000000000000000000e+00
5.580404040404045141e+00
5.873737373737382139e-01
8.722222222222210108e-01
2.901010101010105813e-01
2.001414141414143089e+00
4.309090909090913524e-01
0.000000000000000000e+00
2.346464646464644088e-01
7.630303030303018375e-01
7.084848484848461636e-01
2.272222222222225696e+00
1.458686868686867699e+00
2.177979797979801013e+00
7.639393939393930300e-01
6.988888888888883377e-01
2.705050505050507481e-01
5.105050505050515719e-01
4.403030303030309733e-01
0.000000000000000000e+00
1.554545454545456229e-01
7.787878787878782516e-01
8.228282828282813544e-01
6.102525252525258459e+00
7.614141414141410991e-01
2.400000000000005185e-01
5.336363636363641305e-01
7.147474747474742429e-01
6.092929292929285534e-01
5.919191919191918450e-02
0.000000000000000000e+00
2.079797979797982643e-01
2.944646464646466733e+00
3.465656565656571875e-01
1.222121212121210609e+00
1.175151515151518167e+00
9.389898989898979309e-01
0.000000000000000000e+00
0.000000000000000000e+00
5.792929292929305252e-01
2.190909090909087809e+00
1.397525252525252704e+01
5.425252525252515223e-01
1.534848484848484462e+00
5.877777777777786206e-01
3.144444444444444153e-01
5.303030303030306092e-01
7.481818181818167268e-01
2.184141414141413939e+00
0.000000000000000000e+00
1.987272727272730855e+00
0.000000000000000000e+00
0.000000000000000000e+00
9.638383838383851598e-01
9.888888888888898443e-02
0.000000000000000000e+00
8.556565656565643385e-01
7.639393939393944732e-01
3.898080808080808257e+00
6.137373737373732485e-01
5.359595959595959691e-01
1.920101010101011862e+00
6.721212121212115642e-01
7.807575757575762943e+00
6.642424242424234127e-01
9.282828282828263777e-01
2.516161616161619596e-01
8.317171717171696343e-01
3.632121212121211862e+00
7.470707070707073294e-01
0.000000000000000000e+00
7.626262626262613198e-01
5.743434343434343781e-01
1.812323232323230116e+00
0.000000000000000000e+00
7.986868686868683342e-01
1.066666666666668400e-01
6.143434343434355238e-01
5.464646464646462087e-01
3.732323232323226381e-01
6.554545454545467331e-01
0.000000000000000000e+00
7.104040404040411483e-01
4.797979797979804589e-02
2.266666666666661278e-01
7.289898989898996318e-01
6.497979797979804850e-01
0.000000000000000000e+00
0.000000000000000000e+00
7.233333333333316073e-01
4.787878787878780407e-01
0.000000000000000000e+00
0.000000000000000000e+00
6.226262626262618616e-01
8.996969696969707719e-01
8.119191919191904860e-01
0.000000000000000000e+00
1.330202020202020163e+00
3.412121212121214664e-01
2.315555555555557810e+00
1.356161616161616124e+00
1.890404040404040531e+00
6.309090909090900867e-01
5.606363636363629332e+00
6.030303030303034717e-01
5.859595959595971237e-01
0.000000000000000000e+00
5.518181818181825404e-01
7.850505050505058868e-01
8.020202020202025217e-01
9.999999999999995004e-03
7.992929292929290552e-01
4.727272727272734953e-01
7.434343434343430868e-02
5.740404040404049057e-01
5.126262626262635402e-01
1.066666666666668400e-01
9.161616161616172871e-01
0.000000000000000000e+00
9.999999999999962044e-03
1.979797979797979016e-02
0.000000000000000000e+00
1.830848484848483437e+01
6.940404040404027919e-01
6.408383838383836739e+00
2.931313131313136311e-01
1.027272727272726005e+00
1.229494949494951861e+00
1.008383838383839048e+00
0.000000000000000000e+00
5.077777777777769952e-01
0.000000000000000000e+00
2.087474747474744152e+00
0.000000000000000000e+00
1.047070707070708595e+00
8.241414141414130645e-01
0.000000000000000000e+00
1.357575757575757991e-01
3.878787878787880172e-02
0.000000000000000000e+00
1.425252525252529434e-01
0.000000000000000000e+00
4.022222222222224253e-01
1.681818181818180713e-01
8.329292929292931857e-01
1.114939393939393675e+01
2.443434343434337797e-01
7.434343434343430868e-02
0.000000000000000000e+00
2.197979797979799643e-01
0.000000000000000000e+00
7.585858585858578085e-01
9.999999999999972453e-03
6.770707070707079334e-01
2.516161616161619041e-01
6.579797979797989971e-01
5.836363636363643970e-01
2.451111111111109242e+00
7.627272727272725872e-01
0.000000000000000000e+00
0.000000000000000000e+00
5.566666666666666430e-01
5.311111111111105343e-01
4.810101010101002772e-01
8.353535353535364028e-01
4.797979797979808059e-02
2.635454545454542163e+00
8.774343434343428783e+00
5.465656565656575872e-01
1.943434343434342904e-01
5.196969696969711006e-01
6.633333333333321091e-01
7.906060606060589802e-01
5.510101010101015051e-01
1.943434343434342904e-01
7.383838383838395858e-01
1.371616161616160623e+00
7.052525252525251309e-01
6.640404040404046526e-01
8.846161616161614560e+00
2.815151515151513295e-01
1.122868686868687860e+01
6.990909090909092072e-01
4.870707070707059883e-01
2.062828282828285786e+00
6.828282828282832284e-01
7.004040404040405843e-01
0.000000000000000000e+00
1.794141414141413593e+00
1.788888888888889583e-01
6.717171717171727119e-01
7.825454545454540778e+00
9.787878787878769860e-01
8.565151515151502082e+00
9.674747474747483755e-01
1.554545454545456229e-01
9.287878787878778297e-01
7.879797979797994456e-01
9.899999999999992140e-01
0.000000000000000000e+00
2.354545454545460270e-01
1.365404040404038710e+01
1.002121212121213079e+00
2.729898989898988493e+00
0.000000000000000000e+00
6.633333333333338855e-01
4.091919191919188847e-01
1.604646464646463544e+00
0.000000000000000000e+00
9.090909090909080059e-02
0.000000000000000000e+00
1.446666666666667211e+00
7.340404040404037156e-01
6.696969696969708175e-02
4.282323232323224538e+00
4.591919191919185406e-01
0.000000000000000000e+00
2.327272727272731989e-01
8.249494949494955431e-01
9.307070707070695947e-01
1.304282828282827644e+01
2.331212121212120625e+00
0.000000000000000000e+00
0.000000000000000000e+00
1.242424242424245012e-01
2.250404040404036188e+00
8.111111111111103389e-01
0.000000000000000000e+00
4.607070707070713422e-01
4.303030303030294657e-01
7.315151515151516737e-01
5.732323232323224271e-01
8.373737373737378809e-01
9.687878787878800857e-01
7.690909090909089363e-01
7.315151515151522288e-01
0.000000000000000000e+00
0.000000000000000000e+00
8.946464646464669102e-01
4.959595959595956838e-02
0.000000000000000000e+00
1.990909090909091239e-01
1.554545454545456507e-01
1.360606060606061318e-01
8.943434343434334410e-01
4.878787878787881338e-01
7.663636363636371351e-01
2.327272727272732267e-01
0.000000000000000000e+00
2.454545454545453143e-01
1.596666666666667123e+00
9.570707070707061837e-01
1.266060606060607885e+00
4.633333333333334303e-01
2.599999999999998423e-01
1.853535353535351871e-01
8.127272727272715214e-01
8.288888888888896744e-01
2.138979797979797581e+01
6.572727272727281189e-01
5.853535353535357366e-01
5.279797979797989926e-01
8.574747474747476117e-01
1.810303030303033633e+00
3.517171717171713730e-01
3.954545454545452254e-01
0.000000000000000000e+00
7.039393939393933097e-01
1.679797979797980900e-01
1.091818181818183797e+00
1.943434343434342904e-01
0.000000000000000000e+00
0.000000000000000000e+00
7.616161616161610803e-01
0.000000000000000000e+00
0.000000000000000000e+00
4.204040404040401691e-01
4.124242424242428484e+00
1.118585858585856796e+00
5.723131313131327502e+00
0.000000000000000000e+00
1.893939393939393923e-01
8.648484848484860876e-01
1.979797979797979710e-02
8.903030303030309289e-01
7.813131313131322919e-01
0.000000000000000000e+00
1.068080808080806410e+00
9.034343434343428569e+00
4.236363636363641993e-01
7.469696969696963951e-01
2.203434343434341525e+00
7.286868686868684941e-01
6.454545454545446148e-01
7.724242424242432348e-01
0.000000000000000000e+00
5.067676767676773109e-01
1.339797979797978433e+00
4.318181818181811016e-01
1.103131313131311853e+00
7.192929292929294283e-01
1.844848484848485182e+00
0.000000000000000000e+00
7.044444444444456499e-01
5.696969696969712837e-02
6.690909090909105128e-01
1.933838383838381469e+00
9.793838383838386008e+00
2.913737373737380398e+00
3.712121212121213820e-01
0.000000000000000000e+00
3.653131313131312119e+00
7.449494949494936957e-01
3.712121212121205494e-01
5.672626262626264015e+00
6.370707070707056774e-01
9.999999999999991535e-03
7.857575757575765429e-01
6.831313131313139220e-01
0.000000000000000000e+00
8.256565656565652001e-01
2.939393939393943403e-02
9.657575757575774800e-01
0.000000000000000000e+00
7.071717171717178951e-01
5.404040404040409973e-01
9.999999999999981126e-03
3.465858585858582863e+00
9.999999999999991535e-03
1.808787878787875281e+00
6.941414141414131711e-01
7.434343434343430868e-02
8.188888888888895545e-01
0.000000000000000000e+00
1.022020202020203827e+00
3.864646464646460666e-01
2.699262626262627762e+01
6.240404040404042840e-01
3.671111111111107217e+00
3.142525252525253165e+00
8.139393939393931854e-01
0.000000000000000000e+00
6.140404040404047192e-01
1.099898989898988377e+00
6.160606060606069745e-01
8.518181818181819187e-01
2.079797979797981811e-01
7.136767676767676427e+00
6.846464646464652803e-01
8.272727272727277426e-02
8.840404040404027386e-01
7.177777777777778478e-01
9.888888888888892892e-02
1.892232323232322955e+01
7.812121212121222458e-01
5.719191919191911611e-01
1.243939393939392790e+00
6.710101010101005015e-01
4.966666666666665009e+00
0.000000000000000000e+00
0.000000000000000000e+00
7.404040404040406198e-01
2.423232323232328567e-01
1.138090909090909442e+01
7.079797979797994856e-01
2.939393939393944444e-02
5.541414141414133798e-01
8.411111111111104766e-01
0.000000000000000000e+00
1.959393939393943906e+00
1.766606060606060780e+01
5.545454545454534534e-01
1.675757575757573226e-01
1.554545454545456507e-01
2.639292929292934797e+00
1.979797979797979016e-02
2.309969696969696074e+01
0.000000000000000000e+00
6.281818181818171754e-01
0.000000000000000000e+00
6.960606060606050471e-01
2.488888888888884654e-01
0.000000000000000000e+00
6.919191919191930440e-01
2.197979797979799643e-01
1.114535353535352691e+01
2.354545454545460270e-01
6.047474747474755885e-01
2.525252525252525415e-01
1.287878787878783959e-01
4.439393939393934119e-01
8.569696969696963817e-01
1.893939393939393923e-01
1.546969696969694663e+00
0.000000000000000000e+00
7.727272727272735953e-01
7.929292929292948156e-01
1.757777777777780104e+00
6.803030303030290771e-01
1.130707070707071660e+00
7.339393939393922262e-01
0.000000000000000000e+00
5.255555555555548874e-01
6.575757575757583406e-02
2.769696969696974764e-01
1.523787878787879357e+01
1.880010101010101664e+01
5.602020202020192574e-01
5.696969696969712144e-02
6.003030303030313375e-01
2.118989898989898890e+01
7.093939393939402427e-01
7.853535353535349151e-01
2.588888888888883910e-01
7.812121212121209135e-01
1.121212121212118440e-01
7.501010101010098241e-01
2.189797979797978655e+01
1.623232323232321472e-01
0.000000000000000000e+00
9.396969696969690311e-01
1.158323232323232155e+01
4.653535353535346863e-01
8.688888888888897100e-01
1.357575757575757991e-01
1.196565656565655056e+00
1.287878787878786180e-01
0.000000000000000000e+00
1.616161616161617132e-01
6.097676767676774467e+00
1.209898989898991362e+00
2.856919191919190482e+01
0.000000000000000000e+00
4.760606060606069612e-01
6.651515151515149382e-01
5.409090909090910060e-01
2.939393939393943403e-02
7.682828282828285671e-01
5.598989898989895631e-01
1.616161616161617132e-01
3.419898989898987995e+00
0.000000000000000000e+00
5.878787878787886112e-02
9.327272727272739594e-01
0.000000000000000000e+00
1.457575757575757247e-01
5.633333333333336856e-01
7.183838383838389019e-01
3.447272727272729931e+00
6.576767676767681925e-01
1.990909090909089574e-01
7.138383838383833835e-01
2.327272727272732267e-01
4.599999999999996314e-01
3.251515151515150803e-01
0.000000000000000000e+00
3.221414141414141952e+00
1.425252525252528046e-01
2.197979797979799643e-01
0.000000000000000000e+00
9.999999999999982861e-03
0.000000000000000000e+00
5.965656565656553001e-01
9.090909090909073120e-02
3.558585858585853190e-01
0.000000000000000000e+00
7.513131313131302669e-01
6.441414141414132377e-01
9.331313131313122566e-01
6.944444444444449749e-01
1.090303030303028997e+00
7.888888888888890838e-01
8.779292929292930481e+00
2.042616161616160753e+01
7.977777777777772528e-01
5.849494949494956630e-01
3.689898989898988457e+00
1.554545454545456229e-01
1.428181818181819773e+00
0.000000000000000000e+00
1.248282828282826884e+00
7.242424242424231329e-01
0.000000000000000000e+00
6.939393939393946331e-01
7.676767676767674853e-02
0.000000000000000000e+00
1.949696969696969706e+00
1.120747474747476069e+01
1.752525252525256871e-01
5.868686868686864289e-01
8.244444444444423148e-01
1.605151515151513886e+00
5.940404040404034802e-01
6.560606060606071210e-01
5.878787878787888194e-02
7.412121212121208780e-01
3.878787878787879478e-02
7.577777777777777724e-01
1.170808080808083629e+00
7.135353535353525789e-01
6.232323232323241369e-01
2.027272727272723118e-01
2.297979797979792238e-01
6.494949494949505686e-01
4.797979797979797650e-02
2.098888888888889248e+00
1.423636363636362256e+00
3.976767676767668513e-01
1.572424242424242502e+00
0.000000000000000000e+00
2.297979797979793071e-01
2.266666666666662389e-01
7.375757575757584394e-01
1.008686868686869076e+00
9.999999999999991535e-03
5.751515151515165236e-01
6.119191919191919737e-01
1.791818181818180733e+01
1.979797979797979710e-02
2.197070707070708284e+00
5.696969696969709368e-02
7.696969696969706287e-02
2.308080808080806623e+00
8.948484848484865584e-01
5.640404040404028985e-01
5.696969696969715613e-02
1.166010101010100897e+01
1.154242424242421405e+00
6.879797979797982466e-01
5.696969696969706592e-02
2.079797979797982921e-01
6.176767676767667137e-01
8.729292929292949976e-01
2.456565656565655953e+00
0.000000000000000000e+00
0.000000000000000000e+00
2.960606060606064682e-01
4.399999999999991140e-01
8.633333333333346182e-01
1.370505050505052891e+00
9.678787878787863397e-01
6.357575757575768538e-01
2.358585858585862671e-01
0.000000000000000000e+00
0.000000000000000000e+00
9.076767676767679704e-01
5.361616161616146181e-01
9.490909090909103174e-01
0.000000000000000000e+00
9.788888888888892525e-01
1.824141414141410955e+00
1.282828282828286370e-01
5.705353535353525629e+00
7.384848484848475225e-01
1.370606060606060828e+00
7.055555555555564906e-01
1.782525252525253956e+00
8.760606060606065393e-01
0.000000000000000000e+00
6.958585858585866202e-01
8.948484848484855592e-01
1.979797979797979363e-02
8.655555555555560776e-01
6.770707070707084885e-01
1.000989898989899096e+01
2.047878787878789186e+00
3.433333333333334347e-01
3.025252525252516422e-01
0.000000000000000000e+00
1.842424242424241798e-01
0.000000000000000000e+00
2.221212121212121637e-01
5.716161616161627990e-01
1.784848484848485517e-01
3.287878787878786846e-01
6.087878787878779896e-01
3.494040404040404280e+00
4.903535353535347419e+00
3.444444444444449416e-01
0.000000000000000000e+00
0.000000000000000000e+00
5.232222222222216779e+00
4.697979797979807692e-01
8.128282828282815675e-01
9.975757575757554507e-01
0.000000000000000000e+00
4.993939393939402227e-01
6.575757575757593121e-02
0.000000000000000000e+00
4.369898989898981512e+00
6.915151515151523043e-01
6.928282828282834593e-01
2.495959595959599264e-01
8.871717171717163897e-01
2.079797979797981533e-01
9.044444444444438291e-01
1.525858585858588246e+00
5.747474747474731194e-01
5.457575757575749975e-01
0.000000000000000000e+00
8.342424242424242298e-01
3.059696969696969582e+00
4.652525252525246957e-01
4.575757575757586348e-01
0.000000000000000000e+00
0.000000000000000000e+00
6.563636363636372595e-01
1.117676767676769600e+00
2.726262626262622724e-01
1.357575757575757991e-01
1.715757575757575593e+00
1.084484848484848563e+01
1.007878787878786708e+00
1.120303030303033687e+00
1.154242424242426290e+00
1.795959595959596422e-01
1.990909090909089574e-01
1.523494949494951811e+01
9.588888888888877915e+00
5.075757575757581241e-01
6.810101010101017316e-01
1.012626262626263873e+00
8.086868686868676770e-01
7.370707070707080977e-01
2.039393939393936983e-01
0.000000000000000000e+00
0.000000000000000000e+00
5.105050505050506837e-01
3.898383838383838729e+00
6.763636363636353899e-01
9.884747474747467066e+00
6.513333333333336306e+00
2.917979797979802559e+00
5.424242424242419203e-01
0.000000000000000000e+00
7.607070707070704429e-01
6.628282828282825445e-01
0.000000000000000000e+00
2.053565656565657349e+01
4.281818181818189961e-01
4.672727272727267289e-01
7.190909090909094470e-01
8.062626262626249041e-01
7.432323232323244655e-01
8.726262626262633049e-01
1.155656565656563384e+00
0.000000000000000000e+00
0.000000000000000000e+00
8.546868686868682730e+00
5.581818181818194446e-01
9.411212121212127357e+00
1.733333333333331172e-01
6.486868686868675349e-01
0.000000000000000000e+00
5.634949494949501592e+00
0.000000000000000000e+00
2.261717171717175567e+00
0.000000000000000000e+00
4.257575757575753905e-01
5.628080808080815345e+00
6.410101010101020291e-01
8.504040404040417167e-01
1.572767676767677258e+01
9.514141414141400466e-01
8.822222222222230181e-01
0.000000000000000000e+00
6.213131313131302624e-01
0.000000000000000000e+00
8.333333333333323711e-01
4.172020202020207513e+00
3.959595959595958725e-02
5.050404040404043116e+00
2.317434343434342381e+01
6.990909090909078749e-01
0.000000000000000000e+00
8.422222222222208732e-01
1.241252525252525629e+01
1.005858585858584231e+00
6.046464646464630999e-01
9.405858585858579701e+00
0.000000000000000000e+00
4.605050505050511389e-01
0.000000000000000000e+00
6.696969696969708175e-02
1.354242424242424114e+01
1.490909090909092460e-01
2.192929292929292728e+00
1.365757575757576392e+00
7.829292929292928083e-01
3.337373737373732774e-01
1.788888888888890139e-01
1.142424242424244785e-01
4.833333333333342807e-01
1.398181818181818414e+00
6.956565656565659728e-01
8.139393939393950728e-01
2.939393939393943403e-02
3.063636363636367266e-01
2.721111111111107927e+00
9.540808080808078628e+00
6.683838383838386354e-01
5.937373737373745630e-01
1.086666666666665781e+00
0.000000000000000000e+00
1.900111111111112194e+01
5.690909090909098689e-01
3.929292929292925729e-01
1.093131313131314286e+00
4.826262626262625144e-01
6.006060606060615870e-01
1.205151515151513086e+00
5.696969696969710062e-02
3.316161616161623638e-01
0.000000000000000000e+00
3.060606060606063106e-01
9.417171717171725076e-01
1.426131313131312872e+01
1.471181818181818457e+01
7.077777777777777279e-01
2.403030303030307957e-01
7.262626262626247220e-01
6.629292929292937009e-01
8.472727272727259562e-01
2.327272727272732267e-01
8.273737373737360956e-01
0.000000000000000000e+00
1.125959595959593607e+00
6.483838383838396169e-01
7.015151515151525352e-01
5.732323232323239814e-01
9.760606060606071832e-01
2.500000000000001110e-01
2.341808080808081982e+01
5.690909090909098689e-01
2.383737373737375709e+00
7.157575757575735942e-01
7.777777777777763468e-01
3.985858585858573777e-01
5.848484848484833964e-01
5.058585858585852302e-01
2.989292929292928669e+00
7.484848484848484196e-01
7.605050505050514609e-01
7.853535353535349151e-01
0.000000000000000000e+00
4.970707070707064412e-01
5.878787878787882226e-01
7.677777777777760049e-01
7.380808080808074489e-01
1.017676767676769511e+00
1.554545454545456229e-01
0.000000000000000000e+00
1.490909090909092460e-01
0.000000000000000000e+00
5.493939393939399896e-01
0.000000000000000000e+00
1.484848484848486361e-01
6.495959595959586164e-01
7.603030303030302584e-01
2.939393939393943403e-02
1.287878787878784514e-01
2.018989898989894893e+00
6.459595959595973991e-01
3.246363636363629901e+00
0.000000000000000000e+00
0.000000000000000000e+00
6.998989898989891323e-01
9.999999999999974187e-03
0.000000000000000000e+00
5.679797979797985841e-01
1.239393939393941046e+00
0.000000000000000000e+00
7.700000000000001288e-01
5.276767676767684101e-01
9.796969696969700658e-01
0.000000000000000000e+00
9.999999999999962044e-03
