1.169393939393937432e+00
6.847474747474756596e-01
0.000000000000000000e+00
6.208080808080802537e-01
1.201515151515150537e+00
5.154545454545454986e-01
1.990909090909089574e-01
6.101010101010085895e-01
2.354545454545460270e-01
4.346464646464652803e-01
1.896303030303030113e+01
1.142424242424245201e-01
0.000000000000000000e+00
2.878787878787886778e-01
6.353535353535337826e-01
1.601010101010102993e+00
0.000000000000000000e+00
0.000000000000000000e+00
1.146484848484848840e+01
6.668686868686869440e-01
0.000000000000000000e+00
3.880808080808089144e-01
8.140404040404055630e-01
1.893939393939393923e-01
0.000000000000000000e+00
0.000000000000000000e+00
8.847474747474740608e-01
0.000000000000000000e+00
0.000000000000000000e+00
7.119191919191929507e-01
1.718686868686868374e+00
1.979797979797979363e-02
1.943434343434342904e-01
1.393939393939394866e-01
7.963636363636371618e-01
6.113131313131302536e-01
1.877161616161619762e+01
1.140878787878787470e+01
1.990909090909091239e-01
9.610101010101026464e-01
2.311717171717168284e+00
3.947474747474745693e-01
7.645454545454549722e-01
5.988888888888902473e-01
7.667676767676763205e-01
0.000000000000000000e+00
4.140404040404040420e-01
0.000000000000000000e+00
8.979797979797989882e-01
3.837171717171713237e+00
7.162626262626268225e-01
0.000000000000000000e+00
1.979797979797979363e-02
2.721212121212117085e-01
8.516161616161623815e-01
2.446464646464647508e-01
8.442424242424246827e-01
2.722222222222224763e-01
1.617575757575758777e+00
6.686868686868676637e-01
1.266282828282827033e+01
4.666666666666661190e-01
8.889595959595961716e+00
0.000000000000000000e+00
4.526262626262626543e-01
1.979797979797979016e-02
1.677777777777775370e+00
7.084848484848499384e-01
2.524242424242423843e-01
1.979797979797979016e-02
8.751515151515164570e-01
0.000000000000000000e+00
7.776767676767681881e-01
9.864646464646480428e-01
4.919191919191923806e-02
1.176464646464646080e+01
8.283838383838389996e-01
7.884848484848467898e-01
8.447171717171702454e+00
2.960606060606066348e-01
6.127272727272722319e-01
5.954545454545444594e-01
3.878787878787880172e-02
1.941313131313128659e+00
1.190101010101008550e+00
8.081818181818205549e-01
4.523232323232324603e-01
8.559595959595972525e-01
2.951515151515158863e-01
1.990909090909090684e-01
9.999999999999984596e-03
5.888888888888894613e-01
1.979797979797979363e-02
6.991919191919184762e-01
5.364646464646458668e-01
4.404040404040410195e-01
8.108080808080802004e-01
7.651515151515150270e-01
4.391919191919195775e-01
1.584505050505050150e+01
1.389494949494951337e+00
0.000000000000000000e+00
9.999999999999970718e-03
4.217676767676765692e+00
2.403030303030307679e-01
6.394949494949487834e-01
4.891919191919193999e-01
1.854545454545452610e-01
2.521212121212118573e-01
1.069191919191920581e+00
2.516161616161619041e-01
0.000000000000000000e+00
9.999999999999953371e-03
8.734343434343434520e-01
6.727272727272710640e-01
9.999999999999998473e-03
0.000000000000000000e+00
9.668686868686883207e-01
7.193939393939392524e-01
2.055555555555556246e+00
2.193434343434343514e+00
3.459595959595957448e-01
1.357575757575757991e-01
5.206060606060607387e-01
7.973737373737375123e-01
2.685858585858582614e-01
7.246464646464652049e-01
0.000000000000000000e+00
3.346868686868681664e+00
0.000000000000000000e+00
0.000000000000000000e+00
0.000000000000000000e+00
0.000000000000000000e+00
6.584848484848500050e-01
4.067676767676769445e-01
4.595353535353528862e+00
2.488888888888884376e-01
1.113838383838381851e+00
5.735353535353535648e-01
0.000000000000000000e+00
4.970707070707077180e-01
7.084848484848490502e-01
0.000000000000000000e+00
7.250505050505066107e-01
2.121212121212122381e-01
8.303030303030308756e-01
6.176767676767662696e-01
1.990909090909089574e-01
6.629292929292939229e-01
9.999999999999993269e-03
9.232323232323239592e-01
5.484848484848483530e-01
0.000000000000000000e+00
8.604040404040420587e-01
1.587171717171720564e+00
5.205050505050501375e-01
7.413131313131319233e-01
1.603535353535351593e+00
5.705050505050496268e-01
2.939393939393944444e-02
1.979797979797979016e-02
0.000000000000000000e+00
3.878787878787880172e-02
4.065656565656572852e+00
7.590909090909092605e-01
1.946191919191918274e+01
0.000000000000000000e+00
6.990909090909078749e-01
2.611111111111113381e+00
7.784848484848472250e-01
1.979797979797979016e-02
6.504040404040413170e-01
4.129292929292919245e-01
0.000000000000000000e+00
4.668686868686873770e-01
3.144242424242423173e+00
5.987878787878790909e-01
5.696969696969707286e-02
1.979797979797979016e-02
5.589898989898997028e-01
0.000000000000000000e+00
1.081515151515152207e+00
9.888888888888895667e-02
7.057575757575746955e-01
9.040404040404047270e-02
5.125252525252536051e-01
7.537373737373738170e-01
3.691919191919192933e-01
3.008080808080802471e-01
1.216161616161617748e-01
9.231313131313115816e-01
9.672727272727265069e-01
6.600000000000005862e-01
8.071717171717169848e-01
0.000000000000000000e+00
1.092323232323233695e+00
0.000000000000000000e+00
6.751515151515147251e-01
0.000000000000000000e+00
4.387777777777776222e+00
3.217676767676764804e+00
6.366666666666659369e-01
6.696969696969710950e-02
0.000000000000000000e+00
6.743434343434361322e-01
0.000000000000000000e+00
1.318080808080809962e+00
0.000000000000000000e+00
0.000000000000000000e+00
1.316161616161619641e-01
1.687919191919192841e+01
2.521212121212118573e-01
1.155555555555557862e-01
2.815151515151515516e-01
7.210101010101025443e-01
1.668838383838384587e+01
6.816868686868697402e+00
7.242121212121205076e+00
2.023232323232326269e-01
4.534343434343443002e-01
4.252525252525250488e-01
2.552525252525248978e-01
1.822828282828280688e+00
0.000000000000000000e+00
5.554040404040398116e+00
6.042424242424231373e-01
8.613131313131313638e-01
2.901010101010105813e-01
2.060404040404040682e+00
4.403030303030305292e-01
0.000000000000000000e+00
2.346464646464644088e-01
7.434343434343427814e-01
6.858585858585843908e-01
2.289090909090913506e+00
1.455353535353537398e+00
2.351616161616163492e+00
7.747474747474745183e-01
7.040404040404038000e-01
2.880808080808077709e-01
5.149494949494958229e-01
4.423232323232329510e-01
0.000000000000000000e+00
1.554545454545456229e-01
7.654545454545459426e-01
8.228282828282813544e-01
6.129393939393940727e+00
7.412121212121209890e-01
2.504040404040409618e-01
5.336363636363641305e-01
7.162626262626259344e-01
6.216161616161627324e-01
5.919191919191918450e-02
0.000000000000000000e+00
2.121212121212122381e-01
2.923232323232319185e+00
3.383838383838387309e-01
1.204242424242425891e+00
1.175252525252527436e+00
9.290909090909108548e-01
0.000000000000000000e+00
0.000000000000000000e+00
5.686868686868677969e-01
2.252424242424239775e+00
1.379484848484849202e+01
5.425252525252515223e-01
1.492828282828283948e+00
6.026262626262612887e-01
3.144444444444444153e-01
5.457575757575749975e-01
7.448484848484864251e-01
2.205959595959595898e+00
0.000000000000000000e+00
1.979898989898987605e+00
0.000000000000000000e+00
0.000000000000000000e+00
9.638383838383851598e-01
9.090909090909075896e-02
0.000000000000000000e+00
8.592929292929283314e-01
7.461616161616152487e-01
3.920202020202021576e+00
6.035353535353523702e-01
5.359595959595959691e-01
1.918181818181818432e+00
6.721212121212115642e-01
7.724545454545450163e+00
6.907070707070707138e-01
9.243434343434338007e-01
2.516161616161619596e-01
8.136363636363629359e-01
3.671313131313129752e+00
7.938383838383845648e-01
0.000000000000000000e+00
7.426262626262627453e-01
5.746464646464654047e-01
1.825757575757573248e+00
0.000000000000000000e+00
7.814141414141395625e-01
1.142424242424244091e-01
6.124242424242416494e-01
5.558585858585866069e-01
3.774747474747468523e-01
6.313131313131324918e-01
0.000000000000000000e+00
7.121212121212109336e-01
4.797979797979804589e-02
2.266666666666661278e-01
7.339393939393923372e-01
6.344444444444435893e-01
0.000000000000000000e+00
0.000000000000000000e+00
7.255555555555562863e-01
4.787878787878780407e-01
0.000000000000000000e+00
0.000000000000000000e+00
6.236363636363639884e-01
9.086868686868703193e-01
8.006060606060616536e-01
0.000000000000000000e+00
1.361717171717172548e+00
3.314141414141418829e-01
2.297272727272729131e+00
1.335050505050504377e+00
1.906161616161616834e+00
6.285858585858594694e-01
5.628888888888885056e+00
6.022222222222209931e-01
5.848484848484835075e-01
0.000000000000000000e+00
5.518181818181825404e-01
7.829292929292928083e-01
8.050505050505049054e-01
9.999999999999995004e-03
7.902020202020199058e-01
4.527272727272727559e-01
5.696969696969706592e-02
5.627272727272724095e-01
5.226262626262621058e-01
1.066666666666668400e-01
9.053535353535365759e-01
0.000000000000000000e+00
9.999999999999962044e-03
1.979797979797979016e-02
0.000000000000000000e+00
1.839181818181819850e+01
6.925252525252515445e-01
6.351414141414140957e+00
2.931313131313136311e-01
1.007070707070705895e+00
1.268080808080809252e+00
1.002222222222224124e+00
0.000000000000000000e+00
5.091919191919187515e-01
0.000000000000000000e+00
2.047171717171720307e+00
0.000000000000000000e+00
1.013434343434344465e+00
8.318181818181825671e-01
0.000000000000000000e+00
1.287878787878785625e-01
3.878787878787880172e-02
0.000000000000000000e+00
1.554545454545456229e-01
0.000000000000000000e+00
4.022222222222224253e-01
1.791919191919195409e-01
8.673737373737392398e-01
1.129939393939393888e+01
2.460606060606066181e-01
7.434343434343430868e-02
0.000000000000000000e+00
2.160606060606058143e-01
0.000000000000000000e+00
7.585858585858578085e-01
9.999999999999972453e-03
6.786868686868693379e-01
2.509090909090911925e-01
6.538383838383833302e-01
5.809090909090898203e-01
2.405050505050505993e+00
7.905050505050515985e-01
0.000000000000000000e+00
0.000000000000000000e+00
5.768686868686867530e-01
5.339393939393938249e-01
4.993939393939398896e-01
8.353535353535364028e-01
3.878787878787880172e-02
2.653939393939398261e+00
8.715050505050507823e+00
5.379797979797970031e-01
1.893939393939393923e-01
5.029292929292935588e-01
6.616161616161609915e-01
8.116161616161631231e-01
5.382828282828288069e-01
1.990909090909090684e-01
7.514141414141405351e-01
1.326666666666666883e+00
7.031313131313124964e-01
6.504040404040409840e-01
8.709696969696969049e+00
2.641414141414136774e-01
1.125363636363636566e+01
7.016161616161616932e-01
5.068686868686880231e-01
2.001717171717175781e+00
6.992929292929297436e-01
7.184848484848486150e-01
0.000000000000000000e+00
1.824242424242425331e+00
1.788888888888889583e-01
6.717171717171727119e-01
7.769595959595958945e+00
9.787878787878769860e-01
8.548585858585857622e+00
9.485858585858580883e-01
1.554545454545456229e-01
9.469696969696981270e-01
8.019191919191924756e-01
9.969696969696951738e-01
0.000000000000000000e+00
2.327272727272732267e-01
1.345010101010100811e+01
9.840404040404027164e-01
2.804949494949497080e+00
0.000000000000000000e+00
6.672727272727285719e-01
4.031313131313127851e-01
1.592929292929291751e+00
0.000000000000000000e+00
9.090909090909080059e-02
0.000000000000000000e+00
1.463535353535354799e+00
7.308080808080807955e-01
6.696969696969708175e-02
4.227070707070712530e+00
4.591919191919185406e-01
0.000000000000000000e+00
2.327272727272731989e-01
8.267676767676780392e-01
9.464646464646458979e-01
1.251979797979798015e+01
2.324747474747471898e+00
0.000000000000000000e+00
0.000000000000000000e+00
1.242424242424245012e-01
2.177777777777780699e+00
8.067676767676782434e-01
0.000000000000000000e+00
4.607070707070713422e-01
4.292929292929298923e-01
7.338383838383851776e-01
5.585858585858592962e-01
8.281818181818187963e-01
9.923232323232303864e-01
7.755555555555556646e-01
7.248484848484845200e-01
0.000000000000000000e+00
0.000000000000000000e+00
8.665656565656553179e-01
4.959595959595956838e-02
0.000000000000000000e+00
1.990909090909091239e-01
1.554545454545456507e-01
1.436363636363637009e-01
9.061616161616155019e-01
4.878787878787881338e-01
7.647474747474758416e-01
2.297979797979792238e-01
0.000000000000000000e+00
2.491919191919196863e-01
1.596666666666667123e+00
9.570707070707061837e-01
1.194949494949493873e+00
4.684848484848481709e-01
2.536363636363643259e-01
1.943434343434342626e-01
8.007070707070719218e-01
7.986868686868678902e-01
2.126606060606058790e+01
6.847474747474743273e-01
5.583838383838376496e-01
5.207070707070713400e-01
8.874747474747490816e-01
1.807171717171719205e+00
3.441414141414140815e-01
3.954545454545452254e-01
0.000000000000000000e+00
7.061616161616152132e-01
1.767676767676766569e-01
1.039797979797981053e+00
1.788888888888891249e-01
0.000000000000000000e+00
0.000000000000000000e+00
7.616161616161610803e-01
0.000000000000000000e+00
0.000000000000000000e+00
4.160606060606061307e-01
4.185252525252528777e+00
1.099696969696972504e+00
5.642323232323246174e+00
0.000000000000000000e+00
1.943434343434342904e-01
8.672727272727256409e-01
1.979797979797979710e-02
8.968686868686878144e-01
8.003030303030306269e-01
0.000000000000000000e+00
1.113838383838382295e+00
9.186868686868685074e+00
4.123232323232322583e-01
7.298989898989893810e-01
2.195353535353532060e+00
7.458585858585842221e-01
6.503030303030316039e-01
7.678787878787872723e-01
0.000000000000000000e+00
5.130303030303036138e-01
1.358181818181818823e+00
4.285858585858589587e-01
1.098080808080809545e+00
7.570707070707075603e-01
1.905252525252526752e+00
0.000000000000000000e+00
6.968686868686883029e-01
5.696969696969712837e-02
6.721212121212125634e-01
1.856363636363635994e+00
9.902222222222226478e+00
2.968989898989895071e+00
3.666666666666664187e-01
0.000000000000000000e+00
3.647070707070702689e+00
7.272727272727264047e-01
3.712121212121205494e-01
5.647979797979792771e+00
6.373737373737380363e-01
9.999999999999991535e-03
7.846464646464642589e-01
6.754545454545451966e-01
0.000000000000000000e+00
8.017171717171706069e-01
2.939393939393943403e-02
9.950505050505045190e-01
0.000000000000000000e+00
7.135353535353533561e-01
5.348484848484841292e-01
9.999999999999981126e-03
3.410000000000003251e+00
9.999999999999991535e-03
1.826969696969697576e+00
6.910101010101005192e-01
6.575757575757590345e-02
7.807070707070722371e-01
0.000000000000000000e+00
1.033131313131312456e+00
3.807070707070715487e-01
2.639010101010101295e+01
6.258585858585847816e-01
3.603535353535356034e+00
3.187373737373737637e+00
8.083838383838376496e-01
0.000000000000000000e+00
6.218181818181813814e-01
1.085454545454543451e+00
6.423232323232324070e-01
8.406060606060593576e-01
2.079797979797981811e-01
7.191313131313132878e+00
6.796969696969704655e-01
8.272727272727277426e-02
8.938383838383849866e-01
7.127272727272727648e-01
9.888888888888892892e-02
1.894656565656565306e+01
7.413131313131314792e-01
5.651515151515142943e-01
1.243939393939392790e+00
6.317171717171731204e-01
4.866868686868692784e+00
0.000000000000000000e+00
0.000000000000000000e+00
7.449494949494969154e-01
2.423232323232328567e-01
1.112494949494949381e+01
6.910101010101004082e-01
3.878787878787880172e-02
5.541414141414133798e-01
8.520202020202026771e-01
0.000000000000000000e+00
1.980000000000004201e+00
1.777060606060607029e+01
5.544444444444448505e-01
1.675757575757573226e-01
1.554545454545456507e-01
2.674646464646466715e+00
1.979797979797979016e-02
2.345979797979798320e+01
0.000000000000000000e+00
6.281818181818171754e-01
0.000000000000000000e+00
6.923232323232323404e-01
2.475757575757577267e-01
0.000000000000000000e+00
6.960606060606047141e-01
2.233333333333338278e-01
1.111585858585859299e+01
2.379797979797985408e-01
5.925252525252530100e-01
2.524242424242423843e-01
1.357575757575757991e-01
4.439393939393934119e-01
8.587878787878793219e-01
1.893939393939393923e-01
1.538888888888890749e+00
0.000000000000000000e+00
7.836363636363642415e-01
7.975757575757590478e-01
1.730404040404040611e+00
6.983838383838405495e-01
1.130707070707071660e+00
7.370707070707063213e-01
0.000000000000000000e+00
5.206060606060616269e-01
6.575757575757583406e-02
2.718181818181821252e-01
1.529484848484849024e+01
1.870171717171718129e+01
5.522222222222218369e-01
5.696969696969712144e-02
6.003030303030313375e-01
2.097323232323232389e+01
7.316161616161618308e-01
7.594949494949496671e-01
2.575757575757576801e-01
7.885858585858588343e-01
1.203030303030304810e-01
7.428282828282837258e-01
2.185434343434343418e+01
1.623232323232321472e-01
0.000000000000000000e+00
9.276767676767663229e-01
1.164676767676767177e+01
4.822222222222223298e-01
8.811111111111092908e-01
1.357575757575757991e-01
1.176666666666668970e+00
1.287878787878786180e-01
0.000000000000000000e+00
1.616161616161617132e-01
6.096262626262631379e+00
1.196969696969699015e+00
2.829646464646463144e+01
0.000000000000000000e+00
4.725252525252519042e-01
6.907070707070703808e-01
5.409090909090910060e-01
2.939393939393943403e-02
7.553535353535347774e-01
5.479797979797967900e-01
1.616161616161617132e-01
3.442727272727273302e+00
0.000000000000000000e+00
6.818181818181823228e-02
9.441414141414159467e-01
0.000000000000000000e+00
1.387878787878789599e-01
5.392929292929300455e-01
6.959595959595960002e-01
3.424747474747474651e+00
6.594949494949502444e-01
1.990909090909089574e-01
6.886868686868674594e-01
2.327272727272732267e-01
4.599999999999996314e-01
3.251515151515150803e-01
0.000000000000000000e+00
3.208989898989901057e+00
1.357575757575757991e-01
2.197979797979799643e-01
0.000000000000000000e+00
9.999999999999982861e-03
0.000000000000000000e+00
5.930303030303020195e-01
9.090909090909073120e-02
3.549494949494942375e-01
0.000000000000000000e+00
7.384848484848495209e-01
6.454545454545442817e-01
9.489898989898971626e-01
6.984848484848488193e-01
1.052020202020203410e+00
7.949494949494935181e-01
8.651414141414146997e+00
2.112343434343435078e+01
8.046464646464634995e-01
5.793939393939406823e-01
3.675858585858583716e+00
1.425252525252529434e-01
1.439999999999998836e+00
0.000000000000000000e+00
1.249292929292928012e+00
7.185858585858592162e-01
0.000000000000000000e+00
6.961616161616158704e-01
8.555555555555556524e-02
0.000000000000000000e+00
1.992222222222222117e+00
1.110707070707069910e+01
1.590909090909091994e-01
5.844444444444441000e-01
8.252525252525249044e-01
1.616565656565655873e+00
5.953535353535363006e-01
6.456565656565644851e-01
5.878787878787888194e-02
7.473737373737368017e-01
3.878787878787879478e-02
7.553535353535346664e-01
1.142121212121209650e+00
7.076767676767680149e-01
6.232323232323241369e-01
1.969696969696966837e-01
2.297979797979792238e-01
6.265656565656567700e-01
4.797979797979797650e-02
2.043838383838381123e+00
1.426868686868687952e+00
3.990909090909100509e-01
1.599898989898990820e+00
0.000000000000000000e+00
2.266666666666661833e-01
2.297979797979792516e-01
7.291919191919188359e-01
1.051212121212121930e+00
0.000000000000000000e+00
5.735353535353532317e-01
6.119191919191918627e-01
1.778969696969697623e+01
1.979797979797979710e-02
2.170101010101010086e+00
5.696969696969709368e-02
7.696969696969706287e-02
2.299797979797979508e+00
8.798989898989896252e-01
5.549494949494957474e-01
5.696969696969715613e-02
1.172080808080808723e+01
1.151414141414142556e+00
6.788888888888876538e-01
5.696969696969710062e-02
2.036363636363636431e-01
6.136363636363646457e-01
8.920202020202027127e-01
2.413636363636367133e+00
0.000000000000000000e+00
0.000000000000000000e+00
2.758585858585861361e-01
4.399999999999991140e-01
8.521212121212118351e-01
1.358585858585857231e+00
9.743434343434359546e-01
6.463636363636349191e-01
2.395959595959594179e-01
0.000000000000000000e+00
0.000000000000000000e+00
9.010101010101019270e-01
5.563636363636347282e-01
9.623232323232318031e-01
0.000000000000000000e+00
1.027777777777776125e+00
1.803939393939390845e+00
1.360606060606062151e-01
5.640303030303021714e+00
7.628282828282830774e-01
1.352525252525254240e+00
7.257575757575767117e-01
1.843939393939390214e+00
8.552525252525258193e-01
0.000000000000000000e+00
6.867676767676761385e-01
9.253535353535363717e-01
1.979797979797979363e-02
8.882828282828290067e-01
6.725252525252527480e-01
9.763838383838388424e+00
2.065252525252527338e+00
3.429292929292934722e-01
3.025252525252516422e-01
0.000000000000000000e+00
1.842424242424241798e-01
0.000000000000000000e+00
2.221212121212121637e-01
5.716161616161627990e-01
1.848484848484847065e-01
3.287878787878786846e-01
6.196969696969683028e-01
3.619797979797979348e+00
5.017474747474753194e+00
3.411111111111105876e-01
0.000000000000000000e+00
0.000000000000000000e+00
5.208383838383837450e+00
4.803030303030293435e-01
7.969696969696987709e-01
1.010707070707071331e+00
0.000000000000000000e+00
4.995959595959600374e-01
5.696969696969717001e-02
0.000000000000000000e+00
4.345959595959588917e+00
6.740404040404038843e-01
6.955555555555552605e-01
2.495959595959599264e-01
9.076767676767693027e-01
2.079797979797981256e-01
9.178787878787884047e-01
1.505252525252521290e+00
5.794949494949492852e-01
5.304040404040413215e-01
0.000000000000000000e+00
8.342424242424242298e-01
3.008383838383838604e+00
4.486868686868683009e-01
4.403030303030303627e-01
0.000000000000000000e+00
0.000000000000000000e+00
6.563636363636372595e-01
1.127171717171714604e+00
2.650505050505047033e-01
1.287878787878786180e-01
1.726363636363638099e+00
1.088141414141414565e+01
9.503030303030290948e-01
1.159797979797981160e+00
1.117777777777780202e+00
1.795959595959596422e-01
1.990909090909089574e-01
1.505757575757575140e+01
9.384040404040412398e+00
5.227272727272739283e-01
6.782828282828289312e-01
1.058787878787878389e+00
8.273737373737377609e-01
7.425252525252526992e-01
1.939393939393939947e-01
0.000000000000000000e+00
0.000000000000000000e+00
5.001010101010110454e-01
3.966262626262624380e+00
6.772727272727288028e-01
1.003383838383838800e+01
6.567575757575755624e+00
2.912222222222226264e+00
5.424242424242419203e-01
0.000000000000000000e+00
7.539393939393934652e-01
6.547474747474735235e-01
0.000000000000000000e+00
2.104595959595960153e+01
4.281818181818189961e-01
4.742424242424232439e-01
7.231313131313131803e-01
8.062626262626249041e-01
7.425252525252517000e-01
8.524242424242431948e-01
1.149393939393940300e+00
0.000000000000000000e+00
0.000000000000000000e+00
8.728989898989906848e+00
5.676767676767681126e-01
9.631414141414145647e+00
1.733333333333331172e-01
6.394949494949487834e-01
0.000000000000000000e+00
5.765555555555548217e+00
0.000000000000000000e+00
2.257272727272731760e+00
0.000000000000000000e+00
4.288888888888887085e-01
5.560000000000009379e+00
6.543434343434337830e-01
8.002020202020209139e-01
1.582121212121212750e+01
8.782828282828273325e-01
8.831313131313143217e-01
0.000000000000000000e+00
6.279797979797991925e-01
0.000000000000000000e+00
8.459595959595948012e-01
4.133232323232324923e+00
2.979797979797979557e-02
5.087676767676772016e+00
2.304303030303030653e+01
7.012121212121218417e-01
0.000000000000000000e+00
8.297979797979809780e-01
1.188787878787878149e+01
1.026161616161614498e+00
5.973737373737365575e-01
9.360303030303025906e+00
0.000000000000000000e+00
4.582828282828292354e-01
0.000000000000000000e+00
6.696969696969708175e-02
1.325969696969697154e+01
1.425252525252529434e-01
2.161111111111113647e+00
1.393838383838384765e+00
7.775757575757584750e-01
3.404040404040408752e-01
1.788888888888890139e-01
1.142424242424244785e-01
4.903030303030308512e-01
1.391515151515152260e+00
6.956565656565659728e-01
8.208080808080800983e-01
2.939393939393943403e-02
2.853535353535350261e-01
2.732727272727268897e+00
9.418282828282828589e+00
6.645454545454553275e-01
5.905050505050495335e-01
1.059191919191920350e+00
0.000000000000000000e+00
1.881323232323231665e+01
5.700000000000003952e-01
3.845454545454548567e-01
1.083939393939393980e+00
4.790909090909083456e-01
6.045454545454557183e-01
1.202323232323233348e+00
5.696969696969710062e-02
3.236363636363635554e-01
0.000000000000000000e+00
3.123232323232328356e-01
9.530303030303027834e-01
1.430121212121212260e+01
1.469232323232322557e+01
7.077777777777777279e-01
2.379797979797985685e-01
7.335353535353550392e-01
6.525252525252516200e-01
9.006060606060622975e-01
2.327272727272732267e-01
8.329292929292917425e-01
0.000000000000000000e+00
1.096464646464645032e+00
6.729292929292939318e-01
7.004040404040400292e-01
5.660606060606061529e-01
9.918181818181830423e-01
2.509090909090912480e-01
2.310909090909091645e+01
5.611111111111125593e-01
2.370202020202015980e+00
7.089898989899005022e-01
7.949494949494950724e-01
3.928282828282834704e-01
5.930303030303017975e-01
5.189898989899001114e-01
3.020202020202025217e+00
7.433333333333334014e-01
7.437373737373732530e-01
7.983838383838398611e-01
0.000000000000000000e+00
5.005050505050498977e-01
5.878787878787882226e-01
7.888888888888883066e-01
7.492929292929288998e-01
9.829292929292942071e-01
1.554545454545456229e-01
0.000000000000000000e+00
1.554545454545456229e-01
0.000000000000000000e+00
5.544444444444450726e-01
0.000000000000000000e+00
1.484848484848486361e-01
6.495959595959586164e-01
7.715151515151504880e-01
2.939393939393943403e-02
1.287878787878784514e-01
2.077878787878789435e+00
6.541414141414150230e-01
3.208383838383833897e+00
0.000000000000000000e+00
0.000000000000000000e+00
7.416161616161627279e-01
9.999999999999974187e-03
0.000000000000000000e+00
5.623232323232326690e-01
1.234242424242425695e+00
0.000000000000000000e+00
7.701010101010111741e-01
5.206060606060617379e-01
9.844444444444460096e-01
0.000000000000000000e+00
9.999999999999962044e-03
