1.164242424242423191e+00
7.688888888888893991e-01
0.000000000000000000e+00
6.276767676767672777e-01
1.238080808080809669e+00
5.595959595959610899e-01
1.990909090909089574e-01
6.021212121212113910e-01
2.327272727272732267e-01
6.100000000000005418e-01
1.945444444444445153e+01
1.490909090909092460e-01
0.000000000000000000e+00
3.844444444444445330e-01
6.567676767676758898e-01
1.718282828282828412e+00
0.000000000000000000e+00
0.000000000000000000e+00
1.228404040404040920e+01
7.347474747474742607e-01
0.000000000000000000e+00
3.909090909090909838e-01
9.444444444444461961e-01
1.893939393939393923e-01
0.000000000000000000e+00
0.000000000000000000e+00
8.804040404040408552e-01
0.000000000000000000e+00
0.000000000000000000e+00
6.975757575757568496e-01
1.797272727272728687e+00
2.939393939393944444e-02
1.943434343434342904e-01
1.859595959595960191e-01
8.348484848484861720e-01
5.962626262626256057e-01
1.992595959595957922e+01
1.270121212121213361e+01
2.121212121212122381e-01
9.793939393939387061e-01
2.373939393939398901e+00
4.407070707070706028e-01
8.389898989899001736e-01
6.091919191919186183e-01
9.159595959595954184e-01
0.000000000000000000e+00
4.201010101010096975e-01
0.000000000000000000e+00
9.673737373737388845e-01
3.976363636363635656e+00
7.332323232323225692e-01
0.000000000000000000e+00
2.939393939393943056e-02
3.084848484848488614e-01
1.105656565656565116e+00
2.710101010101012564e-01
8.080808080808096205e-01
3.659595959595957071e-01
1.827878787878786770e+00
6.773737373737364065e-01
1.425161616161615363e+01
4.472727272727274883e-01
9.713333333333341812e+00
0.000000000000000000e+00
5.930303030303017975e-01
1.979797979797979016e-02
1.879898989898987960e+00
7.107070707070713977e-01
2.521212121212118573e-01
2.939393939393944097e-02
9.117171717171720369e-01
0.000000000000000000e+00
8.098989898989880087e-01
1.161616161616163323e+00
2.979797979797976781e-02
1.390818181818181820e+01
7.626262626262613198e-01
7.989898989898988058e-01
9.053333333333318578e+00
2.900000000000002576e-01
6.135353535353529342e-01
6.548484848484842358e-01
2.939393939393944097e-02
1.882424242424240779e+00
1.444848484848484160e+00
8.831313131313140996e-01
4.822222222222217192e-01
9.867676767676776262e-01
2.797979797979803784e-01
1.990909090909090962e-01
0.000000000000000000e+00
5.496969696969689068e-01
2.939393939393942362e-02
7.776767676767679660e-01
6.265656565656581023e-01
4.568686868686874236e-01
8.136363636363639351e-01
7.885858585858592784e-01
5.697979797979807470e-01
1.870010101010100456e+01
1.415252525252526317e+00
0.000000000000000000e+00
9.999999999999970718e-03
4.267272727272721333e+00
2.460606060606065904e-01
6.458585858585860207e-01
4.827272727272722830e-01
2.543434343434340383e-01
2.509090909090911925e-01
1.181818181818180324e+00
2.516161616161619041e-01
9.999999999999981126e-03
0.000000000000000000e+00
8.844444444444450326e-01
7.057575757575759168e-01
2.000000000000003164e-02
0.000000000000000000e+00
9.409090909090903621e-01
7.506060606060611651e-01
2.279898989898986539e+00
2.513333333333334529e+00
3.865656565656566679e-01
1.457575757575757247e-01
5.328282828282836503e-01
8.062626262626274576e-01
2.713131313131313949e-01
7.329292929292919867e-01
0.000000000000000000e+00
3.564747474747480549e+00
0.000000000000000000e+00
0.000000000000000000e+00
0.000000000000000000e+00
0.000000000000000000e+00
6.341414141414148942e-01
4.809090909090904531e-01
4.680707070707065043e+00
2.521212121212118573e-01
1.336868686868684986e+00
6.409090909090897625e-01
0.000000000000000000e+00
5.489898989898981396e-01
7.659595959595966175e-01
0.000000000000000000e+00
7.278787878787880139e-01
2.197979797979799643e-01
8.718181818181818254e-01
6.711111111111107697e-01
1.943434343434342904e-01
7.086868686868678102e-01
9.999999999999993269e-03
9.529292929292909609e-01
6.415151515151508166e-01
0.000000000000000000e+00
9.804040404040388346e-01
1.911717171717173924e+00
5.649494949494937579e-01
8.337373737373728888e-01
1.574747474747474341e+00
6.403030303030300407e-01
3.878787878787879478e-02
3.878787878787880172e-02
0.000000000000000000e+00
6.575757575757583406e-02
3.971212121212113644e+00
8.579797979797968432e-01
2.016717171717171553e+01
9.999999999999991535e-03
6.540404040404027564e-01
2.690505050505053397e+00
8.063636363636370596e-01
1.979797979797979710e-02
6.758585858585851591e-01
4.010101010101007613e-01
0.000000000000000000e+00
4.640404040404047525e-01
3.232929292929293652e+00
6.442424242424237280e-01
6.575757575757593121e-02
2.939393939393944791e-02
5.868686868686857627e-01
0.000000000000000000e+00
1.068989898989898046e+00
9.090909090909084223e-02
7.324242424242413119e-01
1.202020202020200462e-01
5.262626262626250995e-01
7.886868686868667710e-01
4.485858585858572556e-01
4.859595959595955916e-01
1.425252525252528324e-01
9.577777777777748414e-01
1.038282828282828696e+00
6.716161616161626657e-01
8.087878787878796105e-01
0.000000000000000000e+00
1.183030303030305319e+00
0.000000000000000000e+00
7.267676767676768401e-01
0.000000000000000000e+00
4.714747474747478684e+00
3.412020202020210391e+00
6.756565656565668432e-01
6.696969696969710950e-02
0.000000000000000000e+00
6.948484848484844933e-01
0.000000000000000000e+00
1.511010101010096918e+00
0.000000000000000000e+00
0.000000000000000000e+00
1.654545454545455485e-01
1.946545454545455200e+01
2.525252525252525415e-01
1.755555555555553260e-01
2.912121212121215330e-01
7.569696969696979583e-01
1.839535353535353934e+01
7.023636363636350133e+00
7.265252525252530624e+00
2.773737373737370504e-01
4.685858585858582170e-01
4.591919191919194843e-01
2.673737373737370970e-01
1.820000000000000728e+00
0.000000000000000000e+00
5.190909090909094026e+00
6.098989898989891634e-01
8.729292929292933323e-01
3.303030303030307091e-01
2.111616161616157505e+00
5.064646464646472834e-01
0.000000000000000000e+00
2.297979797979799177e-01
8.337373737373749982e-01
7.607070707070689997e-01
2.344040404040406589e+00
1.479898989898988049e+00
2.262929292929289016e+00
8.164646464646465596e-01
6.782828282828288202e-01
3.084848484848486949e-01
5.267676767676776617e-01
4.867676767676771266e-01
0.000000000000000000e+00
1.554545454545456229e-01
8.609090909090890698e-01
8.876767676767691739e-01
5.896363636363637362e+00
7.558585858585862294e-01
3.017171717171722722e-01
5.502020202020211359e-01
7.215151515151513317e-01
7.176767676767686899e-01
5.919191919191918450e-02
9.999999999999979391e-03
2.121212121212122381e-01
3.440404040404040131e+00
3.742424242424241543e-01
1.350606060606061920e+00
1.227373737373735230e+00
9.589898989899003912e-01
0.000000000000000000e+00
0.000000000000000000e+00
5.210101010100997021e-01
2.958585858585859540e+00
1.559989898989899082e+01
5.786868686868694711e-01
1.535555555555554230e+00
6.329292929292922310e-01
3.290909090909088786e-01
6.039393939393945532e-01
7.759595959595957382e-01
2.464040404040407584e+00
0.000000000000000000e+00
1.948484848484846044e+00
0.000000000000000000e+00
0.000000000000000000e+00
1.037070707070706810e+00
9.888888888888903994e-02
0.000000000000000000e+00
8.661616161616161325e-01
7.548484848484854348e-01
4.359696969696964075e+00
5.788888888888885642e-01
5.759595959595963377e-01
2.080202020202020829e+00
7.295959595959602417e-01
8.238585858585862454e+00
7.634343434343421331e-01
9.872727272727251924e-01
2.521212121212118573e-01
8.448484848484834053e-01
3.717474747474746266e+00
8.337373737373745541e-01
0.000000000000000000e+00
8.470707070707060860e-01
6.317171717171716772e-01
2.016060606060604332e+00
0.000000000000000000e+00
8.338383838383829350e-01
1.142424242424246311e-01
5.975757575757588702e-01
6.119191919191913076e-01
3.862626262626268070e-01
7.425252525252518110e-01
0.000000000000000000e+00
7.121212121212109336e-01
5.696969696969706592e-02
2.327272727272732267e-01
7.332323232323222362e-01
6.821212121212114621e-01
0.000000000000000000e+00
9.999999999999974187e-03
7.638383838383837610e-01
4.714141414141423403e-01
0.000000000000000000e+00
0.000000000000000000e+00
6.030303030303034717e-01
9.218181818181813147e-01
8.803030303030320303e-01
0.000000000000000000e+00
1.507272727272727542e+00
3.710101010101011787e-01
2.746464646464643167e+00
1.612727272727273453e+00
2.115656565656568677e+00
7.052525252525245758e-01
6.161111111111119421e+00
6.212121212121225478e-01
6.685858585858575065e-01
0.000000000000000000e+00
5.816161616161624748e-01
8.269696969696966882e-01
8.751515151515165680e-01
0.000000000000000000e+00
7.691919191919204257e-01
4.229292929292927661e-01
9.090909090909075896e-02
5.844444444444437670e-01
5.581818181818173352e-01
9.888888888888897055e-02
9.961616161616166920e-01
0.000000000000000000e+00
3.878787878787880172e-02
9.999999999999960310e-03
0.000000000000000000e+00
1.971979797979799898e+01
6.952525252525257882e-01
6.796161616161609409e+00
3.351515151515149782e-01
1.148484848484849552e+00
1.453030303030300452e+00
1.129090909090910033e+00
0.000000000000000000e+00
5.005050505050511189e-01
0.000000000000000000e+00
2.365454545454550583e+00
0.000000000000000000e+00
1.131515151515153805e+00
9.037373737373746163e-01
0.000000000000000000e+00
1.287878787878786180e-01
4.797979797979797650e-02
0.000000000000000000e+00
1.788888888888889583e-01
0.000000000000000000e+00
4.060606060606061773e-01
1.865656565656567956e-01
9.357575757575742337e-01
1.151121212121211634e+01
2.354545454545460548e-01
1.142424242424245201e-01
0.000000000000000000e+00
2.036363636363636709e-01
0.000000000000000000e+00
7.744444444444442688e-01
0.000000000000000000e+00
6.757575757575765563e-01
2.509090909090911925e-01
6.988888888888880047e-01
6.127272727272720099e-01
2.823636363636357505e+00
7.581818181818186231e-01
0.000000000000000000e+00
0.000000000000000000e+00
6.163636363636357807e-01
6.159595959595953740e-01
5.626262626262616973e-01
8.039393939393943977e-01
3.878787878787880172e-02
2.752424242424247769e+00
8.985757575757579829e+00
6.333333333333344140e-01
1.943434343434342904e-01
4.840404040404037156e-01
6.875757575757571738e-01
8.515151515151524464e-01
6.358585858585855677e-01
2.079797979797981533e-01
7.586868686868692979e-01
1.473232323232320784e+00
7.158585858585863049e-01
6.076767676767670379e-01
1.044424242424241989e+01
3.048484848484853682e-01
1.117505050505049091e+01
7.238383838383833924e-01
5.440404040404048791e-01
2.276666666666664618e+00
7.294949494949496405e-01
7.817171717171714773e-01
0.000000000000000000e+00
1.756969696969698180e+00
1.675757575757576834e-01
6.601010101010108544e-01
9.090808080808079339e+00
1.051919191919190144e+00
1.015545454545452664e+01
8.825252525252506031e-01
1.490909090909092460e-01
9.905050505050515541e-01
7.989898989898982506e-01
1.018888888888887179e+00
9.999999999999981126e-03
2.266666666666661833e-01
1.434989898989898016e+01
1.216363636363638756e+00
2.904444444444446827e+00
0.000000000000000000e+00
6.620202020202009541e-01
4.114141414141419539e-01
1.806262626262626236e+00
0.000000000000000000e+00
9.888888888888898443e-02
0.000000000000000000e+00
1.520808080808081941e+00
7.888888888888878625e-01
1.186868686868683825e-01
4.812727272727268080e+00
4.582828282828276811e-01
0.000000000000000000e+00
2.354545454545460548e-01
8.720202020202024729e-01
1.082727272727273871e+00
1.425222222222222257e+01
2.323131313131311604e+00
0.000000000000000000e+00
0.000000000000000000e+00
1.316161616161619918e-01
2.363939393939393785e+00
8.459595959595980208e-01
0.000000000000000000e+00
4.636363636363645679e-01
5.965656565656559662e-01
7.327272727272742259e-01
6.136363636363642016e-01
8.039393939393947308e-01
1.049696969696969795e+00
8.288888888888880091e-01
7.379797979797979579e-01
0.000000000000000000e+00
0.000000000000000000e+00
9.502020202020193818e-01
6.878787878787881449e-02
0.000000000000000000e+00
2.160606060606058976e-01
1.943434343434342904e-01
1.414141414141412978e-01
9.441414141414151695e-01
5.266666666666665053e-01
7.910101010101019403e-01
2.266666666666662389e-01
0.000000000000000000e+00
2.548484848484846021e-01
1.784343434343431900e+00
1.144040404040406411e+00
1.268787878787880796e+00
5.631313131313135933e-01
2.757575757575752018e-01
2.242424242424238268e-01
7.958585858585865980e-01
8.455555555555545055e-01
2.423494949494950035e+01
6.571717171717157413e-01
7.104040404040408152e-01
5.321212121212126611e-01
1.070303030303031866e+00
2.014343434343436101e+00
2.840404040404044261e-01
4.006060606060605767e-01
0.000000000000000000e+00
7.808080808080799518e-01
1.792929292929290042e-01
1.161919191919194461e+00
1.893939393939393923e-01
0.000000000000000000e+00
0.000000000000000000e+00
7.881818181818182056e-01
9.999999999999993269e-03
0.000000000000000000e+00
4.382828282828281630e-01
4.456464646464644908e+00
1.037474747474748327e+00
6.241515151515161897e+00
0.000000000000000000e+00
2.121212121212122381e-01
8.959595959595972881e-01
1.979797979797979710e-02
9.185858585858581726e-01
8.563636363636369930e-01
0.000000000000000000e+00
1.179595959595958421e+00
1.034565656565656155e+01
4.652525252525246957e-01
8.397979797979822081e-01
2.191010101010096189e+00
7.602020202020205453e-01
6.884848484848482553e-01
8.256565656565671985e-01
0.000000000000000000e+00
5.279797979797987706e-01
1.388181818181817295e+00
4.434343434343427925e-01
1.065656565656564636e+00
7.973737373737386225e-01
2.182424242424246152e+00
0.000000000000000000e+00
7.596969696969686492e-01
7.434343434343430868e-02
6.701010101010115294e-01
1.900202020202016007e+00
1.134525252525252448e+01
3.041818181818181532e+00
3.707070707070706517e-01
0.000000000000000000e+00
3.565858585858588725e+00
7.254545454545447969e-01
3.731313131313129805e-01
6.881919191919195100e+00
6.302020202020212070e-01
9.999999999999991535e-03
8.614141414141417430e-01
8.179797979797964746e-01
0.000000000000000000e+00
8.626262626262639621e-01
9.999999999999960310e-03
1.171111111111111436e+00
0.000000000000000000e+00
9.020202020202002791e-01
5.803030303030314307e-01
9.999999999999981126e-03
3.768686868686868419e+00
1.979797979797979016e-02
1.859696969696971625e+00
7.130303030303037914e-01
9.090909090909091161e-02
7.466666666666655905e-01
0.000000000000000000e+00
1.095858585858586753e+00
4.090909090909081725e-01
2.915414141414139948e+01
5.792929292929286378e-01
3.820101010101006000e+00
3.166767676767670459e+00
8.042424242424255354e-01
0.000000000000000000e+00
6.054545454545460226e-01
1.205959595959596786e+00
6.859595959595958803e-01
8.702020202020206430e-01
2.079797979797981811e-01
7.528787878787869481e+00
7.045454545454550299e-01
7.434343434343430868e-02
8.404040404040412637e-01
7.345454545454535022e-01
9.272727272727272763e-02
1.997909090909091034e+01
8.208080808080799873e-01
5.867676767676773819e-01
1.397777777777780228e+00
7.249494949494960094e-01
5.203232323232318990e+00
0.000000000000000000e+00
0.000000000000000000e+00
6.541414141414129135e-01
2.968686868686873925e-01
1.199585858585859377e+01
7.121212121212104895e-01
1.979797979797979016e-02
5.662626262626262452e-01
9.141414141414140326e-01
0.000000000000000000e+00
2.167474747474752217e+00
1.875585858585858645e+01
5.885858585858576575e-01
1.857575757575758713e-01
1.554545454545456229e-01
2.857171717171722580e+00
1.979797979797979710e-02
2.464575757575757464e+01
0.000000000000000000e+00
6.313131313131298272e-01
0.000000000000000000e+00
7.618181818181821718e-01
2.475757575757577267e-01
0.000000000000000000e+00
6.931313131313130427e-01
2.160606060606058421e-01
1.202030303030302960e+01
2.354545454545460270e-01
6.519191919191926754e-01
2.525252525252525415e-01
1.287878787878785070e-01
3.829292929292931191e-01
8.710101010100995689e-01
1.842424242424241798e-01
1.760606060606060064e+00
0.000000000000000000e+00
7.429292929292937719e-01
9.414141414141417030e-01
1.884545454545451637e+00
6.782828282828291533e-01
1.243030303030303818e+00
7.201010101010101305e-01
0.000000000000000000e+00
5.512121212121218194e-01
5.696969696969703817e-02
3.133333333333336301e-01
1.699373737373736049e+01
2.115010101010100385e+01
5.975757575757580931e-01
3.878787878787880172e-02
6.460606060606048917e-01
2.117040404040404411e+01
7.614141414141412101e-01
7.515151515151511363e-01
2.616161616161619685e-01
7.470707070707068853e-01
1.186868686868684242e-01
7.456565656565655731e-01
2.545606060606061760e+01
1.719191919191919438e-01
0.000000000000000000e+00
9.692929292929287621e-01
1.275898989898990088e+01
5.413131313131319677e-01
9.110101010101021579e-01
1.616161616161617132e-01
1.392929292929294238e+00
1.425252525252527769e-01
0.000000000000000000e+00
1.490909090909092460e-01
6.535555555555556673e+00
1.361111111111111605e+00
2.973969696969697551e+01
0.000000000000000000e+00
4.915151515151519046e-01
7.184848484848491701e-01
6.454545454545456140e-01
5.696969696969710756e-02
7.712121212121216818e-01
6.164646464646469370e-01
1.733333333333331450e-01
3.775555555555550225e+00
0.000000000000000000e+00
1.049494949494951673e-01
1.076363636363634635e+00
0.000000000000000000e+00
1.316161616161617143e-01
5.298989898989903136e-01
7.010101010101003061e-01
3.749090909090911250e+00
6.934343434343429591e-01
1.990909090909089574e-01
7.597979797979800276e-01
2.552525252525248423e-01
5.213131313131301736e-01
3.742424242424240433e-01
0.000000000000000000e+00
3.216767676767681827e+00
1.216161616161618164e-01
2.079797979797981533e-01
0.000000000000000000e+00
1.979797979797979016e-02
0.000000000000000000e+00
6.055555555555545144e-01
9.888888888888901219e-02
3.727272727272726294e-01
0.000000000000000000e+00
7.645454545454546391e-01
6.313131313131324918e-01
1.026060606060607894e+00
7.550505050505050830e-01
1.005151515151514685e+00
8.358585858585847461e-01
8.645151515151511035e+00
1.993373737373736887e+01
8.101010101010103215e-01
5.707070707070717175e-01
3.655656565656568269e+00
1.554545454545456229e-01
1.585555555555553608e+00
0.000000000000000000e+00
1.275858585858585803e+00
7.226262626262632827e-01
0.000000000000000000e+00
7.231313131313128473e-01
8.555555555555553748e-02
0.000000000000000000e+00
2.145454545454541950e+00
1.130252525252526041e+01
1.688888888888890882e-01
5.729292929292939540e-01
8.088888888888887685e-01
1.601515151515153557e+00
6.745454545454558914e-01
6.884848484848477002e-01
6.777777777777772850e-02
7.953535353535355901e-01
4.797979797979803201e-02
7.694949494949506752e-01
1.219292929292931316e+00
7.375757575757592166e-01
7.473737373737390222e-01
1.986868686868691058e-01
2.327272727272732267e-01
7.008080808080814350e-01
6.575757575757583406e-02
2.062121212121212022e+00
1.535555555555553342e+00
4.107070707070693549e-01
1.650101010101009402e+00
0.000000000000000000e+00
2.266666666666661833e-01
2.327272727272731989e-01
7.304040404040397227e-01
1.078080808080809971e+00
9.999999999999991535e-03
5.941414141414141925e-01
6.855555555555550296e-01
1.882414141414141184e+01
9.999999999999991535e-03
2.443535353535352783e+00
4.797979797979805283e-02
1.266666666666670660e-01
2.527171717171717624e+00
1.001818181818183051e+00
5.973737373737390000e-01
9.090909090909075896e-02
1.358848484848485327e+01
1.223636363636365854e+00
7.247474747474764722e-01
4.797979797979804589e-02
1.990909090909091239e-01
6.175757575757585549e-01
9.570707070707050734e-01
2.572727272727266978e+00
0.000000000000000000e+00
0.000000000000000000e+00
3.207070707070705518e-01
4.833333333333320048e-01
8.847474747474751711e-01
1.475858585858588201e+00
9.893939393939381599e-01
6.656565656565642808e-01
2.601010101010097220e-01
0.000000000000000000e+00
0.000000000000000000e+00
9.126262626262638955e-01
7.157575757575747044e-01
9.657575757575774800e-01
0.000000000000000000e+00
1.095555555555554728e+00
2.139090909090911374e+00
1.530303030303026834e-01
6.386363636363642904e+00
8.661616161616183529e-01
1.327474747474750805e+00
7.338383838383851776e-01
2.119090909090905139e+00
9.077777777777775725e-01
0.000000000000000000e+00
6.370707070707057884e-01
9.259595959595955383e-01
1.979797979797979363e-02
8.539393939393949973e-01
6.979797979797988106e-01
1.043333333333333002e+01
2.329090909090905992e+00
3.933333333333331461e-01
3.864646464646457336e-01
0.000000000000000000e+00
1.943434343434342904e-01
0.000000000000000000e+00
2.197979797979799643e-01
6.054545454545470218e-01
2.133333333333337356e-01
3.045454545454538975e-01
6.588888888888896345e-01
4.025656565656561270e+00
5.710909090909084718e+00
3.796969696969703101e-01
0.000000000000000000e+00
0.000000000000000000e+00
5.600202020202017295e+00
5.053535353535353325e-01
8.341414141414128514e-01
1.154545454545456984e+00
0.000000000000000000e+00
4.811111111111103233e-01
6.575757575757591733e-02
0.000000000000000000e+00
4.842323232323223259e+00
7.404040404040396206e-01
8.280808080808090832e-01
2.527272727272724118e-01
9.817171717171725431e-01
2.036363636363637541e-01
9.247474747474747625e-01
1.541818181818181310e+00
5.877777777777767332e-01
5.789898989898976112e-01
9.999999999999953371e-03
8.828282828282831840e-01
3.118686868686870284e+00
5.053535353535358876e-01
4.075757575757577578e-01
0.000000000000000000e+00
0.000000000000000000e+00
6.507070707070716775e-01
1.111010101010099449e+00
2.780808080808086502e-01
1.287878787878783127e-01
2.230606060606063146e+00
1.211373737373737569e+01
1.027676767676766190e+00
1.357979797979800285e+00
1.190101010101010770e+00
2.187878787878788645e-01
1.990909090909089574e-01
1.767101010101008995e+01
1.075666666666667126e+01
4.943434343434330858e-01
6.544444444444456055e-01
1.112626262626261298e+00
8.478787878787871213e-01
8.152525252525253396e-01
2.027272727272729780e-01
0.000000000000000000e+00
9.999999999999948166e-03
5.433333333333335569e-01
3.829292929292931191e+00
7.078787878787876631e-01
1.165414141414141547e+01
6.256161616161617367e+00
3.192929292929294505e+00
5.759595959595950054e-01
0.000000000000000000e+00
8.192929292929301832e-01
6.074747474747471676e-01
0.000000000000000000e+00
2.348434343434344029e+01
4.377777777777773771e-01
4.018181818181819076e-01
7.273737373737361178e-01
9.363636363636367310e-01
7.354545454545449168e-01
9.358585858585856121e-01
1.168484848484846461e+00
0.000000000000000000e+00
0.000000000000000000e+00
1.040343434343434836e+01
5.833333333333329263e-01
1.080262626262626746e+01
1.943434343434342904e-01
6.733333333333331172e-01
0.000000000000000000e+00
6.230606060606057817e+00
0.000000000000000000e+00
2.435656565656566297e+00
0.000000000000000000e+00
4.303030303030300208e-01
5.806363636363632175e+00
6.838383838383849112e-01
8.726262626262618616e-01
1.806282828282828135e+01
1.039292929292927825e+00
1.033030303030304520e+00
0.000000000000000000e+00
6.617171717171723699e-01
0.000000000000000000e+00
9.452525252525270094e-01
4.326060606060602609e+00
2.979797979797979557e-02
5.471818181818190574e+00
2.560717171717170970e+01
7.558585858585865624e-01
0.000000000000000000e+00
9.116161616161632120e-01
1.268313131313131237e+01
1.093636363636363962e+00
5.756565656565654221e-01
1.108595959595959357e+01
0.000000000000000000e+00
4.377777777777783763e-01
0.000000000000000000e+00
7.575757575757585682e-02
1.460232323232323637e+01
1.357575757575757991e-01
2.542626262626263234e+00
1.511010101010103135e+00
8.495959595959601263e-01
3.404040404040408752e-01
1.788888888888889306e-01
1.340404040404039321e-01
4.637373737373730598e-01
1.437474747474748460e+00
6.863636363636368420e-01
7.913131313131301914e-01
4.797979797979804589e-02
2.823232323232325869e-01
2.748383838383835265e+00
9.759595959595957382e+00
6.612121212121212510e-01
5.941414141414140815e-01
1.127070707070709332e+00
0.000000000000000000e+00
2.236262626262626796e+01
5.813131313131304490e-01
3.953535353535350683e-01
1.281111111111109979e+00
4.992929292929285112e-01
6.327272727272739150e-01
1.320303030303030978e+00
3.878787878787880172e-02
3.418181818181817988e-01
0.000000000000000000e+00
3.333333333333325377e-01
9.495959595959588828e-01
1.647010101010100414e+01
1.559585858585857743e+01
7.451515151515142321e-01
2.379797979797985685e-01
8.120202020202013093e-01
6.847474747474736612e-01
1.006666666666666154e+00
2.233333333333339110e-01
1.068080808080810185e+00
0.000000000000000000e+00
1.228888888888890252e+00
7.449494949494953611e-01
7.298989898989908243e-01
5.958585858585867534e-01
9.312121212121230451e-01
2.516161616161619596e-01
2.623050505050505166e+01
6.301010101010113829e-01
2.574040404040407015e+00
7.364646464646452673e-01
7.887878787878787046e-01
4.413131313131318789e-01
6.221212121212135182e-01
5.662626262626254681e-01
3.635050505050501091e+00
7.871717171717165229e-01
8.014141414141433550e-01
7.989898989898979176e-01
0.000000000000000000e+00
4.933333333333338455e-01
6.007070707070718552e-01
9.342424242424228753e-01
8.181818181818169000e-01
1.022828282828284197e+00
1.675757575757576556e-01
0.000000000000000000e+00
1.554545454545456229e-01
0.000000000000000000e+00
5.364646464646474211e-01
0.000000000000000000e+00
1.816161616161618975e-01
6.681818181818176550e-01
8.267676767676772620e-01
3.878787878787880172e-02
1.216161616161617887e-01
1.980101010101006143e+00
6.386868686868684142e-01
3.449090909090910539e+00
0.000000000000000000e+00
0.000000000000000000e+00
6.960606060606056023e-01
0.000000000000000000e+00
0.000000000000000000e+00
5.454545454545460803e-01
1.272626262626264770e+00
0.000000000000000000e+00
7.958585858585845996e-01
6.140404040404047192e-01
1.075353535353537060e+00
0.000000000000000000e+00
9.999999999999962044e-03
