1.262525252525250385e+00
6.775757575757586082e-01
0.000000000000000000e+00
6.217171717171707801e-01
1.247474747474749179e+00
5.278787878787870591e-01
2.036363636363637819e-01
6.141414141414133221e-01
2.266666666666661278e-01
4.369696969696961752e-01
1.875333333333334096e+01
1.216161616161619136e-01
0.000000000000000000e+00
2.903030303030309511e-01
6.793939393939381066e-01
1.546464646464644765e+00
0.000000000000000000e+00
0.000000000000000000e+00
1.168303030303030177e+01
6.968686868686868596e-01
0.000000000000000000e+00
3.763636363636362892e-01
8.346464646464660797e-01
1.788888888888890416e-01
0.000000000000000000e+00
0.000000000000000000e+00
9.602020202020212780e-01
0.000000000000000000e+00
0.000000000000000000e+00
7.066666666666659991e-01
1.753030303030302273e+00
9.999999999999986330e-03
1.893939393939393923e-01
1.671717171717171102e-01
7.939393939393940558e-01
5.974747474747460485e-01
1.877101010101008782e+01
1.157525252525253023e+01
1.943434343434342904e-01
9.735353535353518106e-01
2.201919191919193608e+00
3.977777777777770640e-01
7.869696969696970967e-01
5.825252525252531122e-01
7.554545454545463778e-01
0.000000000000000000e+00
4.141414141414134775e-01
0.000000000000000000e+00
9.421212121212114710e-01
3.942828282828282127e+00
7.036363636363641705e-01
0.000000000000000000e+00
2.939393939393943056e-02
2.727272727272732067e-01
8.224242424242430571e-01
2.408080808080813318e-01
7.977777777777789181e-01
2.814141414141415609e-01
1.617575757575758777e+00
6.645454545454552164e-01
1.336393939393939867e+01
4.393939393939387261e-01
8.718383838383843454e+00
0.000000000000000000e+00
4.975757575757583373e-01
1.979797979797979016e-02
1.735252525252523492e+00
7.327272727272726716e-01
2.509090909090911925e-01
9.999999999999956840e-03
8.790909090909091450e-01
0.000000000000000000e+00
7.640404040404056296e-01
1.031010101010100266e+00
3.939393939393939781e-02
1.233919191919191327e+01
8.030303030303022060e-01
7.676767676767674020e-01
8.556969696969696670e+00
3.010101010101015606e-01
5.958585858585851991e-01
6.105050505050514387e-01
2.939393939393944097e-02
1.940404040404038133e+00
1.248585858585858688e+00
8.272727272727249392e-01
4.523232323232324048e-01
8.460606060606044032e-01
2.971717171717171979e-01
2.036363636363636709e-01
9.999999999999984596e-03
5.679797979797973628e-01
2.979797979797976781e-02
6.903030303030306403e-01
5.836363636363645080e-01
4.490909090909095402e-01
7.976767676767665405e-01
7.615151515151512562e-01
4.302020202020197526e-01
1.682181818181817690e+01
1.300000000000002265e+00
0.000000000000000000e+00
9.999999999999970718e-03
4.279494949494941913e+00
2.403030303030307957e-01
6.394949494949487834e-01
4.922222222222217836e-01
2.095959595959595578e-01
2.524242424242423843e-01
1.057575757575759612e+00
2.516161616161619041e-01
0.000000000000000000e+00
9.999999999999953371e-03
8.697979797979811245e-01
6.629292929292920356e-01
9.999999999999998473e-03
0.000000000000000000e+00
9.147474747474758638e-01
7.449494949494961382e-01
2.005959595959593500e+00
2.210909090909091823e+00
3.408080808080806157e-01
1.357575757575757991e-01
4.925252525252519775e-01
7.772727272727251169e-01
2.777777777777773460e-01
6.989898989898988280e-01
0.000000000000000000e+00
3.468989898989901732e+00
0.000000000000000000e+00
0.000000000000000000e+00
0.000000000000000000e+00
0.000000000000000000e+00
6.389898989898984416e-01
4.204040404040397805e-01
4.506161616161621808e+00
2.500000000000001110e-01
1.055252525252523554e+00
5.582828282828282696e-01
0.000000000000000000e+00
5.066666666666658214e-01
7.238383838383835034e-01
0.000000000000000000e+00
7.377777777777787538e-01
2.036363636363636154e-01
8.167676767676771421e-01
6.523232323232316388e-01
1.990909090909089574e-01
6.786868686868705591e-01
9.999999999999993269e-03
9.005050505050515852e-01
5.713131313131305511e-01
0.000000000000000000e+00
8.671717171717154837e-01
1.581414141414144048e+00
5.081818181818174018e-01
7.626262626262622080e-01
1.558080808080806845e+00
5.696969696969692576e-01
1.979797979797979363e-02
2.939393939393943403e-02
0.000000000000000000e+00
3.878787878787880172e-02
3.867777777777772652e+00
8.261616161616172072e-01
1.938383838383835922e+01
9.999999999999991535e-03
7.258585858585855366e-01
2.586868686868687206e+00
7.679797979797983176e-01
1.979797979797979016e-02
6.604040404040395495e-01
4.036363636363637375e-01
0.000000000000000000e+00
4.438383838383845315e-01
3.236565656565657090e+00
5.630303030303024370e-01
5.696969696969707286e-02
1.979797979797979016e-02
5.655555555555565883e-01
0.000000000000000000e+00
1.081313131313134113e+00
9.888888888888895667e-02
7.020202020202017668e-01
7.020202020202033488e-02
5.287878787878794729e-01
7.335353535353534848e-01
3.691919191919192933e-01
3.523232323232316499e-01
1.425252525252528324e-01
9.141414141414154759e-01
9.856565656565640099e-01
6.596969696969688934e-01
8.065656565656578181e-01
0.000000000000000000e+00
1.108585858585860562e+00
0.000000000000000000e+00
6.892929292929294016e-01
0.000000000000000000e+00
4.559090909090906862e+00
3.032929292929299248e+00
6.524242424242437943e-01
7.575757575757587070e-02
0.000000000000000000e+00
6.845454545454546791e-01
0.000000000000000000e+00
1.378080808080808239e+00
0.000000000000000000e+00
0.000000000000000000e+00
1.242424242424244457e-01
1.723616161616162046e+01
2.509090909090911925e-01
1.155555555555557862e-01
2.810101010101004881e-01
7.084848484848471628e-01
1.661808080808082266e+01
6.711414141414138612e+00
7.274242424242424399e+00
1.809090909090910471e-01
4.195959595959595778e-01
4.406060606060597795e-01
2.552525252525248978e-01
1.769797979797977039e+00
0.000000000000000000e+00
5.406666666666672505e+00
6.020202020202013449e-01
8.228282828282817984e-01
2.719191919191910611e-01
2.052727272727270513e+00
4.305050505050502796e-01
0.000000000000000000e+00
2.182828282828280231e-01
7.452525252525248334e-01
7.627272727272729202e-01
2.239797979797980787e+00
1.505656565656565693e+00
2.268484848484852545e+00
8.111111111111116712e-01
6.831313131313132558e-01
2.678787878787879939e-01
5.283838383838384001e-01
4.221212121212126744e-01
0.000000000000000000e+00
1.425252525252528324e-01
7.825252525252528457e-01
8.661616161616163545e-01
5.950606060606059344e+00
7.458585858585876638e-01
2.700000000000005729e-01
5.316161616161608761e-01
7.084848484848490502e-01
6.450505050505048743e-01
5.919191919191918450e-02
0.000000000000000000e+00
2.036363636363637819e-01
2.980909090909088732e+00
3.581818181818178237e-01
1.208282828282828403e+00
1.209090909090911659e+00
9.416161616161624615e-01
0.000000000000000000e+00
0.000000000000000000e+00
5.498989898989903313e-01
2.307878787878789861e+00
1.379505050505051145e+01
5.377777777777784651e-01
1.594343434343432842e+00
5.958585858585865314e-01
3.093939393939389437e-01
5.662626262626255791e-01
7.465656565656565435e-01
2.206161616161619765e+00
0.000000000000000000e+00
2.039090909090908621e+00
0.000000000000000000e+00
0.000000000000000000e+00
9.635353535353542442e-01
9.888888888888898443e-02
9.999999999999960310e-03
8.483838383838402386e-01
7.013131313131317768e-01
3.900909090909088661e+00
5.851515151515161994e-01
4.951515151515155644e-01
1.838585858585857435e+00
6.907070707070699367e-01
7.601919191919192187e+00
7.120202020202029969e-01
9.299999999999983835e-01
2.516161616161619596e-01
8.605050505050493292e-01
3.700808080808079215e+00
7.464646464646479407e-01
0.000000000000000000e+00
7.664646464646481805e-01
5.819191919191925022e-01
1.784040404040400096e+00
0.000000000000000000e+00
8.240404040404029073e-01
1.066666666666670482e-01
5.901010101010114584e-01
5.732323232323244255e-01
3.736363636363634888e-01
6.274747474747465192e-01
0.000000000000000000e+00
7.050505050505062599e-01
3.878787878787880172e-02
2.233333333333338555e-01
7.314141414141411834e-01
6.562626262626274354e-01
0.000000000000000000e+00
0.000000000000000000e+00
7.211111111111101479e-01
4.782828282828280320e-01
0.000000000000000000e+00
0.000000000000000000e+00
6.241414141414129979e-01
8.684848484848498584e-01
8.273737373737358736e-01
0.000000000000000000e+00
1.301111111111112661e+00
3.314141414141418829e-01
2.326363636363636189e+00
1.390909090909093315e+00
1.947272727272727932e+00
6.357575757575748554e-01
5.481919191919184975e+00
6.046464646464632109e-01
5.930303030303037959e-01
0.000000000000000000e+00
5.776767676767686766e-01
7.920202020202017357e-01
7.910101010101016072e-01
0.000000000000000000e+00
7.829292929292918091e-01
4.621212121212128210e-01
9.888888888888901219e-02
5.882828282828291844e-01
5.052525252525246202e-01
1.066666666666668400e-01
9.021212121212133228e-01
0.000000000000000000e+00
9.999999999999962044e-03
1.979797979797979016e-02
0.000000000000000000e+00
1.758222222222221731e+01
7.008080808080806579e-01
6.464545454545456593e+00
3.060606060606066992e-01
1.007070707070705895e+00
1.212828282828285253e+00
1.025353535353533019e+00
0.000000000000000000e+00
5.008080808080804802e-01
0.000000000000000000e+00
2.072121212121213585e+00
0.000000000000000000e+00
1.050404040404039341e+00
7.930303030303030853e-01
0.000000000000000000e+00
1.287878787878785625e-01
4.797979797979797650e-02
0.000000000000000000e+00
1.716161616161616943e-01
0.000000000000000000e+00
3.914141414141414366e-01
1.383838383838383035e-01
8.656565656565667899e-01
1.156919191919191370e+01
2.460606060606066181e-01
7.434343434343430868e-02
0.000000000000000000e+00
2.233333333333338555e-01
0.000000000000000000e+00
7.728282828282819761e-01
0.000000000000000000e+00
6.847474747474757706e-01
2.516161616161619041e-01
6.594949494949482460e-01
5.836363636363643970e-01
2.333030303030301678e+00
8.334343434343443047e-01
0.000000000000000000e+00
0.000000000000000000e+00
5.622222222222235111e-01
5.319191919191913476e-01
4.583838383838390595e-01
8.365656565656571786e-01
3.878787878787880172e-02
2.667777777777773363e+00
8.619292929292937444e+00
5.600000000000011635e-01
1.842424242424241798e-01
5.344444444444435005e-01
6.581818181818194224e-01
7.847474747474739720e-01
5.448484848484856924e-01
1.893939393939393923e-01
7.589898989899003245e-01
1.311919191919191485e+00
7.045454545454551409e-01
6.439393939393944777e-01
8.833333333333328596e+00
2.535353535353541132e-01
1.129515151515151850e+01
7.057575757575748066e-01
5.025252525252534852e-01
2.041818181818179312e+00
6.696969696969685693e-01
7.037373737373734395e-01
0.000000000000000000e+00
1.873838383838382526e+00
1.788888888888889583e-01
6.684848484848490147e-01
8.041010101010110489e+00
9.824242424242435323e-01
8.630909090909089088e+00
9.651515151515156488e-01
1.425252525252528324e-01
9.287878787878801612e-01
8.183838383838392128e-01
1.003030303030302051e+00
0.000000000000000000e+00
2.379797979797985408e-01
1.390939393939393298e+01
1.043333333333334334e+00
2.737171717171720697e+00
0.000000000000000000e+00
6.548484848484840137e-01
4.278787878787870813e-01
1.585757575757577031e+00
0.000000000000000000e+00
9.090909090909080059e-02
0.000000000000000000e+00
1.446464646464645121e+00
7.300000000000005373e-01
7.575757575757584295e-02
4.236262626262630171e+00
4.591919191919185406e-01
0.000000000000000000e+00
2.379797979797985408e-01
8.423232323232340280e-01
9.368686868686884051e-01
1.321868686868687348e+01
2.360707070707071864e+00
0.000000000000000000e+00
0.000000000000000000e+00
1.242424242424245012e-01
2.221414141414142396e+00
7.912121212121200342e-01
0.000000000000000000e+00
4.679797979797973295e-01
4.378787878787883114e-01
7.273737373737390044e-01
5.817171717171725209e-01
8.046464646464642767e-01
9.398989898989910108e-01
8.024242424242427063e-01
7.406060606060590468e-01
0.000000000000000000e+00
0.000000000000000000e+00
8.975757575757568052e-01
3.979797979797980445e-02
0.000000000000000000e+00
2.036363636363636431e-01
1.425252525252528879e-01
1.436363636363637009e-01
9.620202020202034410e-01
5.214141414141422182e-01
7.669696969696966349e-01
2.297979797979792238e-01
0.000000000000000000e+00
2.415151515151519046e-01
1.598484848484848841e+00
9.464646464646453428e-01
1.251111111111109730e+00
4.711111111111110361e-01
2.599999999999997313e-01
1.671717171717169159e-01
7.806060606060607476e-01
8.159595959595961068e-01
2.117474747474746266e+01
6.874747474747467946e-01
5.938383838383848312e-01
5.267676767676763294e-01
9.231313131313150233e-01
1.853636363636363305e+00
3.421212121212121038e-01
3.973737373737377121e-01
0.000000000000000000e+00
6.786868686868678946e-01
1.731313131313132747e-01
1.082222222222224417e+00
1.990909090909090962e-01
0.000000000000000000e+00
0.000000000000000000e+00
7.541414141414130023e-01
0.000000000000000000e+00
0.000000000000000000e+00
4.327272727272721276e-01
4.267676767676764626e+00
1.099090909090909118e+00
5.637373737373740923e+00
0.000000000000000000e+00
1.893939393939393923e-01
8.750505050505038573e-01
1.979797979797979710e-02
9.138383838383825619e-01
8.218181818181831133e-01
0.000000000000000000e+00
1.075454545454544109e+00
9.096868686868681664e+00
4.387878787878792819e-01
7.462626262626259610e-01
2.239898989898987391e+00
7.435353535353540488e-01
6.612121212121221392e-01
8.046464646464647208e-01
0.000000000000000000e+00
5.109090909090920896e-01
1.305252525252523554e+00
4.346464646464641701e-01
1.116262626262625401e+00
7.788888888888886308e-01
1.904141414141414801e+00
0.000000000000000000e+00
7.102020202020202788e-01
5.696969696969712837e-02
6.685858585858578396e-01
1.803131313131315361e+00
1.035545454545454547e+01
2.860101010101011809e+00
3.866666666666669916e-01
0.000000000000000000e+00
3.398181818181822411e+00
7.275757575757575424e-01
3.737373737373730909e-01
5.844949494949498892e+00
6.365656565656558907e-01
9.999999999999991535e-03
7.933333333333325577e-01
6.943434343434344846e-01
0.000000000000000000e+00
8.091919191919199061e-01
1.979797979797979016e-02
1.020202020202018778e+00
0.000000000000000000e+00
7.212121212121227476e-01
5.438383838383845648e-01
9.999999999999981126e-03
3.360202020202022855e+00
9.999999999999991535e-03
1.782121212121210441e+00
6.975757575757580708e-01
6.575757575757590345e-02
7.523232323232338370e-01
0.000000000000000000e+00
1.047575757575756272e+00
3.858585858585859563e-01
2.736171717171717077e+01
5.990909090909082302e-01
3.582020202020205879e+00
3.143434343434340583e+00
8.183838383838388797e-01
0.000000000000000000e+00
6.248484848484856524e-01
1.086363636363635754e+00
5.958585858585868644e-01
8.859595959595956138e-01
2.121212121212122381e-01
7.155858585858585030e+00
6.740404040404038843e-01
7.434343434343430868e-02
8.777777777777756585e-01
7.139393939393943178e-01
9.090909090909086998e-02
1.794848484848483849e+01
8.018181818181825404e-01
5.670707070707061703e-01
1.311414141414144030e+00
6.762626262626270091e-01
5.022626262626276095e+00
0.000000000000000000e+00
0.000000000000000000e+00
7.176767676767662474e-01
2.449494949494957496e-01
1.118848484848485114e+01
6.778787878787869703e-01
3.878787878787880172e-02
5.731313131313141573e-01
8.006060606060615426e-01
0.000000000000000000e+00
1.997676767676766385e+00
1.805757575757575850e+01
5.589898989899001469e-01
1.454545454545451422e-01
1.554545454545456507e-01
2.667272727272726573e+00
1.979797979797979016e-02
2.398323232323230769e+01
0.000000000000000000e+00
6.303030303030290327e-01
0.000000000000000000e+00
7.150505050505051585e-01
2.488888888888884654e-01
0.000000000000000000e+00
6.984848484848472649e-01
2.121212121212122381e-01
1.099050505050505855e+01
2.379797979797985408e-01
6.139393939393941180e-01
2.516161616161619596e-01
1.287878787878784514e-01
4.200000000000003175e-01
8.835353535353538401e-01
1.842424242424241798e-01
1.544040404040404102e+00
0.000000000000000000e+00
7.864646464646453117e-01
7.949494949494971818e-01
1.863333333333332398e+00
6.773737373737364065e-01
1.154646464646464699e+00
7.331313131313136333e-01
0.000000000000000000e+00
5.348484848484841292e-01
6.575757575757587570e-02
2.848484848484851839e-01
1.516222222222222626e+01
1.854040404040403445e+01
5.713131313131313282e-01
5.696969696969712144e-02
5.893939393939391369e-01
2.084959595959596612e+01
7.387878787878806586e-01
7.773737373737370504e-01
2.600000000000000644e-01
7.864646464646473101e-01
1.282828282828286093e-01
7.372727272727261916e-01
2.200545454545455115e+01
1.623232323232321472e-01
0.000000000000000000e+00
9.395959595959586519e-01
1.191535353535355313e+01
4.642424242424239011e-01
8.612121212121220948e-01
1.287878787878785347e-01
1.252424242424244660e+00
1.216161616161617470e-01
0.000000000000000000e+00
1.733333333333333115e-01
5.708080808080797652e+00
1.233232323232322125e+00
2.852787878787878384e+01
0.000000000000000000e+00
4.566666666666666097e-01
6.814141414141420272e-01
5.535353535353536580e-01
3.878787878787880172e-02
7.733333333333320958e-01
5.339393939393951571e-01
1.616161616161617132e-01
3.409898989898992649e+00
0.000000000000000000e+00
5.878787878787886112e-02
9.472727272727263781e-01
0.000000000000000000e+00
1.316161616161617143e-01
5.709090909090910326e-01
6.898989898989911218e-01
3.324040404040405683e+00
6.600000000000004752e-01
1.990909090909089574e-01
7.112121212121207403e-01
2.354545454545460270e-01
4.955555555555548608e-01
3.267676767676773730e-01
0.000000000000000000e+00
3.325151515151515191e+00
1.357575757575757991e-01
2.121212121212122381e-01
0.000000000000000000e+00
9.999999999999982861e-03
0.000000000000000000e+00
6.281818181818186186e-01
1.066666666666668678e-01
3.545454545454551076e-01
0.000000000000000000e+00
7.554545454545463778e-01
6.430303030303025080e-01
9.148484848484835785e-01
7.501010101010096021e-01
1.065656565656566412e+00
8.236363636363647212e-01
8.835454545454544117e+00
2.001646464646465873e+01
7.985858585858586212e-01
5.998989898989908198e-01
3.620202020202022641e+00
1.490909090909092460e-01
1.467373737373737219e+00
0.000000000000000000e+00
1.221313131313128686e+00
7.319191919191907481e-01
0.000000000000000000e+00
6.963636363636367399e-01
7.676767676767674853e-02
0.000000000000000000e+00
1.992222222222222339e+00
1.099505050505050541e+01
1.814141414141414721e-01
5.861616161616172160e-01
8.358585858585843020e-01
1.610404040404041837e+00
6.151515151515162261e-01
6.544444444444453834e-01
5.878787878787888194e-02
7.112121212121215175e-01
3.878787878787879478e-02
7.661616161616172649e-01
1.156565656565658351e+00
7.298989898989893810e-01
6.321212121212117507e-01
1.910101010101011298e-01
2.354545454545460548e-01
6.681818181818197644e-01
4.797979797979797650e-02
2.136868686868691025e+00
1.536161616161613397e+00
3.821212121212128054e-01
1.517373737373737042e+00
0.000000000000000000e+00
2.403030303030307679e-01
2.327272727272731989e-01
7.294949494949503066e-01
1.047070707070706819e+00
0.000000000000000000e+00
5.627272727272738528e-01
6.083838383838380270e-01
1.836717171717172192e+01
1.979797979797979710e-02
2.223333333333331385e+00
5.696969696969709368e-02
8.575757575757583795e-02
2.371313131313130373e+00
8.936363636363624519e-01
5.622222222222215127e-01
5.696969696969715613e-02
1.212717171717170750e+01
1.199090909090911650e+00
6.908080808080792057e-01
6.575757575757587570e-02
2.036363636363636431e-01
6.360606060606049938e-01
8.389898989898978421e-01
2.437070707070706721e+00
0.000000000000000000e+00
0.000000000000000000e+00
3.008080808080810797e-01
4.501010101010090581e-01
8.493939393939408111e-01
1.408686868686869431e+00
9.623232323232342456e-01
6.385858585858580350e-01
2.395959595959594179e-01
0.000000000000000000e+00
0.000000000000000000e+00
8.957575757575750863e-01
5.640404040404032315e-01
9.602020202020202788e-01
0.000000000000000000e+00
9.746464646464639836e-01
1.750909090909094079e+00
1.282828282828286370e-01
5.600909090909082622e+00
8.135353535353532228e-01
1.325555555555553378e+00
6.958585858585858430e-01
1.862020202020203241e+00
8.792929292929302365e-01
0.000000000000000000e+00
6.843434343434353639e-01
9.037373737373722848e-01
1.979797979797979363e-02
9.173737373737366196e-01
6.724242424242430349e-01
1.005515151515151295e+01
2.181212121212119381e+00
3.247474747474747292e-01
3.105050505050513387e-01
0.000000000000000000e+00
1.893939393939393923e-01
0.000000000000000000e+00
2.121212121212122381e-01
5.759595959595960046e-01
1.890909090909086709e-01
3.291919191919196463e-01
6.165656565656578714e-01
3.722121212121213940e+00
5.333737373737378995e+00
3.375757575757572515e-01
0.000000000000000000e+00
9.999999999999960310e-03
5.217171717171717127e+00
5.125252525252532720e-01
8.081818181818202218e-01
9.932323232323219120e-01
0.000000000000000000e+00
5.075757575757572360e-01
4.797979797979805283e-02
0.000000000000000000e+00
4.393737373737370611e+00
7.049494949494951035e-01
7.093939393939401317e-01
2.464646464646467749e-01
9.211111111111105476e-01
2.079797979797981533e-01
9.046464646464629222e-01
1.459393939393939243e+00
5.778787878787891019e-01
5.635353535353541110e-01
0.000000000000000000e+00
8.758585858585867800e-01
3.116060606060606641e+00
4.511111111111117400e-01
4.520202020202033766e-01
0.000000000000000000e+00
0.000000000000000000e+00
6.439393939393925903e-01
1.026969696969694645e+00
2.680808080808082527e-01
1.142424242424244507e-01
1.780404040404042654e+00
1.095333333333334203e+01
9.812121212121235336e-01
1.135959595959592727e+00
1.112525252525251585e+00
1.983838383838384678e-01
2.036363636363637819e-01
1.623343434343433955e+01
9.886262626262622533e+00
5.126262626262632072e-01
6.742424242424248648e-01
1.028585858585860047e+00
8.180808080808074090e-01
7.303030303030312309e-01
2.031313131313130516e-01
0.000000000000000000e+00
0.000000000000000000e+00
4.850505050505051763e-01
4.082222222222226193e+00
6.909090909090919164e-01
1.030040404040403956e+01
6.573232323232327978e+00
2.863232323232316912e+00
5.283838383838370678e-01
0.000000000000000000e+00
8.155555555555559222e-01
6.588888888888885242e-01
0.000000000000000000e+00
2.141121212121211315e+01
4.325252525252520353e-01
4.742424242424233549e-01
7.223232323232317009e-01
8.187878787878802855e-01
7.408080808080791391e-01
8.815151515151508077e-01
1.151515151515148716e+00
0.000000000000000000e+00
0.000000000000000000e+00
9.002121212121210192e+00
5.627272727272719655e-01
9.702424242424239509e+00
1.733333333333331172e-01
6.947474747474750023e-01
0.000000000000000000e+00
5.557878787878782312e+00
0.000000000000000000e+00
2.206666666666668775e+00
0.000000000000000000e+00
4.188888888888883111e-01
5.802323232323232105e+00
6.482828282828290156e-01
8.232323232323220941e-01
1.556606060606060105e+01
9.105050505050492626e-01
9.382828282828269417e-01
0.000000000000000000e+00
6.540404040404051988e-01
0.000000000000000000e+00
8.596969696969684049e-01
4.097171717171718797e+00
2.979797979797979557e-02
5.143030303030307060e+00
2.263303030303029928e+01
7.146464646464650849e-01
0.000000000000000000e+00
8.580808080808063343e-01
1.203020202020201879e+01
1.005959595959594166e+00
6.111111111111127148e-01
9.800707070707076696e+00
0.000000000000000000e+00
4.556565656565655931e-01
0.000000000000000000e+00
5.797979797979804784e-02
1.355737373737373197e+01
1.490909090909092460e-01
2.195353535353535168e+00
1.359999999999998987e+00
7.372727272727286341e-01
3.375757575757580287e-01
1.788888888888890139e-01
1.142424242424244785e-01
4.785858585858592806e-01
1.349898989898989710e+00
6.988888888888901141e-01
8.112121212121219394e-01
3.878787878787880172e-02
3.207070707070703297e-01
2.831717171717171855e+00
9.366363636363638889e+00
6.745454545454558914e-01
5.950505050505044968e-01
1.133939393939396245e+00
0.000000000000000000e+00
1.896949494949496184e+01
5.604040404040411261e-01
3.833333333333340809e-01
1.147676767676765408e+00
4.778787878787881804e-01
6.150505050505041815e-01
1.209696969696971713e+00
5.696969696969710062e-02
3.316161616161623082e-01
0.000000000000000000e+00
3.012121212121214864e-01
9.528282828282838013e-01
1.449080808080809213e+01
1.531626262626261692e+01
7.235353535353534760e-01
2.424242424242418481e-01
7.521212121212111912e-01
6.596969696969703367e-01
9.024242424242440164e-01
2.297979797979792238e-01
8.862626262626275286e-01
0.000000000000000000e+00
1.180505050505049169e+00
6.757575757575742248e-01
7.049494949494951035e-01
5.751515151515160795e-01
9.418181818181818876e-01
2.516161616161619596e-01
2.367262626262625957e+01
5.892929292929300900e-01
2.348585858585862329e+00
7.190909090909106682e-01
8.164646464646455604e-01
3.953535353535359564e-01
5.732323232323247586e-01
5.308080808080812840e-01
3.071515151515151754e+00
7.712121212121216818e-01
6.916161616161603520e-01
8.140404040404046748e-01
0.000000000000000000e+00
4.898989898989901670e-01
5.885858585858579906e-01
7.760606060606067835e-01
7.751515151515153690e-01
1.016060606060605664e+00
1.616161616161617132e-01
0.000000000000000000e+00
1.554545454545456229e-01
0.000000000000000000e+00
5.630303030303033252e-01
0.000000000000000000e+00
1.646464646464642911e-01
6.221212121212127411e-01
7.678787878787864951e-01
2.939393939393943403e-02
1.216161616161617887e-01
2.000606060606059611e+00
6.459595959595973991e-01
3.259696969696966651e+00
0.000000000000000000e+00
0.000000000000000000e+00
7.363636363636361093e-01
9.999999999999974187e-03
0.000000000000000000e+00
5.587878787878793885e-01
1.232424242424240202e+00
0.000000000000000000e+00
7.745454545454543149e-01
5.768686868686879743e-01
9.833333333333338366e-01
0.000000000000000000e+00
9.999999999999962044e-03
