1.077272727272726272e+00
6.838383838383834679e-01
0.000000000000000000e+00
6.045454545454551631e-01
1.079393939393938018e+00
5.287878787878780296e-01
2.036363636363638097e-01
6.229292929292925551e-01
2.403030303030307957e-01
5.124242424242421157e-01
1.882898989898990649e+01
1.216161616161619691e-01
0.000000000000000000e+00
2.665656565656568389e-01
5.617171717171713929e-01
1.666565656565659026e+00
0.000000000000000000e+00
0.000000000000000000e+00
1.129191919191918814e+01
6.125252525252511404e-01
0.000000000000000000e+00
3.704040404040403467e-01
7.651515151515138058e-01
1.733333333333331172e-01
0.000000000000000000e+00
0.000000000000000000e+00
9.296969696969680230e-01
0.000000000000000000e+00
0.000000000000000000e+00
7.050505050505052607e-01
1.684242424242424319e+00
9.999999999999986330e-03
1.893939393939393923e-01
1.391919191919192278e-01
7.383838383838388086e-01
6.198989898989897274e-01
1.830626262626262957e+01
1.140181818181818585e+01
2.036363636363636986e-01
8.995959595959600597e-01
2.308080808080810176e+00
4.407070707070706583e-01
6.652525252525250954e-01
5.867676767676758276e-01
7.771717171717190675e-01
0.000000000000000000e+00
4.012121212121206315e-01
0.000000000000000000e+00
9.399999999999981704e-01
3.706868686868680651e+00
6.772727272727278036e-01
0.000000000000000000e+00
5.696969696969709368e-02
2.632323232323233730e-01
8.544444444444444509e-01
2.288888888888890583e-01
7.579797979797988638e-01
2.584848484848482064e-01
1.597878787878788787e+00
6.578787878787870635e-01
1.250242424242424200e+01
3.740404040404042840e-01
8.891111111111110077e+00
0.000000000000000000e+00
4.775757575757577089e-01
1.979797979797979016e-02
1.654848484848487233e+00
6.871717171717178774e-01
2.500000000000001110e-01
9.999999999999967248e-03
8.729292929292926662e-01
0.000000000000000000e+00
7.298989898989892700e-01
9.647474747474767964e-01
3.939393939393939781e-02
1.040797979797980055e+01
8.309090909090912636e-01
7.340404040404054919e-01
7.807474747474752341e+00
2.758585858585859696e-01
6.393939393939401805e-01
6.105050505050514387e-01
3.878787878787880172e-02
1.959494949494946514e+00
1.276969696969695756e+00
8.117171717171695056e-01
5.043434343434347600e-01
8.316161616161624748e-01
3.249494949494940998e-01
1.990909090909090962e-01
0.000000000000000000e+00
5.392929292929304896e-01
1.979797979797979363e-02
7.373737373737376810e-01
5.520202020202007454e-01
4.264646464646458246e-01
7.836363636363639085e-01
7.529292929292932257e-01
4.789898989898997983e-01
1.528303030303029786e+01
1.229292929292931769e+00
0.000000000000000000e+00
0.000000000000000000e+00
4.082525252525253556e+00
2.379797979797985408e-01
6.007070707070697457e-01
4.722222222222212107e-01
1.728282828282826089e-01
2.516161616161619596e-01
9.347474747474766588e-01
2.509090909090911925e-01
0.000000000000000000e+00
9.999999999999953371e-03
9.005050505050505860e-01
6.389898989898978865e-01
9.999999999999998473e-03
0.000000000000000000e+00
9.263636363636360560e-01
7.142424242424229019e-01
1.817575757575756734e+00
2.174444444444444624e+00
3.166666666666673735e-01
1.316161616161618253e-01
4.778787878787880694e-01
7.178787878787872279e-01
2.495959595959597044e-01
7.169696969696980338e-01
0.000000000000000000e+00
3.019292929292925365e+00
0.000000000000000000e+00
0.000000000000000000e+00
0.000000000000000000e+00
0.000000000000000000e+00
7.030303030303037826e-01
4.014141414141417230e-01
4.490000000000004654e+00
2.500000000000001110e-01
1.103333333333333277e+00
5.479797979797991214e-01
0.000000000000000000e+00
4.423232323232321184e-01
7.295959595959590205e-01
0.000000000000000000e+00
6.528282828282839789e-01
2.079797979797982366e-01
7.513131313131330424e-01
6.111111111111120486e-01
1.842424242424241798e-01
7.058585858585874062e-01
9.999999999999993269e-03
8.817171717171722323e-01
5.528282828282836681e-01
0.000000000000000000e+00
9.122222222222207133e-01
1.598686868686867157e+00
5.680808080808088523e-01
7.658585858585850170e-01
1.471313131313130906e+00
5.229292929292924663e-01
1.979797979797979363e-02
9.999999999999979391e-03
0.000000000000000000e+00
3.878787878787880172e-02
3.890808080808074276e+00
7.618181818181811726e-01
1.887151515151512982e+01
0.000000000000000000e+00
6.314141414141429820e-01
2.633838383838381425e+00
7.301010101010102504e-01
9.999999999999993269e-03
6.191919191919201815e-01
3.881818181818179614e-01
0.000000000000000000e+00
4.421212121212133028e-01
3.056464646464644996e+00
5.667676767676761429e-01
7.434343434343430868e-02
9.999999999999953371e-03
5.135353535353529564e-01
0.000000000000000000e+00
1.044242424242426415e+00
9.888888888888895667e-02
6.379797979797974250e-01
8.020202020202034376e-02
5.076767676767670601e-01
7.217171717171719791e-01
3.085858585858585745e-01
3.311111111111108563e-01
1.216161616161617887e-01
8.810101010101021313e-01
8.778787878787888133e-01
6.297979797979789129e-01
8.055555555555540259e-01
0.000000000000000000e+00
1.095656565656564441e+00
0.000000000000000000e+00
7.138383838383836055e-01
0.000000000000000000e+00
4.312525252525251318e+00
3.073333333333329698e+00
6.385858585858575909e-01
4.797979797979810834e-02
0.000000000000000000e+00
6.988888888888898920e-01
0.000000000000000000e+00
1.122222222222221122e+00
0.000000000000000000e+00
0.000000000000000000e+00
1.242424242424244873e-01
1.637919191919191064e+01
2.524242424242423843e-01
9.676767676767682180e-02
2.909090909090902843e-01
6.976767676767672288e-01
1.756777777777777061e+01
6.194545454545458796e+00
6.769191919191911211e+00
2.043434343434344935e-01
3.930303030303025635e-01
4.262626262626266760e-01
2.503030303030307491e-01
1.756565656565653777e+00
0.000000000000000000e+00
4.980909090909094061e+00
5.413131313131320788e-01
8.443434343434343958e-01
3.125252525252518732e-01
2.083434343434343194e+00
4.819191919191924134e-01
0.000000000000000000e+00
1.893939393939393090e-01
7.419191919191905349e-01
6.855555555555535863e-01
2.216767676767675166e+00
1.269393939393942183e+00
2.284040404040401651e+00
7.049494949494941043e-01
6.609090909090905575e-01
2.539393939393940758e-01
4.413131313131307132e-01
4.378787878787874788e-01
0.000000000000000000e+00
1.425252525252528324e-01
7.166666666666676733e-01
7.931313131313139086e-01
5.704949494949487665e+00
7.268686868686871083e-01
2.112121212121217118e-01
5.395959595959607391e-01
7.012121212121206204e-01
6.233333333333326287e-01
5.919191919191918450e-02
0.000000000000000000e+00
2.160606060606057033e-01
2.795050505050501233e+00
3.110101010101004038e-01
1.230303030303032674e+00
1.172020202020199076e+00
9.153535353535365848e-01
0.000000000000000000e+00
0.000000000000000000e+00
5.223232323232337437e-01
2.223131313131309295e+00
1.230959595959594921e+01
5.453535353535360342e-01
1.544848484848486470e+00
5.832323232323226581e-01
3.093939393939388327e-01
5.135353535353539556e-01
7.181818181818180324e-01
2.051313131313130977e+00
0.000000000000000000e+00
1.913737373737372627e+00
0.000000000000000000e+00
0.000000000000000000e+00
1.004444444444443363e+00
9.888888888888902606e-02
0.000000000000000000e+00
7.955555555555545721e-01
6.912121212121216107e-01
3.402323232323231750e+00
5.888888888888901274e-01
4.887878787878782161e-01
1.904747474747477298e+00
6.318181818181812792e-01
7.693535353535352783e+00
6.669696969696976563e-01
8.972727272727265557e-01
2.475757575757577267e-01
7.298989898989908243e-01
3.666565656565657250e+00
7.409090909090902954e-01
0.000000000000000000e+00
7.709090909090906552e-01
5.674747474747467990e-01
1.649595959595957950e+00
0.000000000000000000e+00
7.489898989898982062e-01
1.066666666666669372e-01
5.667676767676755878e-01
5.211111111111117467e-01
4.175757575757571560e-01
6.312121212121224456e-01
0.000000000000000000e+00
7.050505050505062599e-01
3.878787878787880172e-02
2.379797979797985685e-01
7.354545454545448058e-01
6.509090909090918808e-01
0.000000000000000000e+00
0.000000000000000000e+00
7.284848484848498451e-01
4.757575757575764341e-01
0.000000000000000000e+00
0.000000000000000000e+00
6.039393939393931099e-01
8.664646464646464930e-01
8.415151515151525485e-01
0.000000000000000000e+00
1.271212121212119239e+00
3.440404040404044794e-01
2.342020202020198560e+00
1.260101010101010610e+00
1.882424242424242555e+00
6.221212121212128521e-01
5.088484848484856826e+00
6.067676767676775107e-01
5.756565656565666433e-01
0.000000000000000000e+00
5.324242424242415783e-01
7.634343434343441315e-01
7.710101010101015895e-01
9.999999999999995004e-03
8.281818181818192404e-01
4.482828282828275057e-01
6.575757575757583406e-02
5.738383838383830371e-01
5.364646464646453117e-01
1.066666666666667984e-01
8.567676767676777327e-01
0.000000000000000000e+00
9.999999999999962044e-03
1.979797979797979016e-02
0.000000000000000000e+00
1.762696969696969873e+01
6.419191919191934437e-01
5.961212121212112969e+00
3.136363636363643237e-01
9.841414141414127625e-01
1.264747474747477396e+00
9.973737373737378009e-01
0.000000000000000000e+00
4.491919191919194754e-01
0.000000000000000000e+00
1.949090909090911650e+00
0.000000000000000000e+00
9.044444444444454945e-01
8.087878787878796105e-01
0.000000000000000000e+00
1.216161616161617748e-01
3.878787878787880172e-02
0.000000000000000000e+00
1.554545454545456507e-01
0.000000000000000000e+00
4.086868686868687095e-01
1.471717171717173422e-01
8.511111111111121508e-01
1.161959595959595859e+01
2.354545454545460548e-01
6.575757575757587570e-02
0.000000000000000000e+00
2.079797979797982643e-01
0.000000000000000000e+00
7.254545454545465732e-01
0.000000000000000000e+00
6.621212121212122215e-01
2.509090909090911925e-01
6.314141414141420938e-01
5.736363636363636109e-01
2.521313131313131617e+00
7.840404040404045372e-01
0.000000000000000000e+00
0.000000000000000000e+00
5.227272727272741504e-01
5.255555555555548874e-01
4.293939393939391613e-01
8.348484848484830634e-01
2.939393939393944444e-02
2.645757575757578195e+00
7.682727272727260193e+00
5.368686868686878277e-01
1.842424242424241798e-01
4.811111111111105454e-01
5.817171717171721879e-01
7.677777777777771151e-01
5.573737373737376322e-01
1.943434343434342904e-01
7.639393939393934740e-01
1.270606060606063625e+00
6.552525252525251975e-01
5.993939393939398119e-01
8.779595959595958732e+00
2.864646464646458113e-01
1.061515151515152056e+01
6.882828282828287181e-01
4.984848484848491967e-01
1.989595959595960695e+00
6.408080808080821589e-01
6.827272727272737374e-01
0.000000000000000000e+00
1.626666666666664041e+00
1.842424242424241798e-01
6.636363636363628027e-01
7.939292929292927958e+00
9.869696969696986066e-01
8.089191919191918601e+00
8.233333333333321402e-01
1.490909090909092460e-01
8.911111111111096328e-01
8.071717171717170958e-01
1.034949494949493953e+00
0.000000000000000000e+00
2.266666666666661833e-01
1.337878787878787712e+01
1.045050505050506118e+00
2.845454545454545237e+00
0.000000000000000000e+00
6.829292929292938297e-01
4.212121212121207603e-01
1.530303030303030498e+00
0.000000000000000000e+00
8.272727272727277426e-02
0.000000000000000000e+00
1.397575757575758360e+00
6.912121212121207225e-01
8.434343434343465062e-02
3.946868686868691967e+00
4.403030303030306958e-01
0.000000000000000000e+00
2.403030303030307957e-01
7.863636363636377080e-01
9.552525252525272403e-01
1.223777777777779363e+01
2.181313131313131759e+00
0.000000000000000000e+00
0.000000000000000000e+00
1.457575757575757247e-01
2.053131313131312030e+00
7.648484848484832233e-01
0.000000000000000000e+00
4.552525252525244648e-01
4.252525252525246047e-01
6.947474747474764456e-01
5.735353535353542309e-01
8.049494949494943041e-01
8.792929292929295704e-01
8.288888888888886752e-01
7.033333333333336990e-01
0.000000000000000000e+00
0.000000000000000000e+00
8.252525252525237942e-01
5.919191919191918450e-02
0.000000000000000000e+00
2.079797979797981256e-01
1.733333333333332560e-01
1.107070707070705040e-01
8.952525252525249666e-01
4.573737373737375989e-01
7.626262626262637623e-01
2.266666666666662389e-01
0.000000000000000000e+00
2.415151515151519601e-01
1.582121212121212261e+00
9.502020202020181605e-01
1.120404040404039181e+00
4.680808080808074867e-01
2.288888888888885031e-01
1.941414141414144479e-01
7.921212121212118928e-01
7.348484848484853060e-01
2.236232323232324148e+01
6.209090909090910770e-01
5.526262626262637978e-01
5.263636363636366999e-01
9.198989898989916592e-01
1.643939393939395588e+00
2.936363636363627516e-01
4.028282828282823691e-01
0.000000000000000000e+00
6.886868686868692357e-01
1.853535353535351593e-01
1.066868686868689409e+00
1.788888888888891249e-01
0.000000000000000000e+00
0.000000000000000000e+00
7.202020202020211759e-01
0.000000000000000000e+00
0.000000000000000000e+00
4.079797979797978313e-01
3.851515151515147117e+00
9.857575757575749442e-01
5.521212121212125012e+00
0.000000000000000000e+00
1.990909090909092072e-01
8.548484848484827481e-01
9.999999999999993269e-03
8.382828282828278521e-01
7.917171717171719303e-01
0.000000000000000000e+00
1.125858585858584560e+00
8.801919191919184371e+00
4.313131313131309819e-01
7.569696969696980693e-01
2.190808080808084313e+00
7.012121212121223968e-01
6.494949494949502355e-01
8.041414141414132688e-01
0.000000000000000000e+00
4.907070707070700921e-01
1.230606060606058483e+00
4.303030303030309645e-01
1.009999999999999565e+00
7.017171717171712952e-01
1.754545454545455074e+00
0.000000000000000000e+00
7.013131313131317768e-01
4.797979797979805283e-02
6.757575757575751130e-01
1.811818181818181550e+00
9.420909090909086459e+00
2.744545454545451957e+00
3.873737373737375922e-01
0.000000000000000000e+00
3.256363636363634129e+00
7.192929292929286511e-01
3.779797979797983043e-01
5.708080808080811863e+00
6.261616161616172516e-01
9.999999999999991535e-03
7.973737373737389555e-01
6.593939393939409754e-01
0.000000000000000000e+00
7.887878787878788156e-01
9.999999999999960310e-03
9.615151515151492134e-01
0.000000000000000000e+00
7.548484848484845466e-01
5.375757575757583728e-01
9.999999999999981126e-03
3.086464646464646133e+00
9.999999999999991535e-03
1.715656565656564103e+00
6.818181818181809906e-01
6.575757575757590345e-02
7.736363636363637886e-01
0.000000000000000000e+00
9.822222222222239951e-01
3.776767676767672777e-01
2.518313131313131947e+01
5.646464646464657289e-01
3.562424242424244714e+00
3.072525252525254214e+00
7.514141414141407571e-01
0.000000000000000000e+00
5.814141414141410502e-01
1.085252525252527134e+00
5.781818181818184632e-01
8.081818181818166691e-01
2.266666666666661278e-01
7.226868686868686886e+00
6.665656565656562504e-01
1.066666666666668400e-01
9.080808080808068228e-01
7.436363636363638729e-01
9.888888888888892892e-02
1.749434343434343120e+01
8.146464646464637305e-01
5.951515151515147650e-01
1.240303030303031573e+00
6.621212121212123325e-01
4.545656565656573278e+00
0.000000000000000000e+00
0.000000000000000000e+00
6.933333333333340232e-01
2.545454545454541861e-01
1.124515151515150890e+01
6.085858585858583414e-01
3.878787878787880172e-02
5.464646464646449875e-01
8.475757575757564277e-01
0.000000000000000000e+00
1.923030303030307309e+00
1.684505050505051571e+01
5.319191919191923468e-01
1.203030303030303283e-01
1.490909090909092460e-01
2.297979797979803340e+00
1.979797979797979710e-02
2.327858585858586338e+01
0.000000000000000000e+00
6.127272727272733421e-01
0.000000000000000000e+00
7.263636363636359894e-01
2.488888888888884654e-01
0.000000000000000000e+00
6.964646464646460089e-01
2.266666666666661833e-01
1.022151515151514900e+01
2.403030303030307957e-01
5.827272727272738706e-01
2.516161616161619596e-01
1.287878787878785625e-01
3.885858585858584235e-01
8.348484848484846177e-01
1.842424242424241798e-01
1.397575757575757249e+00
0.000000000000000000e+00
7.010101010101023045e-01
7.998989898989912195e-01
1.677676767676766767e+00
7.142424242424234571e-01
1.066464646464645671e+00
7.364646464646452673e-01
0.000000000000000000e+00
5.231313131313137799e-01
4.797979797979802508e-02
2.641414141414143990e-01
1.537878787878787890e+01
1.696727272727275349e+01
5.243434343434341116e-01
4.797979797979802508e-02
5.751515151515140811e-01
1.896797979797979750e+01
7.569696969696982913e-01
7.424242424242420979e-01
2.600000000000000644e-01
8.049494949494956364e-01
9.414141414141416475e-02
7.444444444444452413e-01
2.143292929292930182e+01
1.555555555555556968e-01
0.000000000000000000e+00
9.049494949494932827e-01
1.107212121212120870e+01
4.390909090909088097e-01
8.519191919191901885e-01
1.357575757575757991e-01
1.138888888888891060e+00
1.425252525252527214e-01
0.000000000000000000e+00
1.425252525252528879e-01
5.595858585858575651e+00
1.274545454545455980e+00
2.895545454545453268e+01
0.000000000000000000e+00
4.729292929292933101e-01
6.212121212121221037e-01
5.569696969696974476e-01
2.939393939393944097e-02
7.340404040404034935e-01
5.686868686868679079e-01
1.490909090909092460e-01
3.189292929292926626e+00
0.000000000000000000e+00
5.878787878787886112e-02
8.883838383838396080e-01
0.000000000000000000e+00
1.316161616161617420e-01
5.880808080808088700e-01
6.620202020202023974e-01
3.456363636363635194e+00
6.565656565656576849e-01
1.943434343434342904e-01
6.621212121212117774e-01
2.297979797979792516e-01
4.195959595959595223e-01
3.437373737373733973e-01
0.000000000000000000e+00
2.950404040404038586e+00
1.425252525252529434e-01
2.327272727272731434e-01
0.000000000000000000e+00
1.979797979797979710e-02
0.000000000000000000e+00
5.905050505050501997e-01
8.272727272727277426e-02
3.740404040404038399e-01
0.000000000000000000e+00
7.228282828282818206e-01
6.374747474747465281e-01
9.413131313131303246e-01
6.547474747474740786e-01
9.853535353535346486e-01
7.999999999999999334e-01
8.697979797979792593e+00
1.874414141414142776e+01
7.443434343434323086e-01
4.909090909090906285e-01
3.314747474747473888e+00
1.425252525252529434e-01
1.444848484848482162e+00
0.000000000000000000e+00
1.284747474747476748e+00
7.182828282828291888e-01
0.000000000000000000e+00
6.769696969696964439e-01
6.696969696969709562e-02
0.000000000000000000e+00
2.031010101010100044e+00
1.086696969696969894e+01
1.623232323232321195e-01
5.841414141414136285e-01
7.513131313131305999e-01
1.559393939393940220e+00
6.307070707070716598e-01
6.635353535353544219e-01
6.777777777777758972e-02
7.141414141414134109e-01
2.939393939393942362e-02
7.331313131313138554e-01
1.221717171717169093e+00
7.197979797979798811e-01
6.277777777777782120e-01
1.931313131313131815e-01
2.197979797979799643e-01
6.370707070707061215e-01
2.939393939393940280e-02
1.851919191919189300e+00
1.353434343434344989e+00
3.441414141414134154e-01
1.596161616161615227e+00
0.000000000000000000e+00
2.266666666666661833e-01
2.327272727272731989e-01
7.152525252525243626e-01
9.213131313131323052e-01
0.000000000000000000e+00
5.109090909090916455e-01
6.119191919191918627e-01
1.572363636363636452e+01
9.999999999999984596e-03
2.215959595959599238e+00
3.878787878787880172e-02
5.797979797979804784e-02
2.072525252525251993e+00
8.847474747474766144e-01
5.789898989898983883e-01
4.797979797979808059e-02
1.116858585858585506e+01
1.043434343434344935e+00
6.931313131313144860e-01
3.878787878787880172e-02
2.036363636363636431e-01
5.940404040404038133e-01
8.455555555555537284e-01
2.382929292929288678e+00
0.000000000000000000e+00
0.000000000000000000e+00
2.556565656565655820e-01
4.564646464646474611e-01
8.388888888888882400e-01
1.276262626262628208e+00
8.798989898989886260e-01
6.398989898989888570e-01
2.431313131313128373e-01
0.000000000000000000e+00
0.000000000000000000e+00
9.579797979797970431e-01
5.759595959595966708e-01
9.073737373737359446e-01
0.000000000000000000e+00
7.887878787878781495e-01
1.763030303030304724e+00
1.107070707070703930e-01
5.533737373737370291e+00
6.874747474747474607e-01
1.297373737373739955e+00
7.157575757575774800e-01
1.729191919191920501e+00
8.196969696969697017e-01
0.000000000000000000e+00
6.828282828282834505e-01
8.721212121212116308e-01
9.999999999999965514e-03
8.210101010101013008e-01
6.831313131313129228e-01
9.345656565656563330e+00
2.032626262626265223e+00
3.082828282828283251e-01
3.474747474747466036e-01
0.000000000000000000e+00
1.943434343434342904e-01
0.000000000000000000e+00
2.297979797979799177e-01
5.864646464646458002e-01
1.792929292929291984e-01
2.912121212121214220e-01
6.321212121212119728e-01
3.415757575757577769e+00
4.748181818181810954e+00
3.538383838383832303e-01
0.000000000000000000e+00
0.000000000000000000e+00
4.754646464646470783e+00
4.416161616161617953e-01
7.857575757575756548e-01
1.031313131313132514e+00
0.000000000000000000e+00
4.906060606060603235e-01
5.696969696969717001e-02
0.000000000000000000e+00
4.438686868686868792e+00
6.610101010101018248e-01
6.926262626262625899e-01
2.685858585858583170e-01
8.973737373737382672e-01
2.160606060606058143e-01
9.528282828282845784e-01
1.442727272727270194e+00
6.079797979797971763e-01
5.145454545454554163e-01
0.000000000000000000e+00
8.584848484848479622e-01
2.976767676767676285e+00
4.027272727272724340e-01
4.826262626262626254e-01
0.000000000000000000e+00
0.000000000000000000e+00
6.504040404040385415e-01
1.056767676767675912e+00
2.366666666666669416e-01
1.216161616161617470e-01
1.632323232323231510e+00
1.066121212121211670e+01
9.671717171717192363e-01
1.085858585858587633e+00
1.015555555555556433e+00
1.857575757575757325e-01
1.788888888888889306e-01
1.403060606060607185e+01
8.770808080808080831e+00
5.221212121212112089e-01
6.661616161616156218e-01
9.763636363636349902e-01
7.784848484848480021e-01
7.647474747474733991e-01
1.853535353535350205e-01
0.000000000000000000e+00
0.000000000000000000e+00
4.596969696969704922e-01
3.891818181818182509e+00
6.640404040404049857e-01
9.992525252525247481e+00
6.011111111111109295e+00
2.633434343434348346e+00
5.339393939393947131e-01
0.000000000000000000e+00
7.623232323232322916e-01
6.032323232323223428e-01
0.000000000000000000e+00
1.944747474747473248e+01
4.179797979797983398e-01
4.613131313131303424e-01
7.335353535353542620e-01
8.187878787878788422e-01
7.466666666666678109e-01
8.380808080808093141e-01
1.110303030303030569e+00
0.000000000000000000e+00
0.000000000000000000e+00
7.747373737373731473e+00
5.731313131313141573e-01
9.329292929292938297e+00
1.733333333333331172e-01
5.897979797979783223e-01
0.000000000000000000e+00
5.666161616161627279e+00
0.000000000000000000e+00
2.015151515151511585e+00
0.000000000000000000e+00
4.055555555555551694e-01
5.281111111111118639e+00
6.218181818181811593e-01
8.030303030303018730e-01
1.534090909090908816e+01
9.202020202020210204e-01
8.944444444444429321e-01
9.999999999999953371e-03
5.937373737373746740e-01
0.000000000000000000e+00
8.172727272727253744e-01
4.001515151515151025e+00
3.959595959595958725e-02
5.248686868686871065e+00
2.125101010101009535e+01
6.890909090909083101e-01
0.000000000000000000e+00
7.751515151515157021e-01
1.113232323232323395e+01
9.837373737373736882e-01
5.770707070707062902e-01
9.029898989898994088e+00
0.000000000000000000e+00
4.431313131313142639e-01
0.000000000000000000e+00
6.777777777777761747e-02
1.209848484848484595e+01
1.425252525252529157e-01
2.236161616161618682e+00
1.488787878787876329e+00
7.971717171717160877e-01
2.982828282828289268e-01
1.893939393939393923e-01
1.287878787878785070e-01
4.733333333333338278e-01
1.383737373737372600e+00
7.338383838383836233e-01
7.391919191919193999e-01
2.939393939393944097e-02
3.005050505050501641e-01
2.516666666666663499e+00
9.014343434343441430e+00
6.645454545454553275e-01
5.534343434343443890e-01
1.049191919191920563e+00
0.000000000000000000e+00
1.856868686868686424e+01
6.011111111111100413e-01
3.400000000000000244e-01
1.049090909090910184e+00
4.591919191919194843e-01
5.678787878787869836e-01
1.103636363636362638e+00
6.575757575757586182e-02
3.312121212121211244e-01
0.000000000000000000e+00
3.207070707070701077e-01
8.685858585858579062e-01
1.420222222222223074e+01
1.381434343434343326e+01
7.218181818181809151e-01
2.379797979797985685e-01
7.889898989898986859e-01
6.105050505050504395e-01
9.115151515151524997e-01
2.327272727272732267e-01
8.636363636363653118e-01
0.000000000000000000e+00
1.154040404040405976e+00
6.778787878787868593e-01
7.241414141414154182e-01
5.962626262626256057e-01
9.570707070707052955e-01
2.509090909090911925e-01
2.176686868686867271e+01
5.495959595959584165e-01
2.232525252525250359e+00
7.073737373737376544e-01
8.184848484848499250e-01
3.991919191919193199e-01
6.088888888888889239e-01
5.458585858585847106e-01
2.932020202020202859e+00
7.312121212121212022e-01
7.510101010101023489e-01
7.436363636363644281e-01
0.000000000000000000e+00
4.739393939393933275e-01
5.732323232323227602e-01
7.241414141414130867e-01
7.337373737373720228e-01
9.820202020202025706e-01
1.733333333333332560e-01
0.000000000000000000e+00
1.616161616161617132e-01
0.000000000000000000e+00
5.279797979797971053e-01
0.000000000000000000e+00
1.486868686868686174e-01
6.773737373737366285e-01
7.292929292929282159e-01
1.979797979797979363e-02
1.425252525252528324e-01
1.848686868686868490e+00
6.264646464646458357e-01
3.152626262626263554e+00
0.000000000000000000e+00
0.000000000000000000e+00
7.516161616161611825e-01
9.999999999999974187e-03
0.000000000000000000e+00
5.776767676767685655e-01
1.124747474747475717e+00
0.000000000000000000e+00
7.101010101010093445e-01
5.352525252525265342e-01
1.001414141414141090e+00
9.999999999999965514e-03
9.999999999999962044e-03
