6.352676767676769742e+01
3.660383838383837940e+01
4.099999999999998090e-01
1.933111111111110603e+01
5.988838383838385226e+01
9.836262626262628928e+00
6.540404040404056429e-01
3.782424242424242067e+01
5.494949494949489255e-01
3.725474747474747517e+01
1.311834646464646767e+03
8.019191919191922535e-01
3.901010101010101705e-01
2.134636363636363754e+01
2.872111111111110660e+01
8.629434343434343191e+01
3.607070707070708093e-01
4.466666666666676555e-01
3.278292929292928193e+02
1.549484848484848065e+01
5.215151515151517092e-01
1.290818181818181465e+01
4.832959595959594168e+01
4.177777777777776369e-01
9.329292929292910541e-01
6.641414141414136996e-01
3.864575757575760662e+01
4.411111111111113425e-01
7.717171717171722456e-01
2.055454545454545823e+01
1.433021212121210510e+02
5.364646464646470880e-01
1.331212121212122845e+00
2.072515151515149157e+01
3.015202020202020350e+01
2.471707070707070386e+01
1.646878686868688874e+03
6.910921212121211283e+02
1.558888888888887214e+00
4.046535353535354318e+01
2.003663636363637863e+02
8.627777777777771107e+00
4.722939393939393682e+01
1.567343434343433906e+01
3.256636363636363996e+01
4.282828282828283206e-01
2.694848484848482606e+00
3.320202020202020488e-01
4.766727272727273146e+01
2.721519191919192622e+02
2.550696969696969774e+01
3.157575757575759590e-01
7.413131313131317013e-01
1.543181818181819587e+01
3.521080808080807856e+01
1.284828282828282653e+01
2.786757575757576078e+01
4.940505050505056062e+00
9.203898989898988248e+01
2.239050505050506601e+01
6.520743434343435183e+02
2.560868686868687405e+01
6.924284848484845725e+02
4.984848484848479200e-01
3.021686868686867555e+01
5.911111111111103655e-01
1.153133333333333042e+02
3.085040404040405093e+01
4.577777777777777279e-01
5.174747474747471987e-01
4.973595959595958504e+01
3.502020202020210138e-01
3.535979797979798889e+01
5.252505050505050832e+01
8.086868686868686762e-01
1.057223434343433837e+03
3.504636363636365815e+01
2.248181818181819835e+01
7.392822222222222308e+02
5.839090909090911552e+00
1.703111111111111242e+01
2.340313131313132189e+01
6.301010101010112718e-01
1.170053535353534500e+02
8.883939393939390072e+01
4.028464646464647103e+01
1.318777777777778226e+01
4.343383838383839191e+01
1.492282828282829854e+01
1.409191919191920217e+00
6.123232323232312702e-01
2.827151515151514971e+01
3.449494949494947837e-01
3.820111111111107505e+01
3.220434343434343560e+01
7.682828282828285671e-01
4.335171717171717631e+01
2.804070707070706447e+01
2.214171717171716125e+01
1.297450505050504262e+03
7.112787878787884210e+01
4.661616161616156662e-01
1.388585858585859256e+00
2.491658585858586150e+02
1.029494949494947909e+00
2.465272727272727238e+01
7.775454545454556943e+00
1.557525252525252313e+01
4.350505050505057980e-01
6.217797979797982322e+01
4.889797979797988248e+00
8.232323232323234263e-01
6.838383838383850222e-01
6.802363636363639898e+01
4.020242424242423596e+01
3.339191919191921709e+00
4.019191919191918982e-01
5.492454545454548054e+01
2.660303030303030880e+01
1.282260606060605994e+02
8.191535353535354602e+01
1.841404040404041353e+01
3.397878787878790163e+00
3.007060606060604968e+01
4.492060606060607597e+01
8.340404040404033603e-01
2.131828282828284316e+01
4.491919191919184762e-01
2.642159595959594753e+02
4.993939393939384463e-01
1.910101010101007690e-01
5.892929292929300900e-01
2.432222222222224506e+00
3.269101010101010729e+01
1.877818181818182097e+01
3.587110101010101744e+02
7.131313131313126163e-01
9.390141414141415055e+01
2.061878787878788089e+01
7.353535353535357588e-01
2.752575757575759496e+01
2.601464646464644304e+01
7.069696969696953603e-01
3.413030303030299706e+01
6.496969696969703278e-01
3.374777777777777743e+01
2.374333333333335716e+01
4.029292929292932257e+00
2.925323232323231082e+01
4.148484848484847998e-01
4.895545454545455044e+01
1.833838383838382313e+01
3.696969696969698571e-01
3.749656565656565732e+01
9.601717171717169208e+01
1.143949494949495005e+01
3.651232323232324717e+01
1.150559595959596066e+02
2.161000000000002785e+01
7.920202020202015136e-01
7.219191919191919604e-01
4.646464646464641968e-01
6.540404040404041996e-01
4.149999999999997726e+02
4.503121212121211414e+01
1.158539595959596227e+03
7.020202020202004345e-01
2.982232323232321747e+01
2.062673737373737595e+02
2.208191919191919439e+01
9.792929292929289931e-01
3.114373737373739104e+01
1.939222222222220537e+01
3.965656565656561217e-01
1.688191919191918089e+01
2.018301010101009751e+02
2.833767676767676136e+01
1.335252525252523137e+00
4.879797979797972363e-01
1.708464646464645753e+01
1.037171717171715857e+00
3.717555555555553326e+01
7.496969696969688624e-01
3.789818181818183263e+01
1.033333333333332682e+01
1.799666666666666615e+01
3.831666666666664867e+01
2.531414141414142094e+01
2.420909090909090366e+01
7.286868686868677170e-01
4.391383838383838878e+01
4.213070707070706788e+01
2.058898989898989029e+01
3.560747474747472552e+01
6.528282828282830907e-01
5.344101010101009308e+01
4.189898989898989679e-01
2.883747474747472239e+01
8.224242424242407257e-01
3.054935353535352647e+02
2.170916161616162015e+02
1.684222222222222598e+01
2.079898989898990358e+00
3.672727272727274728e-01
2.718777777777778226e+01
3.550505050505053939e-01
6.915616161616155466e+01
7.618181818181817277e-01
6.859595959595956582e-01
2.425656565656564290e+00
1.372996565656565963e+03
4.952525252525246113e-01
9.649696969696966775e+00
1.535454545454543851e+00
6.165565656565656383e+01
1.177369191919191962e+03
4.789570707070707272e+02
4.246692929292927943e+02
1.512575757575756086e+01
3.138040404040404496e+01
5.422020202020207513e+00
2.124747474747477938e+00
8.805959595959599540e+01
4.323232323232321650e-01
3.134834343434345101e+02
2.079050505050505748e+01
4.256313131313132203e+01
1.612222222222222001e+01
1.233246464646465341e+02
1.457797979797979160e+01
5.089898989898984372e-01
1.919737373737373076e+01
3.096414141414143018e+01
5.152999999999999403e+01
1.783178787878788114e+02
8.311454545454544984e+01
1.668581818181818335e+02
2.950888888888888673e+01
3.210040404040404383e+01
2.801333333333333186e+01
1.825686868686866760e+01
2.034494949494950333e+01
3.248484848484856080e-01
1.120707070707072095e+00
2.723818181818183248e+01
5.099787878787878981e+01
3.423387878787879117e+02
2.911989898989896730e+01
2.021919191919191405e+01
1.459505050505050328e+01
2.275545454545456181e+01
4.673767676767678125e+01
5.820202020202007720e-01
1.257272727272728874e+00
2.306565656565650269e+00
2.164754545454544825e+02
2.411010101010102602e+01
6.515595959595961517e+01
5.573393939393940855e+01
4.014878787878787847e+01
4.917171717171707201e-01
4.591919191919184295e-01
2.768303030303030354e+01
1.911882828282828939e+02
8.769829292929293842e+02
3.607545454545455499e+01
1.063724242424242306e+02
1.860717171717172391e+01
1.150050505050505478e+01
1.800626262626262886e+01
3.916787878787878441e+01
1.300661616161615655e+02
1.107171717171715697e+00
1.449910101010100902e+02
2.186161616161617971e+00
3.375151515151528336e+00
4.524808080808080035e+01
5.145454545454539730e-01
5.877777777777770662e-01
3.953030303030300274e+01
3.563777777777777089e+01
3.071375757575758030e+02
1.469848484848486692e+01
2.600555555555553511e+01
1.043586868686868456e+02
3.918464646464645540e+01
5.314470707070706794e+02
3.785303030303029459e+01
5.151313131313132487e+01
8.797979797979804673e-01
3.190555555555555145e+01
1.776819191919192065e+02
3.587585858585858745e+01
2.302020202020201300e-01
4.625111111111111484e+01
1.727666666666661399e+01
1.607435353535354352e+02
5.843434343434336098e-01
3.352989898989896744e+01
3.763636363636360116e-01
1.795212121212122369e+01
1.972050505050503588e+01
1.108050505050504597e+01
2.569515151515150464e+01
6.575757575757582574e-01
1.695444444444441956e+01
1.589797979797981320e+00
4.403030303030296411e-01
1.308424242424241690e+01
2.284868686868687249e+01
3.828282828282834616e-01
6.716161616161621106e-01
2.347333333333331495e+01
1.037070707070705478e+00
4.351515151515148450e-01
3.695959595959594779e-01
2.183272727272730052e+01
5.125323232323231082e+01
5.077393939393940769e+01
7.112121212121216285e-01
8.709393939393940798e+01
1.854313131313130114e+01
1.527000000000000171e+02
7.912656565656565988e+01
1.258702020202020861e+02
2.895757575757576419e+01
4.688539393939396405e+02
1.803868686868686666e+01
3.126444444444444670e+01
3.388888888888885176e-01
2.377050505050504370e+01
2.986979797979797269e+01
3.824747474747475451e+01
5.919191919191929552e-01
3.639595959595957453e+01
1.961363636363638463e+01
1.179898989898991557e+00
1.471202020202020222e+01
2.204636363636363328e+01
5.771717171717162254e-01
3.860424242424242181e+01
4.164646464646460933e-01
6.935353535353545595e-01
6.155555555555561886e-01
4.252525252525257704e-01
1.388306969696969190e+03
2.231050505050504995e+01
3.401298989898990044e+02
7.445454545454535111e-01
5.133515151515150876e+01
4.900111111111112905e+01
4.359959595959596612e+01
8.854545454545453831e-01
1.139484848484848811e+01
4.112121212121211400e-01
1.558498989898989748e+02
6.827272727272732933e-01
6.679141414141417954e+01
3.844919191919189672e+01
7.130303030303029033e-01
4.823232323232325425e-01
8.496969696969683961e-01
5.041414141414137795e-01
6.090909090909097934e-01
2.656565656565655353e-01
1.607171717171716363e+00
1.598555555555555330e+01
6.580232323232323211e+01
4.777784848484849931e+02
1.193838383838382367e+00
5.679797979797973628e-01
4.095959595959600130e-01
5.873737373737385470e-01
7.461616161616153597e-01
3.083898989898990450e+01
6.796969696969699104e-01
1.784656565656566585e+01
2.129090909090912476e+00
3.284858585858585656e+01
1.497414141414142463e+01
2.339877777777778931e+02
5.045272727272725177e+01
4.916161616161627279e-01
7.788888888888876316e-01
1.589111111111109942e+01
2.945232323232322358e+01
2.192101010101009351e+01
6.012545454545457346e+01
6.055555555555549585e-01
2.347538383838383709e+02
8.241304040404039597e+02
2.125484848484848044e+01
7.239393939393945487e-01
2.472737373737374966e+01
7.161070707070722108e+01
3.607707070707067487e+01
1.632979797979797354e+01
3.793939393939397831e-01
2.764070707070709787e+01
7.306282828282826358e+01
2.675979797979797681e+01
5.636515151515150990e+01
7.704571717171718319e+02
2.512555555555556452e+01
9.190662626262627555e+02
2.150565656565655459e+01
2.376727272727273998e+01
1.034778787878788080e+02
2.791363636363636758e+01
2.229646464646465631e+01
4.434343434343425705e-01
9.381878787878787307e+01
3.607070707070711979e-01
1.273888888888889603e+01
6.301804040404041416e+02
4.628474747474743367e+01
8.976455555555553474e+02
4.542424242424243630e+01
7.726262626262628830e-01
4.564949494949495801e+01
3.629555555555558755e+01
4.519202020202021686e+01
4.051515151515155955e-01
5.535353535353534360e-01
8.781154545454547815e+02
6.493959595959594822e+01
1.774225252525252756e+02
3.885858585858584791e-01
9.604949494949472921e+00
1.987313131313135628e+01
1.349307070707071148e+02
6.307070707070713267e-01
3.674747474747475096e-01
4.297979797979802896e-01
7.944888888888885958e+01
2.993646464646458227e+01
1.040606060606058092e+00
2.872587878787878140e+02
1.858999999999999631e+01
2.872121212121217404e+00
8.043434343434344713e-01
3.895707070707070585e+01
4.568666666666665321e+01
9.403627272727272839e+02
7.644202020202020265e+01
7.615151515151522554e-01
5.991919191919203858e-01
1.327575757575761184e+00
1.199529292929292978e+02
3.910373737373737413e+01
3.238383838383841473e-01
2.947676767676771004e+00
2.798242424242424775e+01
2.765151515151515227e+01
2.152636363636363370e+01
3.402404040404039165e+01
6.186404040404041638e+01
3.739969696969696855e+01
2.822666666666666302e+01
8.528282828282829353e-01
6.011111111111102634e-01
4.004868686868689309e+01
2.118282828282830543e+00
7.149494949494947793e-01
1.146868686868686149e+00
5.846464646464650805e-01
4.649090909090920043e+00
4.380606060606059771e+01
3.060868686868684918e+01
2.036909090909092512e+01
5.141111111111130505e+00
5.761616161616155418e-01
7.445454545454555095e-01
8.010808080808084242e+01
4.228383838383840754e+01
8.820505050505049383e+01
2.185898989898990763e+01
1.122565656565656766e+01
1.895202020202019000e+01
3.038121212121210846e+01
3.838323232323232048e+01
8.496019191919191371e+02
2.437444444444443548e+01
2.670404040404038426e+01
2.831010101010106972e+00
5.503050505050503460e+01
6.321979797979797411e+01
2.518404040404039179e+01
1.535656565656566164e+00
5.004040404040394074e-01
3.371494949494950788e+01
1.571565656565658031e+01
4.946111111111110858e+01
1.089393939393937361e+00
3.287878787878786291e-01
1.060101010101012431e+00
3.429313131313133312e+01
4.191919191919184495e-01
4.817171717171724321e-01
1.581313131313131315e+01
3.473753535353534971e+02
3.773030303030301980e+01
3.014879797979798468e+02
5.720202020202009852e-01
1.700909090909092702e+00
3.994696969696971678e+01
7.314141414141401842e-01
3.877474747474746408e+01
3.409707070707072063e+01
6.561616161616156129e-01
6.918878787878790604e+01
6.819284848484847998e+02
1.658686868686869431e+01
2.430212121212122156e+01
1.294029292929292581e+02
3.430686868686868962e+01
2.693040404040401725e+01
4.930202020202019497e+01
4.001010101010102349e-01
7.512020202020204707e+00
8.253282828282827666e+01
9.857575757575735009e-01
5.764919191919192087e+01
3.022212121212126945e+01
1.426374747474747551e+02
8.180808080808072980e-01
3.138131313131311728e+01
1.492828282828283060e+00
2.253636363636364770e+00
1.374307070707071148e+02
4.961837373737371877e+02
1.662943434343434035e+02
9.768282828282824681e+00
1.136363636363638241e+00
2.357285858585858591e+02
2.680959595959595987e+01
6.692929292929304941e-01
3.163771717171716205e+02
1.484030303030304232e+01
7.207070707070714066e-01
3.361080808080804161e+01
3.929636363636364393e+01
6.853535353535370467e-01
2.873464646464645966e+01
2.875757575757570406e-01
5.288525252525253961e+01
6.195959595959582566e-01
2.606535353535353394e+01
1.414050505050504647e+01
4.491919191919199750e-01
1.840353535353536074e+02
8.542424242424235814e-01
1.448814141414141830e+02
2.188101010101008370e+01
5.981818181818172597e-01
4.725262626262630050e+01
4.951515151515158419e-01
3.894666666666665833e+01
1.118141414141413925e+01
2.659565454545454941e+03
2.722808080808081499e+01
3.453487878787879595e+02
1.623651515151515241e+02
3.776494949494949793e+01
4.745454545454539375e-01
2.891161616161616621e+01
5.327767676767678040e+01
2.403080808080806818e+01
5.223898989898991374e+01
5.670707070707076136e-01
3.371206060606061783e+02
1.734171717171716764e+01
5.384848484848491212e-01
3.497232323232321960e+01
3.301757575757576291e+01
8.408080808080817814e-01
9.210452525252521809e+02
4.361464646464646222e+01
2.599252525252525814e+01
7.278010101010099220e+01
4.456121212121211528e+01
4.482390909090906916e+02
2.975555555555562837e+00
3.944444444444447639e-01
3.196353535353535236e+01
1.768090909090910401e+01
1.059907676767676776e+03
3.818080808080807032e+01
1.644646464646466022e+00
2.408252525252525444e+01
4.552909090909091105e+01
4.814141414141424602e-01
1.359453535353535187e+02
9.804807070707074672e+02
8.929191919191932669e+00
7.669696969696978561e-01
9.731313131313122922e-01
1.082901010101010257e+02
4.479797979797972007e-01
1.583295959595960085e+03
7.606060606060621732e-01
5.104141414141416533e+00
5.736363636363630558e-01
4.044595959595959300e+01
4.967676767676756366e-01
6.691919191919186716e-01
2.075131313131314315e+01
1.554141414141411603e+00
3.969695959595960062e+02
5.180808080808086968e-01
3.069444444444445352e+01
9.695959595959615651e-01
5.958585858585859762e-01
3.143787878787882306e+01
4.306656565656565760e+01
9.180808080808073868e-01
7.524474747474745584e+01
1.173131313131314357e+00
3.166121212121212025e+01
2.823414141414141199e+01
6.362787878787872131e+01
3.111585858585859654e+01
6.688333333333333997e+01
9.716666666666672114e+00
4.794949494949505842e-01
1.429808080808079929e+01
4.890909090909084656e-01
9.163636363636354920e-01
8.623653535353538473e+02
1.311353333333333921e+03
1.951383838383838665e+01
9.770808080808093266e+00
2.321969696969697594e+01
1.914828888888888287e+03
4.679414141414139294e+01
4.840898989898992255e+01
4.166363636363630718e+00
3.693696969696969745e+01
7.167676767676756100e-01
2.468707070707070628e+01
1.537524242424242402e+03
6.516161616161614267e-01
6.258585858585867800e-01
5.068878787878788472e+01
1.054184343434343191e+03
2.833242424242424917e+01
3.789020202020203243e+01
3.898989898989898562e-01
9.234676767676758402e+01
4.443434343434344291e-01
5.311111111111102012e-01
6.673737373737382850e-01
4.339679797979795808e+02
8.945303030303033154e+01
1.667391313131312700e+03
7.473737373737374678e-01
1.963030303030298240e+00
2.934464646464646265e+01
1.687737373737373758e+01
4.827272727272728381e-01
2.807292929292929884e+01
3.609707070707073484e+01
6.419191919191913343e-01
2.354746464646464688e+02
4.484848484848479866e-01
1.618686868686870728e+00
4.327151515151514616e+01
6.459595959595951786e-01
2.524343434343441217e+00
1.871787878787878867e+01
3.052696969696969731e+01
2.114406060606060862e+02
9.438686868686865239e+00
8.349494949494956630e-01
3.434646464646464636e+01
3.845454545454550233e-01
1.903373737373738095e+01
2.559494949494947491e+00
3.359595959595959580e-01
2.093964646464646364e+02
4.464646464646467861e-01
5.343434343434351197e-01
3.037373737373732507e-01
7.610101010101005814e-01
3.457575757575753750e-01
2.562252525252526425e+01
4.507070707070707782e-01
5.542424242424247582e-01
1.187272727272725259e+00
2.575292929292928434e+01
2.570595959595958035e+01
6.747000000000002728e+01
3.455262626262626924e+01
5.913272727272723728e+01
4.975696969696968353e+01
3.686570707070706590e+02
1.537886161616162326e+03
3.780050505050505194e+01
4.307676767676765195e+01
2.093828282828282852e+02
5.045454545454537421e-01
7.993484848484851568e+01
8.154545454545462091e-01
1.024747474747475877e+02
1.735909090909090580e+01
3.497979797979791083e-01
3.141979797979796629e+01
4.924242424242430971e-01
5.243434343434338896e-01
5.287181818181818471e+01
7.608051515151516924e+02
6.619191919191926843e-01
1.731060606060606233e+01
3.315616161616163282e+01
5.880989898989898990e+01
1.809707070707069576e+01
2.865646464646467706e+01
3.034545454545454657e+00
3.018292929292930893e+01
1.212323232323233801e+00
2.603626262626265131e+01
6.328525252525248845e+01
1.552040404040405086e+01
4.854414141414142847e+01
3.132727272727276802e+00
6.960606060606067125e-01
4.189080808080809248e+01
5.934343434343427592e-01
1.195666666666667055e+02
1.028146464646464580e+02
1.873626262626263284e+01
7.957585858585859739e+01
6.361616161616170384e-01
1.024646464646462363e+00
5.290909090909082790e-01
2.142050505050505649e+01
4.584010101010100868e+01
6.441414141414137928e-01
3.591525252525251943e+01
2.770050505050504341e+01
1.524689999999999600e+03
6.055555555555547365e-01
1.999977777777777987e+02
4.515151515151509809e-01
3.601717171717186972e+00
1.407268686868686700e+02
6.098858585858585712e+01
3.168303030303030710e+01
1.052525252525253752e+00
8.097663636363633941e+02
8.015464646464646137e+01
3.158181818181817491e+01
7.263636363636356563e-01
1.247171717171718708e+00
9.768787878787881240e+00
5.143292929292925919e+01
1.186563636363635936e+02
4.930303030303020417e-01
6.061616161616170118e-01
1.490616161616160085e+01
1.573989898989900382e+01
3.833484848484848584e+01
8.734727272727273828e+01
5.087383838383838253e+01
2.723646464646463983e+01
2.763939393939388367e+00
3.886868686868685807e-01
5.227272727272735953e-01
4.075707070707071011e+01
3.431464646464646506e+01
4.658323232323232332e+01
1.511010101010101359e+00
5.522535353535354119e+01
1.632814141414141034e+02
7.251515151515158797e-01
6.529916161616160934e+02
4.352979797979799059e+01
6.629878787878787705e+01
3.110727272727273984e+01
1.223685858585858170e+02
3.895494949494949566e+01
2.901010101010096376e-01
2.512959595959593884e+01
5.406404040404038369e+01
7.514141414141417563e-01
3.953474747474745499e+01
1.101121212121212167e+01
6.064265656565652307e+02
1.064276767676767719e+02
2.555414141414141227e+01
2.305767676767676733e+01
9.174747474747467768e-01
5.518181818181813192e-01
6.217171717171724454e-01
3.438282828282823722e+00
3.117555555555556523e+01
5.123636363636359548e+00
4.273434343434357352e+00
2.880383838383838935e+01
2.683907070707070943e+02
3.544532323232322710e+02
1.574707070707070500e+01
5.078787878787887067e-01
7.086868686868683653e-01
2.458393939393939718e+02
1.889646464646465418e+01
3.105474747474750785e+01
4.167181818181819608e+01
4.313131313131304823e-01
1.280545454545454298e+01
6.581818181818173130e-01
5.814141414141403841e-01
4.106625252525251994e+02
2.834101010101009877e+01
3.768202020202019753e+01
5.534343434343441670e-01
3.964676767676768065e+01
8.681818181818190538e-01
4.213909090909092470e+01
1.115808080808080973e+02
2.869111111111109480e+01
2.313030303030302548e+01
7.175757575757577555e-01
2.867555555555552615e+01
1.990798989898990214e+02
2.892464646464645384e+01
1.539454545454547763e+01
5.837373737373743321e-01
3.527272727272731112e-01
1.736343434343434211e+01
6.119535353535354005e+01
1.266121212121211315e+01
5.263636363636355897e-01
1.195416161616161190e+02
8.765835353535348986e+02
5.069767676767675368e+01
6.300000000000000711e+01
5.346272727272724978e+01
1.250898989898989733e+01
5.683838383838396568e-01
1.447305656565657046e+03
6.897502020202011863e+02
1.699909090909092058e+01
9.260505050505049240e+00
5.634282828282832156e+01
3.626353535353538859e+01
3.120252525252523768e+01
1.288141414141414387e+01
4.245454545454546147e-01
5.623232323232318919e-01
3.085242424242424164e+01
1.791039393939394699e+02
3.760151515151513735e+01
7.735153535353534835e+02
3.484421212121212648e+02
1.907142424242423431e+02
1.011898989898989321e+01
6.011111111111101524e-01
3.194939393939394634e+01
2.645666666666668831e+01
6.135353535353550436e-01
1.401310606060606460e+03
1.016999999999999282e+01
1.327383838383837578e+01
1.323252525252525480e+01
4.918575757575757024e+01
1.860383838383837940e+01
4.449111111111108841e+01
8.203242424242425557e+01
6.255555555555561975e-01
4.123232323232320362e-01
7.463267676767677585e+02
2.735898989898992184e+01
5.825926262626263679e+02
7.796969696969692221e-01
2.359989898989898549e+01
4.184848484848489036e-01
5.077894949494950083e+02
3.744444444444448572e-01
1.444281818181817698e+02
2.079797979797981811e-01
1.561818181818182660e+00
5.585029292929297071e+02
3.270484848484849039e+01
3.241131313131313618e+01
9.127152525252528221e+02
4.314969696969699697e+01
6.417858585858583353e+01
6.067676767676775107e-01
3.115919191919191533e+01
4.483838383838386621e-01
4.654555555555555912e+01
4.226233333333331643e+02
1.009494949494947891e+00
3.621652525252525834e+02
1.406649797979799359e+03
2.845515151515150620e+01
4.346464646464636705e-01
4.335020202020200486e+01
9.522190909090910509e+02
7.192030303030298910e+01
1.626121212121212878e+01
9.104536363636364058e+02
7.125252525252531166e-01
1.921525252525253791e+01
6.345454545454543016e-01
8.170707070707071695e-01
7.960462626262626600e+02
2.673737373737370970e-01
1.002109090909090838e+02
9.352555555555555600e+01
4.303686868686866518e+01
1.142939393939393433e+01
1.196868686868685305e+00
5.527979797979811316e+00
1.283090909090906528e+01
7.621878787878786454e+01
4.014202020202019128e+01
2.982727272727273871e+01
4.361616161616168608e-01
1.145414141414138776e+01
2.417533333333332450e+02
6.613805050505052350e+02
2.391656565656565903e+01
1.234373737373737434e+01
4.658242424242422430e+01
6.102020202020213002e-01
1.361694848484848308e+03
3.923464646464647387e+01
1.538707070707074287e+01
6.584676767676769771e+01
2.043333333333333712e+01
2.738858585858584149e+01
5.049959595959597891e+01
6.302020202020205408e-01
6.613131313131320743e-01
8.107070707070714866e-01
2.272727272727278702e+00
5.525313131313129844e+01
1.636783939393939590e+03
9.893658585858582910e+02
3.113373737373737526e+01
6.157575757575745046e-01
3.057848484848485171e+01
2.804585858585859981e+01
3.665545454545453197e+01
5.563636363636351723e-01
4.844454545454546945e+01
1.294848484848487358e+00
7.422212121212122327e+01
4.060666666666668334e+01
3.500595959595964501e+01
2.120313131313132260e+01
4.991595959595957765e+01
1.472222222222219434e+00
1.428849898989899202e+03
3.133070707070712402e+01
1.388548484848485316e+02
2.183090909090908838e+01
6.073787878787879180e+01
1.587909090909090004e+01
4.256565656565653910e+01
2.304111111111110688e+01
2.130381818181819540e+02
2.383363636363635507e+01
2.801737373737371684e+01
3.323909090909091901e+01
1.120303030303030134e+00
2.108989898989897860e+00
1.941474747474748241e+01
5.531909090909091731e+01
3.114333333333333798e+01
4.942525252525251744e+01
4.415151515151507500e-01
3.279797979797975938e-01
1.158585858585859940e+00
4.790909090909095114e-01
1.112767676767676939e+01
4.385858585858582459e-01
7.106060606060617957e-01
4.431767676767675823e+01
3.693353535353534056e+01
7.554545454545460448e-01
4.451515151515156310e-01
1.535929292929292558e+02
1.756151515151516307e+01
2.290360606060604880e+02
6.887878787878790598e-01
4.288888888888895967e-01
3.114161616161618440e+01
7.782828282828292421e-01
5.977777777777766310e-01
1.603424242424241442e+01
9.595575757575760178e+01
7.312121212121215352e-01
3.918777777777778937e+01
3.565727272727269792e+01
4.090727272727274766e+01
9.069696969696956490e-01
2.590606060606063021e+00
