6.908989898989894129e+00
3.962222222222226531e+00
0.000000000000000000e+00
1.937070707070706943e+00
6.550606060606060765e+00
1.355151515151517883e+00
2.622222222222224675e-01
4.167070707070707591e+00
2.354545454545460270e-01
4.330303030303026546e+00
1.910814141414141432e+02
3.449494949494957274e-01
2.939393939393944097e-02
2.165050505050502672e+00
3.777070707070708355e+00
9.995858585858586665e+00
4.878787878787876897e-02
1.490909090909092738e-01
8.727828282828285467e+01
1.438181818181818672e+00
1.979797979797979363e-02
1.304444444444444962e+00
3.577979797979804033e+00
2.524242424242421623e-01
6.777777777777772850e-02
8.434343434343428980e-02
4.356565656565656752e+00
1.266666666666668439e-01
1.387878787878787934e-01
2.549595959595963190e+00
1.226363636363637255e+01
2.091919191919191234e-01
4.962626262626253504e-01
2.573131313131308051e+00
3.165959595959596751e+00
3.731616161616162053e+00
1.750268686868686814e+02
7.690010101010101096e+01
3.218181818181822251e-01
5.487474747474748504e+00
2.435737373737375222e+01
1.517878787878787605e+00
4.455656565656560986e+00
1.745555555555554195e+00
4.915656565656565391e+00
1.025252525252524916e-01
5.719191919191919382e-01
0.000000000000000000e+00
5.360202020202014417e+00
2.691727272727272791e+01
4.500909090909093635e+00
3.878787878787880172e-02
1.990909090909090962e-01
1.579393939393941571e+00
5.744949494949501911e+00
1.247575757575755562e+00
3.304444444444449402e+00
8.816161616161626302e-01
9.349292929292930765e+00
2.572222222222218413e+00
7.077909090909086842e+01
2.910101010101006747e+00
7.725161616161615541e+01
9.999999999999949901e-03
3.082222222222222641e+00
2.212121212121209712e-01
1.156727272727273537e+01
3.545757575757573221e+00
2.524242424242423843e-01
1.788888888888891526e-01
4.902727272727269714e+00
6.575757575757583406e-02
3.031010101010102264e+00
6.727575757575761983e+00
3.267676767676773730e-01
1.085493939393939371e+02
4.261717171717177344e+00
3.012424242424247112e+00
7.802131313131312140e+01
3.532323232323232309e-01
2.073838383838385813e+00
3.173232323232326291e+00
1.689898989898992177e-01
9.981818181818184144e+00
1.085040404040404738e+01
5.931919191919190482e+00
1.504646464646468118e+00
5.021313131313132949e+00
1.457171717171717118e+00
3.437373737373739524e-01
2.799999999999996381e-01
3.584848484848479622e+00
2.999999999999991562e-02
4.265757575757576525e+00
3.808383838383840203e+00
4.919191919191910345e-01
4.516565656565663112e+00
3.578282828282829620e+00
3.283838383838389774e+00
1.081263636363636778e+02
5.403838383838383663e+00
2.939393939393944097e-02
3.207070707070701632e-01
2.483161616161617857e+01
2.814141414141413944e-01
2.901010101010101483e+00
1.661717171717167041e+00
1.497272727272729975e+00
2.625252525252524949e-01
5.751313131313124494e+00
4.311111111111115557e-01
1.188888888888888079e-01
1.425252525252529157e-01
5.528989898989901342e+00
4.865252525252520499e+00
5.737373737373745453e-01
0.000000000000000000e+00
6.258080808080802804e+00
2.953838383838380821e+00
1.548626262626262928e+01
1.566696969696969610e+01
2.401717171717170363e+00
7.444444444444454634e-01
3.687575757575760171e+00
5.823737373737367662e+00
5.590909090909097490e-01
2.558787878787879499e+00
1.357575757575757991e-01
2.239212121212123563e+01
3.939393939393939781e-02
0.000000000000000000e+00
1.066666666666669788e-01
4.019191919191916762e-01
3.412828282828285875e+00
2.528282828282830685e+00
3.659212121212120650e+01
2.616161616161620240e-01
8.581313131313130782e+00
2.895656565656562265e+00
0.000000000000000000e+00
2.138787878787881347e+00
3.204646464646461634e+00
1.414141414141412700e-01
4.476666666666664796e+00
2.327272727272732267e-01
4.008181818181817846e+00
2.816262626262622693e+00
6.131313131313139708e-01
3.354141414141409427e+00
6.797979797979800121e-02
6.762222222222225909e+00
1.924141414141412598e+00
1.979797979797979016e-02
5.255151515151521124e+00
1.030555555555554648e+01
1.381919191919192880e+00
3.215151515151515316e+00
1.440353535353534653e+01
3.157777777777778461e+00
3.146464646464652848e-01
1.675757575757577666e-01
9.999999999999970718e-03
2.464646464646466639e-01
4.057878787878784976e+01
4.593131313131312510e+00
1.602096969696969779e+02
1.893939393939393923e-01
3.860808080808072251e+00
2.331272727272727607e+01
2.639898989898987747e+00
2.697979797979802585e-01
3.491212121212119879e+00
2.869595959595959922e+00
1.999999999999991368e-02
1.894040404040406189e+00
2.295898989898989839e+01
3.736868686868684897e+00
2.842424242424246295e-01
2.984848484848491301e-01
2.089999999999996305e+00
2.112121212121215452e-01
2.775151515151518478e+00
1.594949494949499391e-01
4.139898989898989967e+00
1.874646464646467781e+00
1.638181818181814187e+00
4.661212121212121140e+00
2.928787878787880494e+00
3.139595959595956831e+00
2.793939393939397497e-01
4.689191919191911140e+00
4.115353535353534653e+00
2.556363636363640612e+00
4.106868686868686780e+00
5.858585858585858147e-02
5.625353535353537104e+00
5.858585858585859535e-02
3.786565656565658244e+00
1.462626262626262330e-01
3.727787878787876963e+01
1.960656565656566030e+01
1.803636363636365703e+00
3.800000000000003375e-01
0.000000000000000000e+00
4.212424242424241960e+00
9.999999999999962044e-03
8.501717171717173116e+00
1.223232323232320146e-01
1.414141414141411868e-01
7.332323232323246787e-01
1.358044444444444139e+02
2.525252525252525415e-01
1.651616161616164868e+00
4.460606060606064349e-01
4.873737373737371037e+00
1.163554545454545348e+02
5.882040404040403558e+01
6.163939393939393341e+01
1.708181818181819578e+00
3.259696969696968871e+00
7.566666666666661545e-01
4.337373737373736438e-01
9.563131313131314926e+00
9.999999999999962044e-03
4.353676767676768122e+01
2.384747474747472396e+00
5.223535353535359249e+00
1.568585858585858972e+00
1.475464646464647700e+01
2.072929292929289513e+00
1.999999999999998307e-02
1.910505050505048263e+00
3.459494949494949179e+00
5.487070707070697217e+00
1.628545454545454874e+01
8.596565656565649860e+00
1.966282828282827566e+01
3.836868686868680989e+00
2.946262626262622142e+00
2.662828282828281878e+00
2.408181818181814204e+00
1.999393939393941277e+00
7.434343434343430868e-02
2.940404040404042685e-01
3.915353535353536696e+00
4.745757575757582281e+00
4.458444444444442922e+01
4.430101010101002323e+00
2.376464646464648389e+00
1.655959595959596520e+00
2.620909090909093297e+00
6.046767676767680122e+00
4.289898989898991433e-01
1.616161616161613246e-01
4.217171717171712686e-01
1.829080808080809106e+01
2.625252525252524283e+00
8.078282828282819850e+00
9.886363636363631358e+00
4.565959595959601103e+00
1.999999999999997613e-02
0.000000000000000000e+00
3.442323232323230897e+00
1.417525252525253165e+01
9.291979797979800537e+01
3.268686868686872860e+00
1.260424242424242358e+01
2.325151515151516080e+00
1.210707070707068622e+00
3.315757575757575015e+00
3.604646464646465986e+00
1.274494949494949658e+01
1.486868686868686174e-01
1.287101010101010523e+01
2.010101010101008889e-01
4.020202020202013476e-02
5.141010101010097699e+00
2.358585858585862394e-01
1.745454545454546424e-01
4.885959595959596058e+00
4.421616161616161556e+00
3.926282828282826642e+01
2.139191919191920199e+00
3.019999999999998241e+00
1.403999999999999382e+01
3.900202020202023778e+00
4.970525252525253279e+01
3.614343434343438854e+00
4.141313131313133944e+00
2.521212121212118573e-01
5.039393939393946198e+00
2.058323232323230911e+01
4.249999999999999112e+00
0.000000000000000000e+00
4.997070707070705886e+00
1.992727272727274457e+00
1.235565656565655956e+01
3.301010101010095066e-01
3.638989898989906546e+00
1.943434343434342904e-01
2.147272727272723447e+00
2.571212121212122614e+00
1.834949494949493110e+00
2.934444444444444855e+00
1.041414141414140626e-01
2.815656565656567967e+00
3.651515151515152824e-01
2.622222222222225785e-01
1.723939393939395881e+00
2.930303030303026635e+00
1.287878787878784237e-01
1.242424242424243763e-01
2.560101010101005770e+00
5.013131313131319322e-01
1.999999999999993103e-02
0.000000000000000000e+00
2.082525252525250004e+00
5.401111111111112528e+00
6.326060606060607050e+00
1.316161616161618531e-01
9.874141414141424988e+00
1.799898989898989665e+00
1.438828282828282212e+01
8.788888888888882533e+00
1.160646464646464793e+01
3.071616161616159246e+00
2.533121212121212906e+01
1.338989898989898064e+00
4.224242424242426353e+00
0.000000000000000000e+00
3.752121212121212857e+00
4.436464646464643558e+00
3.910505050505049152e+00
2.346464646464645476e-01
3.687979797979794583e+00
1.915757575757574660e+00
2.141414141414140493e-01
1.976464646464642927e+00
2.693131313131316595e+00
2.233333333333338000e-01
4.804242424242427312e+00
1.142424242424245895e-01
2.470707070707069408e-01
1.675757575757577111e-01
9.999999999999972453e-03
2.054434343434343475e+02
2.405959595959590747e+00
4.608191919191917663e+01
4.719191919191913498e-01
6.331212121212111299e+00
8.607979797979801617e+00
5.369494949494949765e+00
2.503030303030300274e-01
1.307272727272724921e+00
9.656565656565672950e-02
1.336909090909090381e+01
8.272727272727276038e-02
6.769494949494946567e+00
6.346868686868686993e+00
7.676767676767665138e-02
2.233333333333339388e-01
2.532323232323230311e-01
1.979797979797979363e-02
3.590909090909091828e-01
2.939393939393944791e-02
4.933333333333341786e-01
2.259494949494952554e+00
7.014747474747475842e+00
9.651303030303030539e+01
2.697979797979794259e-01
1.893939393939393923e-01
0.000000000000000000e+00
3.852525252525251798e-01
1.525252525252528968e-01
3.793434343434341827e+00
1.496969696969698560e-01
2.662929292929296476e+00
3.690909090909089141e-01
3.785353535353536358e+00
2.211616161616158482e+00
2.081000000000000583e+01
4.676464646464645547e+00
1.979797979797979363e-02
1.675757575757576556e-01
2.882222222222219798e+00
3.503131313131313540e+00
2.931010101010104396e+00
4.868585858585861459e+00
1.943434343434342904e-01
2.412373737373737725e+01
7.674161616161619293e+01
2.828181818181821683e+00
3.412121212121212999e-01
2.164848484848481025e+00
4.282929292929298803e+00
5.038989898989896687e+00
2.314242424242427543e+00
2.460606060606066181e-01
3.232626262626263625e+00
7.336767676767682822e+00
3.055454545454544313e+00
4.759494949494943228e+00
7.922323232323235231e+01
2.920707070707067032e+00
1.031437373737373377e+02
3.432929292929292053e+00
2.714242424242422125e+00
1.261101010101009123e+01
3.546060606060605469e+00
2.813535353535355998e+00
0.000000000000000000e+00
1.069323232323232453e+01
3.333333333333336479e-01
1.794646464646467932e+00
6.647101010101012264e+01
4.714343434343438943e+00
8.719515151515156504e+01
4.878989898989899210e+00
3.505050505050502641e-01
5.676262626262625233e+00
3.908686868686867211e+00
5.965151515151510431e+00
2.059595959595963144e-01
3.069696969696963929e-01
1.070096969696969467e+02
7.618484848484849081e+00
1.630292929292930282e+01
1.554545454545456507e-01
1.361010101010101003e+00
1.473838383838387056e+00
1.094848484848485093e+01
1.425252525252528879e-01
2.384848484848485772e-01
0.000000000000000000e+00
7.888888888888891060e+00
3.335656565656568873e+00
3.364646464646464663e-01
3.502848484848485811e+01
1.405858585858585696e+00
2.847474747474748602e-01
2.600000000000000644e-01
3.960606060606063128e+00
5.636767676767677315e+00
1.006637373737373480e+02
1.089393939393938915e+01
1.025252525252524222e-01
1.999999999999995184e-02
3.340404040404044150e-01
1.264828282828282369e+01
3.723030303030310240e+00
9.999999999999979391e-03
6.190909090909083590e-01
4.031515151515148609e+00
3.487878787878787357e+00
2.718989898989900400e+00
4.761515151515156141e+00
5.813434343434342289e+00
4.021818181818182403e+00
3.748686868686869289e+00
1.061616161616163456e-01
0.000000000000000000e+00
4.344444444444438780e+00
5.028282828282826245e-01
0.000000000000000000e+00
4.882828282828291511e-01
2.831313131313126230e-01
5.867676767676772709e-01
6.614747474747472822e+00
3.174747474747474651e+00
2.318181818181819231e+00
3.880808080808086924e-01
0.000000000000000000e+00
4.660606060606062861e-01
9.163838383838387003e+00
4.955454545454538007e+00
7.506868686868688911e+00
2.611515151515152677e+00
1.595050505050504164e+00
2.314646464646463730e+00
2.950101010101008558e+00
4.161010101010102602e+00
1.295379797979798298e+02
3.563030303030304324e+00
3.037070707070705478e+00
7.869696969696962086e-01
5.114545454545456948e+00
1.333131313131313256e+01
2.310202020202018147e+00
6.397979797979803651e-01
9.999999999999953371e-03
3.237171717171714036e+00
1.855959595959593811e+00
6.243434343434347333e+00
2.721212121212117641e-01
1.490909090909092738e-01
1.986868686868689671e-01
4.862929292929294434e+00
1.009090909090910038e-01
2.939393939393944444e-02
1.831919191919190393e+00
2.193969696969696415e+01
4.388585858585861033e+00
4.095828282828281885e+01
1.137373737373739285e-01
3.895959595959596067e-01
3.953737373737365779e+00
2.682828282828284006e-01
4.486363636363637220e+00
3.982424242424247307e+00
0.000000000000000000e+00
5.159494949494948912e+00
8.249737373737372081e+01
1.746363636363632788e+00
3.147676767676760079e+00
1.696949494949495119e+01
4.158585858585856165e+00
3.159393939393937423e+00
4.578888888888883457e+00
9.888888888888916484e-02
1.318181818181817011e+00
8.605050505050506615e+00
4.819191919191914697e-01
6.784545454545454213e+00
2.798585858585856734e+00
1.260444444444445011e+01
1.307070707070708548e-01
3.337979797979796714e+00
3.469696969696967059e-01
6.569696969696973143e-01
1.451787878787878050e+01
6.901959595959596072e+01
1.976060606060605451e+01
1.222222222222220545e+00
1.259595959595962988e-01
2.707181818181819111e+01
3.163636363636364024e+00
4.048484848484851795e-01
4.443585858585857551e+01
2.333636363636366173e+00
2.288888888888892803e-01
3.171616161616165108e+00
3.741717171717174217e+00
9.090909090909075896e-02
3.744747474747473603e+00
1.943434343434342904e-01
5.621818181818177607e+00
9.999999999999967248e-03
3.657575757575760811e+00
1.784646464646460151e+00
2.027272727272723118e-01
2.136151515151516023e+01
1.842424242424241798e-01
1.456010101010100577e+01
2.730505050505046327e+00
2.767676767676771066e-01
4.565252525252520677e+00
0.000000000000000000e+00
6.110202020202017970e+00
1.587777777777777732e+00
1.903596969696970405e+02
4.058888888888897206e+00
3.032272727272728474e+01
1.796989898989899004e+01
3.837171717171710128e+00
1.695959595959593003e-01
3.965555555555556388e+00
6.203131313131311053e+00
3.403737373737372174e+00
5.052525252525248867e+00
2.696969696969693797e-01
4.945080808080808765e+01
2.318282828282824060e+00
2.160606060606058421e-01
5.330202020202017721e+00
3.506060606060608542e+00
3.348484848484850618e-01
1.230797979797979593e+02
4.848383838383835354e+00
2.351010101010096331e+00
9.188989898989895266e+00
3.610000000000001208e+00
4.165101010101011525e+01
1.439393939393942001e-01
1.203030303030303977e-01
3.064545454545454017e+00
2.320808080808084650e+00
1.032871717171717165e+02
4.391414141414140104e+00
2.124242424242426819e-01
3.361717171717171215e+00
4.843737373737375229e+00
9.999999999999984596e-03
1.107898989898989583e+01
1.143870707070707624e+02
1.941818181818179001e+00
3.590909090909090162e-01
3.409090909090907173e-01
1.415212121212120877e+01
2.121212121212122381e-01
1.797805050505050133e+02
9.515151515151504258e-02
6.314141414141425379e-01
1.307070707070709104e-01
4.839090909090913328e+00
3.182828282828284450e-01
5.696969696969710756e-02
1.914141414141417030e+00
3.950505050505048743e-01
1.202467676767676750e+02
2.968686868686863933e-01
3.129797979797974694e+00
3.178787878787874832e-01
3.037373737373740834e-01
2.351515151515147117e+00
3.949999999999999734e+00
4.288888888888897633e-01
9.487474747474749392e+00
1.415151515151512607e-01
5.004747474747477831e+00
2.328383838383836668e+00
1.079949494949493882e+01
3.821717171717170736e+00
7.664141414141410813e+00
1.721818181818184801e+00
9.888888888888897055e-02
1.944545454545454355e+00
2.779797979797975493e-01
6.368686868686861402e-01
1.535413131313131032e+02
1.235182828282828638e+02
1.954242424242421894e+00
5.146464646464639081e-01
2.442222222222226069e+00
1.190271717171717398e+02
5.887171717171712615e+00
5.383636363636363775e+00
5.387878787878801479e-01
3.902222222222217596e+00
4.103030303030292258e-01
3.862121212121212288e+00
1.708248484848485305e+02
3.667676767676767979e-01
2.187878787878791143e-01
5.837070707070705744e+00
9.624343434343433046e+01
3.129191919191913751e+00
6.372626262626271298e+00
2.403030303030307957e-01
9.259696969696975088e+00
2.718181818181821252e-01
2.939393939393944097e-02
2.403030303030307679e-01
6.261363636363633844e+01
9.973636363636353863e+00
2.014766666666666879e+02
8.272727272727277426e-02
6.580808080808072669e-01
3.700909090909094257e+00
2.675151515151518389e+00
1.893939393939393923e-01
2.900808080808078948e+00
3.149898989898996415e+00
3.723232323232327223e-01
2.159171717171718186e+01
1.009090909090910732e-01
4.988888888888896589e-01
4.937272727272724815e+00
4.797979797979799732e-02
3.952525252525248556e-01
2.472626262626264726e+00
3.564343434343433703e+00
2.740515151515150549e+01
1.527979797979799548e+00
3.788888888888884421e-01
3.929191919191917570e+00
4.043434343434349487e-01
2.603535353535352481e+00
1.143535353535352517e+00
0.000000000000000000e+00
2.713606060606061021e+01
2.354545454545460270e-01
2.460606060606065904e-01
1.979797979797979363e-02
2.562626262626264140e-01
2.939393939393943403e-02
2.923838383838391231e+00
2.358585858585862671e-01
5.603030303030313020e-01
1.688888888888890882e-01
4.011616161616166742e+00
3.043838383838382899e+00
5.378686868686867406e+00
3.629696969696967646e+00
6.151919191919190233e+00
4.848080808080809767e+00
5.237030303030302747e+01
1.380385858585858614e+02
4.075959595959600001e+00
2.841818181818182243e+00
2.552717171717171141e+01
2.591919191919195287e-01
9.909090909090910060e+00
3.878787878787880172e-02
9.130303030303029033e+00
2.544545454545450003e+00
0.000000000000000000e+00
4.021616161616161200e+00
3.505050505050510967e-01
2.939393939393944097e-02
1.060868686868687583e+01
8.185060606060604016e+01
3.724242424242423799e-01
2.108888888888889923e+00
3.470202020202021398e+00
7.337474747474752590e+00
2.391515151515152482e+00
3.023333333333334316e+00
4.164646464646462043e-01
2.637474747474747971e+00
1.990909090909090684e-01
2.865757575757582831e+00
6.220000000000000639e+00
2.362222222222226442e+00
4.971414141414148169e+00
5.715151515151527528e-01
2.643434343434351019e-01
4.020101010101014616e+00
3.724242424242423244e-01
1.149121212121212032e+01
1.366808080808080916e+01
2.313131313131318034e+00
9.963737373737368230e+00
1.814141414141416386e-01
4.482828282828291711e-01
3.251515151515154134e-01
3.359090909090908461e+00
5.200202020202024933e+00
1.849494949494948359e-01
5.191010101010106403e+00
4.070909090909086814e+00
1.522253535353536336e+02
2.268686868686866642e-01
1.714696969696969475e+01
2.500000000000001110e-01
4.220202020202024618e-01
1.730000000000001137e+01
7.011616161616164966e+00
2.766363636363636580e+00
3.303030303030298209e-01
8.915919191919192599e+01
8.128585858585866575e+00
4.419494949494945146e+00
3.605050505050507170e-01
3.918181818181816212e-01
1.278686868686867095e+00
5.238181818181820937e+00
1.370818181818181536e+01
4.797979797979809446e-02
1.622222222222218790e-01
1.623232323232321139e+00
2.168686868686866109e+00
4.092828282828285147e+00
1.193393939393939185e+01
7.432222222222224950e+00
3.399191919191915101e+00
5.051515151515145741e-01
0.000000000000000000e+00
8.555555555555549585e-02
5.384444444444442368e+00
4.687676767676763667e+00
5.313030303030301660e+00
2.144444444444444930e-01
4.934343434343427148e+00
1.949282828282826685e+01
4.196969696969696240e-01
5.416898989898989214e+01
5.246363636363636118e+00
6.981919191919187639e+00
3.460808080808081222e+00
1.246242424242425528e+01
3.764646464646469237e+00
9.999999999999953371e-03
2.451111111111107022e+00
6.786464646464647643e+00
3.119191919191912077e-01
3.002929292929289673e+00
1.802323232323232993e+00
4.995171717171719195e+01
1.152666666666667084e+01
2.522222222222219035e+00
2.203535353535355679e+00
2.151515151515151492e-01
2.525252525252522084e-01
1.216161616161619136e-01
2.373737373737369871e-01
3.045858585858588263e+00
6.326262626262634248e-01
6.944444444444427544e-01
3.430606060606059771e+00
2.687898989898990720e+01
3.772474747474745982e+01
2.085454545454548558e+00
1.979797979797979363e-02
1.490909090909092738e-01
3.503575757575755745e+01
2.129090909090912920e+00
3.917878787878790181e+00
5.852424242424248746e+00
8.999999999999996891e-02
1.711616161616162923e+00
2.373737373737369316e-01
1.215151515151516870e-01
3.567707070707068340e+01
4.374343434343439974e+00
3.365252525252529381e+00
4.415151515151508055e-01
5.661414141414145007e+00
3.748484848484852638e-01
4.930404040404044785e+00
1.193868686868687412e+01
3.213232323232318333e+00
3.385252525252524070e+00
1.623232323232320362e-01
3.116666666666664476e+00
2.691373737373738351e+01
4.007272727272717994e+00
1.745858585858588219e+00
2.979797979797977822e-02
1.740404040404041619e-01
2.698989898989899050e+00
5.826060606060611491e+00
1.606666666666663801e+00
2.079797979797981256e-01
1.310686868686868678e+01
1.041825252525252523e+02
6.304040404040401668e+00
6.218888888888888467e+00
8.045151515151522048e+00
1.752929292929295224e+00
2.503030303030308046e-01
1.129985858585857841e+02
1.188290909090909793e+02
2.909292929292926377e+00
2.599898989898989043e+00
5.071111111111109793e+00
4.038282828282824255e+00
4.488181818181814720e+00
1.583232323232325323e+00
0.000000000000000000e+00
1.986868686868689671e-01
3.585454545454548558e+00
2.586565656565657179e+01
5.599898989898989043e+00
8.976181818181819949e+01
3.338525252525252540e+01
1.849353535353535349e+01
1.739898989898987391e+00
2.198989898989898162e-01
5.361919191919191974e+00
3.101717171717170984e+00
5.858585858585859535e-02
1.230271717171717398e+02
1.430404040404043231e+00
1.659696969696970337e+00
1.282424242424241356e+00
4.800101010101006871e+00
1.967575757575754647e+00
3.859191919191919062e+00
7.217575757575755091e+00
1.296969696969694219e-01
0.000000000000000000e+00
6.662292929292929955e+01
2.382121212121208753e+00
7.673595959595961347e+01
3.824242424242427774e-01
3.003030303030306047e+00
0.000000000000000000e+00
4.793606060606063579e+01
0.000000000000000000e+00
1.612717171717174125e+01
1.979797979797979016e-02
5.861616161616165499e-01
5.284232323232322415e+01
3.154949494949493616e+00
4.145050505050504874e+00
1.143793939393938786e+02
5.347373737373742664e+00
6.885858585858579239e+00
2.196969696969693353e-01
4.371010101010100790e+00
1.546464646464644765e-01
4.114545454545448955e+00
3.195090909090910003e+01
2.942424242424245828e-01
4.224898989898994728e+01
1.725537373737373628e+02
2.810707070707069377e+00
9.999999999999949901e-03
5.288080808080810158e+00
7.750202020202023334e+01
6.216060606060609395e+00
2.122121212121212963e+00
1.056015151515151871e+02
3.939393939393939781e-02
2.228080808080806552e+00
9.676767676767671078e-02
3.230303030303025014e-01
9.764828282828287342e+01
2.327272727272732267e-01
1.920707070707070230e+01
1.199494949494949481e+01
4.182828282828285893e+00
1.839898989898991921e+00
3.925252525252531099e-01
5.465656565656558108e-01
1.383030303030303720e+00
1.018929292929292885e+01
4.208585858585863093e+00
3.940303030303031750e+00
1.842424242424241798e-01
1.548080808080807946e+00
2.050727272727273132e+01
6.095505050505048672e+01
3.213333333333332043e+00
1.768181818181822296e+00
5.177272727272730357e+00
1.688888888888890605e-01
1.410803030303030994e+02
3.527373737373738383e+00
2.035454545454541186e+00
8.011414141414137546e+00
2.272121212121214207e+00
4.017676767676769956e+00
6.227676767676767255e+00
2.415151515151520156e-01
4.358585858585857231e-01
6.898989898989918435e-02
5.448484848484843601e-01
6.003434343434342679e+00
1.356771717171716887e+02
1.318241414141414225e+02
4.084141414141423176e+00
3.173737373737380851e-01
3.735151515151514445e+00
2.424949494949490081e+00
4.690909090909092249e+00
3.166666666666670960e-01
6.604646464646469539e+00
1.979797979797979363e-02
7.272828282828280422e+00
3.489595959595962249e+00
3.097474747474743939e+00
3.251313131313132931e+00
6.931818181818177216e+00
3.720202020202018067e-01
1.528895959595959368e+02
4.203636363636367612e+00
1.435585858585858432e+01
2.759494949494947225e+00
5.137070707070709119e+00
2.669191919191915119e+00
4.059292929292933394e+00
2.454040404040407797e+00
1.857161616161615925e+01
2.741616161616164060e+00
4.097575757575762090e+00
4.112121212121208735e+00
1.313131313131308819e-01
6.628282828282823225e-01
1.387373737373737370e+00
5.594545454545453822e+00
3.139999999999999680e+00
6.114040404040402166e+00
2.525252525252522084e-01
1.216161616161618164e-01
2.984848484848486305e-01
0.000000000000000000e+00
1.126666666666668259e+00
1.546464646464643933e-01
5.334343434343437051e-01
3.734040404040403605e+00
4.602323232323223934e+00
1.833333333333330706e-01
2.297979797979799177e-01
1.682515151515151075e+01
2.502929292929290561e+00
2.257919191919192059e+01
8.575757575757581019e-02
1.979797979797979016e-02
3.930808080808082305e+00
2.399999999999996858e-01
5.696969696969705899e-02
2.297676767676771981e+00
8.943636363636361608e+00
3.959595959595958031e-02
3.352929292929290650e+00
4.423838383838385013e+00
5.567878787878785651e+00
2.443434343434346401e-01
3.989898989898981174e-01
