5.988484848484854517e+00
3.472929292929294753e+00
9.999999999999953371e-03
1.651818181818182740e+00
6.035858585858587588e+00
1.254747474747478275e+00
2.707070707070700633e-01
3.792222222222219052e+00
2.403030303030307957e-01
4.317171717171715883e+00
1.738535353535353067e+02
3.251515151515155799e-01
1.979797979797979016e-02
1.999292929292925569e+00
3.503131313131316205e+00
9.478686868686878597e+00
3.939393939393939781e-02
1.490909090909092738e-01
7.397848484848481121e+01
1.379595959595961707e+00
1.979797979797979363e-02
1.085050505050507264e+00
3.616161616161610581e+00
2.366666666666672469e-01
6.818181818181824616e-02
6.696969696969705399e-02
4.000404040404045070e+00
1.416161616161618342e-01
1.185858585858586001e-01
1.948585858585861974e+00
1.082000000000000561e+01
1.986868686868691336e-01
4.791919191919198351e-01
2.059898989898985455e+00
2.991414141414142414e+00
3.526363636363637699e+00
1.583093939393938854e+02
7.145070707070709659e+01
2.831313131313127340e-01
4.957373737373736766e+00
1.958808080808081442e+01
1.470202020202019844e+00
4.283535353535356194e+00
1.729898989898985162e+00
4.598585858585854780e+00
1.282828282828284427e-01
5.294949494949500179e-01
0.000000000000000000e+00
4.822929292929292622e+00
2.739505050505053774e+01
3.778787878787881915e+00
1.979797979797979016e-02
1.943434343434342904e-01
1.381313131313129938e+00
5.315656565656563082e+00
1.064545454545452907e+00
2.968181818181823584e+00
9.304040404040385681e-01
8.507676767676761287e+00
2.450202020202022712e+00
6.745121212121216558e+01
2.922626262626260019e+00
6.834353535353531583e+01
9.999999999999949901e-03
2.911313131313132185e+00
2.273737373737376166e-01
9.669292929292925720e+00
3.256464646464645174e+00
2.524242424242423843e-01
1.675757575757576001e-01
4.930202020202025359e+00
6.575757575757587570e-02
3.127070707070703559e+00
6.485959595959601032e+00
2.963636363636361071e-01
9.249434343434346317e+01
4.231515151515146123e+00
2.310202020202017703e+00
7.279747474747475167e+01
3.624242424242419269e-01
1.954141414141417288e+00
3.125656565656560471e+00
1.792929292929293927e-01
1.070404040404040380e+01
9.986565656565645099e+00
5.200909090909092924e+00
1.319797979797975973e+00
4.646666666666665613e+00
1.361111111111109162e+00
2.929292929292925951e-01
2.875757575757572071e-01
3.184949494949498305e+00
2.999999999999991562e-02
3.808686868686868010e+00
3.470909090909092054e+00
4.815151515151503969e-01
4.264949494949494380e+00
3.322323232323234787e+00
2.999393939393942610e+00
9.257474747474748256e+01
4.758585858585859363e+00
2.939393939393944097e-02
2.904040404040404977e-01
2.168747474747473802e+01
2.724242424242422911e-01
2.739696969696964857e+00
1.565252525252528448e+00
1.470909090909090944e+00
2.609090909090912569e-01
5.427272727272725916e+00
4.403030303030306958e-01
1.266666666666669550e-01
1.066666666666670066e-01
5.211111111111107697e+00
4.677878787878785083e+00
5.474747474747468923e-01
0.000000000000000000e+00
5.874848484848485874e+00
3.024949494949491946e+00
1.441393939393938872e+01
1.434494949494949978e+01
2.378181818181814400e+00
7.079797979797961549e-01
3.320303030303026759e+00
5.020202020202018112e+00
5.562626262626264584e-01
2.503232323232323253e+00
1.287878787878784237e-01
1.858272727272729341e+01
1.999999999999992409e-02
0.000000000000000000e+00
7.434343434343430868e-02
2.737373737373738347e-01
2.879393939393938950e+00
2.449999999999996181e+00
3.560838383838385113e+01
2.509090909090911370e-01
8.502121212121210192e+00
2.592525252525255119e+00
9.999999999999993269e-03
1.881818181818183167e+00
2.811919191919189043e+00
1.454545454545450867e-01
4.427070707070702937e+00
2.424242424242418481e-01
3.709393939393939466e+00
2.877676767676768499e+00
5.917171717171720857e-01
3.250707070707070656e+00
5.878787878787879173e-02
6.247676767676767717e+00
1.788383838383835078e+00
9.999999999999962044e-03
5.300404040404037787e+00
9.824747474747470122e+00
1.235757575757572502e+00
3.379191919191920412e+00
1.193323232323232119e+01
2.746565656565660429e+00
2.693939393939397964e-01
1.775757575757578866e-01
0.000000000000000000e+00
2.527272727272724118e-01
3.542818181818180534e+01
4.021818181818180626e+00
1.333441414141414043e+02
1.942424242424241887e-01
3.546666666666663748e+00
2.317919191919191135e+01
2.695252525252528120e+00
2.503030303030299719e-01
3.591818181818181355e+00
2.750606060606060499e+00
0.000000000000000000e+00
1.797070707070709927e+00
2.093747474747473447e+01
3.688282828282833936e+00
3.024242424242418181e-01
2.818181818181821341e-01
1.971616161616163820e+00
1.812121212121208524e-01
2.700101010101012555e+00
1.778787878787877752e-01
4.188585858585862631e+00
1.486262626262625508e+00
1.515050505050504537e+00
4.121515151515155573e+00
2.637878787878783271e+00
2.881414141414144758e+00
2.737373737373734461e-01
4.719494949494955627e+00
3.682828282828281896e+00
2.344949494949490898e+00
3.647878787878787943e+00
5.797979797979802702e-02
5.634242424242424718e+00
4.878787878787875509e-02
3.805353535353535044e+00
1.223232323232320701e-01
3.307232323232324234e+01
1.780474747474748654e+01
1.802323232323234770e+00
3.597979797979800609e-01
0.000000000000000000e+00
3.674444444444441515e+00
9.999999999999962044e-03
7.268282828282830010e+00
1.045454545454547329e-01
1.316161616161617975e-01
7.734343434343424750e-01
1.287808080808080717e+02
2.516161616161619596e-01
1.433838383838383912e+00
4.369696969696971189e-01
4.293131313131315352e+00
1.092883838383837940e+02
4.467616161616164305e+01
5.401383838383837599e+01
1.594545454545455598e+00
2.946464646464646897e+00
7.005050505050497422e-01
3.690909090909090251e-01
9.193636363636358055e+00
9.999999999999962044e-03
4.632262626262626526e+01
2.129191919191919524e+00
4.487474747474744952e+00
1.528080808080810371e+00
1.237616161616161570e+01
2.042020202020200070e+00
1.999999999999998307e-02
1.660101010101011854e+00
3.067777777777776826e+00
5.281717171717166259e+00
1.545676767676768648e+01
7.294444444444445175e+00
1.685686868686870099e+01
3.529494949494949463e+00
2.697676767676770559e+00
2.162626262626259344e+00
2.199898989898992241e+00
1.842626262626263056e+00
4.797979797979803201e-02
2.882828282828285293e-01
3.928383838383840754e+00
4.586161616161615662e+00
4.054555555555555912e+01
4.060101010101013763e+00
1.879090909090910033e+00
1.327878787878789435e+00
2.494949494949492586e+00
5.780404040404039101e+00
4.148484848484847998e-01
1.654545454545455485e-01
3.687878787878789977e-01
1.759383838383838494e+01
2.475050505050501837e+00
7.453636363636366724e+00
8.779393939393942858e+00
4.081919191919189949e+00
1.999999999999997613e-02
0.000000000000000000e+00
3.257575757575756459e+00
1.233070707070706895e+01
8.695616161616160866e+01
2.882222222222225572e+00
1.186969696969697630e+01
2.485757575757576276e+00
1.184747474747473328e+00
2.992626262626260747e+00
3.551111111111109775e+00
1.252222222222221859e+01
1.388888888888885065e-01
1.205353535353535577e+01
1.791919191919192356e-01
4.020202020202013476e-02
5.468585858585857551e+00
2.373737373737367373e-01
1.604040404040402434e-01
4.526363636363636367e+00
3.835757575757574145e+00
3.351282828282828063e+01
1.795353535353532815e+00
2.818787878787878842e+00
1.215010101010100030e+01
3.374343434343436865e+00
4.273444444444443491e+01
3.408787878787878700e+00
3.807171717171718761e+00
2.525252525252525415e-01
4.643232323232329151e+00
2.082969696969695761e+01
4.109696969696976510e+00
9.999999999999979391e-03
4.684747474747481100e+00
2.186868686868685074e+00
1.083020202020201594e+01
3.368686868686873725e-01
3.640505050505050910e+00
1.943434343434342904e-01
1.981313131313129139e+00
2.361919191919187089e+00
1.581717171717170523e+00
2.774444444444445157e+00
7.838383838383845836e-02
2.355353535353533090e+00
3.909090909090908172e-01
2.769696969696975875e-01
1.511212121212121451e+00
2.585151515151516310e+00
1.287878787878784237e-01
1.166666666666668489e-01
2.620101010101007155e+00
5.043434343434333167e-01
9.999999999999963779e-03
9.999999999999960310e-03
2.136868686868691469e+00
5.498181818181815395e+00
5.861212121212125759e+00
8.272727272727277426e-02
8.689494949494958931e+00
1.581717171717170523e+00
1.115262626262625467e+01
9.237373737373733462e+00
1.113434343434343354e+01
3.160303030303027949e+00
2.321757575757577641e+01
1.262121212121210201e+00
4.098080808080807103e+00
0.000000000000000000e+00
3.264141414141414010e+00
4.016161616161612713e+00
3.823737373737373435e+00
2.131313131313133657e-01
3.268585858585857373e+00
1.831010101010099422e+00
2.284848484848485406e-01
1.971616161616165375e+00
2.485252525252520162e+00
2.079797979797981256e-01
3.940101010101014989e+00
1.142424242424245895e-01
2.470707070707069131e-01
1.425252525252529157e-01
0.000000000000000000e+00
1.806102020202020526e+02
1.954040404040402024e+00
4.261000000000000654e+01
4.293939393939394944e-01
5.161919191919181138e+00
7.859292929292927887e+00
4.939595959595959762e+00
2.082828282828282640e-01
1.428181818181815776e+00
7.858585858585856454e-02
1.438565656565656603e+01
7.434343434343432255e-02
6.546060606060606801e+00
5.600707070707072077e+00
7.676767676767665138e-02
2.297979797979792238e-01
2.446464646464644177e-01
2.939393939393942709e-02
3.376767676767670756e-01
1.979797979797979016e-02
4.840404040404039931e-01
1.879797979797976026e+00
6.460404040404032600e+00
8.920555555555553440e+01
2.697979797979794259e-01
1.675757575757576834e-01
0.000000000000000000e+00
3.882828282828280630e-01
1.287878787878784514e-01
3.350101010101009802e+00
1.313131313131310485e-01
2.266060606060608329e+00
3.397979797979801542e-01
3.237474747474748504e+00
2.163333333333337105e+00
1.916424242424241697e+01
4.532727272727270496e+00
9.999999999999972453e-03
1.554545454545455951e-01
2.943030303030305106e+00
3.321616161616159246e+00
2.690000000000003944e+00
4.824141414141407402e+00
1.788888888888890694e-01
2.008797979797979849e+01
5.960999999999998522e+01
2.633737373737374821e+00
3.137373737373740368e-01
2.215555555555555500e+00
3.665858585858587038e+00
4.989292929292927781e+00
2.230606060606058261e+00
2.403030303030307679e-01
2.567878787878794977e+00
6.340404040404047592e+00
2.812020202020205861e+00
4.334747474747477902e+00
7.636959595959596925e+01
2.257171717171721159e+00
9.667585858585857750e+01
2.734444444444442013e+00
2.397070707070706685e+00
1.202111111111111086e+01
3.257676767676763063e+00
2.521111111111107306e+00
0.000000000000000000e+00
9.568080808080811295e+00
3.492929292929296547e-01
1.567777777777777937e+00
5.998363636363634299e+01
5.114141414141421649e+00
7.647040404040403416e+01
3.694848484848481718e+00
3.490909090909091184e-01
4.912323232323228872e+00
4.122121212121204081e+00
5.293939393939397497e+00
1.844444444444442444e-01
2.815151515151515516e-01
1.085735353535353198e+02
6.706262626262627258e+00
1.602525252525251531e+01
1.357575757575757991e-01
1.314242424242421547e+00
1.545353535353531926e+00
9.511010101010107576e+00
1.425252525252528046e-01
2.247474747474745016e-01
0.000000000000000000e+00
8.243838383838379968e+00
3.127171717171717713e+00
3.421212121212125479e-01
3.121565656565655189e+01
1.307777777777778372e+00
3.007070707070705340e-01
2.500000000000001110e-01
3.837878787878783893e+00
5.432828282828279676e+00
9.644323232323229433e+01
9.145353535353528684e+00
1.009090909090910732e-01
9.999999999999974187e-03
3.337373737373738880e-01
1.341252525252525629e+01
3.756161616161622696e+00
0.000000000000000000e+00
6.374747474747469722e-01
3.706464646464647572e+00
3.675757575757576223e+00
2.538787878787876373e+00
4.281212121212123023e+00
5.462121212121211933e+00
3.682525252525250536e+00
3.454848484848485501e+00
9.717171717171731171e-02
0.000000000000000000e+00
3.892020202020204156e+00
5.380808080808072713e-01
0.000000000000000000e+00
4.672727272727267289e-01
2.754545454545449523e-01
6.344444444444440334e-01
5.504949494949493705e+00
3.110606060606062595e+00
2.309292929292933394e+00
3.674747474747476206e-01
0.000000000000000000e+00
4.490909090909093737e-01
7.779494949494941025e+00
4.123838383838389632e+00
6.776666666666667282e+00
2.475858585858583094e+00
1.249393939393937725e+00
2.402828282828278539e+00
2.779898989898988759e+00
4.449090909090910984e+00
1.112511111111111290e+02
3.225656565656563668e+00
2.783232323232319505e+00
7.395959595959609167e-01
4.735454545454541808e+00
1.194191919191919027e+01
2.024848484848483121e+00
6.148484848484848664e-01
9.999999999999953371e-03
2.656363636363633152e+00
1.718686868686869706e+00
5.674242424242427418e+00
2.785858585858582703e-01
1.425252525252528324e-01
1.675757575757572948e-01
3.940404040404043684e+00
1.009090909090911148e-01
0.000000000000000000e+00
1.735050505050503622e+00
2.007010101010099845e+01
4.082727272727268542e+00
3.791191919191918913e+01
5.858585858585859535e-02
3.690909090909090251e-01
4.161717171717171482e+00
2.252525252525247879e-01
4.587272727272726947e+00
3.973232323232330554e+00
0.000000000000000000e+00
5.213636363636358517e+00
7.483484848484846452e+01
1.647474747474745760e+00
3.011212121212120785e+00
1.662303030303030127e+01
3.710606060606057799e+00
2.946868686868687526e+00
4.516464646464644517e+00
8.272727272727277426e-02
1.133535353535352730e+00
8.202020202020205986e+00
4.840404040404035491e-01
6.980303030303037559e+00
2.548080808080805504e+00
1.263717171717172860e+01
4.878787878787894938e-02
3.237777777777774535e+00
2.995959595959602484e-01
5.396969696969706742e-01
1.216989898989900531e+01
6.648343434343432534e+01
1.752909090909088974e+01
1.177676767676769432e+00
1.541414141414144678e-01
2.524535353535354432e+01
2.794444444444443842e+00
3.647474747474743761e-01
4.057919191919192059e+01
2.186060606060602929e+00
1.873737373737371925e-01
3.189292929292921741e+00
3.874545454545453627e+00
9.090909090909075896e-02
3.122222222222220012e+00
1.842424242424241798e-01
5.006767676767673869e+00
9.999999999999967248e-03
3.144949494949496493e+00
1.578888888888891451e+00
1.784848484848483574e-01
2.091343434343434282e+01
1.675757575757578222e-01
1.328676767676766701e+01
2.302828282828285111e+00
2.591919191919194176e-01
4.527777777777780344e+00
0.000000000000000000e+00
5.917070707070703151e+00
1.314747474747476774e+00
1.767178787878787887e+02
3.683939393939394957e+00
2.918878787878787051e+01
1.617141414141413236e+01
3.670404040404035673e+00
1.873737373737371370e-01
3.937575757575752178e+00
6.228080808080799002e+00
3.075656565656568198e+00
5.086767676767675717e+00
2.427272727272731245e-01
5.162727272727273942e+01
1.958181818181820022e+00
2.121212121212122381e-01
4.897070707070706241e+00
3.348080808080816428e+00
3.214141414141411524e-01
1.189059595959596010e+02
4.059999999999997833e+00
2.135959595959599611e+00
7.963030303030289581e+00
3.522626262626262328e+00
3.957696969696971223e+01
1.347474747474747547e-01
1.121212121212120105e-01
2.555858585858591159e+00
2.273838383838386878e+00
9.045202020202016513e+01
4.033434343434342040e+00
1.927272727272728858e-01
3.242121212121214846e+00
4.775555555555555998e+00
9.999999999999984596e-03
1.004636363636363505e+01
1.094575757575757251e+02
1.785353535353531917e+00
3.652525252525256616e-01
3.303030303030297099e-01
1.553090909090909122e+01
2.079797979797981811e-01
1.633953535353534789e+02
5.797979797979803396e-02
6.222222222222234533e-01
7.575757575757584295e-02
4.605959595959598474e+00
2.909090909090902843e-01
1.979797979797979363e-02
1.903737373737375504e+00
3.732323232323231377e-01
1.028959595959596101e+02
2.818181818181822451e-01
3.119191919191921514e+00
2.912121212121215330e-01
3.146464646464653958e-01
1.946767676767674926e+00
3.847878787878782791e+00
3.771717171717175465e-01
8.222323232323233810e+00
1.480808080808084792e-01
4.568181818181820120e+00
2.332727272727268986e+00
9.714949494949495445e+00
3.535454545454544739e+00
7.257676767676767504e+00
1.670909090909089567e+00
7.434343434343430868e-02
1.768686868686869973e+00
2.637373737373743809e-01
6.389898989899002180e-01
1.390443434343434603e+02
1.179076767676767332e+02
1.761515151515156585e+00
4.670707070707063591e-01
2.230303030303033562e+00
1.028640404040403951e+02
5.773333333333331652e+00
5.243535353535351717e+00
5.650505050505045812e-01
3.384646464646466679e+00
4.374747474747470721e-01
3.769595959595962942e+00
1.424532323232322994e+02
3.934343434343425261e-01
2.408080808080802770e-01
5.191010101010106403e+00
8.792787878787879663e+01
2.796969696969696884e+00
5.536464646464645867e+00
2.403030303030307957e-01
7.763535353535359285e+00
2.577777777777773838e-01
9.999999999999989800e-03
2.297979797979793071e-01
5.888575757575757308e+01
9.319797979797977305e+00
1.918160606060606597e+02
9.888888888888885953e-02
6.406060606060617335e-01
3.320404040404043577e+00
2.553838383838385795e+00
1.788888888888890139e-01
2.579696969696968267e+00
3.100101010101004029e+00
3.779797979797981933e-01
2.023626262626260441e+01
8.272727272727277426e-02
4.490909090909093737e-01
4.783232323232321725e+00
3.878787878787880172e-02
3.638383838383837388e-01
2.274545454545456202e+00
3.411919191919194461e+00
2.487767676767676051e+01
1.539292929292929157e+00
3.818181818181821674e-01
3.441010101010104183e+00
3.598989898989897740e-01
2.524848484848488006e+00
1.213636363636362292e+00
0.000000000000000000e+00
2.490979797979798249e+01
2.233333333333338555e-01
2.354545454545459715e-01
9.999999999999975922e-03
2.167676767676770533e-01
2.939393939393943403e-02
2.612020202020197246e+00
2.234343434343434853e-01
4.135353535353528120e-01
1.525252525252529245e-01
3.721818181818185689e+00
3.049696969696972904e+00
5.013131313131308886e+00
3.809999999999996501e+00
5.274949494949495055e+00
4.696767676767676036e+00
5.071050505050504142e+01
1.243394949494949770e+02
3.684242424242424541e+00
2.822626262626260818e+00
2.378808080808081726e+01
2.621212121212118107e-01
8.096464646464646364e+00
1.979797979797979016e-02
8.261717171717171126e+00
2.364242424242430030e+00
9.999999999999993269e-03
3.657171717171714853e+00
3.437373737373733418e-01
4.797979797979804589e-02
1.031454545454545269e+01
7.812464646464648865e+01
3.737373737373739790e-01
2.101717171717174981e+00
3.158181818181815537e+00
6.575353535353535506e+00
2.128585858585855917e+00
2.831515151515155093e+00
4.251515151515156687e-01
2.351818181818184250e+00
1.788888888888890139e-01
2.561919191919197480e+00
5.765959595959595063e+00
1.978787878787881205e+00
3.868888888888885269e+00
5.570707070707057174e-01
2.595959595959600463e-01
3.863333333333333730e+00
3.264646464646469015e-01
1.041818181818182154e+01
1.216737373737374206e+01
2.363535353535355377e+00
9.883434343434338132e+00
1.316161616161616588e-01
4.297979797979794570e-01
3.037373737373740834e-01
2.875858585858589223e+00
5.051111111111111995e+00
1.585858585858584413e-01
4.593434343434343425e+00
3.969393939393929482e+00
1.426755555555554622e+02
2.176767676767673576e-01
1.682010101010100911e+01
2.433333333333337345e-01
3.952525252525251331e-01
1.727515151515152070e+01
6.197474747474745804e+00
2.590505050505054196e+00
3.393939393939391369e-01
8.195818181818179937e+01
7.208989898989897505e+00
3.952626262626267817e+00
3.591919191919182852e-01
3.833333333333328596e-01
1.251111111111112395e+00
4.663737373737376402e+00
1.352717171717172029e+01
5.696969696969715613e-02
1.376767676767674253e-01
1.540505050505053042e+00
2.241111111111116383e+00
4.022525252525253059e+00
1.096353535353534525e+01
6.348585858585866326e+00
2.840303030303032106e+00
5.191919191919180943e-01
0.000000000000000000e+00
9.515151515151504258e-02
5.216262626262624380e+00
4.052626262626258580e+00
5.221111111111110148e+00
2.095959595959598076e-01
4.548080808080798398e+00
1.825292929292929500e+01
4.054545454545445127e-01
5.412030303030302747e+01
4.427373737373740070e+00
7.129191919191917748e+00
3.191313131313126217e+00
1.008383838383837805e+01
4.067777777777783932e+00
9.999999999999953371e-03
2.356464646464640822e+00
6.343232323232319558e+00
2.457575757575760911e-01
3.128686868686863409e+00
1.748282828282826440e+00
4.042848484848485668e+01
9.923434343434347937e+00
2.158686868686870319e+00
2.094444444444440556e+00
1.566666666666661767e-01
2.454545454545460081e-01
8.272727272727277426e-02
2.289898989898987158e-01
2.655959595959598740e+00
5.845454545454552564e-01
6.866666666666653152e-01
3.039494949494951026e+00
2.662313131313132786e+01
3.541525252525254785e+01
1.946060606060608711e+00
9.999999999999998473e-03
1.675757575757577111e-01
3.140444444444444017e+01
1.977676767676768810e+00
3.372727272727276127e+00
5.052727272727277175e+00
6.979797979797974783e-02
1.725353535353536527e+00
2.188888888888894935e-01
8.636363636363628138e-02
2.823989898989899316e+01
3.731212121212120536e+00
3.339797979797973770e+00
4.443434343434343736e-01
5.124646464646466448e+00
3.849494949494950968e-01
4.408989898989894129e+00
1.135252525252524869e+01
2.585656565656566208e+00
3.334747474747469909e+00
1.623232323232320362e-01
3.167070707070704927e+00
2.284838383838383535e+01
3.730909090909081183e+00
1.712929292929292302e+00
0.000000000000000000e+00
2.193939393939400573e-01
2.373737373737371481e+00
5.226565656565655082e+00
1.596969696969695152e+00
2.036363636363636154e-01
1.271585858585858020e+01
9.021505050505047052e+01
5.837878787878793219e+00
6.263333333333335418e+00
8.192121212121211471e+00
1.533939393939396156e+00
2.793939393939399718e-01
1.107949494949494493e+02
1.038107070707070392e+02
2.474949494949493456e+00
2.603131313131308744e+00
5.044848484848485803e+00
3.835757575757575477e+00
3.986060606060608524e+00
1.578080808080803754e+00
0.000000000000000000e+00
1.775757575757579143e-01
3.494444444444447129e+00
2.565616161616160440e+01
4.799090909090910628e+00
8.072060606060605892e+01
2.912030303030303813e+01
1.693505050505050136e+01
1.744040404040406278e+00
2.018181818181817577e-01
4.963838383838389490e+00
2.614747474747479483e+00
5.797979797979803396e-02
1.177173737373737765e+02
1.309696969696972246e+00
1.445555555555555705e+00
1.335252525252524025e+00
4.407676767676770524e+00
2.108181818181816158e+00
3.671313131313131084e+00
6.233838383838383734e+00
1.107070707070704485e-01
0.000000000000000000e+00
6.096202020202022709e+01
2.292020202020197850e+00
7.663212121212121986e+01
3.467676767676763916e-01
2.765656565656566368e+00
0.000000000000000000e+00
4.589484848484845969e+01
0.000000000000000000e+00
1.519101010101009663e+01
9.999999999999956840e-03
5.544444444444447395e-01
4.772050505050506075e+01
3.134545454545451193e+00
3.914646464646466040e+00
1.071813131313131038e+02
4.885454545454544828e+00
5.897272727272731885e+00
2.043434343434341327e-01
3.936868686868688183e+00
1.307070707070708548e-01
4.223636363636365409e+00
2.968666666666666387e+01
2.399999999999996303e-01
4.172393939393938211e+01
1.579304040404040848e+02
2.560404040404044235e+00
0.000000000000000000e+00
4.623636363636361324e+00
7.359292929292935526e+01
6.036969696969705090e+00
1.859292929292932772e+00
9.101757575757574159e+01
3.878787878787880172e-02
2.126666666666669148e+00
9.515151515151504258e-02
3.101010101010107101e-01
8.715090909090908156e+01
2.424242424242418481e-01
1.826212121212121531e+01
1.069858585858585975e+01
3.925858585858589489e+00
1.719393939393938586e+00
3.307070707070698390e-01
5.440404040404048791e-01
1.372222222222221566e+00
8.563838383838399793e+00
3.899292929292926146e+00
3.665252525252521210e+00
1.842424242424241798e-01
1.371919191919191316e+00
1.798393939393939078e+01
5.994404040404039335e+01
2.856060606060603746e+00
1.678282828282826600e+00
4.787979797979796004e+00
1.555555555555556413e-01
1.291565656565656468e+02
3.305959595959597319e+00
1.915959595959595418e+00
8.074646464646464850e+00
2.159898989898985100e+00
3.585757575757578142e+00
5.938989898989894378e+00
2.454545454545453143e-01
4.254545454545454741e-01
2.979797979797974006e-02
5.335353535353528631e-01
5.383030303030309938e+00
1.434564646464645818e+02
1.308022222222221842e+02
3.969696969696973721e+00
3.352525252525243582e-01
3.370101010101008931e+00
2.338181818181815252e+00
3.894848484848485892e+00
3.078787878787875854e-01
6.065353535353534831e+00
1.979797979797979363e-02
6.466565656565657072e+00
3.202020202020198436e+00
2.713030303030302903e+00
3.057171717171715208e+00
6.220808080808081897e+00
3.489898989898987947e-01
1.432527272727272702e+02
3.994444444444435138e+00
1.283818181818182680e+01
2.951919191919188723e+00
4.880101010101016712e+00
2.485454545454548470e+00
3.335858585858586522e+00
2.278181818181814755e+00
1.742333333333333201e+01
2.488484848484845191e+00
3.733434343434349323e+00
3.921212121212120483e+00
1.137373737373740396e-01
6.358585858585862338e-01
1.360101010101012253e+00
5.149797979797972936e+00
2.720909090909086281e+00
5.536767676767675894e+00
2.454545454545460081e-01
1.216161616161618164e-01
3.060606060606063661e-01
0.000000000000000000e+00
1.036565656565658244e+00
1.388888888888887008e-01
5.207070707070707849e-01
3.197878787878788209e+00
4.269999999999999574e+00
2.040404040404042441e-01
2.297979797979792238e-01
1.509818181818182303e+01
2.239393939393936606e+00
1.987000000000000455e+01
7.575757575757581519e-02
9.999999999999989800e-03
3.144848484848480563e+00
1.994949494949491975e-01
5.696969696969703817e-02
2.058787878787880388e+00
7.645858585858585243e+00
3.939393939393939781e-02
3.099595959595962125e+00
3.918585858585859505e+00
5.251616161616166067e+00
1.948484848484846599e-01
2.979797979797972896e-01
