6.410808080808079623e+00
3.488585858585859789e+00
9.999999999999953371e-03
1.583232323232320438e+00
6.334444444444444322e+00
1.116666666666664254e+00
2.588888888888883355e-01
3.774040404040400087e+00
2.424242424242418481e-01
4.652929292929290916e+00
1.638827272727272941e+02
3.368686868686877611e-01
2.939393939393944791e-02
1.968383838383836348e+00
3.623535353535356052e+00
9.583737373737371001e+00
3.939393939393939781e-02
1.554545454545456507e-01
7.411323232323231025e+01
1.428888888888887321e+00
1.979797979797979363e-02
1.091515151515153992e+00
3.424141414141414153e+00
2.333333333333338089e-01
5.878787878787888888e-02
7.575757575757584295e-02
4.072121212121213141e+00
1.342424242424244407e-01
1.185858585858586001e-01
2.036262626262629993e+00
1.059303030303030191e+01
2.040404040404038555e-01
4.739393939393942712e-01
2.016262626262631308e+00
3.104545454545458050e+00
3.405555555555554115e+00
1.509092929292929739e+02
6.874252525252525459e+01
2.831313131313127340e-01
5.046363636363634164e+00
1.958696969696969248e+01
1.399898989898989754e+00
3.911818181818174089e+00
1.688787878787880725e+00
4.434646464646460728e+00
1.282828282828284427e-01
5.049494949494953699e-01
0.000000000000000000e+00
5.180808080808077420e+00
2.848141414141414529e+01
3.870909090909090633e+00
9.999999999999975922e-03
2.079797979797981811e-01
1.397878787878789719e+00
5.197474747474743140e+00
1.113434343434344997e+00
2.941313131313134210e+00
9.304040404040385681e-01
8.723636363636369850e+00
2.400909090909087329e+00
6.988919191919191576e+01
2.914141414141414810e+00
6.590141414141413634e+01
9.999999999999949901e-03
2.868787878787878665e+00
2.234343434343435408e-01
9.744444444444441800e+00
3.189393939393937227e+00
2.525252525252525415e-01
1.733333333333330895e-01
4.723939393939395437e+00
8.272727272727277426e-02
2.843535353535355803e+00
5.687373737373742522e+00
2.963636363636361071e-01
9.219292929292923588e+01
3.906060606060611118e+00
2.400101010101006960e+00
7.015060606060607995e+01
3.749494949494942553e-01
2.079393939393942237e+00
2.705656565656571644e+00
1.487878787878791909e-01
9.869191919191948159e+00
9.861616161616156617e+00
5.278282828282824468e+00
1.350606060606063918e+00
4.673333333333335560e+00
1.295151515151518051e+00
2.944444444444447861e-01
2.696969696969692132e-01
3.313030303030302104e+00
2.999999999999991562e-02
3.603232323232322898e+00
3.503434343434347564e+00
4.843434343434337985e-01
4.073535353535357117e+00
3.459999999999999076e+00
3.074242424242425109e+00
9.558565656565657775e+01
4.712020202020209325e+00
1.979797979797979016e-02
2.575757575757576801e-01
2.051010101010098907e+01
2.823232323232319763e-01
2.683737373737373311e+00
1.557272727272728474e+00
1.513131313131313327e+00
2.475757575757577267e-01
5.504949494949499922e+00
4.385858585858594672e-01
1.316161616161618531e-01
1.066666666666669094e-01
5.705959595959601671e+00
4.536565656565647586e+00
5.452525252525258770e-01
0.000000000000000000e+00
5.839898989898992809e+00
3.130000000000001670e+00
1.319313131313130683e+01
1.429484848484848136e+01
2.336060606060609501e+00
7.129292929292933012e-01
3.039797979797979721e+00
4.903434343434340370e+00
5.566666666666670871e-01
2.321010101010105409e+00
1.287878787878783682e-01
1.913888888888887863e+01
1.999999999999992409e-02
0.000000000000000000e+00
7.434343434343430868e-02
2.955555555555552383e-01
3.022828282828279978e+00
2.108585858585860784e+00
3.620262626262623229e+01
2.521212121212118573e-01
8.649898989898986201e+00
2.762626262626262097e+00
9.999999999999993269e-03
1.831212121212119959e+00
3.024747474747475628e+00
1.282828282828284983e-01
4.184040404040399785e+00
2.354545454545460270e-01
3.617171717171715706e+00
2.668989898989905463e+00
5.901010101010107922e-01
3.026868686868685820e+00
5.878787878787879173e-02
6.401616161616162870e+00
1.840606060606064132e+00
9.999999999999962044e-03
5.066868686868685856e+00
1.032818181818181280e+01
1.206060606060607832e+00
3.256363636363641678e+00
1.258373737373737100e+01
2.829191919191919702e+00
2.931313131313129094e-01
1.654545454545454097e-01
0.000000000000000000e+00
2.431313131313129206e-01
3.537868686868687718e+01
3.999898989898987622e+00
1.390459595959595731e+02
1.733333333333331172e-01
3.323838383838384924e+00
2.234212121212121005e+01
2.537575757575758040e+00
2.463636363636364790e-01
3.301616161616158340e+00
2.691919191919186716e+00
0.000000000000000000e+00
1.720202020202018067e+00
1.908747474747474726e+01
3.614949494949500242e+00
2.877777777777771884e-01
3.010101010101016161e-01
1.827676767676768455e+00
2.247474747474742796e-01
2.542828282828276443e+00
1.690909090909093193e-01
3.995454545454543815e+00
1.463232323232323884e+00
1.461313131313127789e+00
4.002626262626262310e+00
2.469393939393932591e+00
2.867373737373737352e+00
2.762626262626268203e-01
4.748888888888887827e+00
3.601414141414137404e+00
2.256464646464643842e+00
3.394242424242424505e+00
4.878787878787890775e-02
5.545353535353533481e+00
4.797979797979803201e-02
3.911010101010098161e+00
1.305050505050505127e-01
3.165919191919190467e+01
1.677979797979798349e+01
1.846262626262624496e+00
3.316161616161621972e-01
0.000000000000000000e+00
3.653636363636362461e+00
9.999999999999962044e-03
7.167575757575758821e+00
9.575757575757563866e-02
1.166666666666668212e-01
7.448484848484847598e-01
1.263650505050504620e+02
2.509090909090912480e-01
1.505252525252523732e+00
4.318181818181811571e-01
4.196767676767677813e+00
1.011897979797979730e+02
4.461272727272726257e+01
5.311050505050502579e+01
1.496363636363636784e+00
2.876666666666666927e+00
6.885858585858573022e-01
3.620202020202020754e-01
8.836666666666657122e+00
9.999999999999962044e-03
4.627222222222221149e+01
1.952121212121209926e+00
4.600707070707071189e+00
1.400303030303033491e+00
1.272444444444444933e+01
2.054242424242422427e+00
1.999999999999998307e-02
1.629797979797979357e+00
2.737676767676769263e+00
5.342424242424249847e+00
1.452636363636364258e+01
7.048181818181816105e+00
1.654040404040403445e+01
3.563131313131314482e+00
2.995353535353532770e+00
1.993636363636366760e+00
2.134242424242426939e+00
1.833535353535352685e+00
4.797979797979803201e-02
2.834343434343437607e-01
3.883535353535357171e+00
4.578383838383836668e+00
3.842030303030304594e+01
4.204242424242419673e+00
1.748989898989897984e+00
1.359595959595962356e+00
2.469292929292932204e+00
5.607979797979795400e+00
3.809090909090905863e-01
1.485858585858582104e-01
3.570707070707076491e-01
1.752262626262625034e+01
2.616868686868690119e+00
6.956666666666666110e+00
8.497878787878788032e+00
3.928181818181814222e+00
9.999999999999986330e-03
0.000000000000000000e+00
3.090101010101013568e+00
1.281868686868686424e+01
8.132868686868684449e+01
2.922323232323237541e+00
1.138181818181818628e+01
2.495959595959594601e+00
1.129999999999999005e+00
2.980303030303026013e+00
2.913232323232319843e+00
1.250363636363636211e+01
1.468686868686865099e-01
1.193808080808081407e+01
1.502020202020202533e-01
4.020202020202013476e-02
5.683434343434347724e+00
2.188888888888894102e-01
1.604040404040402434e-01
4.490404040404038177e+00
3.814848484848488042e+00
3.143202020202020819e+01
1.880202020202021762e+00
2.897070707070709794e+00
1.207989898989898414e+01
3.430909090909096459e+00
4.236050505050501869e+01
3.498787878787883887e+00
3.820707070707072273e+00
2.521212121212118573e-01
4.396969696969696528e+00
2.056515151515151985e+01
4.115555555555557632e+00
9.999999999999979391e-03
4.962222222222223422e+00
2.122323232323227504e+00
1.121494949494949012e+01
3.033333333333328996e-01
3.574848484848486940e+00
2.036363636363636431e-01
1.809999999999998277e+00
2.329090909090913097e+00
1.468181818181818477e+00
2.563434343434348062e+00
8.737373737373731186e-02
2.316363636363633738e+00
3.401010101010106257e-01
2.673737373737368750e-01
1.611111111111112049e+00
2.697676767676770115e+00
1.287878787878784237e-01
9.272727272727274150e-02
2.643030303030307504e+00
5.032323232323233642e-01
9.999999999999963779e-03
9.999999999999960310e-03
1.948989898989899938e+00
5.125656565656564467e+00
5.463535353535356798e+00
1.066666666666669788e-01
9.608484848484845742e+00
1.664545454545455661e+00
1.127040404040405086e+01
8.529393939393939306e+00
1.054383838383838601e+01
3.058383838383837983e+00
2.398656565656568063e+01
1.226969696969699708e+00
3.635454545454547048e+00
0.000000000000000000e+00
3.132828282828279853e+00
3.905252525252529416e+00
3.695151515151513522e+00
1.977777777777779411e-01
3.215757575757576259e+00
1.655555555555556779e+00
2.188888888888894102e-01
1.938686868686865683e+00
2.456464646464647572e+00
2.160606060606058976e-01
4.072323232323233455e+00
9.888888888888916484e-02
2.470707070707068298e-01
1.357575757575757991e-01
0.000000000000000000e+00
1.699643434343434762e+02
1.810303030303031413e+00
4.112545454545456636e+01
4.403030303030299741e-01
5.104040404040397050e+00
7.578484848484844605e+00
4.689898989898991566e+00
2.082828282828282640e-01
1.498484848484847198e+00
6.898989898989900393e-02
1.345464646464646385e+01
5.696969696969707286e-02
6.590505050505051976e+00
5.541313131313127194e+00
7.575757575757582907e-02
2.354545454545460270e-01
2.358585858585861561e-01
1.979797979797979363e-02
3.187878787878790643e-01
1.979797979797979016e-02
4.823232323232317653e-01
1.828181818181822349e+00
6.366060606060603533e+00
8.338777777777781353e+01
2.686868686868690848e-01
1.675757575757576834e-01
0.000000000000000000e+00
3.757575757575748465e-01
1.287878787878784514e-01
3.197878787878784212e+00
1.215151515151517286e-01
2.173131313131316578e+00
3.336363636363631202e-01
3.193838383838383699e+00
2.201111111111108354e+00
1.855303030303030454e+01
4.108484848484847518e+00
9.999999999999972453e-03
1.554545454545456229e-01
2.881010101010104130e+00
3.327878787878787215e+00
2.841010101010101430e+00
4.830101010101009784e+00
1.842424242424241798e-01
2.125797979797978954e+01
5.920313131313134392e+01
2.389595959595956831e+00
3.223232323232329555e-01
2.238989898989903082e+00
3.575353535353532841e+00
4.885959595959598722e+00
2.073030303030306776e+00
2.424242424242418759e-01
2.603535353535348484e+00
6.356666666666675347e+00
2.959494949494950067e+00
4.265757575757577413e+00
6.917555555555556168e+01
2.215252525252523252e+00
9.183070707070700678e+01
2.859696969696970292e+00
2.225656565656563224e+00
1.162939393939393717e+01
3.259292929292932239e+00
2.211616161616163367e+00
0.000000000000000000e+00
9.286767676767679447e+00
3.209090909090906996e-01
1.625252525252524727e+00
6.122191919191919141e+01
4.714545454545454817e+00
7.701636363636362148e+01
3.914949494949494735e+00
3.287878787878784070e-01
5.023131313131313114e+00
4.030202020202017010e+00
5.169393939393938986e+00
1.746464646464650217e-01
2.722222222222218657e-01
1.050442424242424551e+02
6.717878787878788671e+00
1.588939393939392986e+01
1.425252525252530544e-01
1.330404040404041588e+00
1.551111111111106444e+00
8.671919191919192471e+00
1.287878787878785625e-01
2.317171717171715994e-01
0.000000000000000000e+00
7.765656565656565036e+00
2.959292929292928864e+00
3.496969696969704500e-01
3.188393939393938226e+01
1.184242424242423430e+00
3.088888888888893791e-01
2.509090909090911370e-01
3.967070707070702085e+00
5.608787878787879322e+00
9.566313131313138740e+01
8.965151515151520201e+00
7.575757575757587070e-02
9.999999999999974187e-03
3.295959595959598865e-01
1.316919191919191157e+01
3.474141414141411310e+00
0.000000000000000000e+00
6.382828282828273414e-01
3.950505050505048299e+00
3.496363636363635674e+00
2.613737373737377023e+00
3.995757575757572067e+00
5.207878787878791549e+00
3.684242424242423652e+00
3.282525252525258175e+00
9.636363636363619312e-02
0.000000000000000000e+00
3.884747474747476836e+00
5.381818181818188718e-01
0.000000000000000000e+00
4.225252525252529145e-01
2.737373737373734461e-01
6.498989898989903091e-01
5.421212121212120927e+00
2.964646464646461421e+00
2.350101010101007581e+00
3.691919191919187382e-01
0.000000000000000000e+00
4.540404040404047992e-01
7.572727272727269643e+00
3.934747474747476659e+00
7.107676767676776919e+00
2.538585858585860944e+00
1.247979797979796857e+00
2.152525252525251620e+00
2.737171717171710483e+00
4.375252525252521174e+00
1.083160606060606028e+02
3.064040404040399235e+00
2.739191919191921176e+00
7.144444444444437714e-01
4.431818181818184321e+00
1.153404040404040742e+01
1.925858585858589267e+00
6.080808080808070004e-01
9.999999999999953371e-03
2.696868686868682197e+00
1.627373737373739138e+00
5.392424242424239011e+00
2.585858585858590297e-01
1.490909090909092460e-01
1.745454545454546424e-01
4.460909090909086494e+00
8.434343434343431756e-02
9.999999999999951636e-03
1.638282828282829895e+00
1.910646464646463372e+01
4.295252525252528208e+00
3.643909090909092185e+01
8.676767676767697945e-02
3.742424242424243763e-01
4.153434343434343035e+00
2.525252525252521529e-01
4.205151515151514197e+00
3.473838383838387056e+00
0.000000000000000000e+00
5.078787878787877297e+00
7.441787878787876309e+01
1.560707070707068933e+00
3.019191919191922313e+00
1.604757575757577470e+01
3.637373737373740035e+00
2.653535353535356744e+00
4.345353535353536856e+00
9.090909090909075896e-02
1.134848484848482331e+00
7.561919191919192151e+00
4.886868686868675038e-01
7.151616161616155765e+00
2.546565656565658919e+00
1.188757575757575680e+01
6.818181818181824616e-02
3.192121212121210139e+00
3.089898989898993142e-01
5.396969696969707853e-01
1.195292929292929607e+01
6.615262626262627066e+01
1.718555555555555614e+01
1.202323232323230018e+00
1.339393939393941357e-01
2.474858585858584092e+01
2.510000000000002451e+00
3.443434343434346734e-01
3.950262626262625076e+01
2.116565656565657871e+00
1.913131313131312961e-01
3.376464646464648389e+00
3.685151515151517732e+00
9.090909090909075896e-02
3.042828282828282216e+00
1.893939393939393923e-01
5.323030303030306776e+00
9.999999999999967248e-03
3.188080808080811401e+00
1.515353535353538339e+00
1.969696969696969058e-01
1.995050505050506473e+01
1.788888888888889306e-01
1.379333333333333300e+01
2.301212121212119488e+00
2.358585858585862394e-01
4.373232323232329577e+00
0.000000000000000000e+00
5.826868686868690084e+00
1.314242424242422436e+00
1.787747474747474712e+02
3.644646464646465578e+00
2.845030303030301511e+01
1.633252525252524734e+01
3.372828282828285396e+00
1.767676767676764349e-01
3.735656565656568784e+00
6.172727272727273728e+00
2.907676767676770080e+00
4.727373737373739893e+00
2.503030303030307491e-01
4.941020202020200003e+01
1.847878787878789009e+00
2.121212121212122381e-01
4.681919191919195811e+00
3.045151515151513166e+00
3.021212121212124013e-01
1.132581818181818107e+02
4.038989898989894023e+00
2.192929292929294949e+00
7.084646464646464636e+00
3.311010101010099405e+00
3.913010101010097941e+01
1.347474747474747547e-01
1.186868686868685768e-01
2.629696969696965869e+00
2.252424242424237555e+00
9.518010101010099788e+01
4.090808080808080227e+00
1.799999999999997990e-01
2.923131313131311249e+00
4.900000000000001243e+00
9.999999999999984596e-03
1.087363636363636665e+01
1.098910101010100959e+02
1.729494949494953415e+00
3.545454545454547191e-01
3.259595959595955050e-01
1.535212121212121339e+01
2.121212121212122381e-01
1.613589898989899609e+02
1.009090909090911564e-01
6.383838383838388308e-01
7.575757575757587070e-02
4.435656565656564965e+00
3.004040404040404511e-01
3.878787878787880172e-02
1.860101010101009811e+00
3.732323232323231377e-01
9.994040404040410408e+01
2.819191919191922913e-01
3.097373737373738223e+00
2.818181818181822451e-01
2.867676767676772265e-01
1.934343434343437806e+00
3.746868686868690457e+00
3.849494949494954299e-01
8.336565656565650073e+00
1.221212121212118668e-01
4.649999999999997691e+00
2.125050505050500860e+00
1.177292929292928747e+01
3.447171717171717109e+00
7.089494949494956622e+00
1.596363636363637539e+00
7.434343434343430868e-02
1.831717171717168968e+00
2.500000000000001110e-01
6.224242424242432126e-01
1.348534343434343725e+02
1.149788888888889176e+02
1.771717171717173800e+00
4.521212121212115354e-01
1.933131313131310591e+00
9.675858585858583183e+01
5.439393939393936783e+00
5.185252525252525224e+00
5.392929292929289353e-01
3.178484848484842917e+00
4.260606060606073053e-01
3.844646464646467976e+00
1.412332323232323290e+02
3.868686868686867508e-01
2.487878787878791409e-01
5.117070707070710434e+00
8.529626262626263156e+01
2.591414141414141170e+00
5.491919191919184762e+00
2.327272727272731989e-01
7.781919191919178580e+00
2.552525252525248423e-01
9.999999999999989800e-03
2.379797979797985408e-01
5.749757575757575268e+01
9.279797979797972829e+00
1.910813131313131237e+02
7.434343434343430868e-02
6.285858585858579151e-01
3.147575757575758804e+00
2.260101010101011720e+00
1.893939393939393923e-01
2.671414141414141685e+00
2.770808080808075058e+00
3.590909090909091272e-01
1.910737373737373801e+01
8.272727272727277426e-02
4.370707070707062214e-01
4.681414141414133034e+00
3.878787878787880172e-02
3.677777777777772594e-01
2.279898989898987427e+00
3.402121212121209215e+00
2.319616161616161776e+01
1.444242424242422773e+00
3.893939393939397364e-01
3.362424242424242760e+00
3.619191919191915296e-01
2.408888888888889745e+00
1.125454545454546151e+00
0.000000000000000000e+00
2.384353535353535491e+01
2.297979797979792238e-01
2.460606060606065904e-01
9.999999999999975922e-03
2.263636363636361559e-01
2.939393939393943403e-02
2.511313131313134939e+00
2.319191919191916640e-01
3.950505050505048743e-01
1.457575757575757525e-01
3.495151515151509347e+00
3.054848484848488255e+00
4.893838383838390982e+00
3.730404040404043275e+00
5.172727272727261294e+00
4.632727272727270140e+00
4.887979797979798491e+01
1.208232323232323040e+02
4.010707070707070443e+00
2.781717171717172921e+00
2.305919191919192102e+01
2.591919191919195287e-01
8.355050505050503062e+00
9.999999999999986330e-03
8.066868686868694738e+00
2.226363636363640985e+00
9.999999999999993269e-03
3.544545454545455776e+00
3.570707070707073161e-01
4.797979797979804589e-02
9.588282828282833847e+00
7.883333333333330017e+01
3.776767676767676107e-01
2.016060606060606553e+00
3.193838383838381922e+00
5.978888888888882924e+00
2.134949494949499371e+00
2.817070707070706170e+00
3.801010101010096065e-01
2.264949494949496156e+00
1.675757575757577666e-01
2.402626262626257780e+00
5.731212121212130306e+00
1.853232323232324008e+00
3.998484848484842757e+00
5.343434343434330103e-01
2.527272727272731334e-01
3.617070707070703328e+00
3.149494949494944240e-01
1.067898989898990436e+01
1.189606060606060822e+01
2.344848484848485626e+00
9.844747474747478577e+00
1.142424242424244091e-01
4.448484848484842713e-01
2.993939393939397675e-01
2.817878787878788760e+00
4.804747474747474101e+00
1.416161616161618342e-01
4.413030303030305745e+00
3.727979797979793286e+00
1.388371717171717705e+02
2.213131313131316003e-01
1.617161616161614646e+01
2.600000000000000644e-01
3.884848484848475447e-01
1.751020202020202632e+01
5.878989898989901874e+00
2.672121212121212341e+00
3.278787878787883248e-01
7.569474747474745868e+01
6.634141414141411452e+00
4.041212121212120145e+00
3.331313131313126674e-01
3.768686868686869085e-01
1.194444444444445974e+00
4.872020202020202362e+00
1.341909090909090452e+01
4.797979797979808753e-02
1.454545454545451422e-01
1.582020202020204103e+00
2.063939393939392186e+00
4.325555555555546938e+00
1.098656565656565753e+01
6.037474747474747439e+00
2.874949494949494255e+00
4.991919191919182985e-01
0.000000000000000000e+00
9.515151515151502870e-02
5.063535353535358219e+00
3.641919191919190446e+00
4.980101010101008363e+00
1.910101010101010188e-01
4.531919191919195455e+00
1.778242424242425557e+01
4.303030303030300208e-01
4.977767676767676619e+01
4.392929292929296459e+00
7.133737373737365495e+00
2.953737373737371996e+00
9.843838383838372508e+00
3.831818181818180680e+00
9.999999999999953371e-03
2.278585858585861601e+00
6.190303030303025089e+00
2.570707070707067277e-01
3.225353535353537193e+00
1.742525252525250812e+00
3.879818181818183831e+01
9.285757575757573434e+00
2.346565656565658298e+00
1.970808080808083229e+00
1.566666666666662322e-01
2.479797979797985219e-01
8.272727272727277426e-02
2.365656565656561461e-01
2.531717171717175585e+00
5.654545454545448768e-01
6.866666666666653152e-01
3.078282828282826511e+00
2.646555555555556793e+01
3.434686868686871719e+01
2.016767676767675432e+00
9.999999999999998473e-03
1.554545454545456507e-01
2.939030303030304125e+01
1.823232323232323759e+00
2.968282828282826635e+00
4.985353535353531207e+00
6.939393939393942445e-02
1.780909090909093440e+00
2.040404040404038555e-01
8.434343434343431756e-02
2.644878787878786852e+01
3.729090909090907235e+00
3.407171717171713965e+00
4.318181818181808795e-01
5.113939393939392453e+00
3.763636363636358451e-01
4.477373737373737228e+00
1.120161616161616713e+01
2.716161616161619552e+00
3.053636363636368145e+00
1.590909090909091994e-01
3.395454545454540618e+00
2.364393939393940158e+01
3.553737373737374305e+00
1.673737373737374190e+00
0.000000000000000000e+00
2.265656565656566368e-01
2.258787878787881898e+00
5.067373737373736198e+00
1.719797979797980547e+00
1.990909090909091794e-01
1.241797979797979856e+01
9.195696969696967926e+01
5.960707070707069732e+00
6.092323232323235693e+00
7.477777777777776080e+00
1.459999999999999742e+00
2.754545454545450078e-01
1.062629292929293570e+02
1.021455555555555748e+02
2.453333333333328703e+00
2.578787878787884846e+00
4.741717171717168000e+00
3.677979797979799681e+00
3.776060606060615221e+00
1.475050505050504723e+00
0.000000000000000000e+00
1.888888888888889672e-01
3.506161616161614702e+00
2.463090909090909619e+01
4.622424242424234109e+00
7.851090909090908099e+01
2.912747474747477483e+01
1.659454545454545382e+01
1.635858585858584346e+00
1.840404040404041430e-01
4.791010101010097166e+00
2.693535353535351895e+00
5.878787878787886112e-02
1.133111111111111597e+02
1.260404040404043968e+00
1.438989898989897709e+00
1.258383838383836606e+00
4.220000000000008633e+00
1.923333333333336670e+00
3.313838383838386026e+00
6.146161616161610830e+00
1.037373737373736282e-01
0.000000000000000000e+00
6.080353535353533090e+01
2.325151515151515635e+00
7.299080808080809391e+01
3.548484848484852461e-01
2.806767676767670583e+00
0.000000000000000000e+00
4.419111111111109125e+01
0.000000000000000000e+00
1.493151515151515873e+01
9.999999999999956840e-03
5.767676767676760408e-01
4.623181818181820546e+01
2.797575757575759603e+00
3.759494949494949445e+00
1.078066666666666293e+02
4.975454545454550903e+00
6.422424242424239260e+00
1.654545454545455485e-01
3.887070707070699349e+00
1.307070707070708548e-01
4.287878787878790732e+00
3.027878787878788103e+01
2.491919191919195198e-01
4.150131313131311117e+01
1.482980808080808401e+02
2.349797979797975778e+00
0.000000000000000000e+00
4.734747474747479146e+00
7.550959595959595561e+01
5.981616161616162053e+00
1.921616161616163110e+00
8.548474747474742230e+01
2.939393939393944444e-02
2.075959595959598225e+00
9.515151515151502870e-02
3.287878787878786846e-01
8.739898989898991033e+01
2.424242424242418481e-01
1.757525252525252668e+01
1.006252525252524954e+01
4.024848484848490671e+00
1.718282828282831964e+00
3.322222222222230847e-01
5.440404040404048791e-01
1.278383838383840621e+00
8.419696969696966349e+00
3.864949494949491360e+00
3.548181818181819214e+00
1.893939393939393923e-01
1.412020202020201287e+00
1.786222222222221490e+01
5.637929292929293013e+01
2.857979797979794956e+00
1.611212121212120207e+00
4.743333333333332291e+00
1.457575757575757525e-01
1.285456565656565999e+02
3.288282828282831360e+00
1.784646464646468145e+00
7.784848484848491346e+00
2.342828282828279818e+00
3.583232323232323324e+00
5.945151515151513522e+00
2.188888888888894380e-01
4.313131313131314259e-01
3.939393939393939781e-02
5.343434343434356748e-01
5.667171717171716416e+00
1.340096969696970461e+02
1.272014141414141335e+02
3.803131313131311142e+00
3.252525252525257926e-01
3.301919191919191920e+00
2.386969696969698518e+00
3.885959595959592505e+00
3.178787878787874832e-01
5.966767676767678275e+00
9.999999999999967248e-03
6.583636363636357736e+00
3.236161616161617793e+00
2.746060606060606091e+00
2.758585858585853590e+00
6.328888888888887898e+00
3.489898989898989057e-01
1.346322222222223104e+02
4.083939393939394868e+00
1.254101010101009095e+01
2.837575757575758306e+00
4.684545454545460785e+00
2.529898989898996309e+00
3.254848484848487988e+00
2.105757575757579048e+00
1.545212121212121659e+01
2.361515151515155342e+00
3.766767676767671880e+00
3.624848484848486763e+00
1.313131313131309930e-01
6.667676767676757876e-01
1.270202020202017668e+00
4.974646464646461652e+00
2.911616161616158216e+00
5.773939393939398812e+00
2.454545454545459526e-01
1.216161616161618164e-01
3.167676767676767535e-01
0.000000000000000000e+00
9.817171717171709888e-01
1.376767676767674808e-01
5.145454545454540840e-01
2.885252525252523181e+00
4.096060606060609288e+00
1.931313131313131815e-01
2.297979797979792238e-01
1.498484848484847554e+01
2.310202020202023920e+00
1.947494949494949168e+01
8.575757575757581019e-02
2.939393939393943403e-02
3.251919191919196539e+00
2.060606060606060552e-01
4.797979797979802508e-02
2.108484848484845742e+00
7.674141414141409712e+00
3.939393939393939781e-02
3.318585858585857640e+00
3.923636363636361146e+00
5.096767676767672839e+00
1.913131313131314626e-01
2.479797979797973839e-01
