1.234090909090910237e+01
8.748585858585844477e+00
6.818181818181823228e-02
4.536363636363639706e+00
1.157252525252525288e+01
3.049191919191922562e+00
3.332323232323227691e-01
9.564848484848486265e+00
2.654545454545451100e-01
8.717676767676758587e+00
4.054995959595958652e+02
4.119191919191918516e-01
1.287878787878783682e-01
4.719595959595968004e+00
9.557070707070701943e+00
2.437767676767677472e+01
9.414141414141409536e-02
1.833333333333331816e-01
1.699569696969696793e+02
4.266161616161615378e+00
9.272727272727274150e-02
3.018585858585853376e+00
9.863535353535354488e+00
2.896969696969692865e-01
2.354545454545454719e-01
1.795959595959600308e-01
9.661313131313134406e+00
2.991919191919190091e-01
5.498989898989907754e-01
4.986969696969698163e+00
2.930676767676768080e+01
2.714141414141416075e-01
5.926262626262631672e-01
5.346363636363622440e+00
6.636666666666664050e+00
6.985353535353539201e+00
3.724256565656564817e+02
1.793145454545454811e+02
4.705050505050512588e-01
1.010333333333332817e+01
5.185161616161617815e+01
3.500101010101011934e+00
8.298383838383839972e+00
3.380404040404036525e+00
9.508080808080810797e+00
2.196969696969694741e-01
1.177474747474748895e+00
0.000000000000000000e+00
1.139101010101009948e+01
5.211010101010100470e+01
1.047939393939394037e+01
1.142424242424245479e-01
3.029292929292931591e-01
3.473434343434346872e+00
9.848282828282828305e+00
2.494141414141419322e+00
6.800101010101014865e+00
2.044343434343435462e+00
1.978646464646464764e+01
5.546969696969710206e+00
2.005083838383838213e+02
5.699999999999999289e+00
1.895608080808079876e+02
1.454545454545450867e-01
7.878282828282830330e+00
3.333333333333327042e-01
3.059242424242424718e+01
7.696767676767676924e+00
2.616161616161620795e-01
2.043434343434342437e-01
1.131858585858585364e+01
1.654545454545455485e-01
8.281111111111105316e+00
1.596757575757576930e+01
4.116161616161606029e-01
2.421376767676767088e+02
5.780404040404043542e+00
6.081010101010111413e+00
1.779760606060606278e+02
9.731313131313116260e-01
4.661717171717182140e+00
5.595757575757572155e+00
2.973737373737366241e-01
2.585565656565654180e+01
1.999555555555555131e+01
1.297191919191919496e+01
3.713030303030299795e+00
1.000949494949495211e+01
3.494040404040403835e+00
4.782828282828288646e-01
3.942424242424241720e-01
7.240303030303032017e+00
3.959595959595958031e-02
8.127878787878792366e+00
5.582828282828277366e+00
5.930303030303021306e-01
1.166414141414140637e+01
6.860202020202015305e+00
6.430808080808074756e+00
2.766035353535352783e+02
1.584868686868685295e+01
7.777777777777755697e-02
5.149494949494948237e-01
6.632989898989900723e+01
3.957575757575765296e-01
5.541818181818180200e+00
2.938383838383832991e+00
3.019595959595962498e+00
3.157575757575760145e-01
1.293878787878787939e+01
1.075454545454548105e+00
3.274747474747481402e-01
1.931313131313131815e-01
1.302131313131312851e+01
1.128505050505050278e+01
1.081919191919193723e+00
7.717171717171736334e-02
1.303303030303029786e+01
6.333939393939395757e+00
3.483747474747473660e+01
2.677969696969697821e+01
4.000707070707075097e+00
1.871010101010098792e+00
6.691919191919185828e+00
1.283727272727272428e+01
6.516161616161624259e-01
4.686262626262621467e+00
2.230303030303033285e-01
6.021878787878787165e+01
1.969696969696963229e-01
1.999999999999997960e-02
2.071717171717173400e-01
8.964646464646461865e-01
7.754141414141420441e+00
6.091111111111116472e+00
7.793393939393938297e+01
3.820202020202019266e-01
1.892595959595959343e+01
5.207272727272730606e+00
8.676767676767667414e-02
5.641515151515147153e+00
8.844343434343441501e+00
2.979797979797976781e-01
8.350101010101006693e+00
2.460606060606066181e-01
8.925858585858586380e+00
5.462828282828285253e+00
1.201818181818179898e+00
6.639797979797977590e+00
1.485858585858583769e-01
1.298121212121211521e+01
4.426565656565653484e+00
7.434343434343430868e-02
1.332797979797980226e+01
2.093444444444445907e+01
3.120707070707065878e+00
1.063141414141415275e+01
3.497696969696969660e+01
5.588888888888890349e+00
5.186868686868686407e-01
2.715151515151519868e-01
2.979797979797978169e-02
3.615151515151514561e-01
7.018535353535354204e+01
1.098414141414141554e+01
3.667841414141412315e+02
2.260606060606057399e-01
8.919898989898975117e+00
5.176949494949493413e+01
4.949595959595963102e+00
4.049494949494953366e-01
7.920606060606059096e+00
5.605252525252521600e+00
8.555555555555549585e-02
3.848484848484853504e+00
5.275464646464648411e+01
7.564242424242409335e+00
4.831313131313124676e-01
3.752525252525246158e-01
4.015656565656565924e+00
3.146464646464652293e-01
7.154848484848477241e+00
3.603030303030306247e-01
1.015414141414141547e+01
2.599393939393938702e+00
3.954242424242423226e+00
1.065454545454546320e+01
4.983737373737371357e+00
7.365555555555558520e+00
3.600000000000001532e-01
1.161030303030302591e+01
9.783333333333336768e+00
5.174545454545451229e+00
9.446464646464638903e+00
1.286868686868684331e-01
1.064747474747474421e+01
1.360606060606061873e-01
8.763737373737393810e+00
3.551515151515157176e-01
8.148555555555554974e+01
3.734575757575758104e+01
4.052020202020200301e+00
5.230303030303035117e-01
6.939393939393943833e-02
8.124343434343435533e+00
3.939393939393939781e-02
1.505111111111111555e+01
2.184848484848485872e-01
2.644444444444448150e-01
1.479797979797978336e+00
2.786124242424240833e+02
2.624242424242423377e-01
2.750909090909088750e+00
5.005050505050512299e-01
1.015595959595959918e+01
2.169352525252525936e+02
1.187270707070707090e+02
1.381828282828282681e+02
3.799494949494949925e+00
7.584444444444435440e+00
1.426363636363635612e+00
5.324242424242420224e-01
2.590646464646463798e+01
7.878787878787879562e-02
1.014284848484848141e+02
5.121515151515146691e+00
1.221646464646465446e+01
2.527878787878792277e+00
3.550777777777776834e+01
3.773131313131312226e+00
1.149494949494950513e-01
4.630101010101010495e+00
7.441414141414151473e+00
1.207333333333333947e+01
3.263939393939393341e+01
1.560979797979797645e+01
5.102101010101011269e+01
8.880606060606057284e+00
6.123636363636362212e+00
5.295151515151514054e+00
4.421313131313132416e+00
4.437979797979800800e+00
9.888888888888903994e-02
4.854545454545448058e-01
6.873434343434343674e+00
8.767575757575754025e+00
8.748373737373738379e+01
8.788989898989887806e+00
3.991717171717179102e+00
3.231616161616161165e+00
5.551919191919202134e+00
1.087636363636363157e+01
7.618181818181813947e-01
4.403030303030308623e-01
6.535353535353524146e-01
3.399585858585859910e+01
5.277878787878784728e+00
1.512575757575757329e+01
2.055111111111111910e+01
9.147272727272730108e+00
9.575757575757587459e-02
2.979797979797980598e-02
6.643636363636368891e+00
3.696020202020201140e+01
1.869788888888889176e+02
7.775555555555549780e+00
2.168060606060605622e+01
5.886666666666670267e+00
2.617474747474752395e+00
6.078989898989897611e+00
7.025555555555558662e+00
2.395101010101010175e+01
3.173737373737379741e-01
2.741818181818182509e+01
3.898989898989901892e-01
2.208080808080808144e-01
1.192303030303029487e+01
3.413131313131312350e-01
2.734343434343431412e-01
1.378939393939394265e+01
9.501616161616160738e+00
7.110404040404038994e+01
4.423838383838390342e+00
7.035757575757568105e+00
2.582494949494950376e+01
6.234444444444450895e+00
9.612353535353538803e+01
8.243838383838379968e+00
6.774444444444445601e+00
3.133333333333336301e-01
8.200606060606068226e+00
4.565747474747475820e+01
1.035141414141413208e+01
1.979797979797979363e-02
1.041202020202020151e+01
5.149494949494958007e+00
2.520191919191918828e+01
4.318181818181813791e-01
8.354646464646467763e+00
2.136363636363637630e-01
5.791717171717179369e+00
5.523333333333332540e+00
3.443434343434340850e+00
8.228585858585852009e+00
2.302020202020202411e-01
4.951717171717176846e+00
6.163636363636355586e-01
2.988888888888892592e-01
3.577272727272730268e+00
5.859595959595959691e+00
1.942424242424241332e-01
2.345454545454543904e-01
3.819595959595964541e+00
5.234343434343435852e-01
6.878787878787882837e-02
5.696969696969713531e-02
4.770909090909086103e+00
1.160383838383838651e+01
1.019656565656564950e+01
2.818181818181821341e-01
1.788777777777777445e+01
3.782929292929295251e+00
3.747131313131313135e+01
2.079737373737372863e+01
2.887828282828282056e+01
6.866565656565654763e+00
6.310575757575752220e+01
3.299191919191921674e+00
7.318181818181811238e+00
7.575757575757584295e-02
8.058383838383839759e+00
6.948989898989899494e+00
9.081919191919199719e+00
3.837373737373737659e-01
9.196666666666683199e+00
4.820909090909088590e+00
2.727272727272724295e-01
3.826464646464653452e+00
4.755454545454544046e+00
2.641414141414143990e-01
9.212121212121216374e+00
1.842424242424241798e-01
2.842424242424237968e-01
2.091919191919192067e-01
3.878787878787880172e-02
3.297065656565656013e+02
5.411919191919196237e+00
1.231227272727273174e+02
5.624242424242430483e-01
1.287838383838384537e+01
1.452050505050505969e+01
1.270151515151515476e+01
3.546464646464643766e-01
3.239494949494948095e+00
1.137373737373739702e-01
3.227949494949496057e+01
1.752525252525254928e-01
1.452747474747473788e+01
1.016919191919190801e+01
1.568686868686874070e-01
3.731313131313130915e-01
3.817171717171718437e-01
1.264646464646464463e-01
3.852525252525251243e-01
7.434343434343430868e-02
5.624242424242430483e-01
5.039898989898994763e+00
1.343050505050505805e+01
1.433990909090909440e+02
3.348484848484842846e-01
2.673737373737368195e-01
6.575757575757580631e-02
3.440404040404040908e-01
2.867676767676771155e-01
7.300404040404036010e+00
3.524242424242424176e-01
4.562525252525250430e+00
6.023232323232305951e-01
7.722323232323238251e+00
4.084848484848488503e+00
6.583696969696970314e+01
1.053848484848484368e+01
1.264646464646463075e-01
2.141414141414140215e-01
5.592323232323227700e+00
7.584545454545454923e+00
5.573333333333327921e+00
1.173717171717172114e+01
2.554545454545460448e-01
5.580111111111111200e+01
1.721363636363636260e+02
5.121515151515149356e+00
3.596969696969700703e-01
6.252121212121207527e+00
8.539696969696979778e+00
9.835353535353531740e+00
5.228686868686869715e+00
2.509090909090911370e-01
6.967070707070712743e+00
1.809848484848485128e+01
7.483131313131310414e+00
1.110161616161616571e+01
1.290556565656565624e+02
4.175959595959593429e+00
2.363735353535354307e+02
5.488686868686872167e+00
6.975151515151521764e+00
3.177959595959596584e+01
7.366262626262616742e+00
5.433737373737367093e+00
3.878787878787880172e-02
2.547303030303030980e+01
4.015151515151509365e-01
2.679696969696973241e+00
1.315863636363635862e+02
9.839898989898985704e+00
2.100245454545454606e+02
8.399191919191915545e+00
4.012121212121205760e-01
1.021404040404040892e+01
7.302727272727272734e+00
9.941212121212117836e+00
2.148484848484851217e-01
4.078787878787876187e-01
2.205859595959595367e+02
1.415373737373737129e+01
3.302171717171718512e+01
2.197979797979799643e-01
2.468181818181813814e+00
3.885858585858598779e+00
3.062393939393941622e+01
2.818181818181814124e-01
6.192929292929298946e-01
1.979797979797979363e-02
1.498515151515151445e+01
7.340202020202013955e+00
4.338383838383833013e-01
7.130121212121207463e+01
3.454040404040401580e+00
5.207070707070700077e-01
3.090909090909095269e-01
7.569090909090911978e+00
1.153686868686868827e+01
2.617258585858585320e+02
2.160525252525252426e+01
1.837373737373737270e-01
3.939393939393939087e-02
4.742424242424236880e-01
2.585131313131313391e+01
8.613939393939393341e+00
9.999999999999979391e-03
1.122727272727270798e+00
5.873232323232321583e+00
5.633737373737373488e+00
5.293232323232331282e+00
8.406666666666669840e+00
1.148191919191918586e+01
8.424949494949498074e+00
8.028080808080813924e+00
2.198989898989895386e-01
1.979797979797979016e-02
1.144717171717172910e+01
8.840404040404027386e-01
4.020202020202020415e-02
6.689898989898999115e-01
4.136363636363643570e-01
1.222828282828283930e+00
1.359747474747474527e+01
7.841818181818180022e+00
4.860808080808078913e+00
5.589898989899004800e-01
4.878787878787882448e-02
4.630303030303035139e-01
1.840313131313131123e+01
1.062939393939394428e+01
1.625484848484847689e+01
5.511818181818185280e+00
2.476565656565657303e+00
4.602121212121213389e+00
6.647373737373746927e+00
1.036272727272727145e+01
2.753531313131314278e+02
6.487979797979803287e+00
5.876767676767673088e+00
1.009292929292927798e+00
1.011262626262625375e+01
2.322202020202020734e+01
4.304141414141418487e+00
7.675757575757587992e-01
7.717171717171734946e-02
5.796565656565651814e+00
3.930303030303033296e+00
1.484525252525252625e+01
4.248484848484848642e-01
1.893939393939393923e-01
4.981818181818188918e-01
9.972828282828292146e+00
1.857575757575761211e-01
8.555555555555574565e-02
3.509393939393941952e+00
7.534767676767680200e+01
1.011707070707072020e+01
9.896575757575746479e+01
2.263636363636366278e-01
7.210101010101012120e-01
7.558787878787887493e+00
3.750505050505046345e-01
8.733232323232325456e+00
8.056363636363638392e+00
5.000000000000007216e-02
1.339454545454544920e+01
1.694382828282828655e+02
2.797070707070703488e+00
6.359696969696969404e+00
3.174454545454543108e+01
9.215252525252518367e+00
6.560202020202020812e+00
9.174747474747475096e+00
1.457575757575757247e-01
2.238282828282825765e+00
1.598909090909090480e+01
4.901010101010097042e-01
1.116383838383838167e+01
7.415151515151514161e+00
2.716303030303029686e+01
2.831313131313130116e-01
8.183232323232326522e+00
5.272727272727268932e-01
7.959595959595970882e-01
2.961646464646465304e+01
1.339292929292928420e+02
4.189797979797980076e+01
2.137979797979800090e+00
3.838383838383841451e-01
6.493434343434344669e+01
6.646565656565665670e+00
6.029292929292916492e-01
1.023888888888889568e+02
5.781212121212123023e+00
3.569696969696969924e-01
7.121010101010099902e+00
9.480707070707060424e+00
2.507070707070702675e-01
8.680606060606057994e+00
2.424242424242418481e-01
1.217888888888888665e+01
1.025252525252524777e-01
7.956969696969701467e+00
3.337676767676763578e+00
2.823232323232328089e-01
5.285565656565656667e+01
2.803030303030304982e-01
2.767181818181818898e+01
5.000404040404044181e+00
3.676767676767680459e-01
1.365313131313130413e+01
4.878787878787889387e-02
9.317878787878791869e+00
3.343333333333329271e+00
4.832055555555552928e+02
6.052323232323232993e+00
7.229444444444446560e+01
3.393202020202020464e+01
8.214848484848483068e+00
3.076767676767682702e-01
1.000717171717172249e+01
1.413797979797978677e+01
6.642626262626264655e+00
1.196727272727272862e+01
3.182828282828285005e-01
7.835161616161613551e+01
5.005555555555550207e+00
2.395959595959594457e-01
1.102818181818181387e+01
7.526565656565649576e+00
4.040404040404034780e-01
3.126936363636363581e+02
9.589696969696969830e+00
6.337272727272725170e+00
1.658444444444446475e+01
8.894545454545454533e+00
1.014376767676767912e+02
2.589898989898986592e-01
2.543434343434339828e-01
7.870808080808092910e+00
5.050303030303036955e+00
2.715999999999999091e+02
1.074404040404040650e+01
4.571717171717176731e-01
6.308686868686871563e+00
1.195646464646464047e+01
7.575757575757578743e-02
2.614696969696969120e+01
2.703597979797979747e+02
3.115050505050502405e+00
4.370707070707066655e-01
5.050505050505040838e-01
4.026202020202019582e+01
2.395959595959591404e-01
3.805169696969699089e+02
2.527272727272729114e-01
1.425555555555555021e+00
2.205050505050505649e-01
9.617373737373737796e+00
3.267676767676772620e-01
2.258585858585863138e-01
4.576868686868687419e+00
4.763636363636370996e-01
2.211339393939393858e+02
3.133333333333336301e-01
8.274545454545449985e+00
4.179797979797982843e-01
4.434343434343442913e-01
5.619595959595958590e+00
9.444646464646453410e+00
5.549494949494939711e-01
1.978737373737374483e+01
3.319191919191923912e-01
9.179191919191922011e+00
4.965050505050507823e+00
2.879909090909092839e+01
7.732424242424246863e+00
1.822363636363636630e+01
2.788989898989899796e+00
1.457575757575757525e-01
4.027373737373741491e+00
3.252525252525246269e-01
6.549494949494948370e-01
3.066490909090907735e+02
2.593432323232323711e+02
3.375555555555557419e+00
9.651515151515159818e-01
4.746868686868680243e+00
3.199468686868687541e+02
9.990101010100994827e+00
1.105686868686867896e+01
1.064545454545452463e+00
7.350505050505047322e+00
5.901010101010090159e-01
8.071313131313130995e+00
3.386418181818182802e+02
4.532323232323222095e-01
3.443434343434342293e-01
1.223090909090909939e+01
2.137929292929292160e+02
4.980909090909094949e+00
1.265818181818182531e+01
2.424242424242418481e-01
1.838969696969700252e+01
3.085858585858584635e-01
9.888888888888901219e-02
2.968686868686863378e-01
1.239218181818180398e+02
2.212484848484848143e+01
4.469238383838384721e+02
1.554545454545456507e-01
8.226262626262614841e-01
7.550606060606061654e+00
5.633434343434342573e+00
2.121212121212122381e-01
6.053131313131314251e+00
6.825353535353541723e+00
4.116161616161612691e-01
4.987212121212120763e+01
2.040404040404041053e-01
7.589898989898984372e-01
1.089070707070707655e+01
1.945454545454545214e-01
5.290909090909097223e-01
3.546767676767674349e+00
8.081818181818182012e+00
5.697171717171715954e+01
3.035454545454552733e+00
4.641414141414144656e-01
7.360606060606051493e+00
3.438383838383837765e-01
5.371111111111100733e+00
2.026969696969698198e+00
2.939393939393944444e-02
5.597767676767675482e+01
3.432323232323227780e-01
2.697979797979794259e-01
4.797979797979801814e-02
4.467676767676770355e-01
1.242424242424244318e-01
6.094848484848488290e+00
3.327272727272719832e-01
9.988888888888891593e-01
2.747474747474742407e-01
9.087878787878777231e+00
8.122222222222225341e+00
1.342727272727272769e+01
8.504949494949494593e+00
1.429121212121211748e+01
8.757878787878791371e+00
1.134677777777777976e+02
2.582462626262625349e+02
7.950202020202028486e+00
8.257171717171702952e+00
5.198080808080803905e+01
3.304040404040410328e-01
1.907727272727269963e+01
1.137373737373740812e-01
2.443292929292929827e+01
5.109696969696967628e+00
7.737373737373728910e-02
8.975757575757583595e+00
4.285858585858588476e-01
1.518181818181819076e-01
1.876828282828283179e+01
2.393248484848484452e+02
4.363636363636363424e-01
5.110202020202030404e+00
8.173535353535354986e+00
1.571242424242423041e+01
6.081111111111105139e+00
6.769898989898985420e+00
7.020202020202024329e-01
5.618080808080806676e+00
3.429292929292934722e-01
6.788080808080814599e+00
1.667777777777777359e+01
3.915757575757570219e+00
1.099343434343435355e+01
7.897979797979793881e-01
3.939393939393938671e-01
1.253848484848483835e+01
4.293939393939393834e-01
2.329888888888889653e+01
2.279121212121210149e+01
4.978181818181811380e+00
1.745474747474748511e+01
3.210101010101016339e-01
5.934343434343436474e-01
4.200000000000003175e-01
5.805151515151506736e+00
9.457878787878790661e+00
2.470707070707073294e-01
9.775252525252525970e+00
8.145555555555564098e+00
3.338936363636362330e+02
3.304040404040398116e-01
4.043949494949495005e+01
3.884848484848478223e-01
1.078585858585861201e+00
3.455090909090910145e+01
1.312707070707069690e+01
7.413232323232328724e+00
4.540404040404041885e-01
2.207742424242423738e+02
1.393626262626262857e+01
9.725151515151507553e+00
4.975757575757583928e-01
5.408080808080801827e-01
3.160707070707070798e+00
1.233797979797979849e+01
2.820949494949494607e+01
9.090909090909074508e-02
2.903030303030300074e-01
4.365050505050503737e+00
4.975252525252515490e+00
7.873838383838385191e+00
2.904838383838384885e+01
1.603666666666666174e+01
7.031818181818180413e+00
9.187878787878767106e-01
9.888888888888901219e-02
2.182828282828283839e-01
1.131313131313131137e+01
6.502828282828282624e+00
9.855454545454545467e+00
4.117171717171712042e-01
1.188030303030303436e+01
3.815868686868686410e+01
4.334343434343442825e-01
1.274741414141414424e+02
1.030343434343433451e+01
1.405959595959597053e+01
6.094343434343437949e+00
2.637404040404038597e+01
7.498080808080803905e+00
4.797979797979802508e-02
5.721010101010098658e+00
1.532989898989899125e+01
6.384848484848480998e-01
7.197070707070706952e+00
3.621313131313131262e+00
1.091201010101009530e+02
2.487585858585858745e+01
4.934141414141412163e+00
3.745757575757579616e+00
3.637373737373728599e-01
3.085858585858584635e-01
2.656565656565655353e-01
5.096969696969706476e-01
6.926969696969703882e+00
1.183636363636362265e+00
1.275858585858584471e+00
8.398484848484844889e+00
6.315757575757572795e+01
9.970353535353537211e+01
4.298282828282824930e+00
1.088888888888890211e-01
2.500000000000001110e-01
7.556303030303031676e+01
4.738787878787873886e+00
8.400707070707074564e+00
1.169242424242424150e+01
1.388888888888884510e-01
3.641010101010102140e+00
3.343434343434351641e-01
2.414141414141419972e-01
6.934848484848485839e+01
8.593030303030303685e+00
9.488080808080802342e+00
4.303030303030309089e-01
1.004232323232321633e+01
4.434343434343428481e-01
1.067252525252525430e+01
2.666040404040404610e+01
7.151313131313126625e+00
6.231111111111117040e+00
2.879797979797973362e-01
8.390505050505037588e+00
5.761838383838384914e+01
8.923535353535347880e+00
4.813939393939389966e+00
1.373737373737374257e-01
4.563636363636346394e-01
4.231010101010098445e+00
1.264707070707071423e+01
3.565050505050505247e+00
2.648484848484843335e-01
2.890494949494949495e+01
1.818738383838384038e+02
1.132464646464647018e+01
1.560494949494949068e+01
1.686717171717171482e+01
2.830101010101006676e+00
2.979797979797981777e-01
3.110006060606061737e+02
2.132172727272728707e+02
5.349393939393944031e+00
4.941717171717168178e+00
1.253010101010100641e+01
8.316262626262618696e+00
7.046565656565654479e+00
3.216060606060609395e+00
9.999999999999988065e-03
2.331313131313134668e-01
7.406666666666684939e+00
5.221474747474749734e+01
1.309424242424242379e+01
1.598284848484848055e+02
7.151303030303031960e+01
3.390575757575755489e+01
2.315050505050501695e+00
3.732323232323236928e-01
1.018888888888887934e+01
5.389494949494957332e+00
1.652525252525252342e-01
2.215598989898989259e+02
2.622020202020200585e+00
3.158888888888886637e+00
3.317373737373733089e+00
9.785050505050501002e+00
3.482929292929296761e+00
8.775757575757573647e+00
1.663181818181817917e+01
2.916161616161619397e-01
1.566666666666663155e-01
1.413295959595959914e+02
4.482323232323234485e+00
1.400445454545454425e+02
4.470707070707075625e-01
6.797979797979795791e+00
4.878787878787898408e-02
1.070070707070707385e+02
6.696969696969699848e-02
2.964686868686868237e+01
9.090909090909086998e-02
6.908080808080810931e-01
1.116976767676768247e+02
6.825252525252524904e+00
6.976363636363631215e+00
2.613913131313130975e+02
1.135060606060606325e+01
1.437282828282827296e+01
3.434343434343433699e-01
6.697979797979789929e+00
2.266666666666667107e-01
1.190454545454545787e+01
8.550898989898995239e+01
3.913131313131315014e-01
8.409757575757575410e+01
4.695190909090906644e+02
4.528787878787881027e+00
7.575757575757584295e-02
1.072919191919191029e+01
1.751876767676767486e+02
1.900797979797979664e+01
3.905555555555556335e+00
3.036544444444444366e+02
1.530303030303027667e-01
4.262828282828278859e+00
3.723232323232323893e-01
4.744444444444443354e-01
1.867559595959596379e+02
2.403030303030307957e-01
1.750080808080806705e+01
2.243303030303031420e+01
8.143434343434350353e+00
3.313737373737374980e+00
4.706060606060605833e-01
9.445454545454540218e-01
3.191313131313132878e+00
1.866272727272725618e+01
9.456161616161621097e+00
7.802626262626265685e+00
2.090909090909087997e-01
3.154040404040407530e+00
4.347818181818183092e+01
1.247241414141413856e+02
6.568282828282824504e+00
3.226969696969697932e+00
1.105010101010102375e+01
2.423232323232323848e-01
2.514435353535352533e+02
7.599595959595959904e+00
4.036464646464646755e+00
1.579949494949495126e+01
4.387373737373732041e+00
6.468585858585853998e+00
1.487222222222222534e+01
3.010101010101000618e-01
4.754545454545461292e-01
1.081818181818180596e-01
7.998989898989894431e-01
1.538202020202020570e+01
2.751056565656567159e+02
3.261048484848484463e+02
1.015343434343434303e+01
3.705050505050499488e-01
6.544848484848476033e+00
5.266161616161628700e+00
6.811414141414154244e+00
4.116161616161618242e-01
1.179787878787879407e+01
2.896969696969697861e-01
1.742090909090910955e+01
8.723939393939396325e+00
6.177979797979809895e+00
6.576363636363638854e+00
1.575232323232322251e+01
5.608080808080804225e-01
3.125468686868686063e+02
7.964848484848477739e+00
3.568757575757577172e+01
4.698080808080806747e+00
1.159444444444443967e+01
5.659999999999994813e+00
7.942424242424239722e+00
5.553434343434345166e+00
4.163131313131312794e+01
6.075454545454546107e+00
8.518282828282840669e+00
9.830404040404042476e+00
3.192929292929292950e-01
8.693939393939406068e-01
2.810606060606062329e+00
1.304585858585859270e+01
6.716666666666668561e+00
1.128323232323231551e+01
3.012121212121214309e-01
1.943434343434342904e-01
4.311111111111115557e-01
2.939393939393940280e-02
2.349696969696969617e+00
2.567676767676771998e-01
6.241414141414128869e-01
9.601515151515158664e+00
8.401919191919196450e+00
2.737373737373742233e-01
3.078787878787874743e-01
4.311949494949494266e+01
5.525757575757576312e+00
5.470525252525253279e+01
2.567676767676770888e-01
7.575757575757585682e-02
9.884242424242424718e+00
3.780808080808075178e-01
1.525252525252528135e-01
4.590909090909097934e+00
1.714808080808082380e+01
1.767676767676764349e-01
8.382020202020202149e+00
7.816767676767677031e+00
1.195535353535353451e+01
3.605050505050507170e-01
6.746464646464658266e-01
