1.279494949494946798e+00
8.556565656565668920e-01
0.000000000000000000e+00
6.123232323232313812e-01
1.354646464646462434e+00
5.788888888888880091e-01
2.233333333333339110e-01
6.976767676767682280e-01
2.354545454545460270e-01
7.634343434343427992e-01
2.356424242424242266e+01
1.490909090909092460e-01
0.000000000000000000e+00
4.682828282828278010e-01
7.604040404040393053e-01
1.718181818181816478e+00
0.000000000000000000e+00
0.000000000000000000e+00
1.402212121212122398e+01
7.550505050505037508e-01
0.000000000000000000e+00
4.445454545454540218e-01
9.802020202020218509e-01
2.079797979797981811e-01
0.000000000000000000e+00
0.000000000000000000e+00
9.172727272727281278e-01
0.000000000000000000e+00
9.999999999999995004e-03
7.031313131313146059e-01
2.074949494949493101e+00
3.878787878787880172e-02
1.990909090909090962e-01
4.064646464646462509e-01
8.746464646464637838e-01
6.592929292929288199e-01
2.492343434343435860e+01
1.353878787878785950e+01
2.121212121212122381e-01
9.809090909090935062e-01
2.860707070707072308e+00
4.648484848484852883e-01
8.887878787878790154e-01
6.124242424242417604e-01
9.723232323232318119e-01
0.000000000000000000e+00
4.016161616161617598e-01
0.000000000000000000e+00
1.115050505050503737e+00
4.208686868686869254e+00
8.682828282828273236e-01
0.000000000000000000e+00
3.878787878787880172e-02
3.906060606060609564e-01
1.127474747474746408e+00
2.608080808080812107e-01
8.078787878787861976e-01
3.279797979797975382e-01
1.876666666666668926e+00
6.800000000000006040e-01
1.539333333333333798e+01
5.553535353535354879e-01
1.043101010101010218e+01
0.000000000000000000e+00
6.195959595959595889e-01
2.939393939393944097e-02
2.251616161616157630e+00
8.022222222222230581e-01
2.524242424242423843e-01
2.939393939393944097e-02
9.206060606060607610e-01
0.000000000000000000e+00
8.951515151515149205e-01
1.272222222222220589e+00
3.939393939393939781e-02
1.625888888888889383e+01
8.682828282828267685e-01
8.156565656565657463e-01
8.278888888888896957e+00
2.412121212121206282e-01
6.285858585858588032e-01
6.771717171717172024e-01
2.939393939393944097e-02
2.245151515151517341e+00
1.757171717171718051e+00
9.873737373737357936e-01
5.339393939393943800e-01
1.027373737373735718e+00
3.683838383838380359e-01
1.893939393939393923e-01
9.999999999999988065e-03
6.446464646464638015e-01
1.999999999999994837e-02
9.623232323232326912e-01
7.226262626262623945e-01
4.790909090909102330e-01
8.550505050505063931e-01
8.931313131313144416e-01
6.298989898989892922e-01
2.136505050505049397e+01
1.470303030303027114e+00
0.000000000000000000e+00
3.878787878787880172e-02
4.971414141414139287e+00
2.424242424242418481e-01
6.276767676767688320e-01
5.254545454545446193e-01
2.709090909090912103e-01
2.509090909090912480e-01
1.380909090909089088e+00
2.600000000000000644e-01
0.000000000000000000e+00
9.999999999999953371e-03
9.935353535353518284e-01
7.573737373737376988e-01
9.999999999999998473e-03
0.000000000000000000e+00
1.068383838383839990e+00
7.820202020202020599e-01
2.620606060606057497e+00
2.589393939393934030e+00
4.410101010100998531e-01
1.814141414141414166e-01
5.775757575757562989e-01
9.158585858585847062e-01
2.904040404040398871e-01
8.357575757575762543e-01
0.000000000000000000e+00
4.211616161616155374e+00
0.000000000000000000e+00
0.000000000000000000e+00
0.000000000000000000e+00
0.000000000000000000e+00
7.654545454545444993e-01
5.901010101010104592e-01
5.166060606060614901e+00
2.509090909090912480e-01
1.458686868686871252e+00
6.839393939393948463e-01
0.000000000000000000e+00
5.401010101010091935e-01
9.197979797979807248e-01
0.000000000000000000e+00
8.364646464646472435e-01
2.266666666666662389e-01
1.001919191919192542e+00
7.828282828282835393e-01
2.188888888888894380e-01
7.493939393939375027e-01
9.999999999999993269e-03
1.019292929292926919e+00
6.838383838383853552e-01
0.000000000000000000e+00
9.401010101010088826e-01
2.089898989898992809e+00
5.716161616161604675e-01
7.801010101010111830e-01
2.047575757575758271e+00
6.456565656565662614e-01
4.797979797979805283e-02
3.878787878787880172e-02
0.000000000000000000e+00
6.575757575757583406e-02
4.264343434343428996e+00
8.868686868686871394e-01
2.221898989898991417e+01
9.999999999999991535e-03
7.048484848484848353e-01
2.729191919191920945e+00
7.856565656565659417e-01
3.878787878787880172e-02
7.550505050505055271e-01
4.186868686868678302e-01
0.000000000000000000e+00
4.922222222222213950e-01
3.464646464646468083e+00
7.085858585858589853e-01
9.888888888888895667e-02
3.878787878787880172e-02
5.972727272727264003e-01
0.000000000000000000e+00
9.914141414141418585e-01
7.434343434343432255e-02
7.076767676767682369e-01
9.999999999999982514e-02
5.647474747474752199e-01
7.938383838383838986e-01
5.988888888888892481e-01
5.090909090909102597e-01
1.287878787878785625e-01
1.000404040404041517e+00
1.106262626262627835e+00
6.780808080808071736e-01
7.807070707070719040e-01
0.000000000000000000e+00
1.207474747474748478e+00
0.000000000000000000e+00
7.710101010100997021e-01
0.000000000000000000e+00
5.583636363636368394e+00
3.966262626262623492e+00
6.677777777777792467e-01
7.575757575757587070e-02
0.000000000000000000e+00
7.934343434343436030e-01
0.000000000000000000e+00
1.749797979797979686e+00
0.000000000000000000e+00
0.000000000000000000e+00
1.833333333333332371e-01
2.153757575757575538e+01
2.443434343434337797e-01
1.481818181818182478e-01
3.085858585858584635e-01
8.915151515151535921e-01
2.144353535353537410e+01
7.968282828282827523e+00
8.836262626262628928e+00
3.631313131313138043e-01
6.095959595959588029e-01
4.490909090909096513e-01
2.673737373737370970e-01
1.751111111111113505e+00
0.000000000000000000e+00
6.655959595959587638e+00
6.362626262626270846e-01
9.425252525252518776e-01
3.420202020202026127e-01
2.333535353535356016e+00
5.108080808080813773e-01
0.000000000000000000e+00
2.853535353535351371e-01
8.684848484848486372e-01
7.021212121212140334e-01
2.957777777777777839e+00
1.537575757575756930e+00
3.100707070707072521e+00
8.637373737373743587e-01
6.572727272727264536e-01
3.306060606060601259e-01
5.869696969696968081e-01
5.589898989898981485e-01
0.000000000000000000e+00
1.425252525252528324e-01
8.714141414141425290e-01
9.484848484848482641e-01
6.117272727272721866e+00
1.001919191919190766e+00
3.837373737373740434e-01
5.468686868686877256e-01
7.040404040404029118e-01
9.820202020202021265e-01
5.919191919191918450e-02
0.000000000000000000e+00
2.079797979797982643e-01
3.686868686868686851e+00
5.114141414141413211e-01
1.552121212121212679e+00
1.448282828282826618e+00
9.658585858585873041e-01
0.000000000000000000e+00
0.000000000000000000e+00
5.791919191919184806e-01
2.779090909090908390e+00
1.955343434343433984e+01
7.134343434343439760e-01
1.672828282828281887e+00
7.426262626262628563e-01
3.443434343434340072e-01
6.645454545454544393e-01
7.871717171717169670e-01
2.671414141414141685e+00
0.000000000000000000e+00
2.285858585858582703e+00
0.000000000000000000e+00
0.000000000000000000e+00
1.133030303030304387e+00
9.090909090909084223e-02
9.999999999999998473e-03
8.572727272727270753e-01
9.100000000000004752e-01
4.912525252525253627e+00
6.048484848484858567e-01
6.929292929292912850e-01
1.908484848484851337e+00
8.187878787878765108e-01
9.474747474747474030e+00
8.548484848484860787e-01
1.078686868686867362e+00
2.509090909090912480e-01
9.993939393939386129e-01
4.807979797979799130e+00
8.666666666666663632e-01
0.000000000000000000e+00
9.203030303030292902e-01
6.098989898989886083e-01
2.380404040404044519e+00
1.979797979797979016e-02
9.440404040404052344e-01
1.142424242424244091e-01
6.320202020202030369e-01
6.414141414141423247e-01
3.765656565656571031e-01
7.658585858585854611e-01
0.000000000000000000e+00
7.198989898989891500e-01
6.575757575757583406e-02
2.379797979797985685e-01
7.417171717171718859e-01
6.908080808080796498e-01
9.999999999999996739e-03
0.000000000000000000e+00
7.837373737373740656e-01
4.707070707070700744e-01
0.000000000000000000e+00
0.000000000000000000e+00
6.334343434343452373e-01
8.823232323232309549e-01
9.485858585858575331e-01
0.000000000000000000e+00
1.676868686868687952e+00
4.365656565656557686e-01
2.741414141414145078e+00
1.640202020202021105e+00
2.541010101010098943e+00
7.546464646464644543e-01
6.223030303030307131e+00
6.439393939393946997e-01
6.891919191919192444e-01
0.000000000000000000e+00
6.646464646464659287e-01
9.308080808080807511e-01
9.064646464646458623e-01
0.000000000000000000e+00
8.518181818181816967e-01
4.363636363636363980e-01
1.066666666666668400e-01
5.935353535353530274e-01
6.796969696969695773e-01
1.216161616161618442e-01
9.816161616161593884e-01
9.999999999999962044e-03
4.797979797979802508e-02
1.979797979797979016e-02
0.000000000000000000e+00
2.028636363636363882e+01
8.009090909090903487e-01
7.677878787878789524e+00
3.448484848484852372e-01
1.271212121212119905e+00
1.538383838383836411e+00
1.127474747474749295e+00
0.000000000000000000e+00
6.028282828282823802e-01
9.999999999999977657e-03
2.504242424242419052e+00
0.000000000000000000e+00
1.383535353535354728e+00
9.519191919191932749e-01
0.000000000000000000e+00
1.357575757575757991e-01
6.575757575757587570e-02
0.000000000000000000e+00
1.833333333333332094e-01
0.000000000000000000e+00
3.999999999999997446e-01
2.789898989898992876e-01
1.198383838383836109e+00
1.275696969696969774e+01
2.403030303030308235e-01
1.142424242424245201e-01
0.000000000000000000e+00
2.327272727272732267e-01
0.000000000000000000e+00
8.726262626262641930e-01
9.999999999999972453e-03
7.860606060606055712e-01
2.525252525252525415e-01
7.162626262626263784e-01
6.546464646464653647e-01
3.004242424242422604e+00
8.318181818181807907e-01
0.000000000000000000e+00
0.000000000000000000e+00
6.596969696969684493e-01
6.765656565656561483e-01
6.281818181818166202e-01
9.534343434343414136e-01
4.797979797979808059e-02
2.953030303030303116e+00
9.616464646464649491e+00
6.107070707070724191e-01
2.036363636363636709e-01
5.189898989899000004e-01
6.932323232323223117e-01
9.651515151515139834e-01
6.761616161616165188e-01
2.121212121212122381e-01
7.713131313131315059e-01
1.553333333333329680e+00
8.175757575757572893e-01
7.396969696969700747e-01
1.167909090909090075e+01
3.801010101010107167e-01
1.254373737373736830e+01
7.185858585858604375e-01
6.531313131313125631e-01
2.270101010101005290e+00
9.215151515151538408e-01
8.117171717171733913e-01
0.000000000000000000e+00
1.969393939393938586e+00
2.012121212121210923e-01
6.731313131313134690e-01
1.049767676767678282e+01
1.038282828282826697e+00
1.059575757575756860e+01
9.237373737373749671e-01
1.425252525252528879e-01
9.910101010101023400e-01
9.541414141414129579e-01
1.151313131313130178e+00
9.999999999999965514e-03
2.354545454545460270e-01
1.672787878787879023e+01
1.314646464646462620e+00
2.837070707070705300e+00
0.000000000000000000e+00
6.876767676767677751e-01
4.765656565656571919e-01
1.708181818181819134e+00
0.000000000000000000e+00
1.066666666666668400e-01
0.000000000000000000e+00
1.476161616161616008e+00
8.268686868686874192e-01
1.166666666666671265e-01
5.701616161616168910e+00
4.797979797979803895e-01
0.000000000000000000e+00
2.460606060606066181e-01
9.324242424242439320e-01
1.283030303030301633e+00
1.567333333333335332e+01
2.293434343434347600e+00
0.000000000000000000e+00
0.000000000000000000e+00
1.242424242424246261e-01
2.531818181818183522e+00
9.421212121212113599e-01
0.000000000000000000e+00
4.566666666666668872e-01
6.874747474747472387e-01
7.796969696969697772e-01
6.556565656565646050e-01
8.402020202020203943e-01
9.963636363636375615e-01
8.443434343434340628e-01
8.582828282828278699e-01
0.000000000000000000e+00
0.000000000000000000e+00
1.107676767676766483e+00
7.838383838383848612e-02
0.000000000000000000e+00
2.397979797979796490e-01
1.788888888888890139e-01
1.562626262626263252e-01
9.691919191919198262e-01
6.277777777777766577e-01
7.833333333333324378e-01
2.266666666666662111e-01
0.000000000000000000e+00
2.677777777777780588e-01
1.932323232323234663e+00
1.083535353535353574e+00
1.337272727272729389e+00
5.178787878787883825e-01
3.081818181818177793e-01
2.778787878787887800e-01
8.065656565656573740e-01
9.949494949494938068e-01
2.650292929292928790e+01
7.687878787878802411e-01
8.001010101010117559e-01
5.537373737373741944e-01
1.119595959595957035e+00
2.126363636363636900e+00
3.574747474747471676e-01
3.757575757575761233e-01
0.000000000000000000e+00
8.018181818181830955e-01
2.955555555555551828e-01
1.192222222222224959e+00
1.842424242424241798e-01
0.000000000000000000e+00
9.999999999999972453e-03
9.234343434343456058e-01
9.999999999999993269e-03
0.000000000000000000e+00
5.061616161616152576e-01
5.382929292929297560e+00
1.199595959595957551e+00
7.018787878787877688e+00
0.000000000000000000e+00
2.233333333333338555e-01
8.738383838383838587e-01
1.979797979797979710e-02
1.047979797979800010e+00
8.919191919191939988e-01
0.000000000000000000e+00
1.427373737373737628e+00
1.259787878787878412e+01
5.405050505050505993e-01
7.789898989899004533e-01
2.687575757575757063e+00
8.108080808080810886e-01
6.746464646464651604e-01
9.586868686868678102e-01
1.979797979797979016e-02
5.234343434343439183e-01
1.597070707070704865e+00
4.369696969696971189e-01
1.318787878787879286e+00
9.501010101010082254e-01
2.301414141414140691e+00
0.000000000000000000e+00
8.382828282828305166e-01
9.888888888888898443e-02
6.810101010101012875e-01
2.135656565656562034e+00
1.319363636363635983e+01
3.303030303030309422e+00
4.512121212121215641e-01
0.000000000000000000e+00
4.190505050505049844e+00
7.529292929292926706e-01
3.619191919191926399e-01
7.829797979797969987e+00
6.079797979797972873e-01
1.979797979797979710e-02
8.858585858585840134e-01
9.198989898989912151e-01
0.000000000000000000e+00
8.160606060606075962e-01
3.878787878787880172e-02
1.179191919191917348e+00
0.000000000000000000e+00
8.979797979798002094e-01
5.617171717171709489e-01
9.999999999999981126e-03
4.344040404040400816e+00
3.878787878787880172e-02
2.297171717171716310e+00
7.377777777777775325e-01
9.888888888888887341e-02
8.479797979797963903e-01
0.000000000000000000e+00
1.092323232323230142e+00
4.891919191919186782e-01
3.041838383838384274e+01
5.793939393939391280e-01
4.147777777777770680e+00
3.679898989898990003e+00
8.560606060606049672e-01
0.000000000000000000e+00
7.913131313131316347e-01
1.322626262626259264e+00
6.419191919191917783e-01
1.020808080808082385e+00
2.197979797979799643e-01
8.462929292929290526e+00
6.837373737373751981e-01
1.066666666666668400e-01
1.065151515151516515e+00
7.249494949494937890e-01
9.272727272727272763e-02
2.134767676767676292e+01
8.241414141414141747e-01
5.990909090909083412e-01
1.534646464646466146e+00
7.118181818181821274e-01
6.223131313131308850e+00
0.000000000000000000e+00
0.000000000000000000e+00
6.990909090909074308e-01
3.113131313131315414e-01
1.257090909090909214e+01
7.359595959595954806e-01
2.939393939393944444e-02
5.542424242424240921e-01
1.051111111111112439e+00
0.000000000000000000e+00
2.352525252525250465e+00
2.093101010101010573e+01
6.365656565656558907e-01
1.942424242424242442e-01
1.616161616161617132e-01
3.478585858585859558e+00
3.878787878787880172e-02
2.582888888888888701e+01
0.000000000000000000e+00
6.470707070707081288e-01
0.000000000000000000e+00
8.511111111111119287e-01
2.525252525252525415e-01
0.000000000000000000e+00
7.727272727272737063e-01
2.266666666666662389e-01
1.343010101010101920e+01
2.354545454545460548e-01
6.529292929292934700e-01
2.509090909090911925e-01
1.490909090909092460e-01
4.265656565656563148e-01
8.427272727272722141e-01
2.043434343434342437e-01
1.730707070707071527e+00
0.000000000000000000e+00
7.493939393939380578e-01
1.088787878787879526e+00
1.956161616161620209e+00
7.822222222222225962e-01
1.377676767676770497e+00
7.346464646464658799e-01
0.000000000000000000e+00
5.722222222222228538e-01
5.696969696969704511e-02
3.201010101010093867e-01
1.796060606060604670e+01
2.631303030303030255e+01
6.798989898989896696e-01
6.696969696969701236e-02
6.425252525252517222e-01
2.188595959595959073e+01
9.727272727272744390e-01
9.995959595959598154e-01
2.488888888888884932e-01
8.111111111111111160e-01
1.530303030303026834e-01
7.655555555555564329e-01
2.801151515151514459e+01
1.878787878787881449e-01
0.000000000000000000e+00
1.138383838383837832e+00
1.498616161616162934e+01
6.318181818181808351e-01
1.002727272727273800e+00
1.616161616161617132e-01
1.663232323232323173e+00
1.842424242424241798e-01
0.000000000000000000e+00
1.616161616161617132e-01
7.896363636363632921e+00
1.752121212121213301e+00
3.861121212121211244e+01
0.000000000000000000e+00
4.875757575757566631e-01
6.755555555555556868e-01
6.949494949494940954e-01
4.797979797979806671e-02
8.350505050505050431e-01
6.943434343434340406e-01
1.675757575757576556e-01
4.148787878787874916e+00
0.000000000000000000e+00
1.145454545454546308e-01
1.284242424242425518e+00
0.000000000000000000e+00
1.654545454545455208e-01
6.037373737373732396e-01
7.907070707070719129e-01
3.390202020202019551e+00
6.494949494949503466e-01
2.079797979797981811e-01
8.385858585858598779e-01
2.737373737373734461e-01
5.327272727272734931e-01
4.090909090909087831e-01
0.000000000000000000e+00
4.041313131313127194e+00
1.357575757575757991e-01
1.943434343434342904e-01
0.000000000000000000e+00
1.979797979797979016e-02
0.000000000000000000e+00
6.297979797979805783e-01
9.888888888888908157e-02
3.565656565656564192e-01
1.979797979797979016e-02
8.423232323232325847e-01
7.023232323232315721e-01
1.117474747474745511e+00
7.125252525252533387e-01
1.124343434343435533e+00
9.319191919191913698e-01
1.004757575757575871e+01
2.230606060606060481e+01
8.047474747474760992e-01
7.080808080808068672e-01
4.109999999999998543e+00
1.287878787878785070e-01
1.844040404040402370e+00
0.000000000000000000e+00
1.201111111111107910e+00
7.299999999999994271e-01
0.000000000000000000e+00
7.906060606060605345e-01
9.515151515151498707e-02
0.000000000000000000e+00
2.290000000000001368e+00
1.225161616161617140e+01
1.555555555555556968e-01
6.237373737373728133e-01
8.482828282828290822e-01
1.534747474747474749e+00
6.549494949494955032e-01
7.273737373737393375e-01
6.818181818181823228e-02
8.006060606060599882e-01
5.696969696969705899e-02
7.968686868686870595e-01
1.281616161616165206e+00
7.332323232323240125e-01
8.151515151515142943e-01
2.273737373737376444e-01
2.197979797979799643e-01
7.935353535353524279e-01
9.090909090909084223e-02
2.224848484848484631e+00
1.813434343434345841e+00
5.084848484848472072e-01
1.909696969696971447e+00
0.000000000000000000e+00
2.524242424242421068e-01
2.443434343434337519e-01
7.283838383838382446e-01
1.161414141414139678e+00
0.000000000000000000e+00
7.072727272727283854e-01
7.666666666666668295e-01
2.099101010101011155e+01
2.939393939393940974e-02
2.661616161616154663e+00
4.797979797979805977e-02
1.382828282828285349e-01
2.994141414141413104e+00
1.089898989898987702e+00
6.345454545454551898e-01
7.434343434343430868e-02
1.413020202020203087e+01
1.086767676767674828e+00
7.101010101010103437e-01
5.696969696969710062e-02
2.136363636363636520e-01
6.143434343434330813e-01
1.009393939393940842e+00
2.985151515151517110e+00
0.000000000000000000e+00
0.000000000000000000e+00
3.457575757575759301e-01
6.034343434343437673e-01
9.635353535353522458e-01
1.770505050505049693e+00
1.266464646464644739e+00
6.823232323232327756e-01
2.624242424242422822e-01
0.000000000000000000e+00
0.000000000000000000e+00
9.735353535353554744e-01
8.491919191919208298e-01
9.469696969696987932e-01
0.000000000000000000e+00
1.170303030303029956e+00
2.476161616161621115e+00
1.454545454545450589e-01
7.640404040404043862e+00
9.319191919191938123e-01
1.715353535353531189e+00
7.461616161616150267e-01
2.670909090909086014e+00
1.036161616161618282e+00
0.000000000000000000e+00
7.565656565656557753e-01
1.103232323232320899e+00
1.979797979797979363e-02
9.186868686868666645e-01
7.025252525252538849e-01
1.276777777777776812e+01
2.661313131313131741e+00
3.897979797979804761e-01
4.545454545454536976e-01
9.999999999999975922e-03
2.233333333333338278e-01
0.000000000000000000e+00
2.427272727272731800e-01
6.609090909090920007e-01
2.268686868686870528e-01
2.713131313131312838e-01
8.811111111111120664e-01
4.597070707070704643e+00
6.517474747474749641e+00
4.419191919191926554e-01
0.000000000000000000e+00
9.999999999999951636e-03
5.508888888888887614e+00
5.190909090909097134e-01
8.967676767676746596e-01
1.289898989898986992e+00
0.000000000000000000e+00
5.654545454545449878e-01
4.797979797979810834e-02
0.000000000000000000e+00
5.167070707070710256e+00
8.480808080808082128e-01
1.003838383838385750e+00
2.654545454545450545e-01
9.695959595959605659e-01
2.160606060606058143e-01
1.039494949494947251e+00
2.037272727272728012e+00
6.271717171717178241e-01
6.329292929292918979e-01
9.999999999999953371e-03
9.204040404040395584e-01
3.669292929292931937e+00
5.391919191919197774e-01
4.566666666666671093e-01
0.000000000000000000e+00
9.999999999999981126e-03
6.229292929292925551e-01
1.249393939393937281e+00
3.953535353535352348e-01
1.425252525252529434e-01
2.101616161616158607e+00
1.416666666666666963e+01
1.145757575757578195e+00
1.505656565656565915e+00
1.338787878787880414e+00
2.940404040404036579e-01
2.160606060606056755e-01
2.241555555555555301e+01
1.119828282828281729e+01
5.224242424242420135e-01
7.045454545454548079e-01
1.189898989898990900e+00
8.466666666666674557e-01
8.095959595959610899e-01
2.718181818181821807e-01
0.000000000000000000e+00
9.999999999999948166e-03
5.986868686868679346e-01
4.465353535353535186e+00
8.385858585858576575e-01
1.301555555555555443e+01
6.900909090909087773e+00
3.352626262626262399e+00
6.651515151515167146e-01
0.000000000000000000e+00
8.970707070707086839e-01
5.667676767676755878e-01
0.000000000000000000e+00
2.333030303030304253e+01
4.550505050505048721e-01
4.187878787878788200e-01
7.197979797979794370e-01
1.062525252525251540e+00
7.524242424242421068e-01
9.639393939393955391e-01
1.332424242424240957e+00
0.000000000000000000e+00
0.000000000000000000e+00
1.089292929292929379e+01
6.554545454545458449e-01
1.310747474747474683e+01
1.788888888888890694e-01
7.203030303030314441e-01
0.000000000000000000e+00
6.879090909090908923e+00
0.000000000000000000e+00
2.759595959595962711e+00
0.000000000000000000e+00
4.060606060606060663e-01
6.856666666666674459e+00
7.356565656565663414e-01
8.955555555555564373e-01
2.024434343434343830e+01
1.101212121212119754e+00
1.114141414141412989e+00
0.000000000000000000e+00
7.514141414141427555e-01
0.000000000000000000e+00
1.015353535353537451e+00
4.833838383838380715e+00
2.979797979797979210e-02
6.137979797979797425e+00
2.826505050505050676e+01
8.475757575757574269e-01
0.000000000000000000e+00
9.020202020202040538e-01
1.413585858585858546e+01
1.221616161616163376e+00
5.938383838383839430e-01
1.084404040404039904e+01
0.000000000000000000e+00
4.677777777777770707e-01
0.000000000000000000e+00
1.037373737373735588e-01
1.729030303030302207e+01
1.490909090909092460e-01
2.962626262626267160e+00
1.702424242424241951e+00
9.510101010100996399e-01
3.600000000000004863e-01
2.079797979797982366e-01
1.287878787878784514e-01
4.835353535353543175e-01
1.794040404040405878e+00
7.788888888888886308e-01
8.739393939393945709e-01
2.939393939393944097e-02
3.537373737373739613e-01
2.991717171717172441e+00
1.070010101010101167e+01
6.716161616161623327e-01
6.508080808080798363e-01
1.124141414141413442e+00
0.000000000000000000e+00
2.340747474747472623e+01
6.342424242424248293e-01
4.427272727272731911e-01
1.380404040404041188e+00
5.646464646464635084e-01
6.535353535353545240e-01
1.510404040404040193e+00
8.272727272727277426e-02
3.488888888888888595e-01
0.000000000000000000e+00
3.705050505050499488e-01
1.073434343434341631e+00
1.920747474747475536e+01
1.918151515151514630e+01
7.626262626262628741e-01
2.509090909090911925e-01
8.639393939393935629e-01
7.041414141414151784e-01
1.129191919191918192e+00
2.233333333333339110e-01
1.275050505050504546e+00
0.000000000000000000e+00
1.318585858585856974e+00
7.969696969696959954e-01
7.589898989898988813e-01
6.107070707070717530e-01
9.522222222222211929e-01
2.524242424242423843e-01
2.803131313131313007e+01
7.069696969696986910e-01
2.570505050505047517e+00
7.129292929292939673e-01
8.672727272727259740e-01
5.328282828282840944e-01
7.950505050505070059e-01
5.864646464646456892e-01
3.829797979797982865e+00
7.225252525252541247e-01
8.811111111111104011e-01
8.203030303030295345e-01
0.000000000000000000e+00
4.709090909090903887e-01
6.134343434343444423e-01
1.200909090909087373e+00
7.682828282828284561e-01
1.160202020202022011e+00
1.842424242424241798e-01
0.000000000000000000e+00
1.490909090909092460e-01
0.000000000000000000e+00
5.639393939393934074e-01
0.000000000000000000e+00
1.578787878787875909e-01
7.488888888888886042e-01
9.740404040404037067e-01
1.979797979797979016e-02
1.425252525252529434e-01
2.130404040404039190e+00
6.680808080808088301e-01
4.085050505050504377e+00
0.000000000000000000e+00
0.000000000000000000e+00
8.229292929292926217e-01
9.999999999999970718e-03
0.000000000000000000e+00
5.958585858585866424e-01
1.436262626262626796e+00
0.000000000000000000e+00
8.096969696969698038e-01
8.090909090909100820e-01
1.002424242424241330e+00
2.939393939393944444e-02
9.999999999999962044e-03
