1.275050505050508542e+00
8.515151515151523354e-01
0.000000000000000000e+00
6.239393939393940158e-01
1.438989898989900151e+00
5.852525252525261346e-01
2.197979797979799643e-01
6.438383838383842095e-01
2.403030303030307957e-01
7.312121212121213132e-01
2.090646464646464864e+01
1.357575757575757991e-01
0.000000000000000000e+00
4.625252525252531166e-01
7.952525252525253219e-01
1.679292929292926395e+00
0.000000000000000000e+00
0.000000000000000000e+00
1.492545454545454930e+01
7.425252525252528102e-01
0.000000000000000000e+00
4.951515151515161750e-01
9.599999999999990763e-01
1.990909090909092072e-01
0.000000000000000000e+00
0.000000000000000000e+00
9.638383838383846047e-01
0.000000000000000000e+00
9.999999999999995004e-03
7.279797979797981711e-01
2.104040404040402823e+00
2.939393939393944444e-02
1.993939393939393456e-01
4.274747474747475628e-01
9.356565656565634104e-01
6.379797979797970919e-01
2.746939393939395657e+01
1.424494949494950191e+01
2.221212121212121637e-01
1.040303030303031173e+00
3.125959595959596715e+00
4.707070707070713511e-01
9.197979797979789485e-01
6.111111111111124927e-01
9.149494949494959561e-01
0.000000000000000000e+00
4.140404040404041530e-01
0.000000000000000000e+00
1.120303030303028358e+00
4.295959595959597976e+00
8.579797979797979535e-01
0.000000000000000000e+00
3.878787878787880172e-02
3.745454545454544593e-01
1.096060606060607734e+00
2.354545454545456662e-01
9.016161616161622039e-01
3.279797979797975382e-01
1.946565656565654612e+00
6.862626262626275730e-01
1.632252525252524933e+01
6.543434343434346712e-01
1.104191919191919524e+01
0.000000000000000000e+00
6.859595959595953252e-01
2.939393939393944097e-02
2.356666666666670018e+00
8.338383838383851554e-01
2.516161616161619596e-01
2.939393939393942709e-02
9.550505050505041504e-01
0.000000000000000000e+00
9.237373737373718585e-01
1.321414141414141152e+00
6.696969696969705399e-02
1.670656565656565817e+01
9.113131313131304090e-01
8.300000000000002931e-01
1.006929292929292785e+01
2.649494949494946572e-01
6.423232323232335172e-01
6.947474747474744472e-01
5.797979797979805477e-02
2.434242424242420988e+00
1.801818181818182429e+00
9.551515151515134194e-01
5.412121212121215885e-01
1.072727272727273196e+00
3.816161616161616310e-01
1.990909090909090684e-01
0.000000000000000000e+00
6.620202020202026194e-01
1.999999999999994837e-02
9.189898989898991344e-01
7.292929292929297702e-01
4.758585858585852590e-01
9.202020202020196882e-01
8.395959595959613386e-01
6.373737373737380363e-01
2.194111111111109835e+01
1.464646464646465418e+00
0.000000000000000000e+00
3.878787878787880172e-02
5.626464646464655495e+00
2.443434343434337797e-01
7.125252525252531166e-01
5.206060606060612939e-01
3.274747474747471410e-01
2.509090909090911925e-01
1.410707070707068578e+00
2.609090909090912569e-01
0.000000000000000000e+00
9.999999999999953371e-03
1.045959595959597754e+00
8.120202020202009763e-01
1.979797979797975893e-02
0.000000000000000000e+00
1.128383838383839821e+00
8.272727272727270487e-01
2.862929292929293545e+00
2.566767676767677031e+00
4.342424242424247627e-01
1.910101010101012964e-01
6.575757575757588125e-01
9.545454545454561401e-01
2.878787878787880672e-01
8.426262626262633892e-01
0.000000000000000000e+00
4.316161616161614312e+00
0.000000000000000000e+00
0.000000000000000000e+00
9.999999999999968983e-03
0.000000000000000000e+00
8.000000000000002665e-01
6.145454545454551720e-01
5.244646464646463002e+00
2.521212121212118573e-01
1.544141414141413815e+00
6.964646464646474522e-01
0.000000000000000000e+00
5.274747474747483178e-01
9.288888888888882089e-01
0.000000000000000000e+00
8.515151515151503370e-01
2.160606060606058976e-01
1.017676767676768401e+00
7.451515151515145652e-01
2.141414141414138828e-01
7.823232323232307550e-01
9.999999999999993269e-03
1.108181818181816602e+00
6.874747474747483489e-01
0.000000000000000000e+00
9.764646464646479229e-01
2.025252525252521973e+00
5.819191919191910589e-01
8.095959595959609789e-01
2.082222222222221752e+00
6.781818181818187741e-01
1.979797979797979363e-02
5.696969696969712837e-02
0.000000000000000000e+00
6.575757575757583406e-02
4.457979797979803038e+00
9.162626262626247797e-01
2.429202020202019696e+01
9.999999999999991535e-03
6.785858585858584036e-01
2.963030303030300683e+00
8.018181818181818743e-01
1.979797979797979710e-02
7.545454545454551853e-01
4.625252525252522839e-01
0.000000000000000000e+00
5.635353535353530008e-01
3.446363636363638516e+00
7.664646464646457380e-01
1.066666666666668400e-01
4.878787878787898408e-02
6.220202020202025839e-01
0.000000000000000000e+00
1.022626262626262772e+00
7.434343434343432255e-02
7.635353535353528454e-01
1.202020202020199768e-01
5.510101010101022823e-01
8.059595959595949877e-01
5.261616161616169407e-01
6.288888888888896078e-01
1.554545454545456229e-01
1.082424242424244287e+00
1.186464646464648665e+00
7.023232323232320162e-01
7.933333333333341120e-01
0.000000000000000000e+00
1.286262626262624220e+00
0.000000000000000000e+00
7.728282828282823091e-01
0.000000000000000000e+00
5.954141414141407296e+00
4.156767676767679554e+00
6.756565656565656219e-01
1.009090909090910732e-01
0.000000000000000000e+00
9.307070707070714821e-01
0.000000000000000000e+00
2.096868686868684772e+00
0.000000000000000000e+00
0.000000000000000000e+00
1.752525252525255761e-01
2.257373737373735878e+01
2.488888888888884654e-01
1.347474747474743939e-01
3.090909090909095269e-01
8.629292929292918801e-01
2.337878787878788245e+01
8.117070707070714874e+00
8.964343434343444272e+00
3.994949494949490143e-01
5.597979797979794059e-01
4.809090909090906196e-01
2.443434343434337519e-01
2.048787878787875272e+00
0.000000000000000000e+00
7.155353535353531136e+00
6.434343434343443580e-01
9.905050505050505549e-01
3.774747474747476850e-01
2.593333333333336377e+00
4.773737373737367840e-01
0.000000000000000000e+00
3.005050505050497756e-01
8.983838383838370634e-01
8.186868686868664646e-01
3.251818181818182385e+00
1.576767676767676818e+00
3.436262626262622799e+00
8.595959595959615784e-01
6.370707070707058994e-01
3.160606060606064305e-01
5.780808080808075289e-01
5.743434343434355993e-01
0.000000000000000000e+00
1.675757575757577111e-01
9.274747474747474518e-01
1.122626262626263305e+00
5.888484848484852208e+00
1.012727272727273586e+00
3.837373737373730997e-01
5.732323232323222051e-01
7.113131313131302313e-01
9.832323232323225692e-01
7.777777777777758472e-02
9.999999999999955105e-03
2.079797979797982643e-01
3.735959595959593926e+00
5.026262626262624211e-01
1.484747474747475371e+00
1.497474747474744072e+00
1.049898989898989665e+00
0.000000000000000000e+00
0.000000000000000000e+00
5.302020202020195638e-01
2.892727272727271703e+00
2.109313131313131606e+01
7.914141414141402375e-01
1.708181818181820244e+00
7.039393939393947530e-01
4.074747474747481557e-01
6.515151515151523798e-01
7.834343434343434831e-01
3.232929292929296317e+00
0.000000000000000000e+00
2.185151515151519064e+00
0.000000000000000000e+00
0.000000000000000000e+00
1.169191919191918005e+00
9.090909090909084223e-02
9.999999999999998473e-03
9.627272727272732089e-01
8.406060606060595797e-01
5.086969696969699584e+00
6.351515151515151336e-01
7.646464646464649073e-01
1.874545454545455181e+00
8.082828282828293798e-01
9.923838383838386790e+00
9.166666666666676289e-01
1.210707070707071509e+00
2.500000000000001110e-01
1.009292929292930463e+00
4.899494949494950014e+00
7.812121212121218017e-01
0.000000000000000000e+00
9.122222222222222676e-01
6.620202020202019533e-01
2.489090909090914128e+00
9.999999999999953371e-03
9.736363636363625229e-01
1.357575757575757991e-01
6.770707070707063790e-01
6.212121212121221037e-01
4.334343434343429502e-01
7.873737373737397238e-01
0.000000000000000000e+00
7.477777777777777635e-01
9.888888888888902606e-02
2.443434343434337519e-01
7.325252525252518021e-01
7.278787878787879029e-01
9.999999999999996739e-03
1.979797979797979363e-02
7.821212121212112178e-01
4.733333333333338278e-01
0.000000000000000000e+00
0.000000000000000000e+00
6.708080808080795210e-01
9.421212121212098056e-01
1.033333333333331661e+00
0.000000000000000000e+00
1.767575757575754691e+00
4.503030303030307047e-01
2.937575757575755730e+00
1.503636363636362550e+00
2.833838383838382935e+00
8.034343434343441670e-01
6.419595959595962853e+00
6.378787878787890442e-01
6.790909090909093004e-01
0.000000000000000000e+00
6.890909090909090873e-01
1.007676767676766394e+00
1.011010101010101581e+00
9.999999999999988065e-03
8.879797979797990903e-01
5.421212121212117818e-01
1.142424242424244507e-01
6.123232323232328245e-01
6.620202020202028415e-01
1.287878787878785070e-01
1.001414141414139314e+00
0.000000000000000000e+00
4.797979797979802508e-02
1.979797979797979016e-02
0.000000000000000000e+00
2.194080808080807543e+01
7.286868686868682721e-01
8.049595959595961858e+00
3.627272727272731756e-01
1.248787878787881223e+00
1.540101010101009749e+00
1.249999999999998668e+00
0.000000000000000000e+00
6.264646464646465018e-01
9.999999999999977657e-03
2.691515151515148307e+00
0.000000000000000000e+00
1.344040404040406145e+00
1.067272727272728927e+00
0.000000000000000000e+00
1.425252525252529434e-01
5.696969696969703817e-02
0.000000000000000000e+00
1.942424242424241887e-01
0.000000000000000000e+00
4.196969696969696240e-01
4.055555555555548364e-01
1.263737373737376268e+00
1.403939393939393732e+01
2.424242424242418481e-01
1.357575757575757991e-01
0.000000000000000000e+00
2.260606060606055734e-01
0.000000000000000000e+00
8.737373737373750338e-01
9.999999999999972453e-03
7.692929292929302498e-01
2.521212121212118573e-01
6.988888888888895590e-01
6.788888888888882089e-01
3.044848484848487136e+00
8.544444444444447839e-01
0.000000000000000000e+00
0.000000000000000000e+00
6.718181818181813147e-01
7.258585858585855366e-01
7.309090909090906196e-01
9.985858585858604641e-01
4.797979797979808059e-02
3.171111111111114322e+00
9.949696969696967486e+00
5.945454545454555983e-01
2.121212121212122381e-01
5.703030303030309778e-01
8.011111111111116623e-01
1.010303030303031591e+00
7.032323232323224316e-01
2.266666666666661278e-01
8.768686868686869085e-01
1.541717171717174262e+00
8.201010101010101083e-01
6.837373737373739768e-01
1.108717171717171546e+01
4.065656565656566301e-01
1.324343434343434467e+01
6.979797979797964791e-01
6.564646464646474167e-01
2.345454545454545237e+00
8.944444444444417108e-01
7.606060606060589535e-01
0.000000000000000000e+00
1.965959595959593020e+00
1.821212121212122115e-01
6.731313131313135800e-01
1.154616161616161563e+01
1.086767676767676605e+00
1.149010101010099660e+01
1.050404040404038897e+00
1.357575757575757991e-01
1.012424242424241783e+00
9.841414141414153161e-01
1.194242424242425216e+00
9.999999999999981126e-03
2.403030303030307679e-01
1.792474747474748042e+01
1.269797979797978149e+00
2.810808080808080422e+00
0.000000000000000000e+00
6.870707070707087194e-01
5.029292929292935588e-01
1.924949494949494078e+00
0.000000000000000000e+00
1.066666666666669094e-01
0.000000000000000000e+00
1.628989898989899654e+00
8.938383838383827662e-01
1.242424242424246122e-01
6.537171717171714747e+00
5.118181818181823939e-01
0.000000000000000000e+00
2.488888888888884654e-01
9.526262626262640421e-01
1.178484848484848024e+00
1.686373737373736503e+01
2.708080808080808310e+00
0.000000000000000000e+00
0.000000000000000000e+00
1.316161616161618808e-01
2.492323232323229387e+00
9.625252525252504521e-01
0.000000000000000000e+00
4.543434343434343270e-01
7.413131313131315903e-01
7.951515151515146096e-01
6.403030303030301518e-01
8.440404040404043684e-01
1.070707070707072495e+00
8.710101010101002350e-01
8.777777777777754364e-01
0.000000000000000000e+00
0.000000000000000000e+00
1.126666666666664041e+00
8.757575757575762621e-02
0.000000000000000000e+00
2.366666666666672469e-01
1.788888888888890139e-01
1.562626262626264917e-01
9.505050505050512966e-01
6.692929292929283847e-01
7.575757575757562368e-01
2.079797979797981811e-01
0.000000000000000000e+00
2.548484848484846577e-01
1.969595959595956458e+00
1.130303030303032807e+00
1.389696969696970985e+00
5.444444444444437314e-01
2.774747474747479292e-01
2.944444444444452302e-01
8.066666666666651997e-01
1.053131313131315139e+00
2.675424242424242038e+01
7.639393939393943622e-01
8.007070707070713667e-01
5.913131313131327893e-01
1.183434343434341063e+00
2.416363636363638268e+00
3.691919191919186827e-01
3.785858585858594694e-01
0.000000000000000000e+00
8.123232323232320029e-01
3.877777777777782764e-01
1.250404040404037742e+00
1.733333333333331450e-01
0.000000000000000000e+00
9.999999999999972453e-03
9.526262626262618216e-01
9.999999999999993269e-03
0.000000000000000000e+00
4.666666666666667851e-01
5.165959595959588313e+00
1.220505050505048095e+00
7.606262626262632054e+00
0.000000000000000000e+00
2.297979797979792516e-01
7.934343434343447132e-01
1.979797979797979710e-02
1.106565656565655864e+00
9.324242424242434879e-01
0.000000000000000000e+00
1.497272727272729975e+00
1.371313131313130285e+01
5.632323232323226403e-01
7.876767676767671977e-01
2.837777777777777288e+00
8.036363636363637042e-01
6.893939393939397808e-01
9.824242424242418670e-01
9.999999999999974187e-03
5.312121212121212466e-01
1.570303030303032754e+00
4.318181818181809350e-01
1.292525252525254187e+00
8.884848484848498762e-01
2.387070707070706010e+00
0.000000000000000000e+00
8.167676767676779193e-01
8.272727272727277426e-02
6.797979797979796235e-01
2.293131313131312243e+00
1.363010101010099717e+01
3.393333333333337531e+00
4.539393939393936983e-01
0.000000000000000000e+00
4.313434343434344065e+00
7.400000000000002132e-01
3.543434343434350708e-01
8.140909090909090651e+00
6.155555555555566327e-01
1.979797979797979710e-02
9.278787878787888577e-01
9.727272727272735509e-01
0.000000000000000000e+00
8.370707070707056330e-01
5.696969696969705899e-02
1.231616161616162719e+00
0.000000000000000000e+00
8.838383838383853108e-01
5.582828282828286026e-01
9.999999999999981126e-03
4.689696969696973028e+00
3.878787878787880172e-02
2.392020202020206376e+00
7.685858585858579284e-01
1.066666666666667290e-01
9.247474747474734302e-01
0.000000000000000000e+00
1.164040404040406429e+00
5.261616161616168297e-01
3.263252525252524805e+01
5.849494949494938867e-01
4.697979797979809469e+00
3.976868686868683334e+00
8.370707070707059660e-01
0.000000000000000000e+00
9.174747474747474429e-01
1.417979797979799006e+00
7.383838383838381425e-01
9.208080808080801871e-01
2.121212121212122381e-01
7.973131313131309739e+00
6.741414141414143746e-01
1.142424242424244091e-01
1.048181818181815661e+00
7.432323232323237994e-01
1.242424242424244873e-01
2.177606060606059657e+01
9.131313131313137932e-01
6.148484848484856435e-01
1.533636363636363464e+00
7.162626262626262674e-01
6.497171717171710270e+00
0.000000000000000000e+00
0.000000000000000000e+00
7.005050505050520737e-01
3.203030303030305337e-01
1.294454545454546057e+01
7.524242424242423288e-01
2.939393939393944444e-02
6.046464646464660975e-01
1.114242424242425589e+00
0.000000000000000000e+00
2.423636363636360702e+00
2.407020202020202149e+01
6.255555555555563085e-01
1.905050505050504273e-01
1.788888888888891249e-01
3.216363636363634981e+00
1.979797979797979363e-02
2.443171717171717816e+01
0.000000000000000000e+00
6.107070707070699767e-01
0.000000000000000000e+00
9.069696969696958710e-01
2.524242424242423843e-01
0.000000000000000000e+00
7.720202020202020510e-01
2.197979797979799643e-01
1.479131313131312631e+01
2.403030303030307957e-01
7.052525252525251309e-01
2.500000000000001110e-01
1.733333333333332282e-01
5.040404040404050656e-01
8.844444444444435893e-01
1.993939393939393456e-01
1.867575757575756557e+00
0.000000000000000000e+00
8.561616161616161236e-01
1.041111111111109988e+00
2.193333333333334689e+00
7.654545454545461647e-01
1.558181818181816336e+00
7.380808080808088922e-01
0.000000000000000000e+00
5.957575757575754860e-01
4.797979797979802508e-02
3.191919191919190268e-01
1.891949494949496113e+01
2.697464646464646165e+01
6.777777777777790336e-01
6.696969696969701236e-02
6.358585858585847905e-01
2.146242424242423397e+01
9.390909090909100865e-01
1.075151515151513415e+00
2.588888888888883910e-01
8.347474747474745715e-01
1.454545454545451144e-01
8.358585858585849682e-01
3.101515151515152269e+01
1.942424242424243552e-01
0.000000000000000000e+00
1.188181818181815785e+00
1.651777777777779121e+01
6.519191919191924534e-01
1.131414141414140540e+00
1.733333333333333115e-01
1.912525252525248076e+00
1.842424242424241798e-01
0.000000000000000000e+00
1.675757575757577111e-01
7.643535353535349408e+00
1.612727272727271011e+00
4.016222222222221916e+01
0.000000000000000000e+00
4.947474747474757684e-01
7.308080808080805735e-01
7.321212121212113955e-01
5.696969696969712144e-02
8.066666666666669760e-01
7.040404040404050212e-01
1.554545454545456507e-01
4.696161616161618646e+00
0.000000000000000000e+00
1.149494949494951485e-01
1.244343434343436527e+00
0.000000000000000000e+00
1.719191919191919993e-01
6.428282828282833039e-01
7.837373737373719562e-01
3.420606060606060872e+00
6.426262626262624345e-01
2.121212121212122381e-01
8.647474747474728218e-01
2.696969696969692687e-01
6.357575757575749664e-01
4.120202020202015092e-01
0.000000000000000000e+00
4.204747474747470015e+00
1.425252525252528046e-01
1.943434343434342904e-01
0.000000000000000000e+00
1.979797979797979016e-02
0.000000000000000000e+00
6.417171717171719081e-01
1.287878787878784514e-01
3.743434343434343670e-01
1.979797979797979016e-02
8.451515151515134328e-01
6.879797979797985796e-01
1.253535353535355279e+00
7.672727272727287717e-01
1.202020202020203765e+00
1.078585858585858981e+00
1.046484848484848484e+01
2.444212121212121502e+01
8.856565656565661415e-01
7.165656565656578492e-01
4.294848484848490244e+00
1.490909090909092460e-01
1.859393939393936046e+00
0.000000000000000000e+00
1.482424242424243976e+00
7.323232323232325980e-01
0.000000000000000000e+00
7.864646464646470880e-01
9.515151515151504258e-02
0.000000000000000000e+00
2.273131313131311781e+00
1.358767676767676846e+01
1.485858585858582659e-01
5.982828282828284161e-01
8.834343434343423507e-01
1.677777777777780033e+00
6.713131313131304179e-01
7.353535353535346486e-01
5.858585858585859535e-02
7.760606060606062284e-01
5.696969696969705899e-02
7.897979797979780558e-01
1.213333333333334707e+00
7.232323232323247808e-01
7.873737373737377254e-01
2.213131313131314615e-01
2.079797979797982643e-01
8.605050505050508836e-01
1.066666666666668400e-01
2.278080808080807262e+00
2.030808080808084171e+00
4.733333333333324400e-01
2.067070707070705726e+00
0.000000000000000000e+00
2.543434343434349820e-01
2.460606060606066181e-01
7.460606060606066459e-01
1.134646464646462904e+00
0.000000000000000000e+00
7.720202020202018289e-01
7.379797979797976248e-01
2.413121212121211911e+01
2.939393939393944444e-02
2.768585858585856041e+00
3.878787878787880172e-02
1.384848484848483774e-01
2.909797979797980272e+00
1.103838383838384063e+00
6.567676767676760008e-01
8.272727272727277426e-02
1.569686868686869907e+01
1.150101010101011179e+00
7.849494949494938423e-01
6.575757575757587570e-02
2.221212121212121637e-01
5.909090909090917165e-01
1.217272727272726396e+00
2.945555555555552818e+00
0.000000000000000000e+00
0.000000000000000000e+00
3.405050505050505327e-01
5.803030303030313197e-01
9.739393939393956590e-01
1.921717171717171047e+00
1.253434343434343123e+00
6.640404040404034314e-01
2.625252525252521063e-01
0.000000000000000000e+00
0.000000000000000000e+00
1.091111111111112475e+00
8.628282828282839434e-01
9.541414141414159555e-01
9.999999999999998473e-03
1.178080808080807174e+00
2.613434343434344331e+00
1.636363636363632468e-01
8.729898989898995154e+00
9.331313131313118125e-01
1.722828282828283486e+00
7.655555555555564329e-01
2.422525252525255635e+00
1.068080808080805300e+00
0.000000000000000000e+00
7.765656565656553489e-01
1.163838383838382118e+00
2.939393939393944444e-02
9.546464646464659642e-01
6.923232323232316743e-01
1.239141414141414543e+01
2.792828282828286213e+00
4.625252525252533942e-01
5.433333333333335569e-01
9.999999999999975922e-03
1.893939393939393923e-01
0.000000000000000000e+00
2.479797979797984941e-01
6.681818181818190983e-01
2.389898989898991410e-01
2.641414141414148986e-01
8.948484848484830056e-01
5.065656565656562194e+00
6.877575757575747240e+00
4.664646464646460267e-01
0.000000000000000000e+00
9.999999999999984596e-03
5.633232323232324923e+00
5.642424242424236569e-01
9.252525252525263255e-01
1.294848484848487136e+00
0.000000000000000000e+00
5.597979797979794059e-01
8.272727272727277426e-02
0.000000000000000000e+00
5.219696969696980382e+00
7.925252525252548530e-01
9.862626262626277285e-01
2.807070707070708493e-01
9.756565656565656663e-01
2.121212121212122381e-01
1.072121212121213807e+00
2.046363636363632832e+00
6.192929292929277851e-01
6.498989898989891989e-01
1.979797979797979016e-02
9.651515151515163149e-01
4.204040404040402912e+00
6.462626262626269824e-01
4.644444444444438269e-01
0.000000000000000000e+00
9.999999999999981126e-03
6.438383838383832103e-01
1.043838383838383121e+00
3.392929292929293128e-01
1.287878787878785625e-01
2.323030303030298782e+00
1.371707070707070741e+01
1.234646464646467434e+00
1.747272727272725756e+00
1.399696969696968774e+00
2.836363636363634644e-01
2.266666666666661278e-01
2.129727272727271270e+01
1.183060606060605835e+01
5.348484848484853504e-01
7.369696969696954980e-01
1.359191919191920617e+00
8.939393939393928123e-01
8.527272727272724451e-01
2.536363636363632157e-01
0.000000000000000000e+00
9.999999999999948166e-03
5.985858585858601089e-01
4.655252525252521423e+00
8.349494949494956630e-01
1.427666666666666551e+01
6.922323232323228659e+00
3.291111111111116649e+00
6.403030303030292636e-01
0.000000000000000000e+00
8.420202020202018911e-01
5.853535353535364028e-01
0.000000000000000000e+00
2.343333333333331936e+01
4.677777777777770707e-01
4.753535353535345287e-01
7.215151515151524420e-01
1.011212121212121673e+00
7.476767676767670512e-01
9.783838383838384667e-01
1.372727272727270575e+00
0.000000000000000000e+00
0.000000000000000000e+00
1.187626262626262807e+01
6.378787878787864907e-01
1.392393939393938673e+01
1.616161616161617132e-01
7.393939393939397142e-01
0.000000000000000000e+00
6.681515151515146300e+00
0.000000000000000000e+00
3.031919191919193679e+00
0.000000000000000000e+00
4.176767676767682569e-01
7.536060606060596356e+00
7.596969696969707586e-01
9.552525252525231325e-01
2.140191919191919467e+01
1.183737373737372645e+00
1.214444444444443993e+00
0.000000000000000000e+00
8.011111111111124394e-01
0.000000000000000000e+00
1.078282828282826955e+00
4.918080808080804722e+00
3.878787878787880172e-02
6.787272727272721795e+00
3.036030303030302235e+01
8.402020202020187289e-01
0.000000000000000000e+00
9.010101010101021490e-01
1.385070707070708096e+01
1.288383838383837743e+00
6.047474747474745893e-01
1.157676767676767504e+01
0.000000000000000000e+00
4.880808080808070604e-01
0.000000000000000000e+00
1.131313131313131382e-01
1.745919191919192315e+01
1.554545454545456507e-01
2.997777777777778763e+00
1.708080808080807644e+00
1.034545454545455101e+00
4.033333333333337656e-01
2.121212121212122381e-01
1.457575757575757247e-01
5.276767676767675219e-01
1.947676767676763898e+00
8.824242424242438876e-01
8.188888888888901096e-01
3.878787878787880172e-02
3.748484848484848198e-01
3.502121212121213745e+00
1.077595959595958597e+01
6.847474747474755485e-01
6.632323232323222850e-01
1.156565656565657463e+00
9.999999999999984596e-03
2.331898989898991559e+01
6.207070707070697635e-01
4.814141414141405173e-01
1.409898989898989097e+00
5.743434343434339340e-01
7.012121212121203984e-01
1.611616161616163723e+00
6.575757575757587570e-02
3.418181818181816878e-01
0.000000000000000000e+00
3.809090909090910859e-01
1.098888888888888138e+00
2.047222222222223209e+01
2.046848484848485583e+01
7.534343434343452328e-01
2.516161616161619596e-01
8.786868686868679612e-01
7.373737373737385692e-01
1.165555555555552569e+00
2.297979797979792238e-01
1.287474747474745440e+00
0.000000000000000000e+00
1.281414141414140007e+00
8.519191919191915208e-01
7.882828282828269195e-01
5.993939393939387017e-01
1.054949494949493305e+00
2.516161616161619596e-01
2.902686868686866717e+01
6.668686868686869440e-01
2.584949494949498217e+00
8.147474747474744428e-01
9.800000000000015365e-01
5.261616161616170517e-01
8.229292929292912895e-01
6.391919191919199772e-01
4.067474747474748575e+00
7.614141414141410991e-01
9.108080808080819546e-01
8.289898989898977222e-01
0.000000000000000000e+00
5.005050505050512299e-01
5.854545454545443395e-01
1.236262626262624620e+00
8.342424242424250069e-01
1.281414141414143781e+00
1.675757575757576556e-01
0.000000000000000000e+00
1.675757575757577111e-01
0.000000000000000000e+00
5.469696969696956623e-01
0.000000000000000000e+00
1.832323232323231910e-01
6.772727272727268044e-01
1.043939393939392835e+00
1.979797979797979016e-02
1.425252525252529434e-01
2.126767676767678417e+00
6.555555555555563352e-01
4.164444444444449722e+00
0.000000000000000000e+00
0.000000000000000000e+00
7.708080808080808310e-01
3.878787878787880172e-02
0.000000000000000000e+00
6.363636363636372417e-01
1.622727272727270798e+00
0.000000000000000000e+00
9.006060606060594109e-01
8.132323232323251938e-01
1.156262626262626325e+00
9.999999999999975922e-03
9.999999999999962044e-03
