2.938383838383838764e+00
1.578383838383836002e+00
0.000000000000000000e+00
8.265656565656555044e-01
3.082727272727268542e+00
7.416161616161611736e-01
2.443434343434337797e-01
1.741313131313128926e+00
2.379797979797985408e-01
1.750505050505054561e+00
6.170939393939394080e+01
2.234343434343434853e-01
9.999999999999953371e-03
1.172020202020201962e+00
1.991717171717167778e+00
3.843434343434343869e+00
1.979797979797979710e-02
6.575757575757586182e-02
3.116131313131312552e+01
1.098080808080809767e+00
0.000000000000000000e+00
6.749494949494956320e-01
2.016363636363636136e+00
2.266666666666661001e-01
0.000000000000000000e+00
2.939393939393942362e-02
1.862727272727271011e+00
2.979797979797977822e-02
1.979797979797979016e-02
1.136060606060604661e+00
4.182727272727268186e+00
1.066666666666667984e-01
2.322222222222223020e-01
8.996969696969687735e-01
1.447878787878786211e+00
1.447979797979798811e+00
7.677767676767678040e+01
2.747787878787878313e+01
2.427272727272731245e-01
1.984848484848484862e+00
8.236565656565645099e+00
8.612121212121216507e-01
1.848989898989900071e+00
8.531313131313131848e-01
1.705252525252526796e+00
9.999999999999988065e-03
3.999999999999997446e-01
0.000000000000000000e+00
2.353434343434345877e+00
1.141353535353535875e+01
1.936868686868687073e+00
0.000000000000000000e+00
1.287878787878785625e-01
6.767676767676754634e-01
2.221515151515156550e+00
6.007070707070698568e-01
1.322323232323229902e+00
5.942424242424251268e-01
3.634141414141411452e+00
1.074545454545451584e+00
3.755575757575756768e+01
1.415252525252522986e+00
2.698979797979800210e+01
0.000000000000000000e+00
1.332626262626260605e+00
1.088888888888890627e-01
4.689292929292931511e+00
1.768383838383836837e+00
2.500000000000001110e-01
9.090909090909075896e-02
2.383636363636364663e+00
3.878787878787880172e-02
1.818787878787881063e+00
2.744545454545453733e+00
1.969696969696963507e-01
3.559737373737374355e+01
1.685858585858583725e+00
1.714141414141414632e+00
2.501202020202020293e+01
3.731313131313124809e-01
7.798989898989913128e-01
1.348080808080806436e+00
8.555555555555563463e-02
4.431414141414147245e+00
3.969090909090901675e+00
1.984747474747470486e+00
7.550505050505056381e-01
2.092020202020201225e+00
8.079797979797972429e-01
2.297979797979792516e-01
1.131313131313132075e-01
1.081919191919193945e+00
4.959595959595955450e-02
1.655555555555558112e+00
1.671313131313132860e+00
4.967676767676776906e-01
2.000606060606063608e+00
1.588989898989896732e+00
1.593838383838386719e+00
5.230848484848484503e+01
2.533737373737377840e+00
0.000000000000000000e+00
1.316161616161616588e-01
1.259868686868686893e+01
2.424242424242418481e-01
1.136262626262628306e+00
8.366666666666671137e-01
7.136363636363648455e-01
2.525252525252525415e-01
2.484242424242418590e+00
3.223232323232328445e-01
6.575757575757583406e-02
3.878787878787880172e-02
2.350000000000002753e+00
1.885151515151510804e+00
2.196969696969696961e-01
0.000000000000000000e+00
2.713434343434340423e+00
1.397474747474744650e+00
6.253131313131315316e+00
5.811212121212123272e+00
9.852525252525277111e-01
3.510101010101009389e-01
1.162323232323233979e+00
2.232222222222222552e+00
3.973737373737377121e-01
1.159797979797979828e+00
7.434343434343430868e-02
9.473838383838383947e+00
0.000000000000000000e+00
9.999999999999965514e-03
2.939393939393944097e-02
4.797979797979800426e-02
1.512929292929290348e+00
1.151616161616161094e+00
1.548232323232324070e+01
2.521212121212118573e-01
3.219696969696971056e+00
1.264040404040406074e+00
0.000000000000000000e+00
1.144949494949496716e+00
1.603939393939394664e+00
4.919191919191923112e-02
1.640404040404039643e+00
2.197979797979799643e-01
2.031818181818180857e+00
1.108888888888887703e+00
3.122222222222226784e-01
1.421515151515151620e+00
9.999999999999993269e-03
1.968888888888887578e+00
1.009494949494948335e+00
0.000000000000000000e+00
1.925151515151516390e+00
4.070202020202017934e+00
8.730303030303034895e-01
1.302121212121214011e+00
4.932424242424244376e+00
1.400707070707068791e+00
1.166666666666667934e-01
8.272727272727277426e-02
0.000000000000000000e+00
1.425252525252528046e-01
1.006565656565655509e+01
2.334646464646461084e+00
5.625515151515147494e+01
8.272727272727276038e-02
1.421414141414140575e+00
8.554545454545456451e+00
1.209191919191920928e+00
1.142424242424244091e-01
1.372828282828281621e+00
1.178080808080808506e+00
0.000000000000000000e+00
8.022222222222225030e-01
7.253636363636355888e+00
1.733939393939395002e+00
1.775757575757578588e-01
1.009090909090910593e-01
1.088282828282829628e+00
3.959595959595958031e-02
1.593838383838383832e+00
9.575757575757577744e-02
2.211111111111114802e+00
3.839393939393934141e-01
9.353535353535362695e-01
1.620808080808080254e+00
1.224848484848483965e+00
1.214747474747474021e+00
2.160606060606057865e-01
2.211919191919187178e+00
2.118282828282825658e+00
1.257676767676768392e+00
1.550505050505051274e+00
1.979797979797979363e-02
2.281313131313127407e+00
0.000000000000000000e+00
1.398585858585860597e+00
1.979797979797979016e-02
1.702242424242425045e+01
9.058888888888883884e+00
1.081111111111110468e+00
1.913131313131312961e-01
0.000000000000000000e+00
1.681818181818179214e+00
0.000000000000000000e+00
2.866161616161615022e+00
3.878787878787880172e-02
8.272727272727277426e-02
4.337373737373729776e-01
6.244151515151515497e+01
2.509090909090911370e-01
4.978787878787882537e-01
4.125252525252529057e-01
2.036767676767673674e+00
4.418858585858585997e+01
1.761222222222221490e+01
2.019323232323231565e+01
9.530303030303015621e-01
1.457272727272730828e+00
6.281818181818196178e-01
3.094949494949488789e-01
5.100707070707077406e+00
0.000000000000000000e+00
1.785606060606061263e+01
9.414141414141435904e-01
1.952929292929289184e+00
5.565656565656574850e-01
5.167979797979790568e+00
9.091919191919176635e-01
0.000000000000000000e+00
9.675757575757575335e-01
1.839090909090909776e+00
2.031818181818179081e+00
6.135151515151503254e+00
3.469797979797978105e+00
7.885858585858582792e+00
1.673030303030305088e+00
1.368888888888890154e+00
1.005151515151515573e+00
1.122626262626264637e+00
1.065959595959594886e+00
0.000000000000000000e+00
2.366666666666671637e-01
1.686464646464644224e+00
2.082323232323229689e+00
1.668181818181816922e+01
1.862121212121210068e+00
7.578787878787881516e-01
7.678787878787883825e-01
1.286767676767678115e+00
2.066161616161615200e+00
1.505050505050508081e-01
8.555555555555541258e-02
2.435353535353541043e-01
9.211111111111110361e+00
1.115454545454545920e+00
3.300000000000001599e+00
3.192929292929292728e+00
2.062525252525254871e+00
0.000000000000000000e+00
0.000000000000000000e+00
1.102424242424242973e+00
5.901616161616163758e+00
3.921929292929292643e+01
1.465353535353537184e+00
4.174848484848486585e+00
1.215454545454544011e+00
7.590909090909081502e-01
1.405454545454543958e+00
1.691616161616158243e+00
7.234949494949496795e+00
9.999999999999949901e-03
5.611616161616155729e+00
3.999999999999999389e-02
2.939393939393943403e-02
2.205959595959599007e+00
1.490909090909092738e-01
9.999999999999960310e-03
2.008686868686869076e+00
2.025353535353533019e+00
1.417353535353535499e+01
7.973737373737371792e-01
1.299292929292927168e+00
4.247575757575757116e+00
1.581616161616164140e+00
1.980404040404041055e+01
1.935656565656569406e+00
1.837474747474744818e+00
2.516161616161619041e-01
1.765757575757578079e+00
1.338171717171717390e+01
1.702929292929288962e+00
0.000000000000000000e+00
2.288787878787880370e+00
9.780808080808063298e-01
4.569090909090911978e+00
1.510101010101012053e-01
2.131717171717174786e+00
1.554545454545456507e-01
1.068080808080806188e+00
1.035252525252526201e+00
5.784848484848486017e-01
1.661515151515150945e+00
0.000000000000000000e+00
1.160606060606061751e+00
1.589898989898993198e-01
2.460606060606066181e-01
9.287878787878779407e-01
1.373636363636361324e+00
3.878787878787880172e-02
3.878787878787880172e-02
1.064848484848485377e+00
4.870707070707075426e-01
0.000000000000000000e+00
0.000000000000000000e+00
1.016666666666668162e+00
2.035656565656561501e+00
2.244949494949493474e+00
2.939393939393944444e-02
4.020101010101004846e+00
7.813131313131320699e-01
4.996666666666670586e+00
3.952222222222223635e+00
5.871717171717167005e+00
1.763434343434344687e+00
1.199535353535353899e+01
7.230303030303043554e-01
1.528787878787880361e+00
0.000000000000000000e+00
1.264040404040402077e+00
1.578383838383841553e+00
1.953333333333337363e+00
4.878787878787878979e-02
1.702222222222225412e+00
1.085151515151512536e+00
1.616161616161617132e-01
1.098585858585857444e+00
1.265555555555555767e+00
1.675757575757576556e-01
2.083535353535357793e+00
7.434343434343430868e-02
1.287878787878785347e-01
7.434343434343430868e-02
0.000000000000000000e+00
6.153171717171720445e+01
1.205454545454546667e+00
2.647414141414140687e+01
4.248484848484853638e-01
2.542323232323238535e+00
2.958686868686871918e+00
2.107070707070711091e+00
3.878787878787880172e-02
9.320202020202013049e-01
1.329292929292928971e-01
4.516666666666662167e+00
9.999999999999965514e-03
2.521010101010106030e+00
2.472121212121216161e+00
0.000000000000000000e+00
1.943434343434342904e-01
1.287878787878786457e-01
9.999999999999991535e-03
2.686868686868692513e-01
0.000000000000000000e+00
4.722222222222227095e-01
8.564646464646452628e-01
2.858181818181825484e+00
3.319262626262624849e+01
2.403030303030307957e-01
1.490909090909092738e-01
0.000000000000000000e+00
3.010101010101003949e-01
1.979797979797979710e-02
1.599797979797978664e+00
4.919191919191921725e-02
1.375252525252526947e+00
2.616161616161619685e-01
1.532727272727275603e+00
9.679797979797972740e-01
8.859696969696967628e+00
2.117272727272724975e+00
0.000000000000000000e+00
8.272727272727277426e-02
1.184747474747476437e+00
1.234343434343435630e+00
1.407979797979798109e+00
2.181616161616160454e+00
1.142424242424244785e-01
8.474545454545449275e+00
2.189505050505050932e+01
1.061717171717173613e+00
2.319191919191917473e-01
1.141616161616159308e+00
1.762323232323230293e+00
2.320606060606060783e+00
1.196565656565655278e+00
2.036363636363637541e-01
1.704141414141411737e+00
3.578383838383840221e+00
1.554949494949497524e+00
1.986565656565657978e+00
2.472313131313131507e+01
1.061616161616159904e+00
2.980191919191918259e+01
9.382828282828290511e-01
1.338282828282830961e+00
4.925454545454547528e+00
1.704646464646467408e+00
8.896969696969686536e-01
0.000000000000000000e+00
3.911717171717169261e+00
3.411111111111114202e-01
8.107070707070703763e-01
2.613606060606059955e+01
2.121111111111108283e+00
3.092555555555556523e+01
1.993838383838380635e+00
2.221212121212121637e-01
1.605858585858582543e+00
1.920606060606062870e+00
2.404848484848482126e+00
7.434343434343430868e-02
2.525252525252525415e-01
4.251272727272727536e+01
3.366565656565654319e+00
5.904848484848479906e+00
6.575757575757590345e-02
8.422222222222237598e-01
7.429292929292939940e-01
5.231414141414143515e+00
4.797979797979802508e-02
1.287878787878784514e-01
0.000000000000000000e+00
3.183636363636363154e+00
1.399494949494947571e+00
2.330303030303025047e-01
1.408585858585858652e+01
8.218181818181826692e-01
7.818181818181819953e-02
2.475757575757577267e-01
1.486161616161616017e+00
2.324747474747472786e+00
4.152575757575755944e+01
5.009999999999998010e+00
0.000000000000000000e+00
0.000000000000000000e+00
2.373737373737375145e-01
5.533636363636365019e+00
1.729090909090909456e+00
0.000000000000000000e+00
5.589898989899004800e-01
1.864242424242426477e+00
1.454444444444445761e+00
1.207373737373738320e+00
1.496464646464644277e+00
2.675353535353539591e+00
1.613232323232323129e+00
1.247979797979796857e+00
0.000000000000000000e+00
0.000000000000000000e+00
2.165151515151518602e+00
3.173737373737379186e-01
0.000000000000000000e+00
3.055555555555550806e-01
2.136363636363636520e-01
3.222222222222226318e-01
2.657979797979797887e+00
1.192828282828280573e+00
1.047979797979798455e+00
2.621212121212118107e-01
0.000000000000000000e+00
3.690909090909090806e-01
3.503232323232321921e+00
2.321414141414138044e+00
2.945353535353532948e+00
1.124747474747473275e+00
7.392929292929290019e-01
8.576767676767658166e-01
1.244747474747472271e+00
2.185757575757580007e+00
5.941727272727273146e+01
1.393434343434341027e+00
1.482121212121212395e+00
6.187878787878776654e-01
2.108181818181817047e+00
5.036969696969696209e+00
8.493939393939383686e-01
4.773737373737377276e-01
0.000000000000000000e+00
1.344040404040404146e+00
8.200000000000010614e-01
2.722727272727271774e+00
2.197979797979799643e-01
2.939393939393944791e-02
7.434343434343430868e-02
1.675252525252526548e+00
1.979797979797979363e-02
0.000000000000000000e+00
9.729292929292919778e-01
1.084060606060606169e+01
2.524343434343437220e+00
1.871979797979798832e+01
9.999999999999948166e-03
2.625252525252521063e-01
1.492727272727270238e+00
1.307070707070708271e-01
1.850404040404038941e+00
2.036262626262622444e+00
0.000000000000000000e+00
2.806060606060603480e+00
2.712474747474746906e+01
8.646464646464654402e-01
1.325252525252525793e+00
6.601616161616161271e+00
1.728282828282825312e+00
1.158787878787877590e+00
2.379191919191919080e+00
2.939393939393944444e-02
5.961616161616157816e-01
3.209797979797981871e+00
4.797979797979803895e-01
2.951818181818180786e+00
1.573434343434346960e+00
4.378585858585860358e+00
1.999999999999995531e-02
1.771212121212126789e+00
1.066666666666668400e-01
5.993939393939399229e-01
4.637878787878792153e+00
2.508787878787877546e+01
9.480707070707072859e+00
8.186868686868683520e-01
0.000000000000000000e+00
1.025191919191918366e+01
1.151616161616161094e+00
3.270707070707071229e-01
1.819535353535352940e+01
1.079191919191918592e+00
7.575757575757584295e-02
1.478181818181818707e+00
1.780909090909094328e+00
4.797979797979804589e-02
1.514747474747474287e+00
1.142424242424244785e-01
2.711717171717169972e+00
0.000000000000000000e+00
1.469292929292927319e+00
9.687878787878766440e-01
4.797979797979799732e-02
1.224868686868686574e+01
1.142424242424245201e-01
5.820808080808087759e+00
1.057575757575759390e+00
1.554545454545455951e-01
2.193939393939395188e+00
0.000000000000000000e+00
2.392727272727273036e+00
7.829292929292913650e-01
5.980262626262626213e+01
1.681212121212120270e+00
1.094323232323231565e+01
7.004646464646463677e+00
1.567575757575759621e+00
4.797979797979801814e-02
1.767070707070707014e+00
3.054444444444445850e+00
1.457575757575759967e+00
1.951313131313130889e+00
2.197979797979799643e-01
1.748707070707069278e+01
8.835353535353543952e-01
1.490909090909092460e-01
2.589393939393938027e+00
1.392121212121212537e+00
2.155555555555557778e-01
6.114272727272728503e+01
2.144949494949492053e+00
1.370404040404042956e+00
4.241010101010092903e+00
1.602626262626264619e+00
1.697070707070706419e+01
0.000000000000000000e+00
2.939393939393941668e-02
1.374343434343434645e+00
1.240000000000001990e+00
4.874252525252525459e+01
1.973131313131317510e+00
1.186868686868686740e-01
1.286262626262624220e+00
2.426969696969695001e+00
0.000000000000000000e+00
5.293232323232327730e+00
4.799989898989896631e+01
9.432323232323222006e-01
3.207070707070703297e-01
2.742424242424245651e-01
7.138888888888890172e+00
1.357575757575757991e-01
6.367090909090909179e+01
1.979797979797979363e-02
6.410101010101021402e-01
1.999999999999998307e-02
1.780303030303030942e+00
2.475757575757577267e-01
9.999999999999955105e-03
1.014040404040401633e+00
2.831313131313125675e-01
3.897606060606059941e+01
2.424242424242418481e-01
1.571717171717174510e+00
2.697979797979794259e-01
1.990909090909089296e-01
9.137373737373718496e-01
1.752929292929293670e+00
2.677777777777775037e-01
3.785151515151512935e+00
3.878787878787880172e-02
1.820505050505051514e+00
1.499595959595963146e+00
4.146969696969697416e+00
1.582323232323234574e+00
3.611717171717171659e+00
9.906060606060583806e-01
2.939393939393944444e-02
6.773737373737380718e-01
1.733333333333333115e-01
4.588888888888894013e-01
5.018434343434346090e+01
4.312272727272729611e+01
1.058080808080810620e+00
1.845454545454545403e-01
1.115555555555557632e+00
4.101898989898990777e+01
2.333636363636360400e+00
2.033232323232324390e+00
3.170707070707065034e-01
1.346868686868685439e+00
3.231313131313126585e-01
1.560707070707071376e+00
6.054606060606062812e+01
3.187878787878791198e-01
5.919191919191918450e-02
1.945454545454547990e+00
4.003333333333333144e+01
1.204949494949493660e+00
2.137575757575759461e+00
1.893939393939393923e-01
3.710606060606053358e+00
2.160606060606058143e-01
0.000000000000000000e+00
2.197979797979799643e-01
1.626333333333333897e+01
3.979898989898994266e+00
8.231030303030298967e+01
0.000000000000000000e+00
5.713131313131313282e-01
1.602727272727273666e+00
1.390505050505049800e+00
1.357575757575757991e-01
1.488686868686868614e+00
1.167171717171719525e+00
2.907070707070703031e-01
9.026868686868695590e+00
1.979797979797979016e-02
2.482828282828285493e-01
2.290000000000002700e+00
1.979797979797979016e-02
3.534343434343435453e-01
1.052121212121210903e+00
1.514444444444448257e+00
9.457171717171716452e+00
9.602020202020180584e-01
2.924242424242419758e-01
1.926363636363638276e+00
2.428282828282825045e-01
1.064444444444445192e+00
6.269696969696971767e-01
0.000000000000000000e+00
1.132666666666666799e+01
2.233333333333338000e-01
2.500000000000001110e-01
0.000000000000000000e+00
1.287878787878786180e-01
9.999999999999955105e-03
1.129494949494950662e+00
1.733333333333333670e-01
4.984848484848479200e-01
7.434343434343430868e-02
1.679090909090907857e+00
1.220303030303028446e+00
2.552727272727270513e+00
1.619999999999999440e+00
2.659696969696967894e+00
2.456161616161621097e+00
2.597595959595959414e+01
7.573838383838385369e+01
1.877070707070710665e+00
1.368282828282829433e+00
9.158989898989895906e+00
1.893939393939393923e-01
4.397777777777777786e+00
9.999999999999949901e-03
3.355353535353534422e+00
1.012828282828283744e+00
0.000000000000000000e+00
1.210303030303028216e+00
1.675757575757572948e-01
9.999999999999956840e-03
3.818181818181818343e+00
3.832999999999999119e+01
2.532323232323228646e-01
1.058484848484850360e+00
1.637777777777779331e+00
3.949191919191922917e+00
1.133939393939391804e+00
1.267272727272725996e+00
2.196969696969689745e-01
1.350606060606061032e+00
1.066666666666668400e-01
1.475757575757579154e+00
3.217272727272728172e+00
1.050303030303030072e+00
1.451919191919195384e+00
3.920202020202017690e-01
2.379797979797985685e-01
1.879494949494948219e+00
2.040404040404038832e-01
4.787373737373735949e+00
4.837878787878787001e+00
1.283535353535351975e+00
4.894646464646460693e+00
8.272727272727277426e-02
3.055555555555551361e-01
2.722222222222218102e-01
9.985858585858566894e-01
2.351818181818186471e+00
3.878787878787880172e-02
1.703535353535355901e+00
1.594545454545454710e+00
6.624363636363632679e+01
1.357575757575757991e-01
7.687171717171709773e+00
1.719191919191919160e-01
2.488888888888885487e-01
7.078282828282825179e+00
2.302929292929287719e+00
1.112222222222223333e+00
2.095959595959598076e-01
3.632191919191917151e+01
2.420505050505044498e+00
2.055555555555553138e+00
1.623232323232321472e-01
2.746464646464641390e-01
7.093939393939391325e-01
2.394444444444448372e+00
7.432525252525249648e+00
0.000000000000000000e+00
9.999999999999975922e-03
9.021212121212138779e-01
1.017373737373737708e+00
2.258888888888892943e+00
4.440707070707067494e+00
2.666868686868689942e+00
1.569494949494947500e+00
3.468686868686873814e-01
0.000000000000000000e+00
0.000000000000000000e+00
2.231717171717169101e+00
1.553737373737374750e+00
2.397878787878794604e+00
9.272727272727272763e-02
2.386161616161612375e+00
8.084343434343432833e+00
3.110101010101016250e-01
2.014878787878786426e+01
2.122424242424246099e+00
2.883030303030307273e+00
1.200707070707068169e+00
4.712525252525258779e+00
1.816868686868685190e+00
0.000000000000000000e+00
1.343131313131312510e+00
2.600202020202023956e+00
1.066666666666669372e-01
1.879898989898991957e+00
9.662626262626260454e-01
2.235777777777778752e+01
5.628181818181817953e+00
1.017979797979796208e+00
1.101717171717170540e+00
4.959595959595952674e-02
2.036363636363636709e-01
2.939393939393942709e-02
2.319191919191922191e-01
1.614444444444440796e+00
3.852525252525259014e-01
5.052525252525266186e-01
1.293535353535355092e+00
1.197565656565655878e+01
1.430252525252526397e+01
1.174343434343432246e+00
0.000000000000000000e+00
9.888888888888892892e-02
1.222464646464645988e+01
9.929292929292922176e-01
2.334646464646461084e+00
2.419595959595958856e+00
9.999999999999993269e-03
8.333333333333317050e-01
1.357575757575757991e-01
9.999999999999977657e-03
1.160797979797981405e+01
1.348888888888886139e+00
1.484747474747473150e+00
3.849494949494952079e-01
2.277878787878783839e+00
2.848484848484851839e-01
1.786464646464648531e+00
5.272626262626263660e+00
1.138080808080810247e+00
1.535656565656564609e+00
3.878787878787880172e-02
2.081919191919190393e+00
8.430202020202028024e+00
1.230606060606059371e+00
7.198989898989892611e-01
0.000000000000000000e+00
6.696969696969709562e-02
1.124646464646465338e+00
2.248080808080814119e+00
8.994949494949499025e-01
1.733333333333332005e-01
4.885050505050509528e+00
3.363494949494949537e+01
2.822626262626265259e+00
2.647373737373736713e+00
3.028888888888890740e+00
7.702020202020198880e-01
2.354545454545460270e-01
4.966505050505051599e+01
3.331323232323231309e+01
9.780808080808087723e-01
1.336060606060608391e+00
2.533535353535355750e+00
1.565959595959593109e+00
1.790505050505053486e+00
6.506060606060597440e-01
0.000000000000000000e+00
8.272727272727277426e-02
1.569595959595959211e+00
1.106838383838384310e+01
2.133939393939393359e+00
2.722898989898991218e+01
1.432515151515151253e+01
7.115454545454531043e+00
1.142828282828284081e+00
9.717171717171728396e-02
1.800303030303029628e+00
1.168282828282826591e+00
0.000000000000000000e+00
5.660020202020201197e+01
6.272727272727264269e-01
8.127272727272750741e-01
8.511111111111119287e-01
2.279494949494951239e+00
1.072626262626261928e+00
1.621212121212122659e+00
2.580202020202022162e+00
3.878787878787880172e-02
0.000000000000000000e+00
3.004313131313129048e+01
1.447474747474747581e+00
3.336515151515151700e+01
2.040404040404039943e-01
1.438282828282825943e+00
0.000000000000000000e+00
1.398242424242425130e+01
0.000000000000000000e+00
6.133939393939391138e+00
0.000000000000000000e+00
4.673737373737377188e-01
1.797484848484848996e+01
1.368888888888888378e+00
1.653737373737373950e+00
4.989202020202022680e+01
2.297272727272729131e+00
2.805050505050504572e+00
7.737373737373720584e-02
1.245050505050506739e+00
9.999999999999977657e-03
1.878888888888886166e+00
1.345090909090909825e+01
7.676767676767670689e-02
1.463454545454543698e+01
6.692141414141414657e+01
1.303434343434345610e+00
0.000000000000000000e+00
1.862525252525253805e+00
3.269777777777775896e+01
2.646565656565653679e+00
1.104949494949493127e+00
2.754202020202020051e+01
9.999999999999953371e-03
9.858585858585869888e-01
9.999999999999991535e-03
2.209090909090912491e-01
3.942616161616162884e+01
2.079797979797981533e-01
5.212929292929291414e+00
4.380808080808080263e+00
2.103232323232319789e+00
7.550505050505058602e-01
2.754545454545451189e-01
2.956565656565650624e-01
9.763636363636358784e-01
4.271010101010101145e+00
1.752929292929294558e+00
1.815151515151512962e+00
9.888888888888909545e-02
5.877777777777785095e-01
7.263737373737375158e+00
2.409565656565657576e+01
1.170202020202022464e+00
7.335353535353532628e-01
2.160707070707068578e+00
6.575757575757583406e-02
4.767858585858586906e+01
1.473333333333331829e+00
8.914141414141404374e-01
3.052727272727269625e+00
8.916161616161624170e-01
1.429797979797977625e+00
3.313838383838384249e+00
1.490909090909092460e-01
4.157575757575761588e-01
0.000000000000000000e+00
4.797979797979802785e-01
2.230707070707067974e+00
4.824828282828279669e+01
3.836808080808081911e+01
1.848383838383840461e+00
2.624242424242423377e-01
1.529191919191917437e+00
1.511010101010100248e+00
2.165454545454545077e+00
2.354545454545460270e-01
2.672121212121215006e+00
0.000000000000000000e+00
3.118181818181817277e+00
1.308585858585857631e+00
1.245252525252526610e+00
1.114747474747476819e+00
2.588989898989900063e+00
2.624242424242423377e-01
5.021929292929291222e+01
1.868282828282832098e+00
6.686969696969707222e+00
1.399494949494951124e+00
1.963838383838381718e+00
1.325151515151514081e+00
1.641919191919195109e+00
9.943434343434347511e-01
8.112121212121207847e+00
9.546464646464640769e-01
1.552424242424241818e+00
1.979191919191921167e+00
3.959595959595958031e-02
6.087878787878786557e-01
8.283838383838388886e-01
1.971515151515153663e+00
1.427373737373736295e+00
2.265252525252523075e+00
2.197979797979799643e-01
1.979797979797979016e-02
2.327272727272731989e-01
9.999999999999963779e-03
6.908080808080790947e-01
0.000000000000000000e+00
3.679797979797981844e-01
1.573636363636361279e+00
2.035757575757571658e+00
1.066666666666668400e-01
1.490909090909092738e-01
6.159393939393940087e+00
1.248888888888890047e+00
8.717171717171721568e+00
2.939393939393940974e-02
0.000000000000000000e+00
1.468888888888887134e+00
5.797979797979802702e-02
9.999999999999979391e-03
1.014040404040405408e+00
3.461717171717173080e+00
1.999999999999996225e-02
1.498282828282827328e+00
1.857272727272727630e+00
2.804747474747477654e+00
7.434343434343430868e-02
1.413131313131316957e-01
