1.273080808080807991e+01
9.026060606060610780e+00
6.818181818181824616e-02
4.990000000000001101e+00
1.300848484848485143e+01
3.629696969696969422e+00
3.384848484848488881e-01
8.601818181818181586e+00
2.896969696969691754e-01
9.198181818181817349e+00
4.110140404040402586e+02
4.337373737373729776e-01
1.066666666666669372e-01
4.573131313131312936e+00
1.060717171717171325e+01
2.343020202020201737e+01
1.121212121212118856e-01
1.833333333333331261e-01
1.836539393939393676e+02
4.871717171717168782e+00
1.309090909090906973e-01
3.200606060606056236e+00
1.109747474747475060e+01
3.037373737373741944e-01
2.645454545454546391e-01
1.736363636363632834e-01
1.025797979797980553e+01
2.963636363636361071e-01
5.399999999999995914e-01
5.606363636363636438e+00
2.935313131313130341e+01
3.146464646464650627e-01
6.151515151515145607e-01
5.325353535353546164e+00
7.796262626262629780e+00
7.600101010101006693e+00
3.924975757575759303e+02
1.889991919191918726e+02
4.705050505050512588e-01
1.157888888888889234e+01
5.162838383838387557e+01
3.532727272727277601e+00
9.803131313131316915e+00
3.943737373737372653e+00
9.723535353535339709e+00
2.252525252525248156e-01
1.173737373737373302e+00
0.000000000000000000e+00
1.323101010101010822e+01
6.151575757575759695e+01
1.138414141414140701e+01
9.090909090909080059e-02
2.979797979797981222e-01
4.058383838383837983e+00
9.392929292929292018e+00
2.840303030303030329e+00
7.103232323232328227e+00
2.143434343434347245e+00
2.039424242424242095e+01
6.012222222222225021e+00
2.123501010101010422e+02
5.690808080808072766e+00
1.888183838383837951e+02
1.468686868686864544e-01
8.633030303030297503e+00
3.368686868686876501e-01
3.138727272727271611e+01
7.698888888888890669e+00
2.707070707070701188e-01
2.297979797979799177e-01
1.185242424242424875e+01
1.788888888888891249e-01
9.564040404040401455e+00
1.649030303030301070e+01
4.201010101010104747e-01
2.820431313131312550e+02
6.549696969696963578e+00
6.986868686868676015e+00
1.809453535353535756e+02
1.109696969696968072e+00
4.884242424242434488e+00
5.606565656565657640e+00
3.267676767676773730e-01
2.832393939393939064e+01
2.304393939393942148e+01
1.353282828282828198e+01
4.101313131313126803e+00
1.046454545454545482e+01
3.571212121212123503e+00
4.563636363636370263e-01
3.931313131313139975e-01
7.441414141414130157e+00
5.878787878787888194e-02
9.444444444444457076e+00
6.577979797979801369e+00
5.921212121212111601e-01
1.228636363636362461e+01
8.523838383838389987e+00
6.581010101010096314e+00
2.900755555555554679e+02
1.738969696969698830e+01
1.327272727272730546e-01
5.185858585858594827e-01
7.389747474747477440e+01
4.076767676767675819e-01
5.949292929292928633e+00
3.523232323232325047e+00
3.056868686868689622e+00
3.219191919191922713e-01
1.507555555555555138e+01
1.018080808080809474e+00
3.072727272727275305e-01
2.176767676767672188e-01
1.331707070707069818e+01
1.170242424242424484e+01
1.076666666666667993e+00
8.717171717171730283e-02
1.464717171717171595e+01
6.812727272727282291e+00
3.889010101010099874e+01
2.841808080808080206e+01
4.176161616161609302e+00
1.749595959595955375e+00
7.152727272727278596e+00
1.320909090909091788e+01
6.524242424242415739e-01
5.530303030303033829e+00
2.237373737373738736e-01
6.611232323232327701e+01
2.454545454545454253e-01
0.000000000000000000e+00
2.108080808080809720e-01
7.719191919191923379e-01
8.414646464646461155e+00
6.679696969696978570e+00
9.095696969696967926e+01
3.607070707070703652e-01
1.977717171717171141e+01
6.055555555555557135e+00
1.717171717171714906e-01
6.205050505050508036e+00
9.576666666666662664e+00
2.989898989898994719e-01
8.988989898989908411e+00
2.658585858585855721e-01
1.009272727272727010e+01
6.343838383838385830e+00
1.298686868686868001e+00
6.857272727272721191e+00
1.814141414141413056e-01
1.252717171717172029e+01
4.876666666666662486e+00
8.272727272727277426e-02
1.456020202020201992e+01
2.470040404040405591e+01
3.246767676767678967e+00
1.147262626262626739e+01
3.767333333333333911e+01
5.612828282828281168e+00
5.138383838383838720e-01
2.834343434343438717e-01
1.999999999999998307e-02
3.690909090909090806e-01
7.381474747474746323e+01
1.212000000000001521e+01
3.615399999999999068e+02
2.330303030303025602e-01
1.016717171717171730e+01
5.632818181818183234e+01
5.421515151515143849e+00
3.836363636363634422e-01
8.630101010101006054e+00
5.969090909090907004e+00
7.676767676767673465e-02
4.093131313131312510e+00
5.577737373737372906e+01
8.908484848484865992e+00
5.678787878787886489e-01
3.757575757575748465e-01
4.194545454545457019e+00
3.287878787878779629e-01
8.572222222222224630e+00
3.615151515151514561e-01
1.121626262626262971e+01
3.047171717171718086e+00
4.229898989898999595e+00
1.118373737373737420e+01
6.034040404040394989e+00
7.863232323232326237e+00
3.636363636363634799e-01
1.357595959595959378e+01
1.154909090909090530e+01
5.562222222222219514e+00
9.982020202020205346e+00
1.616161616161614079e-01
1.237767676767676228e+01
1.436363636363637841e-01
1.038535353535353600e+01
3.546464646464650983e-01
8.473474747474747915e+01
4.431909090909091020e+01
4.324444444444444535e+00
5.230303030303035117e-01
3.999999999999999389e-02
8.596767676767674615e+00
5.797979797979803396e-02
1.772050505050507851e+01
2.399999999999996858e-01
2.870707070707076980e-01
1.645656565656563819e+00
3.080645454545454527e+02
2.616161616161620240e-01
2.610707070707066091e+00
5.090909090909082613e-01
1.128666666666667950e+01
2.308939393939395472e+02
1.405550505050505592e+02
1.525344444444444321e+02
4.844848484848480297e+00
8.273434343434333371e+00
1.498383838383835265e+00
5.069696969696964040e-01
2.580838383838383976e+01
8.959595959595964554e-02
1.105066666666666606e+02
5.544444444444445175e+00
1.297545454545455001e+01
2.931212121212118937e+00
4.068686868686868507e+01
3.956161616161625538e+00
1.634343434343432100e-01
5.329494949494953282e+00
7.334747474747472573e+00
1.238616161616161193e+01
3.475484848484848044e+01
1.714141414141414543e+01
5.963101010101010502e+01
9.672929292929289602e+00
7.225757575757566720e+00
5.532727272727271384e+00
4.700404040404044359e+00
4.557878787878780535e+00
1.216161616161617470e-01
4.919191919191908680e-01
6.973535353535355696e+00
9.884747474747456408e+00
9.563575757575762282e+01
9.982424242424224659e+00
4.588686868686870923e+00
3.628484848484847092e+00
6.008484848484847873e+00
1.189919191919192087e+01
9.161616161616166210e-01
4.487878787878800679e-01
6.592929292929289309e-01
3.654080808080807685e+01
5.479494949494950973e+00
1.676141414141416419e+01
2.137656565656566698e+01
8.562222222222215962e+00
1.401010101010098097e-01
3.939393939393939781e-02
7.283838383838387109e+00
4.440979797979800736e+01
2.074692929292928909e+02
8.353131313131314073e+00
2.361404040404039861e+01
6.071919191919199932e+00
2.944848484848487935e+00
6.765050505050504093e+00
7.655555555555549674e+00
2.610161616161616394e+01
3.577777777777781387e-01
2.874828282828285353e+01
4.913131313131309796e-01
2.506060606060601104e-01
1.258242424242423851e+01
3.449494949494953389e-01
3.068686868686872349e-01
1.461474747474747460e+01
1.077919191919191810e+01
7.350444444444444514e+01
4.908989898989903899e+00
7.802929292929292160e+00
2.413363636363635933e+01
7.448181818181820901e+00
1.230269696969697009e+02
8.927272727272729469e+00
7.843838383838379613e+00
3.036363636363638152e-01
8.380909090909090864e+00
5.374656565656564311e+01
1.105888888888890698e+01
3.939393939393939087e-02
1.209292929292929131e+01
5.861717171717173436e+00
2.989666666666667183e+01
4.621212121212125989e-01
9.664848484848473475e+00
2.503030303030308046e-01
6.379696969696968978e+00
5.634949494949496263e+00
3.648383838383835620e+00
9.003838383838390413e+00
2.312121212121213687e-01
5.414444444444452387e+00
6.844444444444442999e-01
3.094949494949489344e-01
3.886767676767678203e+00
7.229191919191917393e+00
1.993939393939393456e-01
2.134343434343431711e-01
4.220606060606063359e+00
5.502020202020195816e-01
6.878787878787882837e-02
5.696969696969713531e-02
4.789696969696962903e+00
1.345808080808081186e+01
1.184545454545453502e+01
2.818181818181821896e-01
1.942131313131313064e+01
4.251919191919188101e+00
3.938979797979799713e+01
2.203303030303032273e+01
3.417878787878787961e+01
7.468484848484846061e+00
7.049707070707071921e+01
3.721919191919195846e+00
8.788484848484838352e+00
7.717171717171730783e-02
8.594646464646469752e+00
8.462121212121203939e+00
9.658585858585862383e+00
4.116161616161605474e-01
1.019535353535352584e+01
4.600606060606055259e+00
3.060606060606059220e-01
3.843939393939396876e+00
5.057171717171722314e+00
2.624242424242422267e-01
1.010686868686869033e+01
2.160606060606057310e-01
3.020202020202015225e-01
2.373737373737368761e-01
7.757575757575760345e-02
3.413998989898991567e+02
5.616363636363640666e+00
1.375828282828283022e+02
5.805050505050516341e-01
1.517515151515150684e+01
1.600949494949494323e+01
1.422727272727272307e+01
3.853535353535362251e-01
3.781919191919190570e+00
8.636363636363623975e-02
3.212222222222222001e+01
2.040404040404038555e-01
1.588919191919191931e+01
1.043939393939393234e+01
1.554545454545451511e-01
3.642424242424242564e-01
3.961616161616167142e-01
1.364646464646462609e-01
3.966666666666660568e-01
9.090909090909086998e-02
5.611111111111110050e-01
5.359797979797976453e+00
1.417242424242424725e+01
1.634780808080808470e+02
3.295959595959588873e-01
2.737373737373734461e-01
1.166666666666668489e-01
3.805050505050510123e-01
3.146464646464648962e-01
8.208686868686870142e+00
3.997979797979798744e-01
4.238585858585851796e+00
7.096969696969700481e-01
8.347373737373736446e+00
4.578585858585860535e+00
7.678373737373740937e+01
1.204464646464647082e+01
1.485858585858582936e-01
2.685858585858589276e-01
6.490303030303031129e+00
7.896868686868690368e+00
6.466969696969698589e+00
1.179545454545453786e+01
2.643434343434351019e-01
6.066222222222221916e+01
1.836742424242424363e+02
5.712222222222219870e+00
3.707070707070713733e-01
7.374848484848479657e+00
9.872222222222248433e+00
1.012262626262625531e+01
5.439999999999999503e+00
2.624242424242423377e-01
7.982222222222226549e+00
2.164444444444444926e+01
8.404747474747479075e+00
1.323828282828282887e+01
1.694112121212121167e+02
5.287171717171722740e+00
2.560517171717171436e+02
6.045959595959597976e+00
7.272121212121207101e+00
3.579323232323232418e+01
6.842323232323231252e+00
5.654040404040407530e+00
6.898989898989910108e-02
2.658939393939394336e+01
3.365656565656559018e-01
2.704545454545450589e+00
1.241573737373737174e+02
9.876161616161615697e+00
2.168447474747473791e+02
1.059646464646464104e+01
4.200000000000002620e-01
1.124151515151514502e+01
7.742424242424243985e+00
1.076181818181818528e+01
1.970707070707073405e-01
3.990909090909087742e-01
2.924984848484846793e+02
1.565848484848485178e+01
3.911828282828282966e+01
2.197979797979799643e-01
3.299191919191927447e+00
3.988989898989908855e+00
3.352898989898990578e+01
2.823232323232328089e-01
7.750505050505057669e-01
5.696969696969705899e-02
1.659909090909090423e+01
7.787272727272726236e+00
4.285858585858587921e-01
7.836020202020203840e+01
3.568686868686866021e+00
5.566666666666677532e-01
3.197979797979804695e-01
7.988181818181813831e+00
1.165030303030302861e+01
3.023910101010099538e+02
2.592505050505050335e+01
2.280808080808078564e-01
5.797979797979803396e-02
5.002020202020193151e-01
2.965404040404040487e+01
9.308989898989908696e+00
1.999999999999995878e-02
1.079090909090910433e+00
6.321616161616166352e+00
5.801616161616169443e+00
6.220404040404038604e+00
8.971212121212118973e+00
1.158313131313131272e+01
8.946060606060603604e+00
1.006212121212121602e+01
2.039393939393940591e-01
3.878787878787880172e-02
1.124030303030303202e+01
9.194949494949500313e-01
6.020202020202023580e-02
6.563636363636357052e-01
3.901010101010100595e-01
1.320707070707072717e+00
1.410121212121212153e+01
9.256666666666674814e+00
5.387474747474748860e+00
6.310101010101025754e-01
8.676767676767686843e-02
4.660606060606062861e-01
1.968030303030302974e+01
1.143989898989898713e+01
1.709262626262626128e+01
5.869393939393951598e+00
2.694040404040408454e+00
5.295353535353545915e+00
7.160707070707063693e+00
1.153484848484848513e+01
3.056856565656567000e+02
7.741313131313122042e+00
6.532929292929289034e+00
9.940404040404051678e-01
1.137898989898989832e+01
2.571666666666666501e+01
4.640707070707071225e+00
7.718181818181814036e-01
8.595959595959609678e-02
6.711010101010090878e+00
4.087878787878781672e+00
1.454535353535354147e+01
4.599999999999994094e-01
1.842424242424241798e-01
4.967676767676761362e-01
1.066404040404040643e+01
1.925252525252522384e-01
1.247474747474750095e-01
3.694040404040400016e+00
7.575858585858586025e+01
1.211080808080808602e+01
1.075135353535353318e+02
2.331313131313134390e-01
7.707070707070707849e-01
7.258484848484848762e+00
2.963636363636360516e-01
1.022686868686868600e+01
9.447070707070707840e+00
8.797979797979800509e-02
1.483808080808080376e+01
1.709893939393939490e+02
3.143232323232329151e+00
7.020707070707073783e+00
3.612757575757574813e+01
9.960303030303036209e+00
6.849191919191917499e+00
1.071454545454545482e+01
1.457575757575757525e-01
2.431717171717168835e+00
1.664959595959595617e+01
4.940404040404044461e-01
1.310242424242424164e+01
8.741010101010102673e+00
3.036525252525252228e+01
3.339393939393939803e-01
8.612323232323213063e+00
5.390909090909097312e-01
8.532323232323226758e-01
3.406363636363635550e+01
1.334180808080808163e+02
4.240919191919196152e+01
2.254444444444447360e+00
4.444444444444447528e-01
6.825141414141413065e+01
6.991717171717174217e+00
6.265656565656579913e-01
1.100589898989898217e+02
6.321010101010105409e+00
3.758585858585865580e-01
7.770404040404041091e+00
9.882222222222218022e+00
2.943434343434336853e-01
9.098585858585854780e+00
2.354545454545460270e-01
1.213797979797980098e+01
1.396969696969694308e-01
8.688686868686858134e+00
3.920707070707069697e+00
2.730303030303034562e-01
5.649484848484850374e+01
2.887878787878784825e-01
2.971454545454544771e+01
5.256464646464642954e+00
3.464646464646466972e-01
1.452262626262626277e+01
8.838383838383845337e-02
9.801111111111111995e+00
3.525151515151511816e+00
5.673134343434343236e+02
6.012727272727273586e+00
7.665242424242420327e+01
3.741595959595962029e+01
9.879696969696968978e+00
2.682828282828286781e-01
1.107232323232322457e+01
1.342575757575757400e+01
7.348989898989900738e+00
1.209111111111111470e+01
3.430303030303033518e-01
8.868050505050501897e+01
5.920707070707067921e+00
2.681818181818187430e-01
1.129919191919191412e+01
8.423737373737376188e+00
4.127272727272725539e-01
3.356928282828283159e+02
1.030737373737373375e+01
6.934242424242414771e+00
1.975333333333335162e+01
9.113333333333331510e+00
1.119369696969696690e+02
2.693939393939400739e-01
2.252525252525247601e-01
9.216262626262624380e+00
4.632626262626264868e+00
2.952095959595958448e+02
1.127030303030302960e+01
5.480808080808089455e-01
6.242424242424233327e+00
1.198969696969696308e+01
9.272727272727274150e-02
3.046959595959594225e+01
3.101457575757576137e+02
2.735252525252529043e+00
4.446464646464639570e-01
5.086868686868692979e-01
4.666909090909091873e+01
2.790909090909096668e-01
3.792478787878789603e+02
2.843434343434347866e-01
1.346565656565657187e+00
2.878787878787873455e-01
1.064878787878787847e+01
3.259595959595953385e-01
2.076767676767672377e-01
5.013232323232325705e+00
4.410101010101017405e-01
2.335332323232323404e+02
3.352525252525255239e-01
8.300000000000000711e+00
4.605050505050502507e-01
4.508080808080815460e-01
6.079595959595966548e+00
9.914242424242424079e+00
5.681818181818172331e-01
2.078656565656566357e+01
3.764646464646465573e-01
9.301717171717175603e+00
5.269292929292939576e+00
3.045656565656565107e+01
8.627272727272721653e+00
1.837828282828282056e+01
3.263939393939389699e+00
1.525252525252527858e-01
4.457474747474752697e+00
3.585858585858583969e-01
6.482828282828283495e-01
3.452286868686868502e+02
2.735206060606062124e+02
3.998686868686870621e+00
8.656565656565660127e-01
5.319797979797973753e+00
3.465012121212121201e+02
1.092434343434343269e+01
1.227292929292927681e+01
1.122323232323234388e+00
8.137272727272717887e+00
5.996969696969682850e-01
8.451515151515147650e+00
3.488296969696969541e+02
4.664646464646459711e-01
3.459595959595955783e-01
1.177040404040404731e+01
2.342783838383837178e+02
5.578888888888890563e+00
1.413000000000000611e+01
2.424242424242418759e-01
2.035151515151511603e+01
3.259595959595955050e-01
1.066666666666668400e-01
2.641414141414143990e-01
1.240164646464647120e+02
2.376030303030303514e+01
4.697517171717170186e+02
1.716161616161616665e-01
8.645454545454550610e-01
7.372121212121218292e+00
6.647878787878786611e+00
2.079797979797981811e-01
6.172323232323223330e+00
7.291212121212121922e+00
4.346464646464642811e-01
5.199797979797978087e+01
1.888888888888889950e-01
7.472727272727266445e-01
1.193040404040405100e+01
2.108080808080809720e-01
5.331313131313125675e-01
4.777676767676767966e+00
8.513737373737383152e+00
5.778030303030303827e+01
3.225656565656565888e+00
4.604040404040395384e-01
8.608686868686877602e+00
3.953535353535355679e-01
5.869191919191916185e+00
2.272121212121216871e+00
2.939393939393944444e-02
5.703626262626265486e+01
3.251515151515156354e-01
2.714141414141414410e-01
5.696969696969710756e-02
4.365656565656565458e-01
1.088888888888891043e-01
6.645151515151517252e+00
3.336363636363630647e-01
8.791919191919209675e-01
2.782828282828277988e-01
1.048353535353535726e+01
9.011919191919185224e+00
1.446888888888888935e+01
8.745353535353531882e+00
1.422232323232323736e+01
1.064707070707070180e+01
1.231320202020202004e+02
2.679137373737373764e+02
8.719393939393938808e+00
9.095555555555542071e+00
5.867979797979798917e+01
3.610101010101005037e-01
2.011090909090910017e+01
1.305050505050505127e-01
2.571909090909091589e+01
5.767070707070712565e+00
9.414141414141430353e-02
9.404646464646466697e+00
4.584848484848481065e-01
1.627272727272729702e-01
1.663121212121212622e+01
2.663114141414139908e+02
4.551515151515147517e-01
4.807070707070713489e+00
8.972727272727279768e+00
1.694969696969696926e+01
6.290707070707063586e+00
7.521111111111115299e+00
8.062626262626255702e-01
5.791717171717170487e+00
4.229292929292920999e-01
7.315757575757571907e+00
1.852989898989898876e+01
4.569191919191924356e+00
1.227888888888889163e+01
7.868686868686870506e-01
3.938383838383841540e-01
1.268808080808081407e+01
3.970707070707070740e-01
2.661989898989898862e+01
2.325070707070705822e+01
5.284646464646463926e+00
2.052717171717171851e+01
3.591919191919194509e-01
5.833333333333335924e-01
4.116161616161618242e-01
6.171313131313130640e+00
1.183585858585859718e+01
2.669696969696972455e-01
1.038444444444444414e+01
8.926363636363639387e+00
3.617748484848485759e+02
3.594949494949498114e-01
4.551989898989898364e+01
3.910101010101010854e-01
9.590909090909071066e-01
3.832181818181818045e+01
1.498494949494949324e+01
8.368282828282826102e+00
4.393939393939386706e-01
2.290397979797979247e+02
1.498494949494949324e+01
1.124757575757576156e+01
4.458585858585855655e-01
5.013131313131303779e-01
3.088787878787880636e+00
1.426929292929293247e+01
3.258191919191919084e+01
1.242424242424243763e-01
3.016161616161621706e-01
4.923434343434347937e+00
5.073737373737369438e+00
7.220808080808086338e+00
3.003919191919191078e+01
1.733444444444445054e+01
7.497272727272725312e+00
9.708080808080808977e-01
1.009090909090910870e-01
2.134343434343431434e-01
1.243343434343434595e+01
7.247575757575749122e+00
1.040797979797978812e+01
3.991919191919183763e-01
1.352181818181819217e+01
4.184030303030301923e+01
4.723232323232313123e-01
1.558879797979798809e+02
1.187161616161616173e+01
1.366646464646465553e+01
6.650606060606052417e+00
3.155919191919196720e+01
8.599999999999999645e+00
5.696969696969707286e-02
6.405656565656575374e+00
1.688040404040404852e+01
4.937373737373746962e-01
7.681111111111105672e+00
4.078989898989898499e+00
1.264435353535353670e+02
2.665323232323232361e+01
5.678181818181820439e+00
3.906464646464646417e+00
3.549494949494945706e-01
3.085858585858584635e-01
2.486868686868687339e-01
6.673737373737387291e-01
7.045656565656561732e+00
1.291111111111107990e+00
1.216767676767678052e+00
8.205353535353536287e+00
6.090454545454544899e+01
1.057811111111111160e+02
4.968383838383843454e+00
7.575757575757581519e-02
2.638383838383838720e-01
8.751959595959598914e+01
4.845959595959593358e+00
8.176464646464648212e+00
1.197969696969696329e+01
1.558585858585854189e-01
4.172828282828279001e+00
3.255555555555553759e-01
2.525252525252521529e-01
7.740313131313133965e+01
8.645555555555562322e+00
1.144060606060607377e+01
4.512121212121222302e-01
1.179575757575758210e+01
4.894949494949499269e-01
1.122050505050505365e+01
2.927454545454544288e+01
7.400000000000001243e+00
6.954242424242419673e+00
3.141414141414147210e-01
9.676565656565657036e+00
6.516454545454541858e+01
9.911010101010100826e+00
5.183333333333335347e+00
9.838383838383846225e-02
4.676767676767670801e-01
4.670909090909086459e+00
1.256878787878787662e+01
3.894343434343436883e+00
2.673737373737368195e-01
2.946121212121212807e+01
2.022641414141414202e+02
1.231545454545455165e+01
1.619939393939394989e+01
1.990565656565656383e+01
2.901414141414144776e+00
2.968686868686862823e-01
3.377080808080806378e+02
2.209162626262626645e+02
5.328686868686870248e+00
5.015050505050509422e+00
1.226171717171717290e+01
8.230101010101009251e+00
7.422323232323233100e+00
3.562727272727276961e+00
2.939393939393944791e-02
2.828282828282822625e-01
7.691212121212122277e+00
5.688727272727270190e+01
1.312070707070707520e+01
1.709164646464646466e+02
8.206858585858583410e+01
3.644696969696969546e+01
2.774848484848481789e+00
4.260606060606061396e-01
1.054646464646464743e+01
6.030606060606061192e+00
1.893939393939389759e-01
2.470742424242423283e+02
2.968282828282826191e+00
3.179696969696972797e+00
3.922222222222219390e+00
1.109242424242422942e+01
3.838484848484842171e+00
9.526666666666663730e+00
1.901363636363635834e+01
3.158585858585852835e-01
1.486868686868686174e-01
1.466410101010101243e+02
4.553434343434339837e+00
1.577709090909091003e+02
4.520202020202016002e-01
7.128686868686865630e+00
5.797979797979804784e-02
1.201942424242424039e+02
8.636363636363628138e-02
3.333525252525254956e+01
9.090909090909086998e-02
7.377777777777778656e-01
1.221121212121211812e+02
7.630000000000002558e+00
8.102828282828287598e+00
2.610019191919191144e+02
1.276484848484848023e+01
1.551858585858585116e+01
3.695959595959599775e-01
7.282828282828285538e+00
2.443434343434338629e-01
1.305848484848484325e+01
8.609787878787879833e+01
4.191919191919193377e-01
8.926212121212120110e+01
5.026024242424243198e+02
5.453939393939388758e+00
9.414141414141416475e-02
1.130484848484848825e+01
1.797876767676767997e+02
2.006151515151513820e+01
4.202929292929293403e+00
3.348423232323232810e+02
1.468686868686866764e-01
4.205656565656562762e+00
3.506060606060601992e-01
4.644444444444438269e-01
2.187821212121211829e+02
2.297979797979792238e-01
1.867575757575758288e+01
2.386111111111110716e+01
8.399393939393945629e+00
3.811010101010099405e+00
5.298989898989908687e-01
1.051616161616164780e+00
3.714848484848484844e+00
1.896717171717171979e+01
1.023575757575757095e+01
7.630101010101004277e+00
2.260606060606055179e-01
3.268080808080807032e+00
4.712707070707074308e+01
1.500540404040403644e+02
7.269292929292933358e+00
3.315454545454546764e+00
1.249151515151515213e+01
2.551515151515152957e-01
3.007668686868688042e+02
8.278888888888889852e+00
4.408686868686869431e+00
1.727777777777777857e+01
4.616464646464644161e+00
6.906161616161618610e+00
1.528878787878788970e+01
3.347474747474740164e-01
4.886868686868693357e-01
1.073737373737374962e-01
8.959595959595951786e-01
1.633868686868686027e+01
3.259073737373736321e+02
3.254785858585857454e+02
1.152383838383837400e+01
4.201010101010096420e-01
7.897474747474743317e+00
5.572020202020201651e+00
8.145858585858581691e+00
4.157575757575761588e-01
1.231868686868687490e+01
3.273737373737384826e-01
1.745565656565656099e+01
8.777575757575757365e+00
6.679494949494942269e+00
6.745757575757572511e+00
1.770777777777778184e+01
6.100000000000003197e-01
3.397998989898990772e+02
8.505757575757581179e+00
3.782717171717170146e+01
4.993333333333329627e+00
1.295070707070705751e+01
5.683535353535341450e+00
8.381717171717172121e+00
6.382121212121209197e+00
4.236616161616166920e+01
6.080202020202015056e+00
8.395353535353535790e+00
1.095949494949494785e+01
3.417171717171714196e-01
9.203030303030287351e-01
2.851010101010103437e+00
1.486808080808079424e+01
7.275151515151508264e+00
1.384505050505050860e+01
3.154545454545452654e-01
2.121212121212122381e-01
4.710101010101010455e-01
5.696969696969710756e-02
2.387373737373739147e+00
2.567676767676771998e-01
6.084848484848478511e-01
9.548989898989880487e+00
8.311010101010094075e+00
3.007070707070700344e-01
3.488888888888890261e-01
4.911040404040402763e+01
5.682525252525253201e+00
6.755454545454547599e+01
3.384848484848483885e-01
8.595959595959609678e-02
1.118868686868686169e+01
4.016161616161613157e-01
1.590909090909091717e-01
4.816464646464647892e+00
2.056555555555555515e+01
1.877777777777774604e-01
8.598585858585860109e+00
9.101616161616163936e+00
1.234363636363635486e+01
3.646464646464649406e-01
8.003030303030296277e-01
