1.223535353535354142e+00
6.882828282828271638e-01
0.000000000000000000e+00
6.373737373737380363e-01
1.311313131313130098e+00
5.364646464646456447e-01
1.893939393939393923e-01
6.066666666666666874e-01
2.327272727272732267e-01
4.167676767676756766e-01
1.866494949494949651e+01
1.142424242424245201e-01
0.000000000000000000e+00
2.890909090909088985e-01
6.806060606060605478e-01
1.560303030303028526e+00
0.000000000000000000e+00
0.000000000000000000e+00
1.166717171717170665e+01
7.144444444444447706e-01
0.000000000000000000e+00
3.720202020202023618e-01
7.661616161616152665e-01
1.788888888888890416e-01
0.000000000000000000e+00
0.000000000000000000e+00
8.887878787878783493e-01
0.000000000000000000e+00
0.000000000000000000e+00
6.875757575757580620e-01
1.768787878787879020e+00
9.999999999999986330e-03
1.842424242424241798e-01
1.485858585858586545e-01
7.918181818181816434e-01
6.201010101010111519e-01
1.869575757575756825e+01
1.158868686868686559e+01
1.943434343434342904e-01
1.021616161616163421e+00
2.271616161616159868e+00
4.067676767676771110e-01
7.752525252525254151e-01
5.837373737373747762e-01
7.780808080808082616e-01
0.000000000000000000e+00
4.141414141414134775e-01
0.000000000000000000e+00
9.708080808080822299e-01
3.978989898989893526e+00
7.068686868686870906e-01
0.000000000000000000e+00
2.939393939393943056e-02
2.815151515151513295e-01
8.746464646464643389e-01
2.346464646464649362e-01
8.181818181818197866e-01
2.814141414141415609e-01
1.655151515151513264e+00
6.741414141414139305e-01
1.334525252525253691e+01
4.310101010101012875e-01
8.743333333333339397e+00
0.000000000000000000e+00
5.085858585858593628e-01
1.979797979797979016e-02
1.773939393939394371e+00
7.424242424242440963e-01
2.516161616161619596e-01
9.999999999999956840e-03
8.426262626262615019e-01
0.000000000000000000e+00
7.682828282828283450e-01
1.011515151515149702e+00
4.919191919191923806e-02
1.251535353535353501e+01
7.926262626262638999e-01
7.885858585858580572e-01
8.566767676767675255e+00
3.010101010101015606e-01
5.872727272727278347e-01
6.220202020202011406e-01
2.939393939393944097e-02
1.925858585858589267e+00
1.218686868686870817e+00
8.463636363636359849e-01
4.426262626262619237e-01
8.696969696969681918e-01
2.969696969696965505e-01
2.036363636363636709e-01
0.000000000000000000e+00
5.571717171717163186e-01
2.979797979797976781e-02
6.932323232323233109e-01
6.297979797979805783e-01
4.490909090909095402e-01
8.090909090909106371e-01
7.630303030303019485e-01
4.520202020202015447e-01
1.678181818181818485e+01
1.364747474747473932e+00
0.000000000000000000e+00
9.999999999999970718e-03
4.275959595959601955e+00
2.424242424242418481e-01
6.439393939393927013e-01
4.951515151515156754e-01
2.022222222222223587e-01
2.521212121212118573e-01
1.124848484848483432e+00
2.516161616161619041e-01
0.000000000000000000e+00
9.999999999999953371e-03
8.613131313131313638e-01
6.750505050505049010e-01
9.999999999999998473e-03
0.000000000000000000e+00
8.975757575757566942e-01
7.333333333333333925e-01
2.066969696969700010e+00
2.194242424242423439e+00
3.591919191919200061e-01
1.357575757575757991e-01
4.959595959595962111e-01
7.889898989898972426e-01
2.777777777777773460e-01
7.102020202020199457e-01
0.000000000000000000e+00
3.450303030303033758e+00
0.000000000000000000e+00
0.000000000000000000e+00
0.000000000000000000e+00
0.000000000000000000e+00
6.567676767676768890e-01
4.204040404040397805e-01
4.278282828282821804e+00
2.509090909090912480e-01
1.085959595959593349e+00
5.376767676767671977e-01
0.000000000000000000e+00
5.293939393939388616e-01
7.339393939393934474e-01
0.000000000000000000e+00
6.983838383838373298e-01
2.079797979797982643e-01
8.455555555555541725e-01
6.577777777777777946e-01
1.943434343434342904e-01
6.393939393939408466e-01
9.999999999999993269e-03
8.943434343434329969e-01
5.797979797979808669e-01
0.000000000000000000e+00
8.964646464646480739e-01
1.562222222222224843e+00
5.113131313131311639e-01
7.881818181818183167e-01
1.575050505050505034e+00
5.804040404040395895e-01
2.939393939393942362e-02
3.878787878787880172e-02
0.000000000000000000e+00
3.878787878787880172e-02
4.081616161616161698e+00
8.139393939393937405e-01
1.960080808080809689e+01
9.999999999999991535e-03
7.258585858585855366e-01
2.538888888888890083e+00
7.800000000000010258e-01
1.979797979797979016e-02
6.347474747474737278e-01
4.083838383838382935e-01
0.000000000000000000e+00
4.544444444444438180e-01
3.276262626262623989e+00
6.095959595959588029e-01
5.696969696969707286e-02
1.979797979797979016e-02
5.664646464646468926e-01
0.000000000000000000e+00
1.058383838383837761e+00
9.888888888888895667e-02
7.020202020202017668e-01
8.040404040404054709e-02
5.271717171717161809e-01
7.327272727272743369e-01
3.743434343434349221e-01
3.449494949494952833e-01
1.425252525252528324e-01
9.336363636363617102e-01
9.997979797979785754e-01
6.604040404040408818e-01
8.059595959595977632e-01
0.000000000000000000e+00
1.119595959595960366e+00
0.000000000000000000e+00
6.892929292929294016e-01
0.000000000000000000e+00
4.659292929292927710e+00
3.102424242424238976e+00
6.546464646464638104e-01
6.696969696969710950e-02
0.000000000000000000e+00
7.170707070707064146e-01
0.000000000000000000e+00
1.358585858585860562e+00
0.000000000000000000e+00
0.000000000000000000e+00
1.242424242424244457e-01
1.703777777777777658e+01
2.500000000000001110e-01
1.243434343434344225e-01
2.810101010101004881e-01
7.077777777777771728e-01
1.697797979797979906e+01
6.643434343434340583e+00
7.244848484848484205e+00
1.892929292929290130e-01
4.195959595959595778e-01
4.022222222222222032e-01
2.577777777777774393e-01
1.752929292929290783e+00
0.000000000000000000e+00
5.380808080808079374e+00
5.843434343434331657e-01
8.770707070707082220e-01
2.766666666666674490e-01
2.063333333333328579e+00
4.308080808080798074e-01
0.000000000000000000e+00
2.182828282828280231e-01
7.685858585858589276e-01
7.177777777777775148e-01
2.246666666666671031e+00
1.533333333333334991e+00
2.260101010101011276e+00
8.167676767676755878e-01
7.118181818181807952e-01
2.778787878787879473e-01
5.182828282828282340e-01
4.151515151515150492e-01
0.000000000000000000e+00
1.425252525252528324e-01
7.990909090909096291e-01
8.462626262626271600e-01
5.868585858585856130e+00
7.142424242424233460e-01
2.400000000000005462e-01
5.300000000000008038e-01
7.143434343434332812e-01
6.238383838383828595e-01
5.919191919191918450e-02
0.000000000000000000e+00
2.036363636363637819e-01
3.065858585858587393e+00
3.591919191919187293e-01
1.243737373737371366e+00
1.173131313131313691e+00
9.332323232323245232e-01
0.000000000000000000e+00
0.000000000000000000e+00
5.458585858585851547e-01
2.297575757575760935e+00
1.374252525252524393e+01
5.251515151515157021e-01
1.670909090909087569e+00
5.935353535353529164e-01
3.332323232323231577e-01
5.460606060606053580e-01
7.626262626262638733e-01
2.177979797979801013e+00
0.000000000000000000e+00
1.994949494949493252e+00
0.000000000000000000e+00
0.000000000000000000e+00
9.536363636363620611e-01
1.066666666666668400e-01
9.999999999999960310e-03
8.584848484848502936e-01
7.278787878787879029e-01
3.869191919191920626e+00
5.779797979797973717e-01
4.673737373737374967e-01
1.910606060606062639e+00
6.948484848484843823e-01
7.455454545454542448e+00
6.966666666666655461e-01
9.328282828282837835e-01
2.516161616161619596e-01
8.539393939393941091e-01
3.635454545454543940e+00
7.386868686868698353e-01
0.000000000000000000e+00
7.356565656565666744e-01
5.819191919191925022e-01
1.748686868686869289e+00
0.000000000000000000e+00
7.954545454545460803e-01
9.090909090909075896e-02
5.985858585858581105e-01
5.732323232323244255e-01
3.804040404040410217e-01
6.359595959595973902e-01
0.000000000000000000e+00
7.111111111111121375e-01
3.878787878787880172e-02
2.197979797979799643e-01
7.352525252525251576e-01
6.528282828282818695e-01
0.000000000000000000e+00
0.000000000000000000e+00
7.239393939393935495e-01
4.787878787878780407e-01
0.000000000000000000e+00
0.000000000000000000e+00
6.155555555555545233e-01
8.776767676767674997e-01
8.221212121212115864e-01
0.000000000000000000e+00
1.330808080808082883e+00
3.238383838383843139e-01
2.286767676767678559e+00
1.315757575757578346e+00
2.008282828282826671e+00
6.263636363636357896e-01
5.578080808080801312e+00
6.166666666666674734e-01
5.937373737373744520e-01
0.000000000000000000e+00
5.965656565656556332e-01
7.865656565656563570e-01
7.847474747474758594e-01
0.000000000000000000e+00
7.610101010101014696e-01
5.086868686868695200e-01
1.066666666666668400e-01
5.914141414141428355e-01
5.154545454545461647e-01
1.216161616161618164e-01
9.194949494949474778e-01
0.000000000000000000e+00
9.999999999999962044e-03
9.999999999999960310e-03
0.000000000000000000e+00
1.771292929292929941e+01
7.008080808080806579e-01
6.673333333333341777e+00
3.009090909090914590e-01
9.918181818181815990e-01
1.274242424242421734e+00
1.012727272727269812e+00
0.000000000000000000e+00
5.059595959595964976e-01
0.000000000000000000e+00
2.092020202020198560e+00
0.000000000000000000e+00
1.013232323232324816e+00
7.961616161616158482e-01
0.000000000000000000e+00
1.357575757575757991e-01
3.878787878787880172e-02
0.000000000000000000e+00
1.654545454545454930e-01
0.000000000000000000e+00
3.882828282828281186e-01
1.575757575757575635e-01
8.615151515151513451e-01
1.129888888888888765e+01
2.424242424242418481e-01
6.575757575757587570e-02
0.000000000000000000e+00
2.160606060606058976e-01
0.000000000000000000e+00
7.926262626262624567e-01
0.000000000000000000e+00
6.894949494949488278e-01
2.516161616161619041e-01
6.450505050505062066e-01
5.930303030303037959e-01
2.418080808080804722e+00
7.889898989898972426e-01
0.000000000000000000e+00
0.000000000000000000e+00
5.533333333333326776e-01
5.169696969696965239e-01
4.679797979797984397e-01
8.212121212121211711e-01
3.878787878787880172e-02
2.667777777777773807e+00
8.784949494949506388e+00
5.638383838383825841e-01
1.893939393939393923e-01
5.254545454545449523e-01
6.619191919191916851e-01
7.801010101010095177e-01
5.359595959595955250e-01
1.943434343434342904e-01
7.456565656565663502e-01
1.310505050505051949e+00
7.089898989899002801e-01
6.118181818181810394e-01
9.022020202020206270e+00
2.619191919191915519e-01
1.108797979797978961e+01
6.891919191919202436e-01
5.099999999999993427e-01
2.059696969696965585e+00
6.641414141414146988e-01
7.152525252525252508e-01
0.000000000000000000e+00
1.891515151515152482e+00
1.788888888888889583e-01
6.644444444444438380e-01
8.114242424242428697e+00
9.824242424242435323e-01
8.844444444444443221e+00
9.105050505050512610e-01
1.490909090909092460e-01
9.274747474747452314e-01
8.331313131313140552e-01
1.006464646464647616e+00
0.000000000000000000e+00
2.379797979797985408e-01
1.398949494949494898e+01
1.009898989898988297e+00
2.739292929292928669e+00
0.000000000000000000e+00
6.506060606060611873e-01
4.278787878787870813e-01
1.545252525252526876e+00
0.000000000000000000e+00
9.090909090909080059e-02
0.000000000000000000e+00
1.443333333333334689e+00
7.478787878787874766e-01
7.575757575757584295e-02
4.170303030303024627e+00
4.542424242424242808e-01
0.000000000000000000e+00
2.379797979797985408e-01
8.469696969696983713e-01
9.549494949494951035e-01
1.300505050505051230e+01
2.360707070707071864e+00
0.000000000000000000e+00
0.000000000000000000e+00
1.242424242424245012e-01
2.286464646464644535e+00
7.880808080808080485e-01
0.000000000000000000e+00
4.688888888888884665e-01
4.284848484848489125e-01
7.317171717171710998e-01
5.787878787878795173e-01
7.989898989898989168e-01
9.450505050505034754e-01
7.995959595959588606e-01
7.485858585858592429e-01
0.000000000000000000e+00
0.000000000000000000e+00
9.065656565656552424e-01
3.979797979797980445e-02
0.000000000000000000e+00
2.036363636363636431e-01
1.554545454545456507e-01
1.436363636363637009e-01
9.761616161616144538e-01
5.114141414141410991e-01
7.669696969696966349e-01
2.297979797979792238e-01
0.000000000000000000e+00
2.548484848484846021e-01
1.594343434343430621e+00
9.934343434343447798e-01
1.200202020202018938e+00
4.819191919191911366e-01
2.599999999999997313e-01
1.853535353535351871e-01
7.717171717171715795e-01
7.828282828282825401e-01
2.078747474747475366e+01
6.693939393939388749e-01
6.115151515151524553e-01
5.267676767676764404e-01
9.017171717171733603e-01
1.901616161616159761e+00
3.542424242424245806e-01
3.990909090909089962e-01
0.000000000000000000e+00
7.025252525252517755e-01
1.813131313131314815e-01
1.026060606060606339e+00
1.943434343434342904e-01
0.000000000000000000e+00
0.000000000000000000e+00
7.278787878787877919e-01
0.000000000000000000e+00
0.000000000000000000e+00
4.510101010101004726e-01
4.127474747474743744e+00
1.083535353535351575e+00
5.654949494949501165e+00
0.000000000000000000e+00
1.943434343434342904e-01
8.858585858585845685e-01
1.979797979797979710e-02
9.243434343434332456e-01
8.220202020202000970e-01
0.000000000000000000e+00
1.026868686868684488e+00
9.014242424242436158e+00
4.318181818181826559e-01
7.297979797979797789e-01
2.214545454545457037e+00
7.435353535353540488e-01
6.625252525252531832e-01
8.090909090909101931e-01
0.000000000000000000e+00
5.096969696969689823e-01
1.328585858585860313e+00
4.386868686868698464e-01
1.120707070707069208e+00
7.953535353535361452e-01
1.947777777777779384e+00
0.000000000000000000e+00
6.928282828282830152e-01
5.696969696969712837e-02
6.713131313131304179e-01
1.853636363636365747e+00
1.035262626262626107e+01
2.774141414141409356e+00
3.781818181818180080e-01
0.000000000000000000e+00
3.525959595959598403e+00
7.215151515151519979e-01
3.667676767676767979e-01
5.959393939393936357e+00
6.273737373737366951e-01
9.999999999999991535e-03
7.912121212121218106e-01
7.049494949494954366e-01
0.000000000000000000e+00
8.154545454545447658e-01
1.979797979797979016e-02
1.014343434343436323e+00
0.000000000000000000e+00
7.160606060606060641e-01
5.633333333333327975e-01
9.999999999999981126e-03
3.364343434343434858e+00
9.999999999999991535e-03
1.831212121212123067e+00
6.940404040404030139e-01
7.434343434343430868e-02
7.524242424242419958e-01
0.000000000000000000e+00
1.035252525252526201e+00
3.985858585858583769e-01
2.708535353535352286e+01
5.981818181818172597e-01
3.735252525252523714e+00
3.078989898989905605e+00
8.337373737373735549e-01
0.000000000000000000e+00
6.426262626262636557e-01
1.146969696969699415e+00
6.039393939393931099e-01
8.750505050505038573e-01
2.036363636363636986e-01
7.295959595959597088e+00
6.903030303030306403e-01
6.575757575757590345e-02
8.758585858585846706e-01
7.263636363636353233e-01
9.090909090909086998e-02
1.791454545454544700e+01
8.123232323232316698e-01
5.682828282828271682e-01
1.293131313131312021e+00
6.714141414141413522e-01
4.915050505050514218e+00
0.000000000000000000e+00
0.000000000000000000e+00
7.166666666666661190e-01
2.637373737373744365e-01
1.138404040404039996e+01
6.802020202020198081e-01
2.939393939393943403e-02
5.964646464646481405e-01
8.202020202020209316e-01
0.000000000000000000e+00
2.014646464646461244e+00
1.840060606060605863e+01
5.544444444444448505e-01
1.454545454545451422e-01
1.554545454545456507e-01
2.590202020202025501e+00
1.979797979797979016e-02
2.331666666666666288e+01
0.000000000000000000e+00
6.346464646464642367e-01
0.000000000000000000e+00
7.209090909090914989e-01
2.500000000000001110e-01
0.000000000000000000e+00
6.939393939393945221e-01
2.197979797979799643e-01
1.081040404040404113e+01
2.354545454545460270e-01
6.197979797979803473e-01
2.521212121212118573e-01
1.216161616161617748e-01
4.240404040404049391e-01
8.647474747474752643e-01
1.733333333333331172e-01
1.571717171717171180e+00
0.000000000000000000e+00
8.004040404040411172e-01
8.219191919191907170e-01
1.889898989898990411e+00
7.122222222222216459e-01
1.148080808080809589e+00
7.395959595959589183e-01
0.000000000000000000e+00
5.460606060606049139e-01
7.434343434343430868e-02
3.013131313131315325e-01
1.566535353535351049e+01
1.873494949494949324e+01
5.687878787878788422e-01
5.696969696969712144e-02
5.817171717171719658e-01
2.103494949494951527e+01
7.505050505050520071e-01
7.499999999999990008e-01
2.600000000000000644e-01
8.009090909090910149e-01
1.282828282828286093e-01
7.614141414141403219e-01
2.212505050505050619e+01
1.555555555555556968e-01
0.000000000000000000e+00
9.484848484848474870e-01
1.160737373737371314e+01
4.745454545454542150e-01
8.676767676767660475e-01
1.357575757575757991e-01
1.225757575757576490e+00
1.216161616161617470e-01
0.000000000000000000e+00
1.675757575757577111e-01
5.847878787878781459e+00
1.218686868686866820e+00
2.897878787878786611e+01
0.000000000000000000e+00
4.631313131313130604e-01
6.870707070707062769e-01
5.426262626262634559e-01
3.878787878787880172e-02
7.583838383838388264e-01
5.431313131313126874e-01
1.616161616161617132e-01
3.423030303030305088e+00
0.000000000000000000e+00
7.737373737373726135e-02
9.472727272727263781e-01
0.000000000000000000e+00
1.316161616161617143e-01
5.712121212121221703e-01
6.966666666666673224e-01
3.397777777777781782e+00
6.721212121212130075e-01
1.943434343434342904e-01
7.206060606060603613e-01
2.354545454545460270e-01
5.013131313131307110e-01
3.158585858585853390e-01
0.000000000000000000e+00
3.322424242424244945e+00
1.490909090909092460e-01
2.160606060606057865e-01
0.000000000000000000e+00
1.979797979797979016e-02
0.000000000000000000e+00
6.208080808080799207e-01
1.066666666666668678e-01
3.637373737373740812e-01
0.000000000000000000e+00
7.557575757575760722e-01
6.605050505050514831e-01
9.695959595959582344e-01
7.550505050505057492e-01
1.053636363636365259e+00
8.227272727272750830e-01
9.193535353535361665e+00
2.005898989898990337e+01
7.950505050505032312e-01
6.092929292929281093e-01
3.681010101010097735e+00
1.425252525252530267e-01
1.494848484848484427e+00
0.000000000000000000e+00
1.227777777777779633e+00
7.186868686868689293e-01
0.000000000000000000e+00
6.878787878787884225e-01
7.676767676767674853e-02
0.000000000000000000e+00
2.030909090909090775e+00
1.099838383838384459e+01
1.814141414141414721e-01
5.663636363636369575e-01
8.244444444444423148e-01
1.667676767676768979e+00
6.294949494949488855e-01
6.446464646464640236e-01
6.818181818181823228e-02
7.125252525252534497e-01
4.797979797979803201e-02
7.759595959595971815e-01
1.144343434343434440e+00
7.230303030303024681e-01
6.441414141414131267e-01
1.969696969696966837e-01
2.379797979797985685e-01
6.523232323232313057e-01
4.797979797979797650e-02
2.125656565656565355e+00
1.501515151515152358e+00
4.046464646464644765e-01
1.570303030303029423e+00
0.000000000000000000e+00
2.327272727272731434e-01
2.327272727272732267e-01
7.348484848484858611e-01
1.037878787878785847e+00
0.000000000000000000e+00
5.731313131313122700e-01
5.922222222222210952e-01
1.855171717171717560e+01
9.999999999999984596e-03
2.266767676767675432e+00
5.696969696969709368e-02
7.696969696969706287e-02
2.418787878787880707e+00
8.964646464646462976e-01
5.455555555555543501e-01
4.797979797979799732e-02
1.228838383838383486e+01
1.192525252525253876e+00
6.641414141414156980e-01
5.696969696969710062e-02
2.036363636363636431e-01
6.201010101010111519e-01
7.970707070707064856e-01
2.412727272727271277e+00
0.000000000000000000e+00
0.000000000000000000e+00
2.858585858585856454e-01
4.664646464646473034e-01
8.673737373737389067e-01
1.360606060606061263e+00
9.756565656565637790e-01
6.475757575757575824e-01
2.464646464646467472e-01
0.000000000000000000e+00
0.000000000000000000e+00
8.889898989898977755e-01
5.442424242424238612e-01
9.959595959595974879e-01
0.000000000000000000e+00
9.463636363636379611e-01
1.745555555555552640e+00
1.360606060606062151e-01
5.578080808080802200e+00
7.941414141414134820e-01
1.323232323232322649e+00
6.991919191919186982e-01
1.845454545454549011e+00
8.897979797979791439e-01
0.000000000000000000e+00
6.782828282828274880e-01
8.964646464646448543e-01
1.979797979797979363e-02
8.907070707070712245e-01
6.824242424242416005e-01
1.007262626262624394e+01
2.090909090909090828e+00
3.329292929292923531e-01
3.199999999999991740e-01
0.000000000000000000e+00
1.893939393939393923e-01
0.000000000000000000e+00
2.160606060606057310e-01
5.670707070707076136e-01
1.969696969696967670e-01
3.230303030303024459e-01
6.196969696969683028e-01
3.691616161616166902e+00
5.478282828282824646e+00
3.283838383838389441e-01
0.000000000000000000e+00
9.999999999999960310e-03
5.218383838383833684e+00
5.194949494949504532e-01
8.016161616161630032e-01
1.028484848484849223e+00
0.000000000000000000e+00
4.833333333333325599e-01
5.696969696969717001e-02
0.000000000000000000e+00
4.567070707070700841e+00
6.992929292929281893e-01
7.036363636363635043e-01
2.431313131313128095e-01
9.073737373737366108e-01
2.121212121212122381e-01
8.980808080808059257e-01
1.495050505050506295e+00
5.740404040404035735e-01
5.445454545454538886e-01
0.000000000000000000e+00
8.880808080808064719e-01
3.208282828282827737e+00
4.511111111111117400e-01
4.493939393939396787e-01
0.000000000000000000e+00
0.000000000000000000e+00
6.473737373737379341e-01
1.036969696969696431e+00
2.519191919191918760e-01
1.216161616161617748e-01
1.808585858585855854e+00
1.107575757575758502e+01
9.610101010101033125e-01
1.130404040404039856e+00
1.076464646464644348e+00
1.983838383838384678e-01
2.036363636363638097e-01
1.582444444444445431e+01
9.680707070707077477e+00
5.119191919191905527e-01
6.810101010101017316e-01
1.075757575757574136e+00
8.079797979797992413e-01
7.506060606060589446e-01
2.031313131313130516e-01
0.000000000000000000e+00
0.000000000000000000e+00
4.872727272727266912e-01
4.092828282828280706e+00
7.096969696969692709e-01
1.051333333333334430e+01
6.390404040404042085e+00
2.887171717171713503e+00
5.389898989898997961e-01
0.000000000000000000e+00
8.104040404040405710e-01
6.433333333333323134e-01
0.000000000000000000e+00
2.151141414141413932e+01
4.325252525252520353e-01
4.601010101010097886e-01
7.254545454545457961e-01
8.273737373737368728e-01
7.421212121212124035e-01
8.671717171717154837e-01
1.141212121212118014e+00
0.000000000000000000e+00
0.000000000000000000e+00
8.938888888888889994e+00
5.659595959595947745e-01
9.644848484848475678e+00
1.733333333333331172e-01
6.442424242424247272e-01
0.000000000000000000e+00
5.827373737373740425e+00
0.000000000000000000e+00
2.266161616161619374e+00
0.000000000000000000e+00
4.224242424242429239e-01
5.767171717171708067e+00
6.351515151515157998e-01
8.082828282828284916e-01
1.554333333333333833e+01
9.133333333333347737e-01
9.424242424242412763e-01
0.000000000000000000e+00
6.439393939393949218e-01
0.000000000000000000e+00
8.760606060606050960e-01
4.096767676767671063e+00
2.979797979797979557e-02
4.968181818181810705e+00
2.344111111111111967e+01
7.128282828282813677e-01
0.000000000000000000e+00
8.512121212121217528e-01
1.244828282828283861e+01
9.969696969696961730e-01
6.039393939393946642e-01
9.898383838383837841e+00
0.000000000000000000e+00
4.656565656565654354e-01
0.000000000000000000e+00
6.696969696969708175e-02
1.347020202020202007e+01
1.554545454545456507e-01
2.199494949494947171e+00
1.435252525252525890e+00
7.773737373737358292e-01
3.511111111111111516e-01
1.833333333333332926e-01
1.216161616161618164e-01
4.775757575757564877e-01
1.336868686868687872e+00
6.741414141414138195e-01
8.167676767676769201e-01
2.939393939393943056e-02
3.089898989898984261e-01
2.790606060606062755e+00
9.613131313131312083e+00
6.764646464646454360e-01
5.800000000000006262e-01
1.110404040404039172e+00
0.000000000000000000e+00
1.880505050505050946e+01
5.530303030303020950e-01
3.845454545454547457e-01
1.145353535353533792e+00
4.849494949494944085e-01
6.149494949494946905e-01
1.209999999999998632e+00
5.696969696969710062e-02
3.288888888888888973e-01
0.000000000000000000e+00
3.123232323232327801e-01
9.998989898989901759e-01
1.480505050505050946e+01
1.520757575757576241e+01
7.181818181818185876e-01
2.403030303030307957e-01
7.387878787878787712e-01
6.596969696969705588e-01
8.842424242424240521e-01
2.297979797979792238e-01
8.819191919191927687e-01
0.000000000000000000e+00
1.177676767676768321e+00
7.190909090909096690e-01
7.231313131313130693e-01
5.776767676767686766e-01
9.964646464646443880e-01
2.516161616161619596e-01
2.313858585858585215e+01
5.707070707070694970e-01
2.377171717171714604e+00
7.121212121212129320e-01
8.073737373737362999e-01
4.031313131313135067e-01
5.938383838383821667e-01
5.398989898989903224e-01
3.200101010101005006e+00
7.655555555555564329e-01
7.158585858585863049e-01
8.035353535353552124e-01
0.000000000000000000e+00
4.959595959595965442e-01
5.885858585858579906e-01
8.276767676767691206e-01
7.817171717171708112e-01
1.019696969696972211e+00
1.616161616161617132e-01
0.000000000000000000e+00
1.554545454545456229e-01
0.000000000000000000e+00
5.466666666666665231e-01
0.000000000000000000e+00
1.724242424242422023e-01
6.237373737373727023e-01
7.525252525252527080e-01
3.878787878787880172e-02
1.216161616161617748e-01
1.923535353535349879e+00
6.531313131313122300e-01
3.298080808080808168e+00
0.000000000000000000e+00
0.000000000000000000e+00
7.071717171717172290e-01
9.999999999999974187e-03
0.000000000000000000e+00
5.652525252525242294e-01
1.286262626262628439e+00
0.000000000000000000e+00
7.537373737373734839e-01
5.949494949494938956e-01
9.812121212121210911e-01
0.000000000000000000e+00
9.999999999999962044e-03
