1.028606060606061057e+01
7.317171717171716772e+00
1.999999999999998654e-02
4.038888888888886086e+00
8.456464646464645796e+00
2.533232323232323058e+00
3.264646464646461799e-01
7.318282828282819175e+00
2.431313131313128373e-01
6.514242424242416618e+00
3.439840404040402291e+02
4.249494949494954654e-01
8.272727272727277426e-02
3.780909090909097436e+00
7.658484848484853558e+00
1.997808080808080788e+01
7.737373737373724747e-02
1.752525252525254373e-01
1.496063636363636533e+02
3.185050505050504022e+00
7.575757575757581519e-02
2.422828282828279001e+00
8.506969696969695960e+00
2.648484848484843890e-01
2.131313131313135878e-01
1.785858585858582370e-01
7.257676767676759511e+00
2.046464646464644099e-01
4.516161616161612491e-01
4.677878787878789524e+00
2.001979797979797482e+01
2.818181818181812459e-01
5.581818181818190006e-01
5.134141414141408788e+00
5.158686868686863214e+00
4.900909090909093102e+00
2.915206060606059850e+02
1.533746464646464460e+02
4.179797979797977847e-01
8.506969696969701289e+00
3.786111111111110716e+01
3.037878787878782738e+00
7.750505050505051230e+00
3.315454545454547208e+00
7.535959595959597301e+00
2.205050505050506204e-01
9.444444444444427544e-01
0.000000000000000000e+00
9.184141414141407722e+00
4.376171717171715869e+01
8.040707070707071580e+00
9.888888888888897055e-02
2.233333333333338555e-01
2.897070707070707130e+00
9.379292929292933678e+00
2.016767676767678097e+00
6.112929292929285552e+00
1.655050505050507770e+00
1.714606060606060467e+01
4.626363636363640452e+00
1.521388888888888573e+02
5.077878787878783662e+00
1.423836363636362989e+02
1.418181818181821763e-01
6.652020202020201722e+00
2.818181818181821341e-01
2.218575757575757734e+01
6.441616161616162017e+00
2.560606060606065437e-01
2.234343434343434853e-01
8.666161616161616621e+00
1.485858585858583492e-01
5.717272727272730393e+00
1.277424242424242529e+01
3.787878787878788400e-01
1.800827272727272543e+02
4.718484848484856720e+00
4.820404040404032919e+00
1.382142424242423715e+02
6.508080808080808355e-01
4.073030303030307664e+00
4.636969696969696741e+00
2.799999999999995826e-01
2.251535353535352968e+01
1.647989898989899515e+01
1.105191919191918792e+01
3.081010101010098090e+00
7.469696969696974165e+00
2.746464646464644499e+00
4.419191919191915452e-01
3.755555555555559755e-01
6.488282828282827097e+00
3.959595959595958725e-02
6.409191919191918885e+00
5.508484848484841656e+00
5.841414141414127403e-01
8.347676767676773579e+00
6.660909090909091113e+00
5.289494949494947917e+00
2.148020202020202305e+02
1.221606060606060673e+01
6.858585858585855566e-02
4.508080808080809909e-01
5.141484848484846992e+01
3.550505050505046167e-01
5.034747474747474527e+00
2.380909090909092640e+00
2.415252525252519433e+00
2.904040404040396650e-01
9.589696969696969830e+00
7.840404040404022057e-01
2.438383838383840485e-01
1.775757575757578866e-01
1.186404040404040394e+01
9.573131313131314712e+00
8.321212121212114843e-01
2.979797979797975047e-02
1.175010101010101060e+01
5.717373737373735665e+00
3.066939393939394876e+01
2.453585858585858759e+01
3.716161616161614667e+00
1.463838383838384605e+00
6.414646464646458490e+00
8.854444444444435902e+00
6.616161616161607695e-01
3.817575757575755624e+00
1.986868686868691336e-01
5.044878787878786142e+01
1.237373737373739374e-01
0.000000000000000000e+00
1.821212121212124890e-01
6.466666666666665009e-01
6.435858585858585279e+00
5.106060606060599305e+00
6.656464646464648638e+01
3.328282828282823624e-01
1.539757575757575481e+01
4.539595959595959407e+00
6.818181818181823228e-02
4.411111111111112315e+00
7.104040404040402379e+00
2.560606060606057666e-01
7.920808080808079410e+00
2.354545454545460270e-01
8.503333333333324973e+00
4.568383838383835993e+00
9.214141414141400199e-01
4.912929292929288039e+00
1.009090909090910732e-01
1.031505050505050747e+01
3.601717171717177202e+00
5.696969696969712837e-02
1.098969696969696841e+01
1.750818181818182140e+01
2.509393939393941064e+00
7.639393939393935185e+00
3.019535353535353295e+01
4.678888888888887543e+00
4.342424242424235969e-01
2.091919191919190679e-01
2.979797979797977822e-02
3.255555555555553759e-01
5.808383838383834785e+01
8.074949494949494877e+00
3.325440404040404019e+02
2.179797979797982732e-01
6.889191919191916647e+00
4.361000000000001364e+01
4.370909090909093742e+00
3.796969696969701435e-01
6.520303030303026937e+00
4.424444444444445956e+00
1.121212121212119134e-01
3.019090909090908159e+00
3.730111111111109778e+01
7.237373737373732574e+00
4.592929292929293084e-01
3.787878787878789510e-01
3.418383838383839635e+00
2.554545454545453231e-01
6.161818181818183859e+00
2.964646464646470414e-01
8.136868686868691469e+00
1.888888888888893947e+00
2.923838383838387234e+00
8.584848484848468075e+00
3.998686868686871065e+00
6.300606060606068759e+00
3.388888888888887396e-01
1.059888888888888658e+01
8.080909090909070613e+00
4.226464646464644481e+00
7.395050505050510203e+00
1.109090909090911792e-01
9.566969696969705339e+00
1.313131313131312705e-01
6.750101010101012378e+00
2.820202020202020599e-01
6.377464646464648013e+01
3.642737373737373474e+01
3.740000000000002878e+00
3.387878787878793041e-01
9.999999999999951636e-03
7.271717171717173578e+00
1.979797979797979016e-02
1.343272727272728417e+01
1.652525252525252342e-01
2.359595959595959247e-01
1.460202020202020279e+00
2.166741414141414168e+02
2.524242424242423843e-01
2.206161616161617545e+00
5.005050505050513410e-01
7.668888888888886868e+00
1.652333333333333769e+02
1.214402020202020225e+02
1.094045454545454845e+02
2.967575757575757311e+00
6.062121212121211578e+00
1.152424242424243239e+00
5.654545454545448768e-01
2.146171717171717575e+01
4.020202020202014170e-02
8.535656565656566386e+01
4.638383838383842495e+00
9.847070707070713524e+00
2.590808080808084224e+00
2.842080808080809362e+01
3.367878787878786362e+00
1.139393939393938959e-01
3.939595959595957542e+00
6.637070707070706455e+00
9.820707070707063835e+00
3.045444444444440180e+01
1.136020202020201708e+01
4.076585858585856670e+01
6.976363636363630327e+00
5.144848484848489001e+00
4.133535353535357615e+00
4.116262626262629176e+00
3.984444444444443789e+00
1.142424242424244785e-01
4.482828282828273947e-01
5.323737373737369438e+00
8.005151515151521124e+00
7.433252525252522958e+01
6.887070707070710007e+00
3.809696969696966473e+00
2.813232323232325527e+00
4.686363636363634733e+00
9.197878787878789097e+00
7.097979797979788730e-01
3.333333333333328152e-01
5.502020202020206918e-01
3.394939393939393568e+01
4.324343434343432158e+00
1.428232323232324141e+01
1.774747474747475806e+01
8.869292929292921457e+00
8.676767676767668802e-02
2.000000000000000042e-02
4.736363636363631890e+00
2.802404040404040586e+01
1.660143434343433739e+02
6.290909090909086565e+00
2.051535353535352613e+01
5.180404040404042121e+00
2.113232323232326237e+00
5.429292929292923731e+00
6.162727272727266836e+00
1.876545454545454206e+01
2.309090909090911192e-01
2.484535353535353153e+01
3.190909090909090362e-01
1.206060606060607859e-01
9.011717171717183561e+00
3.316161616161623082e-01
2.513131313131307110e-01
1.039050505050505535e+01
8.029999999999999361e+00
6.705858585858581478e+01
3.606363636363635994e+00
5.466464646464642918e+00
2.019828282828283150e+01
5.144545454545459862e+00
8.799131313131314869e+01
6.619696969696959421e+00
7.150505050505048921e+00
2.815151515151515516e-01
6.813939393939398848e+00
3.555343434343433984e+01
7.844949494949490010e+00
0.000000000000000000e+00
8.408989898989885248e+00
4.551010101010104947e+00
2.052383838383837400e+01
4.363636363636365090e-01
7.102929292929291982e+00
2.333333333333338921e-01
4.298080808080801951e+00
4.272525252525253059e+00
2.948888888888888893e+00
6.496060606060605203e+00
1.728282828282828310e-01
3.367979797979797407e+00
5.784848484848480465e-01
2.810101010101004881e-01
2.821212121212122614e+00
5.137272727272730322e+00
1.425252525252529157e-01
1.646464646464646242e-01
3.849494949494945750e+00
5.202020202020211093e-01
5.878787878787875704e-02
2.939393939393943403e-02
3.492323232323232052e+00
8.902929292929295357e+00
8.369393939393942716e+00
2.245454545454544093e-01
1.581272727272727252e+01
2.889494949494946674e+00
2.812181818181815984e+01
1.331454545454545091e+01
2.497151515151515611e+01
5.208888888888889568e+00
4.863454545454544586e+01
2.934949494949494753e+00
6.087979797979794050e+00
2.939393939393943056e-02
6.291919191919186360e+00
5.884242424242422942e+00
6.499999999999996447e+00
3.458585858585858652e-01
8.176565656565651707e+00
3.891515151515150706e+00
2.843434343434346201e-01
3.279797979797983487e+00
4.900101010101002075e+00
2.297979797979793071e-01
8.052020202020194972e+00
1.942424242424241332e-01
2.980808080808083349e-01
2.297979797979799177e-01
1.979797979797979363e-02
3.071615151515151751e+02
4.302121212121212679e+00
1.062389898989899280e+02
5.891919191919189336e-01
1.041272727272727217e+01
1.293676767676767270e+01
1.103090909090909477e+01
2.975757575757570494e-01
2.537979797979796004e+00
6.777777777777767299e-02
2.696676767676767383e+01
1.357575757575757991e-01
1.143090909090908802e+01
8.028888888888880970e+00
1.107070707070704485e-01
3.464646464646468638e-01
3.476767676767674176e-01
7.676767676767665138e-02
4.030303030303029610e-01
5.696969696969713531e-02
4.863636363636363313e-01
3.767272727272729327e+00
1.009838383838383713e+01
1.378523232323233003e+02
3.295959595959589983e-01
2.319191919191917195e-01
6.575757575757583406e-02
3.624242424242420935e-01
1.910101010101012131e-01
6.293131313131315352e+00
2.963636363636359961e-01
3.991818181818178157e+00
5.852525252525242472e-01
6.002323232323230506e+00
3.298383838383840860e+00
4.446878787878787165e+01
9.237777777777775867e+00
8.272727272727277426e-02
2.091919191919192622e-01
4.654040404040411971e+00
5.850707070707066748e+00
4.860808080808070919e+00
7.826464646464645902e+00
2.427272727272732078e-01
4.550232323232322784e+01
1.322441414141414668e+02
5.251212121212113004e+00
3.590909090909090162e-01
4.919595959595956636e+00
6.873636363636353330e+00
8.091111111111107590e+00
4.150303030303022389e+00
2.443434343434337519e-01
5.793232323232326841e+00
1.491747474747474733e+01
5.418484848484845351e+00
8.994141414141415325e+00
1.205934343434343248e+02
3.472626262626259397e+00
2.056049494949494090e+02
5.086363636363635976e+00
5.688787878787879393e+00
2.504838383838383820e+01
6.227171717171712473e+00
5.138080808080816908e+00
3.939393939393939781e-02
1.984909090909087936e+01
6.391919191919207544e-01
2.540909090909093226e+00
1.053485858585858921e+02
7.692020202020204422e+00
1.557485858585857841e+02
7.305050505050499687e+00
3.881818181818182389e-01
8.513333333333344299e+00
6.226161616161620671e+00
8.899191919191919098e+00
3.045454545454549522e-01
3.640404040404039421e-01
1.646273737373737163e+02
1.278848484848484546e+01
2.667545454545453865e+01
2.121212121212122381e-01
2.243131313131315530e+00
3.739797979797987892e+00
2.511373737373737214e+01
2.230303030303033840e-01
5.497979797979800631e-01
1.999999999999995878e-02
1.377363636363635635e+01
6.062828282828288451e+00
3.989898989898978954e-01
6.437565656565652716e+01
2.360707070707073196e+00
4.867676767676750171e-01
2.995959595959601374e-01
6.267575757575755802e+00
1.042171717171717127e+01
2.111906060606061715e+02
2.118939393939393412e+01
1.242424242424244180e-01
2.939393939393943056e-02
4.432323232323222006e-01
1.974767676767676505e+01
6.398989898989898784e+00
9.999999999999979391e-03
8.310101010101023089e-01
5.365454545454541702e+00
4.898080808080812254e+00
5.065252525252529558e+00
7.179292929292941494e+00
9.429292929292930836e+00
7.018484848484853877e+00
6.908686868686859661e+00
2.039393939393940591e-01
1.979797979797979363e-02
9.333939393939381546e+00
7.449494949494943619e-01
1.999999999999999001e-02
6.195959595959593669e-01
3.737373737373730909e-01
9.909090909090901844e-01
1.139050505050505357e+01
4.966565656565650855e+00
4.054444444444440521e+00
5.142424242424236125e-01
2.979797979797977128e-02
4.367676767676773042e-01
1.356353535353536266e+01
8.370404040404038071e+00
1.369525252525251702e+01
4.151919191919190233e+00
2.525151515151510484e+00
4.231818181818175262e+00
5.129090909090912476e+00
8.583434343434335645e+00
2.266365656565655797e+02
5.892020202020196606e+00
4.497676767676765941e+00
9.392929292929306229e-01
8.310909090909088803e+00
1.981606060606060637e+01
3.619191919191921958e+00
7.355555555555545189e-01
3.878787878787880172e-02
5.475858585858581762e+00
3.005050505050503418e+00
1.076787878787880004e+01
3.421212121212127144e-01
1.893939393939393923e-01
4.164646464646459267e-01
8.190101010101017209e+00
1.557575757575757058e-01
5.696969696969710756e-02
2.599797979797976666e+00
5.364939393939396695e+01
7.951919191919194496e+00
7.859434343434342907e+01
2.151515151515151214e-01
5.931313131313137310e-01
6.961414141414138612e+00
3.424242424242424643e-01
7.550909090909096122e+00
7.666161616161611292e+00
5.000000000000007216e-02
1.128343434343434559e+01
1.286345454545455027e+02
2.636868686868684808e+00
5.442525252525253876e+00
2.764949494949494380e+01
7.013434343434350460e+00
5.535353535353540799e+00
7.595252525252524478e+00
1.216161616161618719e-01
1.833737373737375442e+00
1.166232323232324042e+01
4.905050505050512211e-01
1.098888888888889248e+01
6.220101010101005024e+00
2.423818181818182182e+01
2.087878787878791609e-01
7.979898989898993378e+00
4.147474747474749757e-01
6.579797979797985530e-01
2.301525252525253507e+01
1.092984848484848470e+02
3.290969696969696656e+01
1.480808080808079907e+00
2.609090909090915900e-01
5.845515151515148489e+01
5.662121212121206781e+00
4.790909090909095669e-01
9.501151515151519789e+01
4.473838383838380395e+00
3.130303030303022704e-01
6.047171717171718974e+00
8.202626262626267817e+00
1.557575757575757058e-01
7.111010101010093898e+00
2.403030303030307957e-01
1.075373737373738692e+01
6.858585858585855566e-02
5.375252525252524727e+00
2.590909090909088164e+00
2.513131313131308775e-01
4.233353535353536046e+01
2.343434343434342149e-01
2.122494949494949168e+01
4.838989898989901839e+00
3.542424242424246916e-01
1.033636363636364663e+01
2.939393939393941668e-02
8.982121212121214171e+00
3.048282828282828483e+00
3.582284848484848112e+02
4.978888888888885589e+00
5.903494949494948685e+01
2.650737373737373304e+01
6.581919191919186396e+00
2.742424242424246761e-01
8.371818181818182936e+00
1.083656565656565363e+01
6.754646464646459236e+00
8.732323232323238926e+00
3.157575757575760700e-01
6.173434343434345806e+01
4.068181818181810350e+00
2.424242424242418481e-01
1.098535353535353210e+01
6.516969696969695747e+00
3.634343434343433876e-01
2.361469696969697338e+02
8.574343434343438375e+00
4.695252525252527676e+00
1.604717171717171809e+01
7.496464646464649384e+00
7.208464646464641135e+01
1.187878787878786924e-01
2.212121212121210545e-01
6.750909090909090970e+00
3.494343434343435639e+00
2.236466666666665333e+02
8.922323232323238429e+00
3.897979797979800320e-01
5.401212121212130235e+00
9.924343434343439796e+00
3.939393939393939781e-02
2.222454545454545638e+01
2.194103030303030835e+02
2.878282828282827221e+00
4.176767676767683124e-01
4.394949494949486613e-01
3.117616161616160753e+01
2.812121212121209135e-01
3.473049494949496534e+02
1.998989898989898262e-01
1.158686868686869875e+00
1.810101010101010932e-01
8.252020202020203143e+00
3.514141414141419006e-01
1.683838383838384134e-01
3.308585858585856521e+00
4.515151515151517581e-01
1.751793939393938899e+02
3.146464646464651183e-01
6.427777777777782475e+00
4.213131313131321387e-01
3.849494949494956519e-01
4.066666666666673535e+00
7.339696969696971607e+00
5.029292929292923375e-01
1.744959595959596044e+01
3.095959595959603128e-01
7.562222222222217738e+00
3.803434343434347831e+00
2.123585858585860464e+01
6.218888888888884914e+00
1.645323232323231721e+01
2.602424242424246970e+00
1.387878787878792097e-01
3.564343434343436812e+00
2.979797979797976226e-01
6.440404040404054120e-01
2.636162626262625963e+02
2.296961616161615609e+02
3.135959595959596502e+00
7.906060606060617557e-01
4.444040404040405789e+00
2.580404040404039847e+02
8.124646464646465560e+00
9.313838383838387358e+00
8.139393939393931854e-01
6.122323232323225284e+00
5.424242424242414762e-01
7.644747474747473071e+00
2.638248484848484736e+02
4.390909090909093093e-01
3.206060606060612828e-01
9.166262626262630775e+00
1.651984848484847532e+02
4.166262626262629887e+00
1.005363636363634683e+01
2.460606060606066181e-01
1.403171717171717425e+01
3.005050505050506082e-01
7.434343434343430868e-02
2.718181818181821252e-01
1.063250505050504557e+02
1.540919191919192599e+01
3.663933333333334872e+02
1.216161616161617887e-01
7.522222222222222365e-01
6.850404040404048267e+00
4.013636363636363669e+00
2.136363636363637630e-01
5.076666666666668881e+00
6.648282828282828127e+00
4.030303030303030720e-01
4.186242424242423255e+01
1.688888888888891160e-01
6.464646464646448543e-01
7.876262626262635180e+00
1.753535353535349561e-01
4.116161616161608250e-01
3.645858585858583911e+00
7.443030303030313100e+00
4.807616161616161321e+01
2.817272727272722488e+00
4.313131313131319255e-01
7.017575757575763795e+00
3.768686868686872971e-01
4.422424242424237484e+00
1.860808080808085352e+00
9.999999999999953371e-03
4.707090909090910458e+01
3.037373737373741944e-01
2.643434343434350464e-01
9.999999999999956840e-03
3.796969696969699215e-01
8.272727272727277426e-02
5.137979797979794760e+00
3.207070707070701077e-01
8.948484848484843379e-01
3.004040404040403400e-01
7.491515151515154791e+00
6.598282828282829193e+00
1.230979797979798818e+01
6.330404040404037147e+00
1.101888888888889007e+01
7.843333333333339041e+00
9.303020202020204010e+01
2.089194949494950038e+02
9.219595959595958234e+00
6.109696969696967628e+00
4.566888888888889397e+01
2.790909090909093893e-01
1.391272727272727572e+01
9.838383838383846225e-02
1.837878787878787534e+01
4.739999999999991331e+00
6.818181818181824616e-02
6.896060606060609111e+00
4.318181818181811571e-01
1.216161616161617748e-01
1.609303030303030368e+01
1.959040404040404155e+02
4.534343434343441337e-01
4.593434343434338984e+00
6.977070707070708089e+00
1.378818181818180832e+01
4.592222222222220651e+00
5.286363636363641483e+00
6.247474747474754952e-01
4.260202020202019213e+00
3.191919191919196930e-01
6.034545454545453325e+00
1.324959595959595582e+01
3.726262626262621946e+00
1.016707070707068006e+01
6.741414141414142636e-01
3.412121212121207448e-01
8.918585858585862169e+00
3.952525252525258548e-01
2.092313131313131791e+01
2.127131313131312851e+01
4.365050505050510843e+00
1.431868686868687313e+01
2.864646464646468105e-01
5.460606060606061352e-01
3.651515151515152269e-01
5.266464646464646293e+00
8.972424242424246188e+00
2.263636363636361559e-01
9.295555555555557348e+00
7.234646464646455222e+00
2.738608080808080558e+02
3.021212121212120683e-01
3.616272727272728105e+01
3.837373737373738214e-01
6.696969696969711228e-01
2.944313131313131748e+01
1.042303030303029487e+01
6.441414141414136374e+00
4.007070707070709559e-01
2.031215151515150978e+02
1.138444444444443704e+01
7.004343434343431873e+00
4.325252525252529789e-01
4.588888888888894013e-01
2.535959595959594637e+00
9.635858585858580128e+00
2.519111111111109835e+01
6.575757575757591733e-02
2.665656565656563393e-01
3.436262626262624131e+00
4.361919191919198191e+00
7.156464646464645085e+00
2.579292929292930836e+01
1.212373737373738081e+01
5.890707070707071225e+00
7.951515151515139435e-01
4.797979797979800426e-02
1.885858585858588288e-01
8.701616161616163581e+00
6.309898989898992561e+00
8.982828282828283051e+00
3.876767676767677862e-01
1.042171717171717660e+01
3.484868686868687604e+01
4.225252525252528590e-01
1.078216161616161202e+02
8.459696969696981483e+00
1.276343434343434780e+01
5.088484848484852385e+00
2.345272727272728375e+01
6.254747474747480496e+00
1.979797979797979016e-02
4.253131313131316205e+00
1.086373737373738280e+01
4.967676767676757477e-01
5.584242424242418679e+00
2.660909090909087116e+00
8.884626262626261450e+01
2.291333333333333400e+01
4.555959595959598651e+00
3.460404040404041037e+00
3.012121212121213754e-01
3.013131313131315325e-01
2.389898989898993076e-01
4.776767676767691984e-01
6.180909090909096015e+00
1.059595959595960313e+00
1.252424242424244438e+00
7.091919191919196841e+00
5.665848484848484645e+01
8.246878787878786454e+01
3.575151515151513859e+00
9.272727272727274150e-02
2.043434343434342437e-01
5.849060606060606915e+01
3.955353535353536287e+00
7.035454545454547848e+00
9.343232323232323111e+00
1.546464646464641990e-01
2.847171717171714356e+00
2.778787878787881693e-01
2.543434343434339828e-01
6.129595959595957311e+01
6.292929292929290597e+00
6.513131313131316880e+00
4.512121212121209535e-01
8.884444444444445921e+00
4.361616161616155285e-01
7.995858585858587553e+00
1.846535353535354318e+01
6.674343434343432691e+00
5.335252525252523803e+00
2.600000000000000644e-01
6.637474747474753300e+00
4.753060606060606830e+01
7.263333333333335418e+00
3.991515151515157456e+00
9.838383838383846225e-02
3.246464646464648496e-01
3.896868686868690368e+00
9.075050505050507255e+00
3.078383838383836668e+00
2.560606060606065437e-01
2.532646464646467521e+01
1.618063636363636135e+02
9.437979797979799912e+00
1.289929292929292615e+01
1.414040404040403409e+01
2.328383838383834892e+00
2.923232323232316521e-01
2.168702020202021004e+02
1.637465656565656502e+02
4.954545454545453254e+00
5.120707070707066322e+00
9.662121212121203229e+00
5.459595959595962888e+00
5.426363636363631393e+00
2.690404040404042796e+00
1.979797979797979710e-02
2.331313131313134668e-01
5.573939393939405740e+00
4.507545454545455499e+01
9.325555555555562037e+00
1.463081818181819074e+02
5.805595959595957822e+01
3.490020202020203044e+01
2.806464646464645440e+00
3.433333333333331572e-01
9.814747474747480993e+00
5.117474747474752839e+00
9.595959595959610566e-02
1.942191919191918998e+02
2.161515151515151612e+00
2.188989898989901484e+00
2.437575757575761060e+00
8.498787878787878114e+00
2.859191919191920395e+00
6.963131313131310840e+00
1.338333333333332753e+01
2.499999999999994726e-01
9.595959595959610566e-02
1.132789898989898774e+02
3.963232323232325882e+00
1.098183838383838378e+02
4.673737373737376077e-01
6.553333333333331900e+00
2.939393939393943403e-02
8.881171717171713453e+01
6.777777777777764523e-02
2.567414141414143103e+01
5.696969696969712144e-02
6.751515151515167235e-01
8.486636363636364422e+01
5.300909090909090793e+00
5.487171717171709595e+00
2.038462626262625861e+02
9.654747474747470193e+00
1.274888888888889937e+01
3.181818181818175661e-01
6.384444444444432598e+00
2.196969696969692243e-01
7.775555555555554221e+00
7.078424242424242152e+01
4.129292929292920356e-01
6.709686868686870298e+01
3.620423232323231559e+02
4.538383838383839297e+00
4.878787878787897714e-02
8.596666666666674672e+00
1.240403030303030647e+02
1.596383838383840015e+01
3.171616161616162888e+00
2.574403030303030846e+02
1.025252525252525332e-01
3.666969696969698322e+00
3.508080808080805135e-01
4.482828282828272837e-01
1.620851515151514946e+02
2.297979797979793071e-01
1.942777777777777715e+01
1.721929292929292288e+01
7.045050505050501677e+00
3.066161616161612979e+00
4.455555555555561487e-01
7.378787878787890220e-01
3.021616161616161644e+00
1.548232323232324070e+01
7.573232323232316432e+00
7.521111111111109970e+00
1.943434343434342904e-01
2.592929292929290419e+00
3.787464646464645313e+01
1.055136363636363512e+02
6.133131313131313433e+00
2.587777777777773736e+00
1.012101010101009990e+01
1.752525252525255761e-01
1.979638383838384073e+02
5.992929292929289886e+00
3.857373737373742006e+00
1.469040404040403658e+01
3.481010101010098001e+00
5.614747474747470157e+00
1.245686868686869175e+01
2.715151515151519312e-01
4.504040404040410284e-01
6.020202020202044396e-02
7.089898989898997250e-01
1.136464646464647288e+01
2.317945454545454425e+02
2.608211111111111222e+02
7.624949494949504469e+00
3.812121212121214464e-01
5.379999999999996341e+00
4.928686868686867228e+00
6.061616161616165677e+00
3.866666666666666030e-01
1.061919191919192329e+01
2.159595959595957682e-01
1.339404040404040330e+01
6.566262626262630242e+00
5.493939393939408333e+00
5.260000000000001563e+00
1.236020202020201886e+01
5.423232323232332064e-01
2.669970707070706339e+02
7.148383838383836952e+00
3.172525252525253592e+01
3.502828282828284401e+00
1.015848484848485178e+01
4.707474747474743815e+00
6.721414141414134846e+00
4.512222222222225909e+00
3.227878787878785261e+01
5.418080808080806499e+00
6.133434343434343461e+00
7.022323232323231856e+00
2.242424242424239100e-01
8.162626262626262452e-01
2.648080808080812254e+00
1.111474747474747993e+01
5.191313131313131102e+00
8.697272727272729043e+00
2.896969696969692309e-01
2.197979797979799643e-01
3.636363636363635909e-01
3.878787878787880172e-02
1.850606060606057479e+00
2.696969696969692687e-01
5.945454545454557094e-01
7.557474747474752341e+00
6.553636363636364592e+00
2.895959595959605171e-01
2.979797979797982332e-01
2.881464646464645796e+01
4.758686868686872629e+00
3.463545454545455016e+01
2.317171717171716272e-01
1.009090909090910732e-01
8.087575757575766744e+00
3.828282828282829620e-01
1.066666666666668400e-01
3.161515151515150279e+00
1.721303030303030823e+01
1.107070707070704763e-01
6.911010101010103490e+00
7.097676767676769138e+00
8.985757575757574500e+00
3.016161616161616155e-01
5.897979797979789884e-01
