3.765959595959592843e+00
1.947575757575757516e+00
0.000000000000000000e+00
8.100000000000011635e-01
4.096868686868682552e+00
8.171717171717182149e-01
2.500000000000001110e-01
2.584040404040406802e+00
2.424242424242418759e-01
2.414545454545458103e+00
7.702727272727271668e+01
2.424242424242419314e-01
2.939393939393944791e-02
1.501717171717171784e+00
2.220606060606058474e+00
4.969999999999997087e+00
1.979797979797979710e-02
9.888888888888902606e-02
4.531979797979798974e+01
1.102424242424241640e+00
0.000000000000000000e+00
7.020202020202039872e-01
2.469797979797983434e+00
2.379797979797985685e-01
0.000000000000000000e+00
1.979797979797979016e-02
2.140707070707072557e+00
3.939393939393939781e-02
2.939393939393944097e-02
1.238181818181816052e+00
5.647070707070704465e+00
1.287878787878784237e-01
3.149494949494944240e-01
1.030909090909091441e+00
1.907272727272724566e+00
1.604949494949497790e+00
8.861959595959594083e+01
3.359454545454543961e+01
2.427272727272731245e-01
3.005151515151514019e+00
1.102161616161616564e+01
8.924242424242433414e-01
2.038787878787876373e+00
1.149797979797980041e+00
2.273434343434346250e+00
1.979797979797979363e-02
3.752525252525245048e-01
0.000000000000000000e+00
3.315454545454542767e+00
1.590939393939392588e+01
2.217272727272724619e+00
0.000000000000000000e+00
1.425252525252527214e-01
7.502020202020203143e-01
2.711212121212120518e+00
7.791919191919212118e-01
1.661616161616163101e+00
5.490909090909096291e-01
4.498888888888887827e+00
1.457676767676766794e+00
4.978626262626261934e+01
1.524444444444444935e+00
3.362292929292929244e+01
0.000000000000000000e+00
1.827474747474747030e+00
1.712121212121209823e-01
5.428585858585863733e+00
2.234444444444447786e+00
2.488888888888884654e-01
1.216161616161618581e-01
2.920202020202016246e+00
4.797979797979802508e-02
2.202020202020205986e+00
3.274747474747476517e+00
1.977777777777779411e-01
4.646686868686870042e+01
2.096868686868682996e+00
2.079090909090906436e+00
3.637242424242424477e+01
3.710101010101007901e-01
1.032929292929291476e+00
1.454141414141413957e+00
9.272727272727274150e-02
5.707272727272727941e+00
5.548484848484847909e+00
2.650606060606063519e+00
1.023333333333332318e+00
2.746767676767678967e+00
9.747474747474755841e-01
2.427272727272731245e-01
1.570707070707068886e-01
1.594141414141413859e+00
4.959595959595955450e-02
2.177070707070710487e+00
1.965151515151518202e+00
4.976767676767668291e-01
2.201515151515154756e+00
1.933737373737372867e+00
1.657474747474746435e+00
6.804838383838384175e+01
3.502020202020207140e+00
9.999999999999960310e-03
1.166666666666667795e-01
1.482535353535354083e+01
2.560606060606065437e-01
1.466262626262625934e+00
1.040707070707068915e+00
9.138383838383847824e-01
2.521212121212118573e-01
3.110505050505048885e+00
3.230303030303029455e-01
9.090909090909091161e-02
8.272727272727277426e-02
2.903737373737370397e+00
2.401919191919192897e+00
2.556565656565658040e-01
0.000000000000000000e+00
3.019595959595960721e+00
1.555353535353535488e+00
7.904545454545467642e+00
6.946969696969693686e+00
1.329090909090909767e+00
3.537373737373738503e-01
1.485555555555553742e+00
2.816060606060604155e+00
4.529292929292934033e-01
1.532424242424244021e+00
1.142424242424244785e-01
9.856363636363633773e+00
1.999999999999992409e-02
9.999999999999965514e-03
2.939393939393944097e-02
5.858585858585859535e-02
1.806767676767680353e+00
1.336464646464648576e+00
1.996363636363638250e+01
2.509090909090911925e-01
3.950505050505056293e+00
1.549292929292926946e+00
0.000000000000000000e+00
1.338989898989899840e+00
1.706666666666665888e+00
6.818181818181823228e-02
2.049393939393938879e+00
2.266666666666662111e-01
2.283636363636368571e+00
1.612222222222224000e+00
4.001010101010097908e-01
1.683434343434344171e+00
2.979797979797979210e-02
3.550606060606062098e+00
1.214343434343436279e+00
0.000000000000000000e+00
2.468787878787878309e+00
4.738484848484851852e+00
1.043535353535355092e+00
1.558686868686871563e+00
6.341414141414139394e+00
1.474646464646462762e+00
1.376767676767675086e-01
6.575757575757586182e-02
0.000000000000000000e+00
1.716161616161616665e-01
1.438525252525253073e+01
2.405656565656561607e+00
8.084989898989896062e+01
1.066666666666668400e-01
1.452020202020199102e+00
1.163373737373737171e+01
1.294646464646463269e+00
1.066666666666667568e-01
1.911313131313133518e+00
1.262323232323230293e+00
0.000000000000000000e+00
9.340404040404027830e-01
9.530505050505045261e+00
2.210202020202016726e+00
1.942424242424241332e-01
1.837373737373737548e-01
1.238686868686865949e+00
7.757575757575761732e-02
1.504040404040401624e+00
9.676767676767680793e-02
2.458888888888889124e+00
8.326262626262639355e-01
1.009191919191916753e+00
1.942727272727270194e+00
1.387575757575759239e+00
1.779292929292930259e+00
2.379797979797985408e-01
2.825656565656563313e+00
2.303636363636359707e+00
1.548080808080809057e+00
1.570909090909089478e+00
1.999999999999996225e-02
2.834646464646461084e+00
0.000000000000000000e+00
1.896060606060609111e+00
3.939393939393939781e-02
1.993444444444443420e+01
1.129545454545454497e+01
1.228181818181817375e+00
2.293939393939395388e-01
0.000000000000000000e+00
1.748484848484850751e+00
0.000000000000000000e+00
4.095454545454540352e+00
6.777777777777767299e-02
9.888888888888887341e-02
5.747474747474738965e-01
7.052383838383833847e+01
2.525252525252525415e-01
6.936363636363630514e-01
4.285858585858589587e-01
2.252828282828280404e+00
5.333757575757575609e+01
2.416919191919192755e+01
2.769111111111111256e+01
1.269292929292929584e+00
1.892626262626268652e+00
5.570707070707081598e-01
3.111111111111104499e-01
6.172828282828285218e+00
0.000000000000000000e+00
2.351212121212121531e+01
1.281818181818179525e+00
2.418787878787874046e+00
6.952525252525262323e-01
7.251515151515155466e+00
1.153737373737376393e+00
0.000000000000000000e+00
1.129898989898988626e+00
2.193030303030302441e+00
2.669999999999997708e+00
7.459292929292928420e+00
3.780505050505054143e+00
9.712222222222214540e+00
2.047878787878784745e+00
1.687575757575757285e+00
1.411616161616162435e+00
1.127979797979795196e+00
1.187272727272729700e+00
2.939393939393942362e-02
2.260606060606056567e-01
2.109696969696971625e+00
2.356161616161620120e+00
2.052616161616161605e+01
1.959393939393941242e+00
1.049191919191922340e+00
9.550505050505034843e-01
1.371919191919192205e+00
2.974343434343432957e+00
2.136363636363637353e-01
1.186868686868686185e-01
2.617171717171722367e-01
1.100434343434342566e+01
1.665555555555556788e+00
3.472222222222220989e+00
4.041010101010104272e+00
2.674141414141417705e+00
0.000000000000000000e+00
0.000000000000000000e+00
1.840909090909087720e+00
7.356262626262624060e+00
4.794171717171715130e+01
1.617272727272724531e+00
5.483838383838382846e+00
1.441919191919191379e+00
7.606060606060607299e-01
1.637777777777777555e+00
1.907676767676763419e+00
8.348484848484847731e+00
9.999999999999949901e-03
6.972828282828287705e+00
5.040404040404038166e-02
2.939393939393943403e-02
2.937575757575757951e+00
1.490909090909092738e-01
1.979797979797979016e-02
2.426464646464650876e+00
2.312929292929293279e+00
1.638929292929292103e+01
1.010707070707072219e+00
1.549393939393937325e+00
5.703030303030302228e+00
2.343737373737370788e+00
2.365717171717170686e+01
2.181313131313127762e+00
2.155454545454543513e+00
2.475757575757577267e-01
2.147171717171720395e+00
1.737676767676767753e+01
1.892020202020201713e+00
0.000000000000000000e+00
2.408282828282833243e+00
1.027979797979795995e+00
6.530303030303032941e+00
2.266666666666664887e-01
2.621818181818184712e+00
1.675757575757577111e-01
1.064848484848482713e+00
1.171616161616158669e+00
7.283838383838389108e-01
1.923333333333332229e+00
1.999999999999998307e-02
1.346161616161618335e+00
2.222222222222223209e-01
2.327272727272732267e-01
1.151414141414139447e+00
1.630101010101009829e+00
5.696969696969706592e-02
4.878787878787885224e-02
1.363333333333335062e+00
4.904040404040398982e-01
0.000000000000000000e+00
0.000000000000000000e+00
1.377979797979794974e+00
2.822828282828278468e+00
2.808383838383838871e+00
2.939393939393944444e-02
5.074141414141421613e+00
1.045151515151516053e+00
7.204141414141421507e+00
5.081414141414144936e+00
7.792222222222224381e+00
2.074141414141416284e+00
1.705040404040404312e+01
8.920202020202034898e-01
2.023333333333331208e+00
0.000000000000000000e+00
1.698888888888890891e+00
2.111010101010097006e+00
2.377575757575761894e+00
9.595959595959603627e-02
2.147979797979800765e+00
1.228686868686871048e+00
1.893939393939393923e-01
1.273434343434340699e+00
1.555353535353535266e+00
1.990909090909090684e-01
2.985151515151514889e+00
7.434343434343430868e-02
1.287878787878785347e-01
9.888888888888902606e-02
0.000000000000000000e+00
8.459969696969693587e+01
1.225252525252527036e+00
3.019808080808082451e+01
4.337373737373727001e-01
3.259191919191919418e+00
4.392929292929300011e+00
2.608888888888887259e+00
5.696969696969710062e-02
1.063737373737373870e+00
1.163636363636361970e-01
6.748989898989900205e+00
2.939393939393944097e-02
3.366060606060606197e+00
3.327272727272723607e+00
1.979797979797979016e-02
2.036363636363636709e-01
1.986868686868689948e-01
1.979797979797979363e-02
2.637373737373743254e-01
0.000000000000000000e+00
4.636363636363628471e-01
1.166262626262625224e+00
3.282222222222221042e+00
4.347404040404039449e+01
2.503030303030307491e-01
1.554545454545456507e-01
0.000000000000000000e+00
2.864646464646468660e-01
4.797979797979799038e-02
2.082323232323231021e+00
4.919191919191921725e-02
1.647878787878787499e+00
3.045454545454540640e-01
1.658383838383835629e+00
1.096363636363638205e+00
1.011979797979798157e+01
2.440404040404037023e+00
9.999999999999972453e-03
1.066666666666667568e-01
1.248282828282830215e+00
1.633737373737374154e+00
1.522323232323234743e+00
2.971111111111113257e+00
1.142424242424245895e-01
1.167505050505051400e+01
3.103232323232322187e+01
1.271818181818179738e+00
2.591919191919195287e-01
1.274646464646466359e+00
1.863636363636361981e+00
2.686969696969697008e+00
1.317777777777777048e+00
2.197979797979799643e-01
2.128888888888887276e+00
4.250808080808080369e+00
1.751414141414137315e+00
2.258888888888893387e+00
3.433202020202021032e+01
1.257373737373737477e+00
4.436141414141415851e+01
1.175050505050506677e+00
1.598484848484848397e+00
6.998686868686866625e+00
1.889494949494945564e+00
1.228585858585856228e+00
0.000000000000000000e+00
4.852020202020209005e+00
3.305050505050499132e-01
1.046767676767674571e+00
2.900616161616161293e+01
2.463737373737376224e+00
4.131969696969697736e+01
2.149696969696970328e+00
2.654545454545451100e-01
2.295555555555553351e+00
2.181818181818178548e+00
3.198989898989903491e+00
5.797979797979806171e-02
2.500000000000001110e-01
5.681030303030300388e+01
3.816363636363638623e+00
7.257575757575755127e+00
1.066666666666667984e-01
9.045454545454554296e-01
9.549494949494931051e-01
5.279898989898994088e+00
3.878787878787880172e-02
1.622222222222219346e-01
0.000000000000000000e+00
4.057272727272731139e+00
1.879090909090906703e+00
2.378787878787873011e-01
1.573090909090910117e+01
8.309090909090917076e-01
9.555555555555543534e-02
2.460606060606066736e-01
1.722222222222223653e+00
2.929999999999996607e+00
5.025282828282828262e+01
5.719797979797978549e+00
2.939393939393941321e-02
9.999999999999967248e-03
2.686868686868692513e-01
7.966363636363636758e+00
2.125555555555551202e+00
0.000000000000000000e+00
5.619191919191911522e-01
2.130505050505050235e+00
1.948989898989896830e+00
1.299595959595957195e+00
2.106969696969699601e+00
3.422828282828281665e+00
1.907878787878787286e+00
1.900909090909091104e+00
1.999999999999999001e-02
0.000000000000000000e+00
2.217676767676773686e+00
3.892929292929289131e-01
0.000000000000000000e+00
3.685858585858579617e-01
2.121212121212122381e-01
3.052525252525246091e-01
3.302626262626263465e+00
1.385656565656566919e+00
1.192626262626260480e+00
2.648484848484845000e-01
0.000000000000000000e+00
3.833333333333325266e-01
3.862525252525254249e+00
2.562323232323237665e+00
3.600101010101006693e+00
1.413939393939396716e+00
9.207070707070719173e-01
1.124343434343432424e+00
1.488787878787878993e+00
2.729191919191913840e+00
6.833383838383838338e+01
1.717272727272728838e+00
1.428888888888887543e+00
6.246464646464635617e-01
2.820404040404044910e+00
6.385757575757574855e+00
1.142525252525252721e+00
5.194949494949501201e-01
0.000000000000000000e+00
1.680707070707069484e+00
1.195757575757574243e+00
3.129898989898991069e+00
2.366666666666671637e-01
4.797979797979806671e-02
9.888888888888897055e-02
2.144141414141413460e+00
3.878787878787880172e-02
0.000000000000000000e+00
1.134646464646463127e+00
1.088767676767675674e+01
3.328686868686875133e+00
2.462282828282829428e+01
0.000000000000000000e+00
2.479797979797985219e-01
2.161414141414137902e+00
1.360606060606060763e-01
2.551818181818181319e+00
2.665252525252526095e+00
0.000000000000000000e+00
3.608787878787879322e+00
3.347939393939393682e+01
8.770707070707067787e-01
1.838989898989899840e+00
8.387171717171719720e+00
2.162323232323233757e+00
1.627777777777775547e+00
2.914949494949494291e+00
3.878787878787880172e-02
7.868686868686880498e-01
4.598888888888887472e+00
4.807070707070715265e-01
3.928383838383836313e+00
1.824545454545455359e+00
5.421818181818181870e+00
1.999999999999995531e-02
1.901212121212118022e+00
1.784848484848485517e-01
5.746464646464649606e-01
5.216262626262614610e+00
3.052353535353534753e+01
1.158737373737373311e+01
7.821212121212128832e-01
2.979797979797982332e-02
1.423545454545453737e+01
1.485252525252524824e+00
3.167676767676767535e-01
2.448424242424242081e+01
1.411717171717172148e+00
1.009090909090910038e-01
1.928383838383838089e+00
2.282727272727270051e+00
6.575757575757584794e-02
1.659696969696971225e+00
8.272727272727277426e-02
3.299595959595962302e+00
0.000000000000000000e+00
1.615454545454549029e+00
1.046262626262624007e+00
9.090909090909086998e-02
1.433161616161616081e+01
1.142424242424244091e-01
7.537979797979797780e+00
1.180101010101011871e+00
1.893939393939393923e-01
2.844747474747470584e+00
0.000000000000000000e+00
2.820606060606061227e+00
8.386868686868691469e-01
8.048949494949494010e+01
1.834545454545454257e+00
1.454363636363635415e+01
1.040030303030304459e+01
1.554545454545451788e+00
2.939393939393944097e-02
2.033232323232321725e+00
3.706868686868686869e+00
1.701313131313128446e+00
2.245959595959596822e+00
2.475757575757577267e-01
2.392959595959596086e+01
9.771717171717192452e-01
1.733333333333331450e-01
2.775252525252520641e+00
1.614646464646464885e+00
3.103030303030298032e-01
7.250080808080808481e+01
2.608787878787871772e+00
1.582323232323231466e+00
4.805050505050497911e+00
1.949898989898987800e+00
1.989686868686867172e+01
0.000000000000000000e+00
4.878787878787885918e-02
1.697979797979799033e+00
1.411616161616162213e+00
5.474777777777780585e+01
2.237777777777781640e+00
1.203030303030303005e-01
1.721414141414143950e+00
3.072525252525256434e+00
0.000000000000000000e+00
6.222626262626258509e+00
6.124848484848484276e+01
1.089494949494949960e+00
3.263636363636366888e-01
3.030303030303025391e-01
9.146464646464641746e+00
1.842424242424241798e-01
7.961474747474746039e+01
1.979797979797979363e-02
6.086868686868699418e-01
1.999999999999998307e-02
2.122727272727270353e+00
2.600000000000000644e-01
1.979797979797979363e-02
1.173535353535353210e+00
3.303030303030295989e-01
5.201565656565657036e+01
2.621212121212118107e-01
1.814141414141409836e+00
2.782828282828281319e-01
1.943434343434342904e-01
1.053131313131314695e+00
2.529696969696973330e+00
3.278787878787874366e-01
5.177676767676765657e+00
6.575757575757590345e-02
2.293636363636367914e+00
1.889595959595958163e+00
5.827878787878792544e+00
2.219090909090914110e+00
4.499595959595961148e+00
1.073737373737376100e+00
3.878787878787880172e-02
8.451515151515157642e-01
2.082828282828283195e-01
5.295959595959600641e-01
6.591191919191922466e+01
5.240434343434343134e+01
1.199292929292931742e+00
2.635353535353539001e-01
1.329898989898988804e+00
5.273949494949491879e+01
3.205151515151512864e+00
2.634343434343437540e+00
3.949494949494946061e-01
1.786868686868684053e+00
3.534343434343434343e-01
1.983636363636363198e+00
8.951898989898982961e+01
3.255555555555553759e-01
8.757575757575766784e-02
2.587777777777776400e+00
5.419454545454547656e+01
1.309191919191922127e+00
3.087474747474742376e+00
1.990909090909090962e-01
4.898787878787874028e+00
2.079797979797982643e-01
0.000000000000000000e+00
2.160606060606058421e-01
2.351030303030305646e+01
5.414040404040413534e+00
1.043092929292928943e+02
9.999999999999995004e-03
6.031313131313121856e-01
1.989494949494951648e+00
1.496767676767675637e+00
1.788888888888890416e-01
1.708585858585856876e+00
1.419898989898986441e+00
3.186868686868690737e-01
1.087171717171716701e+01
1.979797979797979016e-02
3.500000000000005329e-01
3.040303030303025622e+00
2.939393939393944097e-02
3.622222222222225008e-01
1.175252525252523661e+00
1.932020202020205302e+00
1.310040404040404560e+01
1.028181818181815421e+00
3.123232323232330576e-01
2.125050505050508409e+00
2.430303030303024858e-01
1.490303030303026466e+00
7.433333333333331794e-01
0.000000000000000000e+00
1.593151515151514808e+01
2.197979797979799643e-01
2.424242424242418759e-01
0.000000000000000000e+00
1.357575757575757991e-01
1.979797979797979016e-02
1.437474747474748460e+00
1.942424242424241887e-01
5.026262626262633093e-01
1.066666666666668400e-01
1.990303030303026466e+00
1.593434343434346312e+00
3.000606060606057834e+00
2.199595959595958217e+00
3.430303030303034628e+00
2.903030303030303294e+00
3.172626262626261706e+01
8.384757575757573989e+01
2.059191919191921460e+00
1.351717171717174315e+00
1.238444444444443704e+01
2.233333333333338555e-01
4.446969696969702568e+00
0.000000000000000000e+00
4.562626262626258367e+00
1.250303030303027807e+00
0.000000000000000000e+00
1.715757575757579145e+00
2.234343434343435408e-01
3.878787878787880172e-02
5.335050505050502601e+00
5.035656565656564965e+01
3.110101010101015695e-01
1.151010101010098818e+00
2.066060606060607707e+00
5.133636363636366440e+00
1.443838383838380590e+00
1.467070707070705637e+00
3.090909090909088608e-01
1.552929292929291272e+00
1.425252525252528324e-01
1.547676767676765319e+00
3.789292929292928935e+00
1.391010101010102584e+00
1.967070707070704083e+00
4.745454545454546036e-01
2.160606060606057865e-01
2.412323232323225319e+00
2.516161616161621262e-01
6.630101010101010495e+00
5.671414141414140353e+00
1.714141414141412856e+00
5.802424242424238265e+00
9.888888888888890116e-02
3.501010101010104125e-01
2.621212121212116997e-01
1.617171717171717704e+00
3.375555555555553866e+00
6.575757575757586182e-02
2.187272727272725259e+00
1.913030303030300638e+00
8.741848484848485157e+01
1.357575757575757991e-01
9.524343434343434112e+00
1.387878787878792375e-01
2.843434343434351197e-01
9.932727272727275292e+00
3.103333333333334831e+00
1.569595959595960322e+00
2.358585858585862671e-01
4.796181818181818102e+01
3.475858585858588867e+00
2.299898989898985668e+00
2.585858585858590852e-01
3.123232323232331131e-01
7.857575757575760989e-01
2.939797979797976080e+00
1.052030303030304026e+01
0.000000000000000000e+00
1.979797979797979363e-02
1.364646464646462221e+00
1.525252525252524638e+00
2.669090909090904962e+00
6.285050505050507219e+00
3.529191919191917215e+00
1.747777777777779429e+00
3.414141414141406705e-01
0.000000000000000000e+00
0.000000000000000000e+00
3.072626262626258598e+00
1.932727272727275070e+00
2.936060606060606926e+00
1.088888888888888684e-01
2.764848484848484667e+00
1.001292929292928058e+01
3.854545454545459382e-01
2.497676767676768961e+01
2.708888888888888236e+00
3.672020202020202184e+00
1.448484848484850263e+00
4.820909090909082373e+00
2.291616161616166547e+00
9.999999999999953371e-03
1.473737373737372902e+00
3.334848484848482730e+00
1.457575757575757247e-01
2.192929292929297169e+00
1.185656565656566075e+00
2.537030303030300260e+01
6.164949494949493847e+00
1.384949494949495374e+00
1.093535353535355581e+00
4.919191919191923806e-02
2.354545454545460548e-01
3.878787878787879478e-02
1.917171717171715084e-01
1.984848484848486860e+00
4.462626262626253060e-01
5.219191919191925599e-01
1.704949494949496103e+00
1.461202020202020435e+01
1.951373737373737072e+01
1.415959595959595418e+00
9.999999999999998473e-03
1.216161616161616915e-01
1.369929292929292686e+01
1.129090909090906480e+00
2.938080808080810957e+00
2.860606060606057710e+00
9.999999999999995004e-03
1.134343434343433987e+00
1.457575757575757247e-01
3.939393939393939087e-02
1.549606060606059188e+01
2.261212121212123449e+00
1.865151515151515227e+00
3.801010101010096065e-01
2.612424242424247645e+00
2.968686868686864488e-01
2.615050505050500185e+00
6.132727272727269252e+00
1.367474747474749508e+00
1.837474747474749481e+00
6.575757575757590345e-02
1.901616161616162870e+00
1.088020202020201843e+01
1.867272727272731636e+00
9.050505050505056603e-01
9.999999999999956840e-03
1.666666666666663521e-01
1.486969696969698829e+00
2.904040404040403089e+00
1.004343434343435204e+00
2.036363636363636986e-01
6.460505050505037872e+00
4.033484848484846452e+01
3.311515151515150635e+00
3.477777777777779189e+00
3.691313131313124885e+00
1.085555555555555829e+00
2.327272727272731989e-01
6.410676767676766019e+01
3.892383838383837258e+01
1.255050505050506970e+00
1.559797979797980183e+00
3.152121212121216320e+00
2.171212121212124035e+00
1.977272727272725739e+00
9.117171717171730361e-01
0.000000000000000000e+00
9.888888888888897055e-02
1.756666666666669263e+00
1.571232323232323935e+01
2.889999999999994795e+00
3.651676767676763546e+01
1.757878787878787108e+01
1.012343434343434190e+01
1.173636363636365809e+00
1.065656565656565025e-01
2.399494949494950902e+00
1.596060606060606624e+00
0.000000000000000000e+00
6.885595959595956117e+01
7.383838383838390307e-01
7.421212121212116264e-01
9.316161616161611203e-01
2.840707070707077175e+00
1.133636363636363109e+00
2.222121212121210387e+00
3.239999999999997549e+00
8.555555555555545422e-02
0.000000000000000000e+00
3.686777777777776066e+01
1.813737373737371206e+00
3.564747474747473888e+01
2.548484848484844911e-01
1.677070707070705824e+00
0.000000000000000000e+00
2.211616161616163012e+01
0.000000000000000000e+00
8.971919191919182524e+00
0.000000000000000000e+00
4.878787878787884114e-01
1.985848484848484219e+01
1.707373737373738543e+00
1.891515151515151372e+00
5.273676767676768407e+01
2.124646464646466448e+00
3.457171717171714675e+00
1.215151515151516870e-01
1.967070707070708080e+00
1.979797979797979363e-02
2.619090909090911801e+00
1.698777777777777587e+01
1.215151515151515482e-01
1.897646464646463471e+01
8.044868686868686325e+01
1.545151515151515165e+00
0.000000000000000000e+00
2.617272727272730304e+00
3.976101010101005784e+01
3.091313131313133233e+00
1.186262626262623909e+00
3.734535353535353863e+01
9.999999999999953371e-03
1.048686868686869333e+00
9.999999999999981126e-03
2.043434343434344935e-01
4.886363636363636687e+01
2.036363636363636709e-01
7.290000000000001812e+00
5.039494949494949694e+00
2.543939393939391724e+00
1.015959595959593953e+00
2.993939393939398230e-01
3.219191919191922713e-01
8.992929292929290330e-01
5.205959595959591013e+00
2.203030303030298231e+00
2.066565656565653608e+00
9.888888888888891504e-02
7.708080808080818302e-01
9.654040404040401313e+00
3.207070707070706561e+01
1.453535353535355013e+00
8.916161616161617509e-01
2.706464646464647572e+00
8.272727272727276038e-02
5.877272727272724495e+01
1.672222222222224719e+00
1.228585858585855561e+00
4.447070707070706064e+00
1.166767676767678674e+00
2.026969696969695978e+00
3.638888888888886175e+00
1.893939393939393923e-01
4.334343434343438384e-01
0.000000000000000000e+00
4.978787878787874210e-01
2.976060606060606517e+00
6.829070707070710000e+01
5.063787878787877617e+01
2.253131313131314428e+00
2.624242424242423377e-01
1.956161616161612438e+00
1.809494949494946381e+00
2.398181818181813973e+00
2.575757575757576801e-01
3.272222222222222143e+00
0.000000000000000000e+00
4.855959595959595809e+00
1.756161616161618921e+00
1.581717171717168080e+00
1.405353535353535799e+00
3.297979797979800232e+00
3.146464646464641746e-01
6.054060606060603078e+01
2.239898989898986503e+00
8.455656565656568091e+00
1.654040404040403534e+00
2.424545454545450784e+00
1.710909090909094044e+00
1.959999999999995524e+00
1.149797979797978709e+00
1.053909090909089485e+01
1.172626262626263349e+00
1.869292929292927008e+00
2.172828282828285662e+00
4.919191919191923806e-02
6.248484848484853194e-01
9.802020202020194084e-01
2.588080808080811757e+00
1.931212121212118937e+00
3.238989898989897309e+00
2.197979797979799643e-01
6.575757575757590345e-02
2.415151515151519601e-01
9.999999999999991535e-03
7.726262626262635491e-01
9.999999999999981126e-03
3.757575757575750686e-01
2.045454545454542750e+00
2.442424242424240610e+00
1.616161616161617132e-01
1.842424242424241798e-01
7.176363636363632281e+00
1.423333333333333339e+00
1.117191919191919425e+01
6.575757575757583406e-02
0.000000000000000000e+00
1.966868686868687766e+00
1.166666666666668767e-01
9.999999999999974187e-03
1.164343434343432238e+00
3.907171717171721959e+00
0.000000000000000000e+00
1.695151515151512189e+00
2.291010101010099387e+00
3.000404040404038408e+00
1.216161616161619136e-01
1.744444444444442632e-01
