1.346676767676768094e+01
9.561515151515148858e+00
5.797979797979802702e-02
5.733636363636362532e+00
1.304353535353535598e+01
3.845959595959595578e+00
3.343434343434343314e-01
9.326969696969705126e+00
2.867676767676771710e-01
9.576060606060604385e+00
4.049598989898989885e+02
4.199999999999997069e-01
1.490909090909092460e-01
5.305757575757577449e+00
1.132626262626263980e+01
2.362525252525250608e+01
1.215151515151517009e-01
1.931313131313131815e-01
1.797711111111111393e+02
4.872323232323234166e+00
1.290909090909092005e-01
3.241414141414146854e+00
1.174959595959596648e+01
3.204040404040412460e-01
2.567676767676771443e-01
1.893939393939391425e-01
1.030363636363635926e+01
2.822222222222223187e-01
5.165656565656548960e-01
5.405959595959600072e+00
3.137676767676767753e+01
3.146464646464650072e-01
6.311111111111118444e-01
5.369090909090911801e+00
7.738383838383838587e+00
8.010303030303029814e+00
4.124504040404041803e+02
2.017206060606060589e+02
5.049494949494961471e-01
1.153404040404040565e+01
5.423313131313129531e+01
3.722626262626270499e+00
9.069898989898996788e+00
4.200505050505058513e+00
1.147787878787877780e+01
2.354545454545454719e-01
1.238282828282827097e+00
9.999999999999968983e-03
1.405494949494949530e+01
6.646171717171721127e+01
1.211666666666666359e+01
9.888888888888897055e-02
3.073737373737374656e-01
4.130505050505055564e+00
9.803838383838382242e+00
2.628484848484845759e+00
8.018787878787886569e+00
2.485454545454547581e+00
2.259181818181818358e+01
6.449595959595956884e+00
2.296640404040403496e+02
6.394646464646466022e+00
1.897628282828282238e+02
1.454545454545450867e-01
9.191414141414140815e+00
3.413131313131312350e-01
3.436858585858585258e+01
8.285454545454554065e+00
2.818181818181823561e-01
2.260606060606057399e-01
1.311424242424241626e+01
1.986868686868691058e-01
1.049939393939393284e+01
1.793878787878787762e+01
4.269696969696962774e-01
3.141315151515152024e+02
7.533232323232319061e+00
6.810404040404035797e+00
1.822664646464645841e+02
1.210606060606061352e+00
4.915757575757575104e+00
6.032424242424236027e+00
3.267676767676773730e-01
2.917585858585861303e+01
2.126454545454544132e+01
1.507535353535354794e+01
4.027373737373739715e+00
1.040868686868686410e+01
3.960606060606057355e+00
5.315151515151506079e-01
3.796969696969700880e-01
7.834545454545455812e+00
5.878787878787888194e-02
9.071818181818185778e+00
6.655454545454544402e+00
5.932323232323243323e-01
1.196454545454544949e+01
9.026060606060605451e+00
6.329292929292928527e+00
2.909551515151516128e+02
1.785222222222219202e+01
1.682828282828288669e-01
5.311111111111118666e-01
7.933161616161618213e+01
4.374747474747468501e-01
6.300505050505056381e+00
2.986868686868682676e+00
3.373939393939396680e+00
3.232323232323227047e-01
1.503626262626262822e+01
1.032626262626263891e+00
3.319191919191913920e-01
2.444444444444439368e-01
1.469676767676768137e+01
1.219373737373737221e+01
1.155353535353533800e+00
8.636363636363622587e-02
1.553919191919192500e+01
7.503333333333339183e+00
4.056676767676771789e+01
3.098909090909090835e+01
3.835757575757578142e+00
1.917070707070706037e+00
7.889898989898997961e+00
1.305929292929293339e+01
6.747474747474765389e-01
6.015555555555557099e+00
2.213131313131316835e-01
6.898515151515152866e+01
2.196969696969689745e-01
0.000000000000000000e+00
2.261616161616158693e-01
8.551515151515159952e-01
9.831414141414143160e+00
6.426060606060601366e+00
9.962404040404037175e+01
4.030303030303028500e-01
2.271151515151513323e+01
6.376868686868687242e+00
1.646464646464647907e-01
6.635454545454547493e+00
9.207474747474746479e+00
3.461616161616157816e-01
8.966565656565659737e+00
2.782828282828281319e-01
1.048191919191918053e+01
6.808686868686870675e+00
1.417676767676768534e+00
7.544343434343432797e+00
1.752525252525254928e-01
1.376111111111111462e+01
5.191818181818183220e+00
1.066666666666671870e-01
1.601606060606060922e+01
2.500535353535354233e+01
3.040606060606057426e+00
1.148868686868688194e+01
3.911535353535354176e+01
6.153030303030299741e+00
5.573737373737376322e-01
2.859595959595962467e-01
5.000000000000006523e-02
3.690909090909090806e-01
7.693797979797977860e+01
1.332545454545453190e+01
3.702287878787881823e+02
2.677777777777780588e-01
1.063979797979797048e+01
5.962535353535356109e+01
5.786868686868684719e+00
3.914141414141410480e-01
9.086969696969701360e+00
5.962323232323229583e+00
6.777777777777777013e-02
4.352121212121212501e+00
5.312484848484848499e+01
9.243131313131303983e+00
5.312121212121210245e-01
3.776767676767673887e-01
4.429696969696970577e+00
3.389898989898985082e-01
9.984848484848486194e+00
3.758585858585852812e-01
1.247494949494949523e+01
2.805555555555560243e+00
4.549393939393942432e+00
1.187434343434342665e+01
7.129191919191917748e+00
8.078181818181816354e+00
3.979797979797979890e-01
1.334131313131312879e+01
1.301737373737373105e+01
5.837070707070711961e+00
9.415252525252524762e+00
1.656565656565654743e-01
1.275424242424242038e+01
1.959595959595961945e-01
1.031676767676768236e+01
4.737373737373743454e-01
9.617161616161617133e+01
4.719090909090908781e+01
4.119898989898994834e+00
5.452525252525249888e-01
3.020202020202015364e-02
9.444646464646469397e+00
8.555555555555550973e-02
1.963575757575758374e+01
2.818181818181822451e-01
3.203030303030298676e-01
1.723131313131311071e+00
3.437573737373739391e+02
2.616161616161620240e-01
2.614444444444449012e+00
4.812121212121215907e-01
1.287424242424241605e+01
2.500596969696970007e+02
1.426740404040403689e+02
1.550297979797979622e+02
4.493838383838382633e+00
7.648787878787880246e+00
1.705757575757576694e+00
5.808080808080814395e-01
2.774959595959596825e+01
1.004040404040405787e-01
1.047764646464646887e+02
5.371111111111108727e+00
1.439181818181818606e+01
3.219696969696967948e+00
4.512262626262627663e+01
4.089494949494948628e+00
1.585858585858585523e-01
5.575858585858584959e+00
8.585454545454537012e+00
1.134656565656564631e+01
3.870414141414140374e+01
1.824353535353534994e+01
6.042414141414139550e+01
1.048474747474748625e+01
7.919797979797976062e+00
6.203939393939389646e+00
4.871111111111114056e+00
4.739292929292920675e+00
1.142424242424244091e-01
5.001010101010094910e-01
7.739292929292933998e+00
1.090989898989898599e+01
9.245050505050502920e+01
1.028797979797980666e+01
5.471010101010095994e+00
3.779595959595956955e+00
6.232929292929298981e+00
1.271595959595959791e+01
7.817171717171731427e-01
4.668686868686860447e-01
6.758585858585858253e-01
4.352222222222221859e+01
5.294848484848488468e+00
1.831535353535355171e+01
2.186333333333334394e+01
8.972020202020210888e+00
1.688888888888889217e-01
4.919191919191921725e-02
7.743333333333351831e+00
4.909585858585858631e+01
2.211708080808080297e+02
8.321111111111116898e+00
2.637737373737373758e+01
6.517474747474740759e+00
3.242727272727271792e+00
7.370505050505044231e+00
8.054343434343444130e+00
3.028989898989896545e+01
3.655555555555555225e-01
2.970969696969695306e+01
5.036363636363634377e-01
2.691919191919200927e-01
1.408191919191917307e+01
3.316161616161623638e-01
3.187878787878790643e-01
1.538727272727271966e+01
1.085323232323231935e+01
7.783696969696968893e+01
4.843535353535358468e+00
9.024040404040412966e+00
2.602363636363635990e+01
8.150202020202018005e+00
1.303905050505050554e+02
9.446464646464653114e+00
8.155858585858593912e+00
3.195959595959600441e-01
8.343434343434340761e+00
5.547828282828281488e+01
1.168141414141414813e+01
4.919191919191921725e-02
1.252909090909091105e+01
5.419292929292934602e+00
3.650545454545454760e+01
4.524242424242418958e-01
1.089797979797980432e+01
2.622222222222225785e-01
6.365858585858592100e+00
5.832020202020200550e+00
3.719393939393939252e+00
8.972222222222228538e+00
2.385858585858587622e-01
6.336262626262620934e+00
7.207070707070704074e-01
3.090909090909094714e-01
3.530303030303030276e+00
7.790101010101011525e+00
2.043434343434342437e-01
2.168686868686868496e-01
4.420101010101009642e+00
5.571717171717170958e-01
7.818181818181819953e-02
3.878787878787880172e-02
5.702626262626264264e+00
1.597555555555556772e+01
1.165313131313131123e+01
3.057575757575754505e-01
2.069888888888889511e+01
4.138989898989899885e+00
4.371808080808079922e+01
2.194494949494950120e+01
3.409858585858584945e+01
7.762727272727276251e+00
7.547909090909089969e+01
4.185656565656569406e+00
9.334848484848484063e+00
9.454545454545464078e-02
1.010898989898990052e+01
9.155858585858590359e+00
1.118494949494948720e+01
4.127272727272727204e-01
1.106787878787879187e+01
4.891616161616162195e+00
3.097979797979805161e-01
3.971818181818188354e+00
5.564242424242427987e+00
2.737373737373735016e-01
1.106656565656566471e+01
2.079797979797982366e-01
3.189898989898992121e-01
2.284848484848485406e-01
1.045454545454547329e-01
3.869291919191920215e+02
5.641818181818180733e+00
1.460183838383838406e+02
5.840404040404044705e-01
1.461757575757576255e+01
1.702787878787878029e+01
1.571373737373739132e+01
4.276767676767681547e-01
3.747777777777777430e+00
1.307070707070708548e-01
3.568797979797979281e+01
2.188888888888894102e-01
1.765090909090908511e+01
1.105787878787878498e+01
1.646464646464644022e-01
3.748484848484849863e-01
4.383838383838391528e-01
1.440404040404038299e-01
4.241414141414143746e-01
1.142424242424243674e-01
5.800000000000010703e-01
5.891010101010103917e+00
1.458979797979799287e+01
1.677033333333333474e+02
3.635353535353534338e-01
2.621212121212116442e-01
1.088888888888890211e-01
3.934343434343429147e-01
3.348484848484851173e-01
8.401717171717166366e+00
3.884848484848480443e-01
5.028888888888882747e+00
6.492929292929290330e-01
9.009191919191923859e+00
4.761111111111115513e+00
7.978565656565656639e+01
1.318868686868686524e+01
1.659595959595960568e-01
2.723232323232319674e-01
6.299696969696974236e+00
8.421111111111107661e+00
6.206969696969697914e+00
1.245191919191919894e+01
2.509090909090911925e-01
6.045525252525250437e+01
1.938887878787878094e+02
6.560202020202016371e+00
4.047474747474751888e-01
7.992828282828283726e+00
1.093393939393940606e+01
9.996969696969694397e+00
6.610303030303027683e+00
2.500000000000001110e-01
8.068080808080814847e+00
2.232868686868686936e+01
9.562727272727268968e+00
1.273717171717171048e+01
1.803249494949495499e+02
5.778484848484853664e+00
2.534641414141414089e+02
6.525959595959597515e+00
7.932424242424238159e+00
3.655343434343433984e+01
7.655050505050498444e+00
5.619595959595951484e+00
6.777777777777767299e-02
2.753313131313131024e+01
3.365656565656559018e-01
3.527373737373738383e+00
1.340027272727272702e+02
1.090030303030303394e+01
2.328886868686868752e+02
1.080090909090909435e+01
4.196969696969699570e-01
1.230555555555556246e+01
7.661010101010097273e+00
1.113292929292928868e+01
2.419191919191922835e-01
4.078787878787876187e-01
2.890225252525253268e+02
1.726727272727273998e+01
4.330747474747472836e+01
2.266666666666661278e-01
3.330101010101011116e+00
4.553838383838368919e+00
3.536666666666665293e+01
2.721212121212115420e-01
8.944444444444445974e-01
5.858585858585859535e-02
1.978646464646464764e+01
8.858585858585858119e+00
4.597979797979789840e-01
9.001202020202019582e+01
3.607474747474747723e+00
6.330303030303020551e-01
3.413131313131307909e-01
8.395252525252526965e+00
1.376393939393939903e+01
3.143516161616163345e+02
2.878717171717171652e+01
2.638383838383837610e-01
7.898989898989905445e-02
5.210101010100995911e-01
3.167858585858586196e+01
9.629191919191919524e+00
1.999999999999995878e-02
1.107676767676767371e+00
6.931818181818187874e+00
6.629797979797974250e+00
6.163535353535356087e+00
9.407575757575752817e+00
1.230252525252524620e+01
1.039666666666666828e+01
1.201676767676768165e+01
2.924242424242428640e-01
4.878787878787898408e-02
1.200636363636363235e+01
9.682828282828304101e-01
5.000000000000001665e-02
6.608080808080796231e-01
3.978787878787878318e-01
1.281616161616164096e+00
1.606858585858584831e+01
8.615050505050509955e+00
5.629999999999999893e+00
6.883838383838397634e-01
6.818181818181823228e-02
4.596969696969688823e-01
2.154696969696969333e+01
1.185636363636364088e+01
1.896020202020201850e+01
6.186868686868693956e+00
2.921818181818176541e+00
5.562828282828283122e+00
7.309696969696977575e+00
1.284393939393938489e+01
3.356886868686867729e+02
7.990303030303030241e+00
7.890404040404034092e+00
1.027272727272725339e+00
1.309111111111110581e+01
2.780707070707070372e+01
5.895656565656567594e+00
8.612121212121226499e-01
9.696969696969694186e-02
7.646363636363625815e+00
3.954747474747478009e+00
1.406232323232324433e+01
4.790909090909080681e-01
1.893939393939393923e-01
5.309090909090902199e-01
1.097080808080807834e+01
1.889898989898994019e-01
1.315151515151516404e-01
4.214343434343435391e+00
8.104333333333333655e+01
1.340828282828283413e+01
1.231072727272727008e+02
2.830303030303024658e-01
7.849494949494960627e-01
7.984747474747472928e+00
3.251515151515150803e-01
1.074939393939393817e+01
9.618383838383838480e+00
5.979797979797978058e-02
1.459161616161615882e+01
1.709965656565656218e+02
3.385252525252524514e+00
7.506464646464651835e+00
3.852969696969697821e+01
1.024868686868687284e+01
7.393838383838375883e+00
1.193010101010101209e+01
1.387878787878790710e-01
2.623131313131313203e+00
1.866595959595957765e+01
4.878787878787874122e-01
1.296303030303029580e+01
9.376464646464643948e+00
3.359898989898989896e+01
3.630303030303024259e-01
8.850000000000006750e+00
5.413131313131300804e-01
9.020202020202011672e-01
3.746575757575757137e+01
1.492595959595959698e+02
4.706606060606060282e+01
2.461818181818177464e+00
3.789898989898993209e-01
6.519777777777778738e+01
8.055252525252512896e+00
6.426262626262626565e-01
1.206101010101010047e+02
6.663232323232331389e+00
3.957575757575761966e-01
8.440606060606056005e+00
1.089919191919191910e+01
2.891919191919185006e-01
9.387070707070709119e+00
2.509090909090911925e-01
1.387131313131313171e+01
1.488888888888884321e-01
9.257979797979800196e+00
3.962626262626258278e+00
3.041414141414141570e-01
6.146020202020200429e+01
2.964646464646462087e-01
3.060101010101011099e+01
5.794949494949492852e+00
3.918181818181816212e-01
1.556353535353535023e+01
9.898989898989864200e-02
1.132282828282828469e+01
3.722727272727275327e+00
5.829148484848487897e+02
6.310606060606066769e+00
7.915414141414140659e+01
3.736666666666668135e+01
1.059181818181818535e+01
2.560606060606058776e-01
1.129434343434343546e+01
1.325525252525252995e+01
8.096060606060611065e+00
1.218040404040404212e+01
3.732323232323231932e-01
8.806575757575760122e+01
6.158282828282820809e+00
2.503030303030307491e-01
1.133686868686868188e+01
8.465757575757557163e+00
4.169696969696967681e-01
3.400221212121211352e+02
9.906868686868692819e+00
6.992424242424241321e+00
2.166373737373737995e+01
9.609595959595971237e+00
1.183157575757576154e+02
2.785858585858590475e-01
2.359595959595960635e-01
8.857272727272718527e+00
5.353434343434350318e+00
2.987682828282829632e+02
1.188424242424242472e+01
5.126262626262628741e-01
6.721818181818185245e+00
1.241434343434343113e+01
1.088888888888890072e-01
3.128717171717170231e+01
3.397681818181818585e+02
2.790404040404042885e+00
4.519191919191912765e-01
5.413131313131304134e-01
5.003090909090911964e+01
3.030303030303025391e-01
4.172212121212120906e+02
3.101010101010098774e-01
1.270505050505049915e+00
2.813131313131312372e-01
1.060212121212121517e+01
3.348484848484850618e-01
2.479797979797979390e-01
5.722323232323232034e+00
4.964646464646459423e-01
2.292183838383838577e+02
3.384848484848481109e-01
8.648787878787882022e+00
4.664646464646460822e-01
4.637373737373735039e-01
6.267070707070712565e+00
1.057060606060607277e+01
5.408080808080799606e-01
2.216030303030301241e+01
3.944444444444439868e-01
1.068707070707071161e+01
4.748383838383843703e+00
3.279737373737370376e+01
9.561515151515152411e+00
2.039656565656566656e+01
3.241515151515147242e+00
1.833333333333331816e-01
4.439898989898994230e+00
3.675757575757572782e-01
6.770707070707078223e-01
3.835677777777776782e+02
2.981641414141412270e+02
4.287777777777779242e+00
9.127272727272728314e-01
6.074545454545457801e+00
3.842216161616161116e+02
1.091474747474746998e+01
1.287414141414141788e+01
1.187777777777775157e+00
9.358585858585854567e+00
6.184848484848488592e-01
8.168282828282826813e+00
3.784163636363635987e+02
4.677777777777766266e-01
3.453535353535346908e-01
1.334686868686868522e+01
2.342975757575757143e+02
6.086565656565660731e+00
1.387959595959595660e+01
2.354545454545460270e-01
2.464111111111108698e+01
3.409090909090905508e-01
1.142424242424246589e-01
2.863636363636367643e-01
1.277344444444444349e+02
2.428202020202019895e+01
5.170586868686866637e+02
1.627272727272731090e-01
8.575757575757583240e-01
7.595858585858576539e+00
6.603131313131312297e+00
2.079797979797981811e-01
6.639090909090912263e+00
7.997474747474736745e+00
4.418181818181818321e-01
5.647757575757576376e+01
2.187878787878789200e-01
7.443434343434351952e-01
1.180262626262626036e+01
2.319191919191922469e-01
5.784848484848499339e-01
4.913838383838378121e+00
8.985656565656574557e+00
6.198656565656560957e+01
3.548888888888881876e+00
4.660606060606056200e-01
8.583636363636360400e+00
4.131313131313133491e-01
5.458888888888881574e+00
2.489999999999995328e+00
9.999999999999975922e-03
6.096202020202020577e+01
3.251515151515155799e-01
2.560606060606065992e-01
6.575757575757590345e-02
4.621212121212127100e-01
1.166666666666669183e-01
7.052323232323232105e+00
3.327272727272719277e-01
5.317171717171709222e-01
2.794949494949500179e-01
1.126818181818181053e+01
9.743838383838388850e+00
1.720545454545455044e+01
1.021151515151514566e+01
1.492191919191918181e+01
1.145191919191918473e+01
1.389029292929292581e+02
3.108561616161616143e+02
9.205454545454553994e+00
1.016787878787876487e+01
5.758424242424242578e+01
3.549494949494959029e-01
1.858888888888888502e+01
1.494949494949495417e-01
2.998898989898991729e+01
6.356161616161623229e+00
1.121212121212118995e-01
9.310303030303025196e+00
4.515151515151510364e-01
1.555555555555555303e-01
1.738616161616161548e+01
2.721064646464646444e+02
4.613131313131316191e-01
5.275353535353537460e+00
9.835555555555552942e+00
1.963797979797980275e+01
6.146565656565658564e+00
7.481212121212123201e+00
8.342424242424258951e-01
6.748484848484845422e+00
4.412121212121206115e-01
7.462020202020206661e+00
1.895202020202019000e+01
5.097676767676758480e+00
1.333393939393939576e+01
8.822222222222203536e-01
4.042424242424238479e-01
1.269737373737373964e+01
4.349494949494945306e-01
2.832505050505051258e+01
2.405929292929291918e+01
5.788181818181819871e+00
2.255313131313129205e+01
3.486868686868679901e-01
5.906060606060599127e-01
4.366666666666665364e-01
7.036060606060595468e+00
1.163070707070706611e+01
2.575757575757569029e-01
1.117515151515151217e+01
9.009595959595960935e+00
3.975597979797980202e+02
3.909090909090912058e-01
4.898737373737373701e+01
4.104040404040402157e-01
7.767676767676769956e-01
4.181242424242424249e+01
1.557686868686869808e+01
9.028080808080796160e+00
4.490909090909088186e-01
2.447073737373737856e+02
1.536191919191919553e+01
1.203535353535353281e+01
4.810101010101016095e-01
5.453535353535354790e-01
3.185656565656568517e+00
1.543525252525252611e+01
3.673676767676766985e+01
1.436363636363637009e-01
3.464646464646463642e-01
5.171515151515148290e+00
5.551616161616165002e+00
8.105656565656573775e+00
3.240424242424243317e+01
1.898787878787879180e+01
7.314040404040402343e+00
1.156161616161617722e+00
9.272727272727274150e-02
2.603030303030298143e-01
1.330363636363636282e+01
8.082323232323229689e+00
1.124474747474748249e+01
3.852525252525249022e-01
1.470363636363636850e+01
4.354616161616161207e+01
4.580808080808087546e-01
1.660467676767676153e+02
1.265676767676767511e+01
1.542414141414141149e+01
7.610101010101007368e+00
3.383585858585860962e+01
9.531616161616156546e+00
8.272727272727277426e-02
6.858181818181819267e+00
1.907898989898988162e+01
5.333333333333339921e-01
7.765959595959582629e+00
4.345858585858585421e+00
1.313872727272727161e+02
2.727999999999999758e+01
6.465050505050502494e+00
4.326868686868686531e+00
3.880808080808080818e-01
3.133333333333336856e-01
2.734343434343437518e-01
7.211111111111119243e-01
7.301111111111112884e+00
1.382424242424243888e+00
1.111212121212122872e+00
9.266969696969692194e+00
6.290414141414145632e+01
1.120334343434343225e+02
5.390909090909098644e+00
1.025252525252524916e-01
2.997979797979802852e-01
9.176666666666666572e+01
5.169090909090916952e+00
9.232929292929291876e+00
1.321232323232322337e+01
1.636363636363632468e-01
4.198989898989898606e+00
3.069696969696972810e-01
2.697979797979802585e-01
8.602979797979794796e+01
8.842828282828277153e+00
1.234848484848484418e+01
4.512121212121221747e-01
1.205878787878786973e+01
4.838383838383829572e-01
1.179292929292928882e+01
3.094656565656566727e+01
8.299292929292928278e+00
7.544444444444436293e+00
3.001010101010094799e-01
1.161252525252524670e+01
6.970929292929292842e+01
1.090414141414140659e+01
5.361818181818178708e+00
1.177777777777777035e-01
5.463636363636342752e-01
4.514242424242421947e+00
1.453161616161615655e+01
3.851919191919185970e+00
2.654545454545449434e-01
3.006525252525253933e+01
2.182245454545455630e+02
1.328424242424241442e+01
1.690323232323232006e+01
1.906505050505051813e+01
3.436262626262628128e+00
2.993939393939398230e-01
3.406280808080807105e+02
2.320588888888889016e+02
5.370808080808090246e+00
4.675555555555560794e+00
1.274898989898990287e+01
8.769191919191921869e+00
8.629595959595965482e+00
3.752828282828284845e+00
2.939393939393940280e-02
2.580808080808075222e-01
7.544444444444445175e+00
5.536868686868685785e+01
1.350727272727273842e+01
1.728781818181817584e+02
9.169929292929293752e+01
4.024434343434344186e+01
2.582929292929286191e+00
3.405050505050503107e-01
1.118878787878788472e+01
6.208383838383835673e+00
1.885858585858588288e-01
2.734402020202019798e+02
3.149999999999995026e+00
3.277878787878789613e+00
3.601010101010101661e+00
1.217838383838384075e+01
4.043434343434345379e+00
1.047262626262626384e+01
1.928636363636363527e+01
3.033333333333327886e-01
1.566666666666662600e-01
1.710321212121212398e+02
4.516565656565655118e+00
1.784389898989900018e+02
4.475757575757581819e-01
7.195858585858590395e+00
5.696969696969713531e-02
1.208688888888888613e+02
1.049494949494950286e-01
3.393090909090908269e+01
1.066666666666668400e-01
7.351515151515158886e-01
1.440019191919191712e+02
8.155252525252530305e+00
8.281818181818177749e+00
2.822151515151515468e+02
1.420434343434343205e+01
1.802181818181818329e+01
3.737373737373739790e-01
7.676161616161616408e+00
2.543434343434337608e-01
1.351575757575757564e+01
8.680818181818187895e+01
4.551515151515140301e-01
9.542090909090910600e+01
5.606656565656566045e+02
6.324646464646467514e+00
1.223232323232319729e-01
1.263373737373736638e+01
1.860907070707070545e+02
2.188727272727273387e+01
4.721212121212120749e+00
3.709293939393938899e+02
1.468686868686866487e-01
4.902929292929294469e+00
3.472727272727272885e-01
4.539393939393945865e-01
2.148034343434343896e+02
2.233333333333338555e-01
1.954373737373736475e+01
2.377434343434343234e+01
8.640707070707069448e+00
3.866969696969698500e+00
5.833333333333341475e-01
1.234242424242423697e+00
4.200303030303032870e+00
1.925797979797980375e+01
1.055686868686868074e+01
7.580101010101005343e+00
2.160606060606055923e-01
3.190505050505040963e+00
5.131050505050508548e+01
1.573961616161616348e+02
7.469696969696967059e+00
3.064343434343435035e+00
1.427262626262625744e+01
2.648484848484846110e-01
3.471030303030303230e+02
9.030909090909091219e+00
4.791818181818180200e+00
1.777323232323232105e+01
5.017777777777771675e+00
6.908383838383835851e+00
1.557878787878787108e+01
3.384848484848491657e-01
4.849494949494952412e-01
1.073737373737375100e-01
8.894949494949497826e-01
1.600909090909090793e+01
3.571783838383838656e+02
3.372862626262624985e+02
1.214888888888889085e+01
4.556565656565668143e-01
8.087474747474752590e+00
6.573131313131314712e+00
7.972929292929293865e+00
4.157575757575761588e-01
1.337717171717172704e+01
3.861616161616155396e-01
1.820141414141414771e+01
9.812323232323238997e+00
6.811616161616168341e+00
7.205454545454549553e+00
1.880414141414141938e+01
6.180808080808066762e-01
3.581360606060605392e+02
8.971111111111103043e+00
3.865242424242426722e+01
5.210707070707070621e+00
1.412232323232323594e+01
6.577878787878788991e+00
8.898484848484841336e+00
6.956363636363641412e+00
4.470939393939399054e+01
6.624141414141415218e+00
8.311212121212131265e+00
1.211414141414140921e+01
3.672727272727281389e-01
8.560606060606051892e-01
3.323131313131310272e+00
1.569313131313132281e+01
7.495555555555561078e+00
1.531474747474747566e+01
3.207070707070701077e-01
1.893939393939393923e-01
4.710101010101011010e-01
5.797979797979802702e-02
2.743737373737378693e+00
2.424242424242419314e-01
6.269696969696985089e-01
1.018747474747474868e+01
7.968282828282832853e+00
3.024242424242417071e-01
3.497979797979800520e-01
4.688474747474748483e+01
6.063737373737374092e+00
7.381606060606060282e+01
3.056565656565657929e-01
1.009090909090910732e-01
1.187585858585859278e+01
3.949494949494948837e-01
1.689898989898992732e-01
5.589292929292929202e+00
2.004313131313131180e+01
2.236363636363634944e-01
9.000000000000003553e+00
1.009333333333333194e+01
1.333585858585859540e+01
3.278787878787883803e-01
8.252525252525244603e-01
