1.581717171717170523e+00
8.462626262626266049e-01
0.000000000000000000e+00
6.397979797979791439e-01
1.520808080808081719e+00
5.476767676767685389e-01
2.379797979797985408e-01
8.219191919191908280e-01
2.475757575757577267e-01
9.255555555555561309e-01
2.859171717171717120e+01
1.942424242424241332e-01
0.000000000000000000e+00
6.442424242424229508e-01
9.679797979798007157e-01
1.996161616161616248e+00
0.000000000000000000e+00
0.000000000000000000e+00
1.701161616161616408e+01
8.009090909090902377e-01
0.000000000000000000e+00
5.259595959595965153e-01
1.089393939393940025e+00
2.297979797979792516e-01
0.000000000000000000e+00
9.999999999999962044e-03
1.264747474747476286e+00
0.000000000000000000e+00
0.000000000000000000e+00
7.845454545454534356e-01
2.256060606060603657e+00
3.878787878787880172e-02
1.788888888888890139e-01
4.599999999999999090e-01
8.838383838383857549e-01
7.574747474747469678e-01
3.442080808080810073e+01
1.746262626262625872e+01
2.354545454545460270e-01
1.128282828282828554e+00
3.768282828282831787e+00
5.625252525252512070e-01
9.884848484848492989e-01
6.579797979797985530e-01
9.145454545454554385e-01
0.000000000000000000e+00
4.249494949494952989e-01
0.000000000000000000e+00
1.317070707070708613e+00
5.706969696969696138e+00
1.007979797979798864e+00
0.000000000000000000e+00
8.272727272727276038e-02
3.989898989898981729e-01
1.362727272727271011e+00
3.226262626262620392e-01
9.368686868686849634e-01
3.574747474747478337e-01
2.135656565656562478e+00
6.979797979797974783e-01
1.917020202020203001e+01
6.358585858585869000e-01
1.118646464646463556e+01
0.000000000000000000e+00
8.157575757575763475e-01
1.979797979797979363e-02
2.525252525252528191e+00
9.551515151515131974e-01
2.500000000000001110e-01
1.979797979797979363e-02
1.249595959595957595e+00
9.999999999999962044e-03
1.066060606060607485e+00
1.370303030303031466e+00
5.858585858585859535e-02
1.830040404040403601e+01
1.111313131313128588e+00
8.778787878787868149e-01
1.252777777777776613e+01
4.209090909090912325e-01
6.880808080808070715e-01
7.873737373737362821e-01
8.555555555555556524e-02
2.493333333333330959e+00
1.804040404040402779e+00
1.055555555555556468e+00
5.021212121212113022e-01
1.188282828282830605e+00
3.892929292929293572e-01
1.943434343434342904e-01
9.999999999999979391e-03
6.919191919191928219e-01
1.999999999999994837e-02
9.946464646464638903e-01
7.149494949494940021e-01
4.601010101010106212e-01
1.157272727272724566e+00
9.448484848484843823e-01
7.295959595959590205e-01
2.610838383838383692e+01
1.502424242424243772e+00
0.000000000000000000e+00
6.575757575757593121e-02
5.691919191919189380e+00
2.488888888888884654e-01
7.622222222222211352e-01
5.202020202020196660e-01
3.590909090909096824e-01
2.500000000000001110e-01
1.620505050505051781e+00
2.697979797979794259e-01
0.000000000000000000e+00
0.000000000000000000e+00
1.183333333333332904e+00
9.797979797979819994e-01
3.939393939393939781e-02
0.000000000000000000e+00
1.348080808080806658e+00
9.317171717171696121e-01
3.704343434343429831e+00
2.901919191919192897e+00
5.151515151515140278e-01
1.716161616161616665e-01
6.575757575757588125e-01
9.408080808080829804e-01
3.025252525252520308e-01
8.450505050505044968e-01
1.979797979797979016e-02
5.233737373737370469e+00
0.000000000000000000e+00
0.000000000000000000e+00
9.999999999999968983e-03
0.000000000000000000e+00
8.948484848484835608e-01
6.398989898989907443e-01
6.070303030303027647e+00
2.525252525252525415e-01
1.594949494949492896e+00
7.363636363636365534e-01
0.000000000000000000e+00
5.541414141414132688e-01
8.652525252525254951e-01
9.999999999999975922e-03
8.920202020202006032e-01
2.197979797979799643e-01
1.094444444444446107e+00
7.682828282828284561e-01
2.823232323232328089e-01
8.749494949494938112e-01
9.999999999999993269e-03
1.192525252525254764e+00
7.739393939393938160e-01
0.000000000000000000e+00
1.187676767676766776e+00
2.351414141414138292e+00
5.642424242424235459e-01
8.605050505050508836e-01
2.904949494949492284e+00
7.444444444444452413e-01
2.979797979797976781e-02
6.575757575757588957e-02
0.000000000000000000e+00
1.066666666666669094e-01
5.810202020202018147e+00
1.066868686868686522e+00
2.714171717171716125e+01
1.979797979797979363e-02
9.109090909090920007e-01
3.832727272727269874e+00
8.943434343434351064e-01
5.696969696969706592e-02
8.439393939393932120e-01
4.988888888888888262e-01
0.000000000000000000e+00
6.327272727272733599e-01
4.240202020202012534e+00
9.630303030303030143e-01
9.888888888888897055e-02
4.797979797979802508e-02
6.919191919191913787e-01
9.999999999999963779e-03
1.155656565656565382e+00
7.434343434343432255e-02
9.269696969696966660e-01
1.493939393939397176e-01
5.848484848484857279e-01
9.158585858585847062e-01
7.457575757575762854e-01
6.779797979797991259e-01
1.842424242424241798e-01
1.158787878787878034e+00
1.295151515151516497e+00
7.220202020202022286e-01
8.810101010101024643e-01
0.000000000000000000e+00
1.251212121212120332e+00
0.000000000000000000e+00
8.094949494949505997e-01
0.000000000000000000e+00
7.531515151515151274e+00
5.073838383838384480e+00
7.086868686868689204e-01
1.286868686868683220e-01
0.000000000000000000e+00
1.039090909090909509e+00
0.000000000000000000e+00
2.220909090909093830e+00
0.000000000000000000e+00
0.000000000000000000e+00
2.374747474747480047e-01
2.361949494949494266e+01
2.509090909090911925e-01
1.327272727272728048e-01
3.418181818181817988e-01
1.015656565656564814e+00
2.446323232323231878e+01
9.361111111111114269e+00
9.122828282828278290e+00
5.429292929292920400e-01
7.687878787878793529e-01
5.089898989898995474e-01
2.616161616161620240e-01
2.373131313131318532e+00
0.000000000000000000e+00
1.011414141414141099e+01
7.424242424242438743e-01
9.687878787878766440e-01
3.553535353535350882e-01
2.719393939393941473e+00
5.817171717171708556e-01
0.000000000000000000e+00
3.993939393939395233e-01
1.031717171717174253e+00
1.087878787878790998e+00
3.617979797979796519e+00
1.824949494949494877e+00
4.038282828282830472e+00
1.006363636363637903e+00
8.639393939393931188e-01
4.338383838383833568e-01
6.697979797979795036e-01
6.126262626262639621e-01
0.000000000000000000e+00
1.490909090909092460e-01
9.977777777777766532e-01
1.167272727272727240e+00
7.629292929292931902e+00
9.469696969696956845e-01
4.059595959595951320e-01
5.589898989898997028e-01
7.389898989898979753e-01
1.008686868686866855e+00
1.041414141414139100e-01
9.999999999999955105e-03
1.990909090909090962e-01
3.851515151515149782e+00
5.348484848484843512e-01
1.772929292929295908e+00
1.738585858585858901e+00
1.193838383838385031e+00
0.000000000000000000e+00
0.000000000000000000e+00
6.882828282828288291e-01
3.295656565656557291e+00
2.248676767676767341e+01
8.914141414141405484e-01
1.983737373737375353e+00
8.043434343434340272e-01
4.681818181818174218e-01
7.579797979797971985e-01
8.475757575757590923e-01
3.509797979797976808e+00
0.000000000000000000e+00
2.388484848484843770e+00
0.000000000000000000e+00
0.000000000000000000e+00
1.112020202020199244e+00
9.888888888888897055e-02
9.999999999999998473e-03
1.144141414141414348e+00
1.007272727272727542e+00
6.697171717171723770e+00
6.657575757575744380e-01
9.208080808080800761e-01
2.235858585858583769e+00
8.905050505050493559e-01
1.054535353535353792e+01
1.010909090909089647e+00
1.285151515151516266e+00
2.488888888888884654e-01
1.214848484848487065e+00
5.562222222222222179e+00
1.188181818181819560e+00
0.000000000000000000e+00
1.070505050505048183e+00
7.009090909090900379e-01
2.921919191919190695e+00
1.979797979797979016e-02
1.012727272727271588e+00
1.425252525252529434e-01
8.180808080808092964e-01
6.051515151515163282e-01
3.922222222222212507e-01
8.754545454545460403e-01
0.000000000000000000e+00
7.910101010101017183e-01
9.888888888888901219e-02
2.443434343434337519e-01
7.492929292929303431e-01
8.539393939393939981e-01
1.979797979797979710e-02
9.999999999999981126e-03
8.042424242424259795e-01
4.822222222222226073e-01
0.000000000000000000e+00
0.000000000000000000e+00
7.187878787878788645e-01
1.006767676767679420e+00
1.173535353535356096e+00
0.000000000000000000e+00
1.708484848484846275e+00
6.031313131313121856e-01
4.094848484848490955e+00
1.737676767676769485e+00
3.537878787878788067e+00
9.040404040404027564e-01
6.960909090909090935e+00
6.814141414141403619e-01
7.626262626262647615e-01
0.000000000000000000e+00
7.474747474747490683e-01
1.111010101010099227e+00
1.025656565656567487e+00
9.999999999999988065e-03
1.083939393939395091e+00
6.076767676767665938e-01
1.216161616161618581e-01
6.353535353535364472e-01
7.522222222222223476e-01
1.357575757575757991e-01
1.128484848484850200e+00
9.999999999999975922e-03
3.878787878787880172e-02
2.939393939393943403e-02
0.000000000000000000e+00
2.622484848484848641e+01
7.570707070707066721e-01
9.956666666666672327e+00
3.246464646464650161e-01
1.287979797979800667e+00
1.791010101010102495e+00
1.290303030303032727e+00
0.000000000000000000e+00
6.645454545454559936e-01
2.979797979797979904e-02
3.099393939393936925e+00
0.000000000000000000e+00
1.516161616161617598e+00
1.352727272727272334e+00
0.000000000000000000e+00
1.733333333333331450e-01
7.434343434343430868e-02
0.000000000000000000e+00
1.943434343434342904e-01
0.000000000000000000e+00
4.318181818181813791e-01
4.629292929292923575e-01
1.440606060606062444e+00
1.500262626262627386e+01
2.424242424242418481e-01
1.425252525252528324e-01
0.000000000000000000e+00
2.397979797979795935e-01
0.000000000000000000e+00
9.464646464646487845e-01
9.999999999999972453e-03
9.274747474747481180e-01
2.525252525252525415e-01
7.123232323232316920e-01
6.785858585858578484e-01
3.748888888888888271e+00
1.047676767676769316e+00
0.000000000000000000e+00
0.000000000000000000e+00
7.621212121212115331e-01
7.921212121212131141e-01
8.422222222222238708e-01
1.263232323232323706e+00
5.696969696969712144e-02
3.619696969696968303e+00
1.232585858585857963e+01
6.830303030303026546e-01
2.266666666666661833e-01
6.596969696969686714e-01
8.275757575757570761e-01
1.051212121212118822e+00
8.018181818181823184e-01
1.943434343434342904e-01
1.127575757575755455e+00
1.908484848484845120e+00
7.998989898989894431e-01
9.165656565656582488e-01
1.454535353535353259e+01
6.342424242424257175e-01
1.505676767676768790e+01
7.122222222222233112e-01
7.273737373737384493e-01
2.685252525252527445e+00
8.999999999999984679e-01
8.218181818181817810e-01
0.000000000000000000e+00
2.271515151515151931e+00
2.012121212121210090e-01
7.122222222222227561e-01
1.468989898989899245e+01
1.135555555555556762e+00
1.508151515151513955e+01
1.213535353535351913e+00
1.554545454545456229e-01
1.090101010101008905e+00
1.195454545454542883e+00
1.267171717171715395e+00
9.999999999999981126e-03
2.266666666666661833e-01
2.339494949494949338e+01
1.549191919191917899e+00
3.032626262626263447e+00
9.999999999999998473e-03
6.742424242424240877e-01
5.065656565656571075e-01
2.124747474747474385e+00
0.000000000000000000e+00
1.066666666666668400e-01
0.000000000000000000e+00
1.773030303030302512e+00
8.366666666666673358e-01
1.555555555555558356e-01
7.653232323232327161e+00
5.250505050505055449e-01
2.979797979797979210e-02
2.460606060606066736e-01
1.094747474747472138e+00
1.404242424242424292e+00
1.960838383838385113e+01
2.654747474747477742e+00
0.000000000000000000e+00
0.000000000000000000e+00
1.525252525252530078e-01
3.074646464646464405e+00
1.056969696969694006e+00
0.000000000000000000e+00
4.645454545454557604e-01
7.126262626262617195e-01
8.613131313131312528e-01
7.291919191919201682e-01
9.586868686868676992e-01
1.261616161616160969e+00
9.635353535353532450e-01
9.069696969696990907e-01
0.000000000000000000e+00
0.000000000000000000e+00
1.403434343434344589e+00
1.401010101010100317e-01
0.000000000000000000e+00
2.179797979797982732e-01
1.733333333333330895e-01
1.921212121212121648e-01
1.086060606060605060e+00
7.231313131313122922e-01
9.038383838383828861e-01
2.403030303030307679e-01
0.000000000000000000e+00
2.621212121212125323e-01
2.257676767676762175e+00
1.186060606060608258e+00
1.921818181818179427e+00
5.582828282828293798e-01
3.695959595959589228e-01
4.130303030303020817e-01
9.425252525252536540e-01
1.150909090909091992e+00
3.044424242424242877e+01
8.410101010101018737e-01
7.856565656565664968e-01
5.592929292929286200e-01
1.220303030303028669e+00
2.569191919191915474e+00
4.418181818181815546e-01
3.892929292929289131e-01
0.000000000000000000e+00
8.730303030303043776e-01
4.672727272727284498e-01
1.336767676767676827e+00
1.943434343434342904e-01
0.000000000000000000e+00
2.939393939393944791e-02
1.009494949494948557e+00
1.979797979797979363e-02
0.000000000000000000e+00
4.923232323232317742e-01
5.699696969696967486e+00
1.253636363636362328e+00
8.847474747474745271e+00
0.000000000000000000e+00
2.297979797979792238e-01
1.064545454545454017e+00
2.939393939393940974e-02
1.111515151515153121e+00
1.018282828282829788e+00
0.000000000000000000e+00
1.700909090909089594e+00
1.601111111111111640e+01
5.116161616161625236e-01
9.142424242424266323e-01
3.035858585858587144e+00
8.545454545454541639e-01
7.856565656565649425e-01
1.081919191919192835e+00
9.999999999999974187e-03
5.510101010101003949e-01
1.685858585858583281e+00
4.512121212121222302e-01
1.445858585858589507e+00
9.221212121212103430e-01
2.570404040404041801e+00
0.000000000000000000e+00
8.733333333333338500e-01
7.434343434343430868e-02
6.540404040404036445e-01
2.803333333333338118e+00
1.537515151515150968e+01
4.228787878787882981e+00
5.154545454545461647e-01
0.000000000000000000e+00
4.564343434343428818e+00
7.813131313131309597e-01
3.333333333333325377e-01
8.887979797979802754e+00
6.475757575757568052e-01
3.878787878787879478e-02
9.993939393939386129e-01
1.028181818181815865e+00
0.000000000000000000e+00
1.033434343434345370e+00
8.272727272727276038e-02
1.265353535353532566e+00
0.000000000000000000e+00
9.198989898989919922e-01
6.192929292929287843e-01
9.999999999999981126e-03
5.641515151515148929e+00
5.696969696969707980e-02
2.966868686868690208e+00
7.918181818181816434e-01
1.142424242424244091e-01
1.086262626262628705e+00
0.000000000000000000e+00
1.405858585858586807e+00
5.795959595959587762e-01
3.881030303030302520e+01
7.845454545454551010e-01
4.963131313131323274e+00
4.511010101010105799e+00
8.745454545454558470e-01
9.999999999999984596e-03
8.658585858585853279e-01
1.530000000000002247e+00
8.322222222222238619e-01
1.067070707070708835e+00
2.266666666666661833e-01
9.320404040404039137e+00
6.908080808080800939e-01
1.142424242424243397e-01
1.148686868686866758e+00
7.792929292929273721e-01
1.581818181818183677e-01
2.740585858585858858e+01
9.574747474747493658e-01
6.839393939393928479e-01
1.718989898989897069e+00
1.000606060606059611e+00
7.497575757575754452e+00
0.000000000000000000e+00
0.000000000000000000e+00
7.683838383838376140e-01
4.337373737373746985e-01
1.433282828282828802e+01
9.178787878787879606e-01
2.939393939393944444e-02
6.842424242424244296e-01
1.203434343434340859e+00
0.000000000000000000e+00
3.143535353535357402e+00
2.441161616161616266e+01
6.767676767676780170e-01
2.359595959595960357e-01
2.036363636363636986e-01
3.822525252525250661e+00
5.696969696969715613e-02
2.780959595959596342e+01
0.000000000000000000e+00
6.277777777777772128e-01
0.000000000000000000e+00
1.140505050505051798e+00
2.500000000000001110e-01
9.999999999999962044e-03
7.566666666666664876e-01
2.585858585858589742e-01
1.846535353535353252e+01
2.403030303030307957e-01
7.314141414141406283e-01
2.516161616161619041e-01
1.842424242424241798e-01
5.383838383838378538e-01
1.080404040404042920e+00
2.333333333333338089e-01
1.892828282828284081e+00
0.000000000000000000e+00
9.024242424242431282e-01
1.015050505050504315e+00
2.441111111111110343e+00
9.140404040404050967e-01
1.571313131313132772e+00
7.435353535353540488e-01
0.000000000000000000e+00
5.987878787878795350e-01
9.090909090909075896e-02
4.097979797979796612e-01
2.342242424242424903e+01
3.128868686868685955e+01
7.168686868686861002e-01
9.090909090909091161e-02
7.041414141414138461e-01
2.333484848484847518e+01
9.359595959595966574e-01
1.243131313131311977e+00
2.910101010101004970e-01
8.842424242424231640e-01
2.333333333333337811e-01
9.379797979797958041e-01
3.466121212121209538e+01
2.095959595959597799e-01
1.979797979797979016e-02
1.216868686868684657e+00
1.803646464646464764e+01
6.680808080808079419e-01
1.124242424242426042e+00
1.554545454545456507e-01
1.914949494949497621e+00
1.842424242424241798e-01
0.000000000000000000e+00
1.788888888888890416e-01
8.720909090909104933e+00
1.671313131313131084e+00
4.027343434343433870e+01
0.000000000000000000e+00
5.194949494949484547e-01
7.670707070707059039e-01
8.184848484848489258e-01
7.434343434343430868e-02
8.175757575757581774e-01
7.728282828282816430e-01
1.833333333333331816e-01
5.750606060606063608e+00
0.000000000000000000e+00
1.425252525252530544e-01
1.392121212121209650e+00
9.999999999999962044e-03
1.905050505050501497e-01
7.331313131313125231e-01
1.072525252525251771e+00
4.509696969696974200e+00
6.614141414141403441e-01
2.260606060606056844e-01
1.061313131313129210e+00
2.742424242424246206e-01
7.744444444444450459e-01
4.512121212121217306e-01
0.000000000000000000e+00
4.668080808080811828e+00
1.287878787878785347e-01
2.160606060606058976e-01
0.000000000000000000e+00
4.797979797979806671e-02
0.000000000000000000e+00
6.895959595959590960e-01
1.425252525252528879e-01
4.009090909090907151e-01
2.939393939393943403e-02
9.546464646464630777e-01
7.720202020202032722e-01
1.358484848484846186e+00
8.414141414141422803e-01
1.268080808080809252e+00
1.178888888888886877e+00
1.207454545454544892e+01
2.940555555555554434e+01
8.524242424242419736e-01
9.025252525252531743e-01
5.052020202020200301e+00
1.675757575757577944e-01
1.986565656565654425e+00
0.000000000000000000e+00
1.591717171717172086e+00
7.919191919191925777e-01
0.000000000000000000e+00
7.873737373737375034e-01
1.121212121212120244e-01
0.000000000000000000e+00
2.406565656565656131e+00
1.810020202020201197e+01
2.082828282828283195e-01
6.218181818181818254e-01
9.809090909090897314e-01
2.126666666666663819e+00
7.247474747474749179e-01
7.500000000000001110e-01
5.858585858585859535e-02
8.050505050505034621e-01
8.272727272727276038e-02
8.154545454545466532e-01
1.524343434343430559e+00
7.304040404040397227e-01
9.478787878787876542e-01
2.470707070707068298e-01
2.327272727272732544e-01
1.143636363636362230e+00
1.066666666666668678e-01
2.580404040404039812e+00
2.146565656565656344e+00
5.841414141414135175e-01
2.639494949494948006e+00
9.999999999999948166e-03
2.479797979797984941e-01
2.354545454545460270e-01
7.572727272727284298e-01
1.394949494949497160e+00
1.979797979797979363e-02
9.587878787878775233e-01
7.839393939393923816e-01
2.742454545454546277e+01
2.939393939393940974e-02
3.512626262626258544e+00
2.939393939393944791e-02
1.421212121212118429e-01
3.238282828282829762e+00
1.260808080808078824e+00
6.673737373737357315e-01
6.575757575757583406e-02
1.713393939393939647e+01
1.296565656565654479e+00
1.063535353535351780e+00
8.434343434343452572e-02
1.993939393939393456e-01
6.069696969696976030e-01
1.278181818181816753e+00
3.575353535353532397e+00
0.000000000000000000e+00
0.000000000000000000e+00
5.161616161616161547e-01
6.271717171717180461e-01
1.171919191919190029e+00
2.382121212121209641e+00
1.275353535353537460e+00
8.432323232323224449e-01
2.691919191919195375e-01
0.000000000000000000e+00
0.000000000000000000e+00
1.257979797979799974e+00
1.004545454545451744e+00
1.018080808080809252e+00
0.000000000000000000e+00
1.336464646464645689e+00
3.268080808080808364e+00
2.015151515151515360e-01
9.944141414141409285e+00
1.033434343434344704e+00
1.558989898989895817e+00
7.743434343434345557e-01
2.777474747474749428e+00
1.197373737373736757e+00
0.000000000000000000e+00
7.787878787878782516e-01
1.252929292929290339e+00
4.797979797979808059e-02
9.860606060606073031e-01
7.218181818181813592e-01
1.336464646464645512e+01
3.294848484848488912e+00
5.703030303030292014e-01
6.215151515151522421e-01
1.999999999999995184e-02
2.266666666666662944e-01
0.000000000000000000e+00
2.524242424242421623e-01
8.172727272727257075e-01
2.358585858585862394e-01
3.545454545454545525e-01
9.206060606060604279e-01
5.344545454545454710e+00
7.293636363636363917e+00
5.594949494949501556e-01
0.000000000000000000e+00
3.878787878787880172e-02
5.998585858585853359e+00
6.564646464646458623e-01
9.764646464646458135e-01
1.294444444444444509e+00
0.000000000000000000e+00
5.226262626262633271e-01
9.888888888888897055e-02
0.000000000000000000e+00
6.229292929292924441e+00
1.054848484848486256e+00
8.842424242424260505e-01
2.924242424242419758e-01
1.066767676767674589e+00
2.043434343434342437e-01
1.163434343434341489e+00
2.671313131313127531e+00
6.678787878787894039e-01
6.871717171717174333e-01
9.999999999999953371e-03
1.187373737373739635e+00
4.855050505050505727e+00
6.911111111111100103e-01
6.038383838383846181e-01
0.000000000000000000e+00
1.979797979797979710e-02
6.995959595959595489e-01
1.335050505050505709e+00
4.647474747474742429e-01
1.490909090909092738e-01
2.582121212121216480e+00
1.638444444444444414e+01
1.297171717171719640e+00
2.053636363636364592e+00
1.609595959595959247e+00
4.156565656565652800e-01
2.297979797979793071e-01
2.238373737373739303e+01
1.470080808080806101e+01
6.943434343434340406e-01
8.217171717171718459e-01
1.524141414141412465e+00
1.048181818181816771e+00
1.019898989898991193e+00
3.089898989898984261e-01
0.000000000000000000e+00
9.999999999999984596e-03
7.662626262626268669e-01
5.958686868686865701e+00
8.322222222222206423e-01
1.671626262626263681e+01
7.824141414141414508e+00
4.183434343434339731e+00
6.628282828282811012e-01
9.999999999999984596e-03
9.921212121212132917e-01
6.942424242424241054e-01
0.000000000000000000e+00
2.757575757575756370e+01
4.374747474747468501e-01
5.108080808080807111e-01
7.270707070707055353e-01
1.191414141414143257e+00
8.323232323232325758e-01
1.068080808080810407e+00
1.403838383838383219e+00
0.000000000000000000e+00
0.000000000000000000e+00
1.505707070707071260e+01
7.030303030303035605e-01
1.653646464646464409e+01
1.490909090909092460e-01
8.650505050505064020e-01
0.000000000000000000e+00
7.522626262626261884e+00
0.000000000000000000e+00
3.634949494949494930e+00
0.000000000000000000e+00
4.459595959595956671e-01
8.167171717171731515e+00
7.868686868686868285e-01
9.493939393939397897e-01
2.773333333333333073e+01
1.465656565656568544e+00
1.353838383838381176e+00
1.999999999999995184e-02
9.531313131313129405e-01
0.000000000000000000e+00
1.077272727272729158e+00
5.004747474747475167e+00
5.858585858585858147e-02
7.779292929292924264e+00
3.573585858585857267e+01
8.797979797979793570e-01
0.000000000000000000e+00
9.929292929292923287e-01
1.627818181818179610e+01
1.508989898989900658e+00
6.195959595959580346e-01
1.458686868686869076e+01
0.000000000000000000e+00
6.039393939393954414e-01
0.000000000000000000e+00
1.652525252525252342e-01
1.872151515151515966e+01
1.893939393939393923e-01
2.864242424242424256e+00
2.175656565656565622e+00
1.007979797979797976e+00
4.726262626262625610e-01
2.197979797979799643e-01
1.775757575757573314e-01
5.024242424242422178e-01
2.299696969696975124e+00
1.074242424242422667e+00
8.939393939393948108e-01
2.939393939393944097e-02
4.309090909090906862e-01
3.689292929292930179e+00
1.175777777777778432e+01
7.024242424242415073e-01
6.786868686868693379e-01
1.372828282828281177e+00
9.999999999999977657e-03
2.734767676767677003e+01
7.149494949494935581e-01
4.951515151515152313e-01
1.603939393939393776e+00
6.896969696969700303e-01
6.973737373737388667e-01
1.781616161616161875e+00
8.272727272727276038e-02
3.351515151515160884e-01
0.000000000000000000e+00
3.881818181818180169e-01
1.194646464646463846e+00
2.242646464646464821e+01
2.244666666666665478e+01
8.191919191919198040e-01
2.500000000000001110e-01
9.711111111111101479e-01
7.792929292929280383e-01
1.255656565656564583e+00
2.327272727272732267e-01
1.284242424242426628e+00
0.000000000000000000e+00
1.572727272727273862e+00
8.317171717171720768e-01
8.858585858585853456e-01
6.859595959595947701e-01
1.383636363636363331e+00
2.624242424242423377e-01
3.458050505050506018e+01
7.660606060606046652e-01
2.999595959595961592e+00
9.872727272727247483e-01
9.421212121212132473e-01
7.063636363636374149e-01
1.050404040404042005e+00
7.145454545454553719e-01
4.079090909090914430e+00
8.510101010101025487e-01
9.424242424242428307e-01
9.732323232323248918e-01
0.000000000000000000e+00
5.138383838383844271e-01
6.641414141414152539e-01
1.295555555555553795e+00
1.062929292929291281e+00
1.305656565656565515e+00
1.675757575757576556e-01
9.999999999999972453e-03
1.733333333333332005e-01
0.000000000000000000e+00
5.557575757575753395e-01
0.000000000000000000e+00
2.055555555555557967e-01
7.606060606060601748e-01
1.076666666666664884e+00
6.575757575757584794e-02
1.675757575757577666e-01
2.479090909090905903e+00
7.373737373737389023e-01
4.604242424242426246e+00
0.000000000000000000e+00
0.000000000000000000e+00
8.208080808080814306e-01
1.979797979797979363e-02
0.000000000000000000e+00
5.994949494949501911e-01
1.750505050505053006e+00
0.000000000000000000e+00
1.047070707070705931e+00
9.824242424242413119e-01
1.350202020202020403e+00
1.979797979797979363e-02
2.939393939393943056e-02
