2.998282828282830437e+00
1.626565656565653883e+00
0.000000000000000000e+00
8.429292929292940828e-01
3.135555555555555873e+00
7.251515151515161017e-01
2.424242424242418759e-01
1.691515151515151638e+00
2.424242424242418759e-01
1.799090909090909740e+00
6.230898989898992824e+01
2.277777777777777735e-01
9.999999999999953371e-03
1.188989898989900817e+00
1.945656565656568082e+00
3.929898989898988670e+00
1.979797979797979710e-02
7.434343434343430868e-02
3.139989898989901107e+01
1.057979797979796022e+00
0.000000000000000000e+00
6.564646464646474167e-01
1.982525252525250803e+00
2.160606060606056755e-01
0.000000000000000000e+00
2.939393939393942362e-02
1.902323232323232194e+00
2.979797979797977822e-02
1.979797979797979016e-02
1.100101010101007803e+00
4.222020202020194901e+00
1.066666666666667984e-01
2.423232323232324126e-01
8.526262626262627320e-01
1.347777777777779962e+00
1.420101010101013195e+00
7.692949494949495204e+01
2.723505050505048786e+01
2.397979797979797878e-01
2.000303030303032248e+00
8.345353535353520869e+00
9.185858585858571734e-01
1.809999999999997167e+00
8.605050505050498844e-01
1.799393939393935549e+00
9.999999999999988065e-03
3.999999999999997446e-01
0.000000000000000000e+00
2.433333333333334458e+00
1.127545454545455250e+01
1.909595959595959958e+00
0.000000000000000000e+00
1.287878787878785625e-01
6.580808080808063787e-01
2.190909090909088253e+00
6.092929292929283314e-01
1.333131313131311613e+00
5.915151515151522155e-01
3.701616161616165357e+00
1.118585858585859460e+00
3.737464646464648155e+01
1.441111111111110787e+00
2.790979797979798960e+01
0.000000000000000000e+00
1.378787878787877341e+00
8.272727272727276038e-02
4.741919191919190979e+00
1.867575757575755668e+00
2.509090909090911370e-01
9.090909090909075896e-02
2.422525252525249861e+00
3.878787878787880172e-02
1.790202020202020572e+00
2.752727272727274244e+00
2.051515151515151680e-01
3.553313131313130668e+01
1.701717171717172850e+00
1.676767676767677351e+00
2.640717171717170331e+01
3.731313131313124809e-01
7.750505050505056559e-01
1.339999999999998526e+00
8.555555555555563463e-02
4.306868686868678964e+00
3.929191919191914018e+00
1.999494949494953211e+00
7.787878787878785847e-01
2.060808080808082199e+00
7.775757575757578088e-01
2.379797979797985408e-01
1.037373737373736421e-01
1.131111111111113399e+00
4.959595959595955450e-02
1.673838383838381239e+00
1.620505050505047784e+00
4.948484848484853704e-01
1.947676767676770782e+00
1.551515151515149515e+00
1.636464646464645512e+00
5.249656565656565732e+01
2.690505050505047180e+00
0.000000000000000000e+00
1.316161616161616588e-01
1.238373737373738059e+01
2.460606060606066181e-01
1.155050505050503995e+00
8.366666666666671137e-01
7.243434343434331790e-01
2.524242424242423843e-01
2.499191919191914302e+00
3.408080808080808377e-01
5.696969696969703817e-02
3.878787878787880172e-02
2.298585858585855402e+00
1.898080808080804260e+00
2.307070707070704996e-01
0.000000000000000000e+00
2.630404040404037858e+00
1.435454545454545539e+00
6.386464646464650841e+00
5.790606060606062755e+00
9.998989898989928404e-01
3.510101010101009389e-01
1.151717171717170585e+00
2.269696969696965105e+00
4.055555555555556135e-01
1.180505050505051612e+00
7.434343434343430868e-02
9.713333333333336483e+00
0.000000000000000000e+00
9.999999999999965514e-03
3.878787878787880172e-02
3.878787878787880172e-02
1.530808080808081506e+00
1.145757575757576197e+00
1.544424242424244120e+01
2.516161616161619596e-01
3.141414141414144101e+00
1.261616161616163190e+00
0.000000000000000000e+00
1.235353535353538312e+00
1.572424242424240504e+00
4.919191919191923112e-02
1.680707070707068596e+00
2.160606060606059253e-01
1.994949494949497248e+00
1.078282828282826289e+00
3.122222222222226784e-01
1.384848484848486772e+00
9.999999999999993269e-03
1.987777777777774313e+00
1.031717171717172254e+00
0.000000000000000000e+00
1.968282828282830632e+00
4.085959595959598900e+00
8.315151515151514294e-01
1.325858585858585403e+00
5.022828282828286639e+00
1.422323232323230657e+00
1.088888888888889656e-01
8.272727272727277426e-02
0.000000000000000000e+00
1.554545454545456507e-01
1.012535353535351490e+01
2.273333333333330319e+00
5.573494949494949680e+01
9.090909090909080059e-02
1.458383838383839670e+00
8.305353535353530603e+00
1.193333333333336244e+00
1.142424242424244091e-01
1.354949494949493571e+00
1.195050505050504031e+00
0.000000000000000000e+00
8.273737373737356515e-01
7.285757575757582316e+00
1.721212121212122748e+00
1.775757575757578588e-01
1.009090909090910593e-01
1.054343434343435026e+00
4.919191919191923806e-02
1.430101010101009651e+00
9.575757575757577744e-02
2.234242424242426139e+00
3.821212121212126944e-01
9.565656565656577293e-01
1.477373737373734341e+00
1.223030303030303356e+00
1.210000000000001963e+00
2.160606060606057310e-01
2.240303030303030241e+00
2.165555555555557454e+00
1.254444444444442253e+00
1.582929292929291520e+00
1.979797979797979363e-02
2.336464646464646577e+00
0.000000000000000000e+00
1.422121212121210343e+00
1.979797979797979016e-02
1.722737373737373545e+01
9.229191919191924498e+00
1.067777777777779491e+00
1.913131313131312961e-01
0.000000000000000000e+00
1.684646464646463171e+00
0.000000000000000000e+00
2.837474747474748149e+00
3.878787878787880172e-02
8.272727272727277426e-02
4.475757575757575712e-01
6.361232323232322017e+01
2.500000000000001110e-01
5.052525252525250643e-01
4.184848484848490702e-01
2.089696969696971163e+00
4.540292929292928648e+01
1.751050505050503858e+01
2.008020202020202305e+01
9.081818181818170910e-01
1.529595959595961396e+00
6.288888888888878315e-01
3.005050505050506082e-01
5.147474747474743317e+00
0.000000000000000000e+00
1.812868686868687007e+01
8.980808080808059257e-01
2.037777777777781463e+00
5.440404040404033248e-01
4.960202020202016726e+00
9.277777777777764801e-01
0.000000000000000000e+00
9.641414141414126338e-01
1.816464646464648114e+00
2.049494949494946816e+00
6.275050505050502103e+00
3.471818181818180360e+00
7.931717171717179049e+00
1.727979797979795507e+00
1.454444444444444207e+00
9.989898989898987614e-01
1.150202020202018005e+00
1.114141414141411879e+00
0.000000000000000000e+00
2.260606060606057399e-01
1.785252525252521982e+00
2.199090909090906099e+00
1.766898989898989569e+01
1.857979797979799619e+00
7.880808080808094918e-01
8.026262626262644639e-01
1.271414141414141108e+00
2.075858585858583183e+00
1.594949494949498003e-01
9.414141414141412312e-02
2.435353535353541043e-01
9.120303030303025693e+00
1.181010101010100843e+00
3.162828282828285875e+00
3.294848484848488468e+00
2.155757575757580646e+00
0.000000000000000000e+00
0.000000000000000000e+00
1.108484848484851071e+00
5.778181818181823637e+00
3.922373737373737157e+01
1.463535353535352357e+00
4.353838383838384729e+00
1.177373737373736740e+00
7.501010101010101572e-01
1.337373737373739102e+00
1.680202020202020252e+00
7.153838383838382775e+00
9.999999999999949901e-03
5.488585858585862454e+00
3.999999999999999389e-02
2.939393939393943403e-02
2.182525252525251869e+00
1.490909090909092738e-01
9.999999999999960310e-03
2.066565656565657605e+00
2.013232323232319931e+00
1.431010101010100755e+01
8.451515151515157642e-01
1.344444444444444775e+00
4.495151515151514232e+00
1.735858585858583991e+00
1.950090909090909719e+01
1.849292929292925880e+00
1.805454545454543869e+00
2.509090909090911925e-01
1.685959595959596991e+00
1.378404040404040209e+01
1.616060606060604199e+00
0.000000000000000000e+00
2.203838383838380821e+00
9.780808080808063298e-01
4.582222222222215535e+00
1.604040404040402434e-01
2.118080808080812449e+00
1.616161616161617132e-01
1.066060606060607041e+00
9.941414141414159911e-01
5.727272727272740838e-01
1.681717171717171277e+00
0.000000000000000000e+00
1.156565656565658129e+00
1.589898989898993198e-01
2.443434343434337797e-01
9.325252525252516467e-01
1.409393939393938755e+00
2.939393939393943056e-02
3.878787878787880172e-02
1.084343434343432167e+00
4.912121212121207114e-01
0.000000000000000000e+00
0.000000000000000000e+00
1.028181818181817198e+00
2.191010101010098854e+00
2.164848484848486798e+00
2.939393939393944444e-02
3.970808080808087670e+00
8.155555555555562552e-01
4.945353535353544494e+00
4.151717171717171695e+00
5.837171717171717233e+00
1.806767676767678354e+00
1.201919191919192542e+01
7.376767676767669313e-01
1.539595959595960073e+00
0.000000000000000000e+00
1.241414141414143302e+00
1.611919191919188865e+00
1.948181818181816460e+00
4.878787878787878979e-02
1.665454545454546631e+00
1.110404040404037618e+00
1.675757575757577111e-01
1.026363636363638143e+00
1.254848484848486656e+00
1.675757575757576556e-01
2.178888888888884878e+00
7.434343434343430868e-02
1.287878787878785347e-01
8.272727272727277426e-02
0.000000000000000000e+00
6.036262626262627862e+01
1.232323232323233153e+00
2.636030303030302946e+01
4.169696969696967126e-01
2.548989898989897362e+00
3.056464646464651214e+00
2.077373737373735541e+00
3.878787878787880172e-02
9.312121212121228231e-01
1.243434343434341449e-01
4.607575757575754771e+00
9.999999999999965514e-03
2.618080808080809341e+00
2.495151515151514676e+00
0.000000000000000000e+00
1.893939393939393923e-01
1.357575757575757991e-01
9.999999999999991535e-03
2.601010101010102216e-01
0.000000000000000000e+00
4.641414141414132999e-01
8.564646464646450408e-01
2.711010101010105089e+00
3.376959595959595362e+01
2.403030303030307957e-01
1.425252525252528879e-01
0.000000000000000000e+00
3.012121212121217639e-01
1.979797979797979710e-02
1.566767676767675255e+00
4.919191919191921725e-02
1.395858585858586798e+00
2.616161616161619685e-01
1.527171717171716958e+00
1.018080808080806587e+00
9.129191919191924853e+00
2.096060606060607512e+00
0.000000000000000000e+00
8.272727272727277426e-02
1.202727272727275531e+00
1.241010101010099564e+00
1.354545454545451832e+00
2.081818181818182456e+00
1.142424242424245895e-01
8.485757575757583382e+00
2.190535353535353735e+01
1.047979797979799566e+00
2.358585858585861839e-01
1.150808080808078282e+00
1.749393939393937725e+00
2.289292929292933376e+00
1.165555555555557232e+00
2.121212121212122381e-01
1.776363636363635257e+00
3.461414141414140833e+00
1.512626262626264539e+00
1.954545454545452143e+00
2.486797979797979963e+01
1.078282828282829842e+00
2.948555555555555330e+01
9.545454545454552520e-01
1.321919191919193715e+00
5.070202020202017046e+00
1.651515151515154045e+00
8.988888888888888484e-01
0.000000000000000000e+00
4.022121212121208877e+00
3.411111111111114202e-01
7.599999999999992317e-01
2.719868686868686325e+01
2.102121212121214722e+00
3.083424242424243999e+01
1.964343434343432948e+00
2.090909090909090218e-01
1.579696969696970932e+00
1.977575757575754434e+00
2.440303030303033971e+00
7.434343434343430868e-02
2.524242424242423843e-01
4.199303030303029516e+01
3.343232323232320446e+00
5.962626262626270268e+00
6.575757575757590345e-02
8.206060606060595619e-01
7.631313131313144371e-01
5.214848484848486621e+00
3.878787878787880172e-02
1.457575757575757247e-01
0.000000000000000000e+00
3.211111111111110361e+00
1.423838383838383237e+00
2.415151515151520989e-01
1.437757575757575168e+01
8.313131313131306710e-01
6.858585858585855566e-02
2.509090909090912480e-01
1.558686868686868676e+00
2.355050505050508391e+00
4.121303030303028692e+01
4.913737373737375513e+00
0.000000000000000000e+00
0.000000000000000000e+00
2.322222222222223020e-01
5.535151515151514268e+00
1.755858585858586451e+00
0.000000000000000000e+00
5.472727272727261338e-01
1.846666666666668899e+00
1.506060606060607210e+00
1.194242424242424105e+00
1.517373737373739928e+00
2.781414141414143337e+00
1.657373737373735834e+00
1.279393939393937973e+00
0.000000000000000000e+00
0.000000000000000000e+00
2.129696969696968090e+00
3.016161616161610604e-01
0.000000000000000000e+00
3.110101010101006813e-01
2.043434343434342437e-01
3.097979797979806826e-01
2.666565656565655029e+00
1.276161616161618939e+00
1.047979797979798455e+00
2.621212121212118107e-01
0.000000000000000000e+00
3.667676767676767979e-01
3.457676767676766350e+00
2.295858585858587375e+00
3.044747474747470761e+00
1.102929292929291094e+00
7.121212121212131541e-01
8.019191919191912543e-01
1.234242424242424585e+00
2.182424242424244376e+00
6.062525252525249186e+01
1.435454545454545316e+00
1.416868686868688609e+00
6.273737373737383605e-01
2.078282828282829175e+00
4.990505050505047890e+00
8.548484848484846355e-01
4.833333333333340032e-01
0.000000000000000000e+00
1.361414141414144074e+00
8.655555555555545233e-01
2.577171717171714338e+00
2.197979797979799643e-01
2.939393939393944791e-02
7.434343434343430868e-02
1.706464646464646684e+00
1.979797979797979363e-02
0.000000000000000000e+00
9.916161616161626169e-01
1.011070707070706831e+01
2.588181818181823690e+00
1.849959595959595049e+01
0.000000000000000000e+00
2.625252525252521063e-01
1.427474747474747341e+00
1.223232323232322644e-01
1.908585858585855055e+00
2.017373737373741260e+00
0.000000000000000000e+00
2.814040404040405008e+00
2.708272727272727920e+01
8.734343434343421197e-01
1.362222222222222889e+00
6.720606060606063359e+00
1.705959595959598118e+00
1.186868686868686629e+00
2.360707070707068311e+00
1.979797979797979016e-02
5.993939393939382576e-01
3.115757575757575726e+00
4.722222222222228205e-01
2.989696969696967077e+00
1.538787878787881036e+00
4.345757575757574820e+00
1.999999999999995531e-02
1.796969696969693553e+00
9.888888888888890116e-02
5.970707070707057529e-01
4.875757575757575957e+00
2.585030303030302079e+01
9.662424242424236809e+00
7.959595959595949788e-01
0.000000000000000000e+00
1.095131313131312822e+01
1.104848484848483414e+00
3.270707070707071229e-01
1.828020202020201523e+01
1.123030303030301047e+00
7.575757575757584295e-02
1.412727272727275052e+00
1.791313131313131413e+00
4.797979797979805977e-02
1.477070707070706312e+00
1.066666666666669094e-01
2.754545454545453964e+00
0.000000000000000000e+00
1.521818181818182625e+00
9.452525252525267874e-01
3.878787878787879478e-02
1.215424242424243495e+01
1.142424242424245201e-01
5.819999999999999396e+00
1.075555555555558485e+00
1.554545454545455951e-01
2.166666666666663410e+00
0.000000000000000000e+00
2.434343434343435586e+00
7.516161616161614045e-01
6.083777777777780216e+01
1.660505050505050040e+00
1.103868686868687554e+01
7.055656565656566848e+00
1.555959595959595987e+00
2.939393939393944444e-02
1.826565656565660500e+00
3.127878787878787037e+00
1.447474747474748469e+00
2.045151515151518495e+00
2.197979797979799643e-01
1.764838383838382896e+01
8.807070707070711046e-01
1.425252525252528046e-01
2.623939393939392239e+00
1.393535353535350962e+00
2.358585858585861283e-01
6.085181818181815316e+01
2.198181818181822234e+00
1.332727272727273871e+00
4.277171717171711407e+00
1.653939393939390934e+00
1.689292929292928847e+01
0.000000000000000000e+00
2.939393939393941668e-02
1.447474747474746692e+00
1.221717171717173311e+00
4.869292929292931404e+01
1.964545454545457037e+00
1.009090909090910176e-01
1.275454545454544286e+00
2.432929292929289389e+00
0.000000000000000000e+00
5.206565656565665279e+00
4.790565656565655672e+01
9.634343434343421997e-01
3.416161616161614845e-01
2.685858585858582614e-01
7.047676767676762211e+00
1.490909090909092738e-01
6.242929292929292728e+01
1.979797979797979363e-02
6.439393939393952548e-01
1.999999999999998307e-02
1.714545454545453262e+00
2.443434343434337797e-01
9.999999999999955105e-03
1.052323232323233437e+00
3.013131313131315325e-01
4.031292929292930438e+01
2.424242424242418481e-01
1.531313131313134068e+00
2.686868686868690848e-01
1.990909090909089296e-01
9.285858585858567382e-01
1.754242424242424603e+00
2.677777777777775037e-01
3.821212121212120838e+00
3.878787878787880172e-02
1.802121212121211569e+00
1.463535353535349914e+00
4.122626262626263305e+00
1.671010101010099058e+00
3.711717171717173080e+00
9.663636363636360915e-01
1.979797979797979016e-02
6.826262626262623590e-01
1.733333333333333115e-01
4.757575757575766562e-01
5.025242424242426864e+01
4.174727272727271554e+01
1.071010101010102300e+00
1.775757575757575257e-01
1.072626262626264371e+00
4.171262626262627293e+01
2.352121212121208949e+00
2.020303030303032266e+00
3.089898989898993698e-01
1.382727272727269918e+00
3.110101010101015140e-01
1.647777777777778230e+00
6.022282828282822464e+01
3.149494949494944240e-01
5.919191919191918450e-02
1.969393939393937698e+00
4.014323232323233270e+01
1.210606060606059131e+00
2.057979797979802239e+00
1.842424242424241798e-01
3.760909090909095198e+00
2.121212121212122381e-01
0.000000000000000000e+00
2.197979797979799643e-01
1.618080808080806676e+01
4.007070707070717219e+00
8.320666666666667766e+01
0.000000000000000000e+00
5.796969696969705987e-01
1.642727272727274146e+00
1.480303030303029788e+00
1.357575757575757991e-01
1.442525252525251656e+00
1.199898989898988244e+00
2.823232323232327534e-01
9.176868686868694169e+00
1.979797979797979016e-02
2.329292929292931802e-01
2.246767676767673638e+00
1.979797979797979016e-02
3.597979797979788952e-01
1.023232323232321717e+00
1.526666666666663064e+00
9.750101010101014154e+00
9.561616161616166565e-01
2.890909090909092316e-01
1.894040404040402192e+00
2.334343434343434387e-01
1.022121212121213762e+00
6.384848484848493211e-01
0.000000000000000000e+00
1.107292929292928463e+01
2.121212121212122381e-01
2.475757575757577267e-01
0.000000000000000000e+00
1.216161616161617193e-01
9.999999999999955105e-03
1.118787878787876888e+00
1.842424242424241798e-01
4.984848484848478090e-01
7.434343434343430868e-02
1.706565656565658173e+00
1.245555555555553751e+00
2.556969696969694450e+00
1.683333333333330017e+00
2.702424242424240841e+00
2.562525252525249542e+00
2.690010101010101096e+01
7.589727272727269280e+01
1.903333333333335098e+00
1.362727272727273453e+00
9.414343434343438233e+00
1.990909090909090962e-01
4.419191919191924001e+00
9.999999999999949901e-03
3.399090909090916934e+00
1.036060606060606792e+00
0.000000000000000000e+00
1.241818181818179712e+00
1.927272727272729136e-01
9.999999999999956840e-03
3.703333333333334920e+00
3.810818181818181216e+01
2.358585858585863504e-01
1.081818181818182678e+00
1.599393939393940034e+00
4.057979797979797354e+00
1.114646464646463997e+00
1.261010101010101581e+00
2.205050505050510645e-01
1.357373737373738010e+00
1.066666666666668400e-01
1.417272727272726129e+00
3.142121212121212093e+00
1.049494949494947482e+00
1.471818181818181026e+00
3.857575757575750219e-01
2.354545454545460548e-01
2.064242424242421770e+00
1.986868686868691614e-01
4.760404040404047521e+00
4.910909090909089336e+00
1.246666666666667034e+00
4.861313131313129254e+00
9.888888888888890116e-02
3.141414141414141104e-01
2.723232323232319674e-01
1.046363636363636385e+00
2.418080808080804278e+00
3.878787878787880172e-02
1.712525252525250341e+00
1.654747474747472413e+00
6.727939393939394108e+01
1.490909090909092460e-01
7.576767676767676818e+00
1.623232323232321195e-01
2.427272727272723196e-01
7.062121212121211578e+00
2.305757575757579225e+00
1.128888888888890607e+00
2.245454545454544093e-01
3.588878787878787335e+01
2.488888888888891149e+00
2.084343434343436385e+00
1.623232323232321472e-01
2.777777777777773460e-01
7.284848484848492900e-01
2.339595959595962782e+00
7.061414141414137369e+00
0.000000000000000000e+00
9.999999999999975922e-03
9.311111111111081140e-01
1.032929292929295473e+00
2.125858585858584338e+00
4.476969696969695711e+00
2.739494949494948539e+00
1.609595959595957471e+00
3.475757575757582596e-01
0.000000000000000000e+00
0.000000000000000000e+00
2.201111111111110130e+00
1.600707070707071189e+00
2.354343434343436847e+00
9.272727272727272763e-02
2.375151515151512349e+00
8.097171717171715244e+00
3.319191919191925577e-01
2.029838383838383464e+01
2.266565656565659115e+00
3.002020202020203143e+00
1.152525252525253396e+00
4.816262626262626689e+00
1.826161616161613876e+00
0.000000000000000000e+00
1.312626262626264806e+00
2.738484848484850520e+00
1.216161616161619691e-01
1.895656565656561598e+00
9.227272727272747277e-01
2.227505050505049766e+01
5.555656565656563295e+00
1.015757575757573417e+00
1.133636363636361555e+00
4.959595959595952674e-02
2.079797979797981533e-01
1.979797979797979710e-02
2.319191919191922191e-01
1.601111111111110263e+00
3.845454545454546347e-01
5.097979797979791394e-01
1.297373737373735736e+00
1.187090909090908220e+01
1.429191919191918814e+01
1.215757575757573150e+00
0.000000000000000000e+00
9.090909090909086998e-02
1.223121212121212054e+01
9.937373737373741411e-01
2.346060606060604847e+00
2.464444444444440219e+00
9.999999999999993269e-03
8.486868686868695999e-01
1.287878787878784514e-01
9.999999999999977657e-03
1.194252525252525032e+01
1.317777777777780823e+00
1.559797979797983070e+00
3.868686868686868618e-01
2.361111111111112049e+00
2.831313131313127340e-01
1.936363636363634733e+00
5.250707070707072432e+00
1.086666666666668224e+00
1.514242424242420837e+00
3.878787878787880172e-02
2.102727272727274777e+00
8.401515151515148716e+00
1.195454545454543993e+00
7.287878787878794284e-01
0.000000000000000000e+00
6.696969696969709562e-02
1.128787878787880672e+00
2.317777777777775494e+00
9.671717171717164607e-01
1.733333333333331450e-01
4.754242424242429266e+00
3.318373737373738663e+01
2.684646464646460728e+00
2.656868686868683938e+00
3.081616161616162142e+00
8.354545454545453387e-01
2.354545454545460270e-01
4.998898989898987111e+01
3.354727272727273402e+01
1.029292929292928260e+00
1.317777777777776604e+00
2.580303030303034095e+00
1.567070707070707725e+00
1.782525252525255066e+00
6.491919191919189869e-01
0.000000000000000000e+00
8.272727272727277426e-02
1.573636363636363278e+00
1.129858585858586295e+01
2.098383838383841127e+00
2.707373737373739431e+01
1.419474747474746756e+01
7.362222222222221113e+00
1.151616161616162426e+00
1.067676767676766919e-01
1.796161616161616070e+00
1.163131313131310796e+00
0.000000000000000000e+00
5.669919191919190382e+01
6.241414141414132200e-01
8.101010101010119868e-01
8.343434343434350531e-01
2.173939393939392062e+00
1.074646464646466626e+00
1.681515151515150741e+00
2.667070707070708036e+00
5.696969696969710756e-02
0.000000000000000000e+00
3.120020202020202049e+01
1.450000000000001288e+00
3.298838383838385369e+01
1.986868686868691058e-01
1.455656565656567425e+00
0.000000000000000000e+00
1.425929292929291847e+01
0.000000000000000000e+00
6.095151515151512100e+00
0.000000000000000000e+00
4.658585858585853057e-01
1.794848484848485271e+01
1.383535353535352730e+00
1.674444444444444624e+00
5.077525252525252597e+01
2.221010101010097326e+00
2.825858585858583627e+00
7.737373737373720584e-02
1.205454545454546667e+00
9.999999999999977657e-03
1.823636363636364388e+00
1.359737373737373822e+01
6.696969696969704011e-02
1.496606060606059785e+01
6.709797979797978940e+01
1.343434343434344980e+00
0.000000000000000000e+00
1.975555555555553289e+00
3.288676767676766133e+01
2.612525252525248476e+00
1.078888888888890785e+00
2.751636363636362148e+01
9.999999999999953371e-03
1.008686868686866855e+00
9.999999999999991535e-03
2.354545454545454719e-01
3.848464646464646677e+01
2.036363636363636431e-01
5.152525252525252064e+00
4.358686868686866056e+00
2.014343434343430328e+00
7.591919191919188625e-01
2.831313131313127340e-01
3.012121212121208758e-01
9.818181818181805909e-01
4.563636363636360826e+00
1.727979797979796173e+00
1.855454545454546578e+00
8.272727272727277426e-02
5.711111111111112359e-01
7.120101010101008043e+00
2.380303030303029388e+01
1.162727272727274386e+00
7.288888888888876982e-01
2.114242424242427809e+00
6.575757575757583406e-02
5.004626262626262445e+01
1.493939393939391902e+00
8.826262626262613153e-01
3.066060606060608595e+00
9.068686868686870461e-01
1.402626262626264220e+00
3.291616161616162106e+00
1.554545454545456229e-01
4.191919191919187826e-01
0.000000000000000000e+00
4.755555555555546765e-01
2.139595959595956387e+00
4.849848484848483565e+01
3.888797979797980986e+01
1.842828282828281372e+00
2.625252525252524949e-01
1.471010101010100657e+00
1.447676767676765008e+00
2.237777777777781640e+00
2.379797979797985685e-01
2.644747474747468630e+00
0.000000000000000000e+00
3.289797979797978833e+00
1.301111111111113772e+00
1.245252525252526610e+00
1.139999999999998792e+00
2.536666666666667957e+00
2.621212121212118107e-01
5.037282828282831559e+01
1.832121212121208709e+00
6.760808080808076603e+00
1.410202020202019124e+00
1.878787878787876453e+00
1.325151515151514081e+00
1.637474747474745529e+00
1.011212121212119897e+00
8.148484848484841336e+00
9.271717171717159811e-01
1.569191919191918805e+00
2.025454545454543620e+00
3.959595959595958031e-02
6.181818181818172775e-01
8.242424242424248870e-01
1.933131313131312812e+00
1.432626262626262692e+00
2.346565656565656077e+00
2.197979797979799643e-01
2.939393939393943056e-02
2.327272727272731989e-01
9.999999999999963779e-03
6.761616161616164078e-01
0.000000000000000000e+00
3.737373737373732574e-01
1.549393939393939545e+00
1.981616161616157390e+00
1.066666666666668400e-01
1.425252525252529157e-01
6.046767676767677457e+00
1.246767676767678079e+00
8.345959595959595134e+00
2.939393939393940974e-02
0.000000000000000000e+00
1.385757575757576854e+00
6.777777777777771462e-02
9.999999999999979391e-03
1.043030303030303640e+00
3.618787878787885770e+00
1.999999999999996225e-02
1.592121212121210938e+00
1.856767676767674624e+00
2.835151515151512314e+00
6.575757575757587570e-02
1.413131313131316957e-01
