2.949595959595959549e+00
1.340101010101009793e+00
0.000000000000000000e+00
8.665656565656546517e-01
2.774242424242425731e+00
6.252525252525236166e-01
2.424242424242418759e-01
1.492727272727273347e+00
2.403030303030307957e-01
1.421212121212120705e+00
5.132838383838384289e+01
1.969696969696966005e-01
0.000000000000000000e+00
9.822222222222235510e-01
1.765555555555552214e+00
3.114545454545452952e+00
1.979797979797979710e-02
5.696969696969709368e-02
2.920676767676768293e+01
1.090000000000000746e+00
0.000000000000000000e+00
6.153535353535359853e-01
1.783232323232325500e+00
2.354545454545460548e-01
0.000000000000000000e+00
9.999999999999981126e-03
1.379595959595959709e+00
2.979797979797977822e-02
9.999999999999960310e-03
9.708080808080830071e-01
3.750606060606054726e+00
9.888888888888895667e-02
2.463636363636359516e-01
6.718181818181823139e-01
1.179898989898990003e+00
1.369797979797980902e+00
7.037323232323232958e+01
2.482292929292929173e+01
2.379797979797985408e-01
1.853939393939389779e+00
7.130404040404043187e+00
7.518181818181806086e-01
1.447474747474750245e+00
8.371717171717160122e-01
1.480202020202022739e+00
0.000000000000000000e+00
4.196969696969696795e-01
0.000000000000000000e+00
1.982929292929292986e+00
9.482929292929288323e+00
1.527474747474746541e+00
0.000000000000000000e+00
9.090909090909080059e-02
6.863636363636358428e-01
1.845151515151512100e+00
5.159595959595955073e-01
1.269797979797981258e+00
6.061616161616170118e-01
2.967171717171721568e+00
1.033434343434344926e+00
3.231626262626261337e+01
1.015252525252524407e+00
2.137242424242422700e+01
0.000000000000000000e+00
1.189898989898990012e+00
9.414141414141416475e-02
4.137676767676763845e+00
1.421818181818184312e+00
2.488888888888884654e-01
4.797979797979801814e-02
1.931616161616158012e+00
1.979797979797979016e-02
1.400202020202017561e+00
2.292424242424245140e+00
1.313131313131311872e-01
2.611989898989898862e+01
1.614444444444443238e+00
1.611616161616160614e+00
2.055656565656564538e+01
3.836363636363635532e-01
7.295959595959592425e-01
1.159494949494949356e+00
8.555555555555556524e-02
3.715757575757575815e+00
3.157474747474747101e+00
1.840303030303031440e+00
7.056565656565653155e-01
1.995050505050505629e+00
6.539393939393934874e-01
2.197979797979799643e-01
6.777777777777775625e-02
9.630303030303009049e-01
3.959595959595958725e-02
1.355858585858585208e+00
1.356767676767675068e+00
4.967676767676774685e-01
1.801515151515153512e+00
1.556666666666665311e+00
1.325151515151516080e+00
4.307797979797980048e+01
2.316868686868691185e+00
0.000000000000000000e+00
1.242424242424242514e-01
1.102040404040403132e+01
2.475757575757577267e-01
1.051414141414140468e+00
6.995959595959591049e-01
6.078787878787881294e-01
2.525252525252525415e-01
2.157070707070704252e+00
3.093939393939387772e-01
3.878787878787879478e-02
2.939393939393944444e-02
2.180303030303027523e+00
1.727171717171714471e+00
1.461616161616163256e-01
0.000000000000000000e+00
2.304545454545456007e+00
1.343131313131309623e+00
6.037272727272733341e+00
4.360707070707077193e+00
8.529292929292948688e-01
3.217171717171722900e-01
9.872727272727295222e-01
1.661212121212123805e+00
4.073737373737369993e-01
9.283838383838403097e-01
6.575757575757590345e-02
8.417272727272724353e+00
0.000000000000000000e+00
1.979797979797979363e-02
3.878787878787880172e-02
1.979797979797979363e-02
1.444242424242424994e+00
1.053232323232323964e+00
1.216676767676769089e+01
2.524242424242423843e-01
2.623232323232322472e+00
1.075353535353533951e+00
0.000000000000000000e+00
1.168585858585857284e+00
1.251818181818182829e+00
2.979797979797978169e-02
1.309292929292931396e+00
2.197979797979799643e-01
1.885959595959593837e+00
1.058383838383837539e+00
3.206060606060603946e-01
1.272626262626260774e+00
9.999999999999993269e-03
1.815858585858584506e+00
9.044444444444438291e-01
0.000000000000000000e+00
1.814848484848485377e+00
3.777070707070702582e+00
8.577777777777765289e-01
1.431414141414140140e+00
4.517878787878782276e+00
1.199393939393936570e+00
9.272727272727272763e-02
9.090909090909084223e-02
0.000000000000000000e+00
1.357575757575757991e-01
9.465656565656580312e+00
1.971212121212123192e+00
4.790959595959596840e+01
8.272727272727277426e-02
1.192929292929293617e+00
7.026363636363628373e+00
1.123636363636365321e+00
1.142424242424244091e-01
1.247171717171715821e+00
9.983838383838404829e-01
0.000000000000000000e+00
7.343434343434337430e-01
6.130404040404037858e+00
1.463636363636365179e+00
1.990909090909091794e-01
1.088888888888889239e-01
1.009191919191918085e+00
4.919191919191924500e-02
1.192121212121211027e+00
6.696969696969702623e-02
1.548181818181815883e+00
4.071717171717176842e-01
8.881818181818192937e-01
1.327272727272725605e+00
1.061212121212119497e+00
1.120707070707070097e+00
2.079797979797981811e-01
1.777171717171720289e+00
1.830101010101012449e+00
1.109090909090906685e+00
1.467777777777779624e+00
9.999999999999981126e-03
2.000909090909088306e+00
0.000000000000000000e+00
1.329898989898992134e+00
1.979797979797979016e-02
1.236838383838384026e+01
9.095252525252531584e+00
8.967676767676757699e-01
1.978787878787881538e-01
0.000000000000000000e+00
1.571818181818179561e+00
0.000000000000000000e+00
2.911717171717172370e+00
1.979797979797979710e-02
5.696969696969703817e-02
4.430303030303031075e-01
5.303676767676763149e+01
2.521212121212118573e-01
4.688888888888885220e-01
3.878787878787874899e-01
1.794545454545457108e+00
3.788060606060606972e+01
1.463171717171716857e+01
1.806565656565656397e+01
7.332323232323222362e-01
1.455454545454545112e+00
6.160606060606067524e-01
3.090909090909095269e-01
3.848282828282834966e+00
0.000000000000000000e+00
1.475212121212121552e+01
9.562626262626271467e-01
1.917878787878787072e+00
5.263636363636354787e-01
4.613636363636363313e+00
7.207070707070709625e-01
0.000000000000000000e+00
7.575757575757585682e-01
1.682323232323233553e+00
1.783232323232324390e+00
5.322727272727276748e+00
2.915353535353535808e+00
7.313838383838382917e+00
1.418787878787877155e+00
1.247676767676769272e+00
9.609090909090922672e-01
1.044747474747473204e+00
1.164747474747472866e+00
0.000000000000000000e+00
2.233333333333338278e-01
1.566363636363636624e+00
1.706969696969697248e+00
1.422292929292929209e+01
1.569595959595960100e+00
8.369696969696979183e-01
7.069696969696969147e-01
1.038989898989897798e+00
1.754242424242422604e+00
1.505050505050508081e-01
1.186868686868686323e-01
2.354545454545460548e-01
7.534848484848486017e+00
9.552525252525240207e-01
2.950202020202019604e+00
2.552525252525249755e+00
1.721313131313130462e+00
0.000000000000000000e+00
0.000000000000000000e+00
1.024949494949497275e+00
4.234141414141418203e+00
3.329191919191919879e+01
1.326060606060605496e+00
3.738383838383838587e+00
1.156161616161615058e+00
7.185858585858585501e-01
1.214646464646467194e+00
1.697373737373735647e+00
6.047474747474743673e+00
0.000000000000000000e+00
4.178080808080813391e+00
1.979797979797979363e-02
3.878787878787880172e-02
1.978080808080810771e+00
1.616161616161617132e-01
9.999999999999998473e-03
1.943737373737376650e+00
1.629191919191917304e+00
1.241515151515150350e+01
8.033333333333327886e-01
1.208787878787878300e+00
3.948484848484847820e+00
1.478686868686867051e+00
1.682171717171717518e+01
1.554242424242425757e+00
1.654040404040403978e+00
2.524242424242423843e-01
1.647575757575756805e+00
1.130303030303030809e+01
1.716262626262628821e+00
0.000000000000000000e+00
1.966363636363641199e+00
9.978787878787874766e-01
4.332424242424244731e+00
1.388888888888889228e-01
1.816868686868689409e+00
1.616161616161617132e-01
1.047878787878788076e+00
8.731313131313120923e-01
5.634343434343442869e-01
1.398383838383838285e+00
0.000000000000000000e+00
1.068484848484850591e+00
1.489898989898986448e-01
2.475757575757577267e-01
8.729292929292926662e-01
1.210000000000001963e+00
1.979797979797979363e-02
3.878787878787880172e-02
9.779797979797971719e-01
4.968686868686856828e-01
0.000000000000000000e+00
0.000000000000000000e+00
8.778787878787861487e-01
1.558181818181818556e+00
1.811111111111112448e+00
2.939393939393944444e-02
3.505555555555552427e+00
7.690909090909090473e-01
5.304949494949495303e+00
3.393838383838382988e+00
5.649898989898992419e+00
1.376262626262625632e+00
9.892020202020209041e+00
6.955555555555549274e-01
1.215959595959595019e+00
0.000000000000000000e+00
1.126565656565653661e+00
1.394545454545454533e+00
1.929090909090905637e+00
4.878787878787885918e-02
1.419595959595960855e+00
9.909090909090921828e-01
1.554545454545456507e-01
9.625252525252523395e-01
1.041111111111112431e+00
1.733333333333332560e-01
1.873232323232324026e+00
6.575757575757588957e-02
1.142424242424245201e-01
7.434343434343430868e-02
0.000000000000000000e+00
5.049272727272725092e+01
1.096060606060608178e+00
2.085161616161616038e+01
3.612121212121210956e-01
2.391515151515147597e+00
2.586161616161614774e+00
1.960505050505044977e+00
2.939393939393943403e-02
8.226262626262625943e-01
1.319191919191920193e-01
3.994141414141416657e+00
9.999999999999955105e-03
2.403838383838380999e+00
2.302020202020203410e+00
0.000000000000000000e+00
1.788888888888890139e-01
1.554545454545456507e-01
0.000000000000000000e+00
2.513131313131307665e-01
0.000000000000000000e+00
4.709090909090903887e-01
8.071717171717159856e-01
2.611111111111107164e+00
2.666858585858585329e+01
2.424242424242418481e-01
1.490909090909092460e-01
0.000000000000000000e+00
2.803030303030298320e-01
2.939393939393940974e-02
1.456969696969693917e+00
3.959595959595958725e-02
1.218686868686870151e+00
2.588888888888883910e-01
1.269292929292930916e+00
8.873737373737373701e-01
6.811414141414148915e+00
1.701111111111110796e+00
0.000000000000000000e+00
3.878787878787879478e-02
9.461616161616167586e-01
1.034949494949496174e+00
1.321818181818183779e+00
2.030202020202017454e+00
1.216161616161619136e-01
7.188181818181819338e+00
1.899707070707071210e+01
9.837373737373733551e-01
1.990909090909091239e-01
1.094242424242422462e+00
1.667878787878789293e+00
1.647676767676766962e+00
1.102828282828284046e+00
2.233333333333338555e-01
1.445959595959594113e+00
3.131616161616161520e+00
1.331111111111108469e+00
1.614646464646466884e+00
2.022707070707070898e+01
8.867676767676784255e-01
2.657757575757575097e+01
8.527272727272715569e-01
1.131414141414140540e+00
4.075454545454546107e+00
1.490808080808083691e+00
1.006060606060603657e+00
0.000000000000000000e+00
4.059999999999997833e+00
3.477777777777779633e-01
7.553535353535356656e-01
2.642212121212122966e+01
1.784949494949498394e+00
2.711707070707072731e+01
1.626868686868688574e+00
2.043434343434342437e-01
1.317373737373736864e+00
1.726363636363635212e+00
1.930909090909088244e+00
3.878787878787880172e-02
2.524242424242423843e-01
3.862818181818180818e+01
2.684747474747472662e+00
5.611515151515144240e+00
3.878787878787880172e-02
8.098989898989910063e-01
7.397979797979802319e-01
3.721515151515146780e+00
3.878787878787880172e-02
1.066666666666668400e-01
0.000000000000000000e+00
3.351010101010102549e+00
1.299191919191917899e+00
2.027272727272723118e-01
1.326010101010100861e+01
7.969696969696974387e-01
1.239393939393940852e-01
2.475757575757577267e-01
1.625151515151516790e+00
2.144949494949496938e+00
3.280626262626262957e+01
4.436666666666670089e+00
9.999999999999981126e-03
0.000000000000000000e+00
2.136363636363637908e-01
5.514646464646467017e+00
1.765959595959595285e+00
0.000000000000000000e+00
4.846464646464641035e-01
1.426161616161615298e+00
1.299191919191917011e+00
9.933333333333320692e-01
1.468484848484847838e+00
2.582828282828286692e+00
1.403838383838382775e+00
1.252626262626260534e+00
0.000000000000000000e+00
0.000000000000000000e+00
2.087878787878784781e+00
2.473737373737369960e-01
0.000000000000000000e+00
2.713131313131313949e-01
1.842424242424241798e-01
2.634343434343437984e-01
2.112323232323236599e+00
1.102424242424240530e+00
1.048686868686870000e+00
2.577777777777774393e-01
0.000000000000000000e+00
3.448484848484852372e-01
3.119393939393944937e+00
1.861010101010098339e+00
2.744040404040402059e+00
9.935353535353554921e-01
6.200000000000015499e-01
7.409090909090909616e-01
1.251919191919190544e+00
1.635353535353536669e+00
4.765909090909089230e+01
1.210707070707071953e+00
1.285151515151513824e+00
6.095959595959602462e-01
1.655959595959596298e+00
4.103030303030302584e+00
7.914141414141399045e-01
4.959595959595972103e-01
0.000000000000000000e+00
1.025656565656567487e+00
7.691919191919189824e-01
2.077171717171714782e+00
2.079797979797981533e-01
4.797979797979806671e-02
5.696969696969710756e-02
1.476161616161616008e+00
1.979797979797979363e-02
0.000000000000000000e+00
7.360606060606066370e-01
9.980000000000005755e+00
2.180404040404043453e+00
1.451545454545455449e+01
9.999999999999948166e-03
2.297979797979799177e-01
1.298787878787877714e+00
7.737373737373737237e-02
1.315757575757574793e+00
1.701111111111109464e+00
0.000000000000000000e+00
2.365050505050509511e+00
2.249191919191918387e+01
7.247474747474769163e-01
1.168383838383836526e+00
5.705252525252523021e+00
1.231818181818184366e+00
1.048181818181817215e+00
2.017979797979795098e+00
0.000000000000000000e+00
6.260606060606062062e-01
2.737676767676762601e+00
4.622222222222217014e-01
2.318484848484844818e+00
1.487272727272723305e+00
4.086363636363634200e+00
0.000000000000000000e+00
1.763636363636359006e+00
1.216161616161617887e-01
5.913131313131314570e-01
3.985757575757576721e+00
2.313696969696970029e+01
7.938888888888892659e+00
7.806060606060601925e-01
0.000000000000000000e+00
7.984242424242424363e+00
1.116666666666666918e+00
3.288888888888888973e-01
1.633151515151515198e+01
9.683838383838364594e-01
6.696969696969706787e-02
1.331818181818179569e+00
1.437878787878790421e+00
4.797979797979805977e-02
1.329494949494949285e+00
1.066666666666669094e-01
2.433737373737376419e+00
0.000000000000000000e+00
1.449797979797978753e+00
8.423232323232333618e-01
2.939393939393941668e-02
9.924242424242418537e+00
1.554545454545456229e-01
4.800404040404037787e+00
8.980808080808093674e-01
1.357575757575757991e-01
1.967070707070709412e+00
0.000000000000000000e+00
2.313636363636364823e+00
7.784848484848484462e-01
6.221535353535352186e+01
1.298383838383835975e+00
1.105151515151515795e+01
5.583333333333334814e+00
1.365050505050504404e+00
1.979797979797979363e-02
1.412525252525253183e+00
2.357070707070711091e+00
1.260404040404039083e+00
1.824949494949494877e+00
2.297979797979792516e-01
1.306767676767677244e+01
8.355555555555544966e-01
1.287878787878785625e-01
2.140000000000002789e+00
1.264949494949493047e+00
2.034343434343433565e-01
5.258737373737375265e+01
1.681616161616157790e+00
1.033030303030301633e+00
3.353737373737367911e+00
1.641313131313130613e+00
1.437717171717170928e+01
0.000000000000000000e+00
9.999999999999998473e-03
1.289494949494951692e+00
1.073737373737376100e+00
3.432434343434342594e+01
1.413939393939389833e+00
9.272727272727272763e-02
1.090808080808082670e+00
2.127676767676768499e+00
0.000000000000000000e+00
4.629797979797984020e+00
4.115464646464645426e+01
8.919191919191923335e-01
2.932323232323237328e-01
2.397979797979796768e-01
7.005959595959599717e+00
1.554545454545456507e-01
5.357363636363634640e+01
0.000000000000000000e+00
6.960606060606060463e-01
9.999999999999991535e-03
1.524242424242421512e+00
2.509090909090911370e-01
1.979797979797979016e-02
1.009898989898991184e+00
2.887878787878792042e-01
3.581525252525254643e+01
2.424242424242418481e-01
1.285555555555557561e+00
2.624242424242423377e-01
2.036363636363638929e-01
7.720202020202034943e-01
1.430202020202021584e+00
2.464646464646467472e-01
3.489494949494950315e+00
9.999999999999962044e-03
1.476565656565655749e+00
1.248383838383837485e+00
3.400202020202019781e+00
1.505555555555556424e+00
3.280707070707074902e+00
8.431313131313120657e-01
0.000000000000000000e+00
7.076767676767676818e-01
1.525252525252527858e-01
4.492929292929288554e-01
3.727777777777773593e+01
4.513141414141415453e+01
9.844444444444431230e-01
1.612121212121211400e-01
9.883838383838394748e-01
3.953090909090909832e+01
2.005555555555559089e+00
1.954545454545453032e+00
2.786868686868690936e-01
1.246767676767679411e+00
2.777777777777774015e-01
1.613131313131314748e+00
5.489010101010102005e+01
2.863636363636361537e-01
2.979797979797974006e-02
1.789292929292926271e+00
3.266363636363637113e+01
1.095050505050506384e+00
1.742828282828282171e+00
1.675757575757578222e-01
3.182323232323230666e+00
2.233333333333339110e-01
0.000000000000000000e+00
2.327272727272732267e-01
1.416404040404039755e+01
3.613535353535350936e+00
6.998575757575757450e+01
0.000000000000000000e+00
5.457575757575749975e-01
1.420808080808080520e+00
1.224141414141414197e+00
1.216161616161618442e-01
1.154545454545455430e+00
1.090505050505047757e+00
2.297979797979799177e-01
8.333131313131312723e+00
9.999999999999956840e-03
2.083838383838386710e-01
1.906868686868689933e+00
2.939393939393944097e-02
3.572727272727267422e-01
7.944444444444441755e-01
1.357373737373740008e+00
7.330101010101009784e+00
8.871717171717156125e-01
3.037373737373739724e-01
1.585757575757573035e+00
2.749494949494944440e-01
9.923232323232317187e-01
5.972727272727260672e-01
0.000000000000000000e+00
8.873737373737368372e+00
1.842424242424241798e-01
2.327272727272731989e-01
0.000000000000000000e+00
1.287878787878786180e-01
0.000000000000000000e+00
9.207070707070714732e-01
1.357575757575757991e-01
5.110101010100999153e-01
8.272727272727276038e-02
1.384444444444444366e+00
1.107777777777779304e+00
2.201414141414142378e+00
1.271313131313133615e+00
2.079797979797982865e+00
1.783333333333334991e+00
2.228464646464646393e+01
6.495505050505055067e+01
1.407979797979797665e+00
1.111212121212119541e+00
8.560606060606060552e+00
2.036363636363636709e-01
3.497676767676766829e+00
0.000000000000000000e+00
2.779393939393942414e+00
9.652525252525251398e-01
0.000000000000000000e+00
1.303333333333331012e+00
1.905050505050503440e-01
0.000000000000000000e+00
3.860909090909092178e+00
3.419505050505050292e+01
2.358585858585862671e-01
8.858585858585853456e-01
1.683535353535350776e+00
3.496161616161618024e+00
1.149898989898988422e+00
1.085353535353537069e+00
1.732323232323231821e-01
1.375454545454544153e+00
9.090909090909075896e-02
1.183333333333332016e+00
2.919797979797982723e+00
9.530303030303048928e-01
1.426161616161618184e+00
3.549494949494957918e-01
2.327272727272732267e-01
1.657979797979799885e+00
1.873737373737366929e-01
4.618787878787878221e+00
3.784545454545454657e+00
9.592929292929303076e-01
4.238686868686869502e+00
4.797979797979796263e-02
3.234343434343429635e-01
2.673737373737370970e-01
1.077979797979800480e+00
2.010707070707070887e+00
2.939393939393943056e-02
1.428888888888889541e+00
1.338484848484850387e+00
5.129939393939395842e+01
1.287878787878785625e-01
5.671212121212122703e+00
1.216161616161617193e-01
2.470707070707077735e-01
5.892020202020206376e+00
2.165454545454550406e+00
1.020404040404041757e+00
1.651515151515149105e-01
3.172454545454544572e+01
2.230606060606058705e+00
1.814040404040403009e+00
1.414141414141412145e-01
2.560606060606057666e-01
6.707070707070709181e-01
1.961919191919192951e+00
6.782525252525253734e+00
0.000000000000000000e+00
9.999999999999974187e-03
8.729292929292915559e-01
8.919191919191918894e-01
1.777878787878785838e+00
3.760000000000002451e+00
2.174444444444447289e+00
1.277373737373734830e+00
3.056565656565649602e-01
0.000000000000000000e+00
0.000000000000000000e+00
1.860202020202022410e+00
1.546767676767674793e+00
1.779393939393938195e+00
7.434343434343430868e-02
2.102727272727273000e+00
7.667777777777776471e+00
2.932323232323237883e-01
1.787464646464648510e+01
1.746464646464648718e+00
2.542525252525248636e+00
1.081010101010104085e+00
4.210202020202027384e+00
1.836969696969692700e+00
0.000000000000000000e+00
1.097676767676766474e+00
2.170404040404046331e+00
1.142424242424246311e-01
1.631414141414139207e+00
7.869696969696957645e-01
1.877969696969697821e+01
4.634242424242424718e+00
9.469696969696975719e-01
9.768686868686889957e-01
5.919191919191918450e-02
2.160606060606057865e-01
1.979797979797979363e-02
2.613131313131314415e-01
1.389393939393937183e+00
3.255555555555552094e-01
3.678787878787887489e-01
1.150202020202018005e+00
9.946868686868688414e+00
1.139909090909090850e+01
1.026464646464642749e+00
0.000000000000000000e+00
8.272727272727277426e-02
9.816161616161611647e+00
8.686868686868695066e-01
2.056363636363639280e+00
2.001111111111109064e+00
0.000000000000000000e+00
7.939393939393937227e-01
1.357575757575757991e-01
9.999999999999977657e-03
1.000575757575758651e+01
1.276666666666668837e+00
1.297979797979799121e+00
3.368686868686877611e-01
1.856060606060609519e+00
2.648484848484844445e-01
1.537575757575759372e+00
4.340404040404038710e+00
9.041414141414133576e-01
1.367171717171716816e+00
4.797979797979808753e-02
2.342929292929297969e+00
7.870202020202018645e+00
1.164646464646462709e+00
6.501010101010098463e-01
0.000000000000000000e+00
5.696969696969709368e-02
1.099898989898988377e+00
1.926363636363634058e+00
8.357575757575760322e-01
1.616161616161617132e-01
3.790909090909089230e+00
2.901121212121212167e+01
2.120707070707071651e+00
2.580404040404038479e+00
2.518080808080803923e+00
6.778787878787886356e-01
2.460606060606066181e-01
4.707898989898991715e+01
2.837030303030302747e+01
9.343434343434350309e-01
1.309797979797981071e+00
2.484242424242427472e+00
1.455555555555557712e+00
1.567777777777779491e+00
5.339393939393933808e-01
0.000000000000000000e+00
6.575757575757583406e-02
1.317070707070704838e+00
8.730101010101016357e+00
1.815151515151518735e+00
2.491868686868686567e+01
1.085121212121212508e+01
7.097979797979791172e+00
9.607070707070701765e-01
9.656565656565649358e-02
1.727474747474744055e+00
9.274747474747461196e-01
0.000000000000000000e+00
5.063181818181818272e+01
5.982828282828295263e-01
7.635353535353528454e-01
7.682828282828283450e-01
2.045454545454548967e+00
9.752525252525262589e-01
1.578383838383840887e+00
2.236262626262625730e+00
3.878787878787880172e-02
0.000000000000000000e+00
2.806707070707070173e+01
1.258484848484846319e+00
2.715939393939393653e+01
1.993939393939393456e-01
1.308181818181820111e+00
0.000000000000000000e+00
1.217484848484849813e+01
0.000000000000000000e+00
5.154242424242422516e+00
0.000000000000000000e+00
4.645454545454557049e-01
1.674919191919190453e+01
1.208383838383838338e+00
1.280404040404041544e+00
4.090929292929294547e+01
1.908787878787878478e+00
2.469090909090906116e+00
4.919191919191923806e-02
1.229292929292931325e+00
9.999999999999977657e-03
1.572424242424244278e+00
1.143818181818182467e+01
2.979797979797976781e-02
1.171171717171717930e+01
5.670666666666664213e+01
1.302929292929295269e+00
0.000000000000000000e+00
1.687979797979796581e+00
2.692696969696970299e+01
2.101616161616160383e+00
8.403030303030306625e-01
2.513323232323230627e+01
0.000000000000000000e+00
9.085858585858576086e-01
9.999999999999991535e-03
1.810101010101012042e-01
3.603212121212120422e+01
2.036363636363636709e-01
4.861717171717170771e+00
3.853131313131308744e+00
1.679898989898989559e+00
5.761616161616169851e-01
2.648484848484843890e-01
2.264646464646471180e-01
8.930303030303018419e-01
3.758585858585862471e+00
1.425252525252525215e+00
1.610303030303033012e+00
8.272727272727277426e-02
5.107070707070698878e-01
6.034747474747471863e+00
2.043515151515151373e+01
9.991919191919185206e-01
7.209090909090917210e-01
1.809090909090910859e+00
6.575757575757587570e-02
4.086444444444447299e+01
1.240303030303031573e+00
8.583838383838378050e-01
2.698080808080803639e+00
9.041414141414128025e-01
1.256666666666664822e+00
2.764040404040406074e+00
1.675757575757577666e-01
4.040404040404042552e-01
0.000000000000000000e+00
4.660606060606063417e-01
2.108080808080806001e+00
3.986373737373737214e+01
3.241222222222223337e+01
1.621717171717174111e+00
2.500000000000001110e-01
1.331212121212122623e+00
1.353030303030302584e+00
1.761818181818177731e+00
2.403030303030307957e-01
2.224444444444447999e+00
0.000000000000000000e+00
2.826464646464645458e+00
1.245555555555555527e+00
1.306969696969695116e+00
1.071919191919194825e+00
2.599090909090913115e+00
2.719191919191925599e-01
5.292101010101010417e+01
1.585757575757572369e+00
5.976464646464641817e+00
1.281919191919188572e+00
1.749797979797979020e+00
1.114545454545455394e+00
1.482626262626262292e+00
9.501010101010082254e-01
7.064040404040397902e+00
8.833333333333320825e-01
1.514646464646460799e+00
1.797272727272724469e+00
3.959595959595958031e-02
5.945454545454551543e-01
7.864646464646461999e-01
2.025151515151519366e+00
1.353939393939395330e+00
2.022121212121212874e+00
2.121212121212122381e-01
2.939393939393944444e-02
2.233333333333338278e-01
9.999999999999963779e-03
6.370707070707056774e-01
0.000000000000000000e+00
3.089898989898989257e-01
1.517373737373737930e+00
1.482222222222224994e+00
9.090909090909086998e-02
1.616161616161617132e-01
4.690808080808081648e+00
1.118181818181816833e+00
7.677373737373734741e+00
2.939393939393944097e-02
0.000000000000000000e+00
1.333434343434343639e+00
7.676767676767670689e-02
9.999999999999979391e-03
9.343434343434338096e-01
3.180808080808082750e+00
0.000000000000000000e+00
1.474949494949495898e+00
1.739999999999999991e+00
2.388989898989897220e+00
3.878787878787880172e-02
1.161616161616162851e-01
