2.575252525252524460e+00
1.152222222222219816e+00
0.000000000000000000e+00
7.913131313131319677e-01
2.608282828282830312e+00
6.063636363636366600e-01
2.424242424242418759e-01
1.103939393939392444e+00
2.475757575757577267e-01
1.212222222222220092e+00
4.260373737373738123e+01
1.873737373737368039e-01
1.979797979797979016e-02
8.244444444444443132e-01
1.393838383838380990e+00
3.160505050505049596e+00
9.999999999999984596e-03
3.878787878787880172e-02
2.664464646464646691e+01
8.390909090909074441e-01
0.000000000000000000e+00
6.511111111111098637e-01
1.448383838383837885e+00
2.233333333333338555e-01
0.000000000000000000e+00
9.999999999999981126e-03
1.474141414141412865e+00
2.000000000000000042e-02
0.000000000000000000e+00
9.510101010100991958e-01
3.140808080808083602e+00
7.434343434343430868e-02
2.378787878787872179e-01
4.774747474747475517e-01
1.231616161616162941e+00
1.169898989898992214e+00
6.618484848484847305e+01
2.318050505050502963e+01
2.475757575757577267e-01
1.765959595959595729e+00
5.620101010100998273e+00
6.692929292929303831e-01
1.225757575757573381e+00
8.080808080808102867e-01
1.336464646464647243e+00
0.000000000000000000e+00
4.323232323232321650e-01
0.000000000000000000e+00
1.925050505050505789e+00
8.461717171717172192e+00
1.525959595959596182e+00
0.000000000000000000e+00
8.272727272727276038e-02
5.105050505050512388e-01
1.790505050505049045e+00
4.519191919191916651e-01
1.241313131313134033e+00
4.854545454545446392e-01
2.921414141414135468e+00
8.658585858585846617e-01
2.696171717171714377e+01
1.058383838383838427e+00
2.142252525252526141e+01
0.000000000000000000e+00
1.140505050505049356e+00
6.696969696969705399e-02
3.576565656565656504e+00
1.277373737373739493e+00
2.524242424242423843e-01
5.696969696969710062e-02
1.758181818181816958e+00
1.979797979797979016e-02
1.266363636363634582e+00
1.983232323232321015e+00
1.045454545454545942e-01
2.730464646464646705e+01
1.366464646464645050e+00
1.398585858585861041e+00
1.763505050505051130e+01
3.986868686868685896e-01
7.232323232323232265e-01
1.018383838383839723e+00
1.045454545454547746e-01
3.597878787878781015e+00
2.956666666666659449e+00
1.752323232323236057e+00
6.617171717171705936e-01
1.601111111111111596e+00
5.178787878787886045e-01
2.327272727272732267e-01
3.959595959595958725e-02
1.054040404040405887e+00
5.858585858585859535e-02
1.355757575757575939e+00
1.192525252525253654e+00
4.843434343434347422e-01
1.542929292929294149e+00
1.327878787878786548e+00
1.485454545454544251e+00
3.781151515151514531e+01
2.279898989898986539e+00
0.000000000000000000e+00
9.272727272727274150e-02
9.383636363636359334e+00
2.403030303030307679e-01
1.053939393939392177e+00
6.995959595959606592e-01
4.898989898989892788e-01
2.509090909090911370e-01
2.090909090909094825e+00
2.912121212121215330e-01
2.939393939393942709e-02
1.979797979797979016e-02
1.967676767676766358e+00
1.387272727272724993e+00
1.057575757575757586e-01
0.000000000000000000e+00
2.071313131313131439e+00
1.196262626262628803e+00
5.308181818181824774e+00
4.291616161616164327e+00
7.607070707070705540e-01
2.412121212121208780e-01
7.974747474747468923e-01
1.653131313131316338e+00
3.712121212121204383e-01
7.871717171717176331e-01
3.878787878787880172e-02
7.079494949494946177e+00
0.000000000000000000e+00
1.979797979797979363e-02
1.979797979797979016e-02
9.999999999999977657e-03
1.212121212121210823e+00
1.035959595959595081e+00
1.087585858585858389e+01
2.521212121212118573e-01
2.428181818181818219e+00
1.014444444444445592e+00
0.000000000000000000e+00
9.877777777777776436e-01
1.127676767676769165e+00
9.999999999999975922e-03
1.347373737373739333e+00
2.160606060606059253e-01
1.440404040404038577e+00
1.000202020202021647e+00
3.073737373737374656e-01
1.061212121212123050e+00
9.999999999999993269e-03
1.520707070707072894e+00
9.084848484848478956e-01
0.000000000000000000e+00
1.354343434343433961e+00
3.344545454545456042e+00
7.381818181818171620e-01
1.108989898989900524e+00
3.839494949494950404e+00
1.007272727272728430e+00
9.272727272727272763e-02
7.434343434343430868e-02
0.000000000000000000e+00
1.142424242424244785e-01
9.132222222222223351e+00
1.806363636363639724e+00
4.290080808080809049e+01
8.272727272727277426e-02
1.062929292929292169e+00
6.146868686868690368e+00
9.953535353535355457e-01
9.888888888888890116e-02
1.276666666666667282e+00
1.021717171717171579e+00
0.000000000000000000e+00
8.309090909090918187e-01
5.704141414141409072e+00
1.359292929292928997e+00
1.554545454545456507e-01
7.434343434343430868e-02
8.289898989898994985e-01
3.939393939393939781e-02
1.172121212121213674e+00
4.878787878787878979e-02
1.433737373737372200e+00
3.901010101010105591e-01
7.918181818181805331e-01
1.128484848484846648e+00
1.011111111111112182e+00
1.154646464646464699e+00
1.943434343434342904e-01
1.415353535353535586e+00
1.425454545454546862e+00
9.554545454545436689e-01
1.453131313131311497e+00
0.000000000000000000e+00
1.857171717171715697e+00
0.000000000000000000e+00
9.829292929292912095e-01
9.999999999999975922e-03
1.048878787878787833e+01
7.535252525252528422e+00
8.089898989898968162e-01
1.845454545454545126e-01
0.000000000000000000e+00
1.370707070707071207e+00
0.000000000000000000e+00
2.757777777777774109e+00
0.000000000000000000e+00
4.797979797979799038e-02
3.723232323232328334e-01
5.276434343434345209e+01
2.524242424242423843e-01
4.649494949494949458e-01
3.925252525252529434e-01
1.478282828282825978e+00
3.177999999999998337e+01
1.312959595959594949e+01
1.560464646464645888e+01
6.729292929292943759e-01
1.378888888888889941e+00
6.085858585858573422e-01
2.722222222222217547e-01
3.655959595959600961e+00
0.000000000000000000e+00
1.431575757575757635e+01
8.147474747474744428e-01
1.664242424242423635e+00
4.588888888888892903e-01
3.681212121212119825e+00
6.676767676767688675e-01
0.000000000000000000e+00
6.495959595959590605e-01
1.599393939393941144e+00
1.812828282828279347e+00
4.447171717171714889e+00
2.367575757575758555e+00
6.528383838383835958e+00
1.213131313131316169e+00
1.271414141414141108e+00
6.463636363636373616e-01
9.753535353535370822e-01
9.219191919191929152e-01
0.000000000000000000e+00
1.893939393939393923e-01
1.455555555555555491e+00
1.653131313131309899e+00
1.270010101010101877e+01
1.355151515151517216e+00
7.425252525252536984e-01
6.779797979797983487e-01
9.662626262626277107e-01
1.730505050505050990e+00
1.756565656565656497e-01
9.888888888888898443e-02
2.079797979797982643e-01
6.076969696969698020e+00
8.201010101010102193e-01
2.599696969696973614e+00
2.429797979797982066e+00
1.529595959595958288e+00
0.000000000000000000e+00
0.000000000000000000e+00
9.138383838383846713e-01
4.320606060606054122e+00
2.921353535353533459e+01
1.207171717171715786e+00
3.289696969696972229e+00
1.024848484848486674e+00
6.113131313131302536e-01
1.173434343434346161e+00
1.530707070707070239e+00
5.302626262626262132e+00
0.000000000000000000e+00
3.573939393939395526e+00
9.999999999999979391e-03
3.878787878787880172e-02
1.678181818181819773e+00
1.287878787878784514e-01
1.979797979797979363e-02
1.570101010101007111e+00
1.454949494949496547e+00
1.041414141414142058e+01
7.165656565656570720e-01
1.261616161616164300e+00
3.469090909090909669e+00
1.360101010101009367e+00
1.435939393939392872e+01
1.220303030303032443e+00
1.454040404040405576e+00
2.524242424242423843e-01
1.479696969696969289e+00
8.982929292929297205e+00
1.685555555555553031e+00
0.000000000000000000e+00
1.499797979797977909e+00
9.024242424242444605e-01
3.535151515151516932e+00
1.203030303030302867e-01
1.516565656565656894e+00
1.788888888888890139e-01
9.405050505050494003e-01
8.083838383838386488e-01
5.242424242424229552e-01
1.300101010101009313e+00
0.000000000000000000e+00
9.845454545454567219e-01
1.485858585858583492e-01
2.354545454545460548e-01
7.782828282828281319e-01
1.111212121212120429e+00
1.979797979797979363e-02
9.999999999999970718e-03
9.181818181818194313e-01
4.899999999999994915e-01
0.000000000000000000e+00
0.000000000000000000e+00
9.736363636363616347e-01
1.575757575757575468e+00
1.667676767676766092e+00
2.939393939393944444e-02
3.029595959595956955e+00
7.933333333333330017e-01
4.579292929292938297e+00
3.055555555555553138e+00
4.746969696969689068e+00
1.227272727272725739e+00
8.109797979797987111e+00
7.089898989898985038e-01
1.211212121212122961e+00
0.000000000000000000e+00
9.986868686868706213e-01
1.328282828282830286e+00
1.735252525252526601e+00
3.939393939393939781e-02
1.372828282828280289e+00
8.256565656565656441e-01
1.675757575757577111e-01
8.414141414141415032e-01
1.103636363636364415e+00
1.842424242424241798e-01
1.689494949494951603e+00
4.797979797979805977e-02
9.888888888888901219e-02
6.575757575757588957e-02
0.000000000000000000e+00
4.194222222222222030e+01
1.051111111111109109e+00
1.630737373737373019e+01
3.973737373737378231e-01
2.100404040404041606e+00
2.487878787878784692e+00
1.886969696969692967e+00
3.878787878787880172e-02
8.366666666666656704e-01
9.656565656565636868e-02
3.739292929292926893e+00
0.000000000000000000e+00
1.983838383838381958e+00
1.968282828282827523e+00
0.000000000000000000e+00
1.893939393939393923e-01
1.425252525252529434e-01
0.000000000000000000e+00
2.423232323232324126e-01
0.000000000000000000e+00
4.658585858585853057e-01
6.451515151515149205e-01
2.279595959595965393e+00
2.458525252525252469e+01
2.500000000000001110e-01
1.287878787878783682e-01
0.000000000000000000e+00
2.527272727272721897e-01
9.999999999999986330e-03
1.249494949494949880e+00
2.979797979797976434e-02
1.106060606060604856e+00
2.509090909090911925e-01
1.232929292929294540e+00
8.318181818181820120e-01
5.613535353535356265e+00
1.405050505050507104e+00
0.000000000000000000e+00
1.979797979797979710e-02
1.013636363636365445e+00
1.019898989898989417e+00
1.085454545454543007e+00
1.851414141414144288e+00
8.272727272727277426e-02
5.923535353535350545e+00
1.602252525252523796e+01
8.852525252525228483e-01
2.221212121212121637e-01
9.005050505050493648e-01
1.245151515151517341e+00
1.621616161616158180e+00
8.866666666666661589e-01
2.197979797979799643e-01
1.545252525252525100e+00
2.840202020202016175e+00
1.353333333333335498e+00
1.591818181818181577e+00
1.932080808080808154e+01
7.768686868686867086e-01
2.567171717171716239e+01
8.059595959595947656e-01
1.005959595959596387e+00
4.127474747474746408e+00
1.197676767676768339e+00
8.616161616161611692e-01
0.000000000000000000e+00
3.764646464646461244e+00
3.299999999999997935e-01
7.428282828282830597e-01
2.260636363636362844e+01
1.441717171717171508e+00
2.314535353535354290e+01
1.783232323232319061e+00
1.993939393939393456e-01
1.498484848484848087e+00
1.605151515151516550e+00
1.566666666666665542e+00
2.939393939393944444e-02
2.460606060606066181e-01
3.348151515151516122e+01
2.279898989898986983e+00
5.116262626262626512e+00
3.878787878787880172e-02
7.817171717171712553e-01
6.579797979797968877e-01
3.072929292929289957e+00
3.878787878787880172e-02
9.090909090909080059e-02
0.000000000000000000e+00
2.643838383838381212e+00
1.086060606060607947e+00
2.090909090909087997e-01
1.170292929292929607e+01
6.949494949494948726e-01
8.737373737373725635e-02
2.475757575757577267e-01
1.375151515151519677e+00
2.182424242424244820e+00
3.198686868686868578e+01
4.008484848484857643e+00
0.000000000000000000e+00
0.000000000000000000e+00
2.040404040404038277e-01
5.251919191919192542e+00
1.331010101010100311e+00
0.000000000000000000e+00
4.680808080808087079e-01
1.210404040404041925e+00
1.163939393939391831e+00
9.093939393939400873e-01
1.410303030303030614e+00
2.384242424242419833e+00
1.260808080808082821e+00
1.277878787878787392e+00
0.000000000000000000e+00
0.000000000000000000e+00
1.681818181818181213e+00
1.966666666666667396e-01
0.000000000000000000e+00
2.677777777777780588e-01
1.990909090909090684e-01
1.987878787878783193e-01
1.638080808080808914e+00
9.751515151515161017e-01
1.006363636363637015e+00
2.673737373737370970e-01
0.000000000000000000e+00
3.286868686868685829e-01
2.638282828282825232e+00
1.868989898989901866e+00
2.555050505050508569e+00
9.101010101010096331e-01
4.913131313131318123e-01
7.135353535353532450e-01
1.044444444444443842e+00
1.547676767676767318e+00
4.885929292929291989e+01
1.121111111111110503e+00
1.121515151515153574e+00
5.822222222222226407e-01
1.548080808080806836e+00
3.950606060606062897e+00
6.919191919191919338e-01
4.693939393939403626e-01
0.000000000000000000e+00
9.955555555555545277e-01
7.049494949494955476e-01
1.964343434343437167e+00
2.160606060606058421e-01
3.878787878787880172e-02
5.696969696969710756e-02
1.294444444444445619e+00
2.939393939393942362e-02
0.000000000000000000e+00
6.797979797979790684e-01
9.103333333333333499e+00
1.882323232323229956e+00
1.233070707070707250e+01
0.000000000000000000e+00
2.543434343434349265e-01
1.195353535353536500e+00
6.777777777777772850e-02
1.389696969696972317e+00
1.645454545454544171e+00
0.000000000000000000e+00
1.997777777777781871e+00
2.119383838383837926e+01
6.473737373737381562e-01
1.123535353535352943e+00
4.833737373737374554e+00
1.183131313131314144e+00
1.068585858585858528e+00
1.685050505050507352e+00
0.000000000000000000e+00
6.080808080808093319e-01
2.295959595959598865e+00
4.524242424242420069e-01
2.154242424242423848e+00
1.279797979797981933e+00
3.731919191919189416e+00
0.000000000000000000e+00
1.251515151515148805e+00
1.066666666666668400e-01
6.272727272727288694e-01
3.397878787878784834e+00
1.950040404040403885e+01
6.655151515151522368e+00
6.673737373737382850e-01
0.000000000000000000e+00
7.041414141414146677e+00
9.574747474747464793e-01
3.167676767676767535e-01
1.431010101010101465e+01
7.771717171717166250e-01
6.575757575757583406e-02
1.263939393939391254e+00
1.457070707070707405e+00
2.939393939393942709e-02
1.175858585858587047e+00
1.066666666666669094e-01
1.959494949494944516e+00
0.000000000000000000e+00
1.149797979797977820e+00
7.615151515151512562e-01
2.939393939393941321e-02
9.565959595959588668e+00
1.142424242424245201e-01
4.959090909090911659e+00
8.656565656565657907e-01
1.287878787878784514e-01
1.485151515151512669e+00
0.000000000000000000e+00
2.117878787878792579e+00
7.105050505050504173e-01
5.673727272727272464e+01
1.160707070707068578e+00
9.331919191919192613e+00
5.008383838383848818e+00
1.224242424242422356e+00
1.979797979797979363e-02
1.328686868686868916e+00
1.898888888888892401e+00
1.193131313131311488e+00
1.435252525252527223e+00
2.197979797979799643e-01
1.282585858585859562e+01
8.331313131313144993e-01
1.142424242424243674e-01
1.741313131313132700e+00
1.017575757575757134e+00
1.695959595959593280e-01
4.487898989898986457e+01
1.392929292929291352e+00
7.740404040404034181e-01
2.982424242424243310e+00
1.358282828282830534e+00
1.223545454545454980e+01
0.000000000000000000e+00
0.000000000000000000e+00
1.204343434343431607e+00
8.767676767676754190e-01
2.460303030303031946e+01
1.191313131313132656e+00
1.107070707070704485e-01
1.056464646464645663e+00
1.837676767676765355e+00
0.000000000000000000e+00
4.023636363636362567e+00
3.616262626262626867e+01
8.361616161616167719e-01
3.085858585858591852e-01
2.221212121212121637e-01
5.810202020202025253e+00
1.357575757575757991e-01
4.649010101010101437e+01
0.000000000000000000e+00
7.250505050505060556e-01
0.000000000000000000e+00
1.339898989898987702e+00
2.525252525252525415e-01
9.999999999999962044e-03
8.534343434343442114e-01
2.685858585858582614e-01
3.222727272727271952e+01
2.327272727272732267e-01
1.241010101010102673e+00
2.524242424242423843e-01
1.943434343434342904e-01
7.263636363636359894e-01
1.604848484848484746e+00
2.221212121212121637e-01
3.100909090909091059e+00
0.000000000000000000e+00
1.157777777777780015e+00
1.195959595959597888e+00
3.172626262626265348e+00
1.388989898989901661e+00
2.842727272727274546e+00
7.453535353535368779e-01
9.999999999999960310e-03
6.556565656565649380e-01
1.142424242424244091e-01
4.613131313131316746e-01
3.693777777777778937e+01
3.720141414141414060e+01
7.993939393939410998e-01
1.634343434343433488e-01
1.022121212121214207e+00
3.759545454545455101e+01
1.635858585858588565e+00
1.917070707070708036e+00
2.700000000000000178e-01
1.092424242424240077e+00
2.560606060606058776e-01
1.272323232323231190e+00
4.810525252525251716e+01
2.863636363636360982e-01
2.979797979797974006e-02
1.674242424242425420e+00
2.924868686868687817e+01
9.829292929292929859e-01
1.632121212121213416e+00
1.788888888888890139e-01
2.999797979797982350e+00
2.121212121212122381e-01
0.000000000000000000e+00
2.160606060606058976e-01
1.166666666666665364e+01
2.802424242424239154e+00
6.032353535353536955e+01
0.000000000000000000e+00
5.463636363636352744e-01
1.171111111111109659e+00
1.124747474747476161e+00
1.287878787878785347e-01
1.112525252525253805e+00
9.304040404040383461e-01
2.649494949494947127e-01
7.432222222222227614e+00
0.000000000000000000e+00
2.014141414141416286e-01
1.745454545454547368e+00
9.999999999999968983e-03
2.466666666666669228e-01
8.823232323232321761e-01
1.288787878787877483e+00
6.382828282828280742e+00
8.171717171717181039e-01
2.767676767676770511e-01
1.515757575757575859e+00
2.706060606060604057e-01
8.905050505050494669e-01
5.510101010101007279e-01
0.000000000000000000e+00
7.043333333333337443e+00
1.943434343434342904e-01
2.327272727272731156e-01
0.000000000000000000e+00
1.216161616161617193e-01
0.000000000000000000e+00
8.349494949494951079e-01
1.425252525252528879e-01
4.882828282828291511e-01
3.878787878787880172e-02
1.224444444444444668e+00
1.071717171717174288e+00
1.698383838383840549e+00
1.196969696969697683e+00
1.846363636363632210e+00
1.623333333333334183e+00
1.893939393939393412e+01
5.364424242424239253e+01
1.284949494949497506e+00
1.028484848484847225e+00
8.315353535353532166e+00
2.036363636363637819e-01
2.963030303030302903e+00
0.000000000000000000e+00
2.287070707070710807e+00
8.871717171717167227e-01
0.000000000000000000e+00
1.140505050505052687e+00
1.360606060606062429e-01
0.000000000000000000e+00
3.103131313131315405e+00
3.058434343434341329e+01
2.331313131313134668e-01
8.267676767676780392e-01
1.428080808080808950e+00
3.368181818181816833e+00
9.529292929292914049e-01
1.015555555555557987e+00
9.575757575757615214e-02
1.311818181818183326e+00
1.066666666666668400e-01
1.140404040404038088e+00
2.522020202020200497e+00
9.122222222222232668e-01
1.313535353535354000e+00
3.154545454545452099e-01
2.160606060606057310e-01
1.653131313131313895e+00
1.490909090909092738e-01
3.901717171717171695e+00
3.135454545454544384e+00
7.944444444444449527e-01
3.820808080808081098e+00
4.797979797979806671e-02
3.010101010101001728e-01
2.616161616161620240e-01
9.861616161616151288e-01
1.931616161616157790e+00
2.939393939393943056e-02
1.410303030303032390e+00
1.178787878787880050e+00
4.410595959595956828e+01
9.888888888888895667e-02
6.121818181818182047e+00
1.186868686868684658e-01
2.328282828282828010e-01
5.478686868686868827e+00
1.970707070707066633e+00
9.699999999999985301e-01
1.316161616161618531e-01
2.984242424242424008e+01
2.076161616161619872e+00
1.736363636363633889e+00
1.025252525252526581e-01
2.373737373737368761e-01
7.142424242424247893e-01
1.766868686868689808e+00
6.553636363636361040e+00
0.000000000000000000e+00
0.000000000000000000e+00
6.465656565656549004e-01
7.427272727272710151e-01
1.574242424242423999e+00
3.156666666666667176e+00
1.908282828282831911e+00
1.127979797979798526e+00
2.903030303030298409e-01
0.000000000000000000e+00
0.000000000000000000e+00
1.769797979797979259e+00
1.337373737373736660e+00
1.575151515151512305e+00
2.939393939393943056e-02
1.893232323232320713e+00
5.779999999999999361e+00
2.682828282828285671e-01
1.458212121212121026e+01
1.525252525252525526e+00
2.253535353535356833e+00
8.482828282828273059e-01
3.596565656565660074e+00
1.413535353535351424e+00
0.000000000000000000e+00
8.842424242424236080e-01
2.043535353535351540e+00
1.066666666666669372e-01
1.548282828282827150e+00
7.837373737373740656e-01
1.780343434343435405e+01
4.737979797979795293e+00
9.391919191919179122e-01
9.148484848484866871e-01
3.979797979797971424e-02
2.121212121212122381e-01
0.000000000000000000e+00
2.552525252525248978e-01
1.162727272727274386e+00
2.949494949494944618e-01
3.394949494949493496e-01
1.085151515151514090e+00
8.502727272727286234e+00
1.063262626262624977e+01
8.251515151515137481e-01
0.000000000000000000e+00
8.272727272727276038e-02
8.376161616161608592e+00
8.378787878787863352e-01
1.960707070707068844e+00
1.912828282828280324e+00
0.000000000000000000e+00
7.056565656565643163e-01
1.287878787878784514e-01
9.999999999999953371e-03
8.994949494949487701e+00
1.470202020202018289e+00
1.156161616161617500e+00
3.490909090909091184e-01
1.763030303030300727e+00
2.560606060606057666e-01
1.537575757575759372e+00
4.210707070707074173e+00
9.873737373737366818e-01
1.092323232323232807e+00
3.878787878787880172e-02
1.834646464646464858e+00
7.101212121212120643e+00
1.041414141414142902e+00
6.339393939393959121e-01
0.000000000000000000e+00
6.898989898989875413e-02
9.052525252525243094e-01
1.610404040404040282e+00
8.192929292929279628e-01
1.788888888888890139e-01
3.258787878787878345e+00
2.763454545454547073e+01
2.144646464646463802e+00
2.461616161616162479e+00
2.418787878787874490e+00
6.457575757575768627e-01
2.460606060606066181e-01
4.036868686868690759e+01
2.374090909090908497e+01
8.248484848484848309e-01
1.152121212121211657e+00
2.477070707070701872e+00
1.220202020202019177e+00
1.288888888888891415e+00
4.435353535353527832e-01
0.000000000000000000e+00
4.797979797979800426e-02
1.150606060606061964e+00
7.487979797979799734e+00
1.468080808080805211e+00
2.085555555555557561e+01
1.097242424242425152e+01
6.390505050505057127e+00
9.412121212121198344e-01
8.555555555555569014e-02
1.337373737373738658e+00
8.640404040404030539e-01
0.000000000000000000e+00
4.238121212121210135e+01
5.924242424242435190e-01
7.853535353535353591e-01
7.817171717171716994e-01
1.929292929292926173e+00
9.293939393939414373e-01
1.283838383838385555e+00
2.164242424242427187e+00
1.979797979797979363e-02
0.000000000000000000e+00
2.334010101010100513e+01
1.092121212121212714e+00
2.357161616161615214e+01
1.942424242424241887e-01
1.200404040404038142e+00
0.000000000000000000e+00
1.095303030303031377e+01
0.000000000000000000e+00
5.186565656565656823e+00
0.000000000000000000e+00
4.351515151515155111e-01
1.381555555555554449e+01
1.224545454545453937e+00
1.120101010101010042e+00
3.666454545454546832e+01
1.813636363636365711e+00
1.927575757575759496e+00
4.878787878787878285e-02
1.056161616161617189e+00
0.000000000000000000e+00
1.394949494949493163e+00
9.387373737373739147e+00
9.999999999999982861e-03
1.115989898989898599e+01
5.541070707070707613e+01
1.194949494949492985e+00
0.000000000000000000e+00
1.502424242424241330e+00
2.316595959595958831e+01
1.978383838383840354e+00
7.572727272727269865e-01
2.059808080808083020e+01
0.000000000000000000e+00
9.098989898989895408e-01
9.999999999999991535e-03
1.652525252525252342e-01
3.303535353535354346e+01
2.121212121212122381e-01
4.848282828282828305e+00
3.337575757575758306e+00
1.411212121212121584e+00
5.953535353535366337e-01
2.366666666666671359e-01
2.155555555555553338e-01
7.403030303030312398e-01
3.149191919191915545e+00
1.279595959595956289e+00
1.306464646464648327e+00
9.090909090909075896e-02
4.494949494949490587e-01
5.534646464646462150e+00
1.993646464646463912e+01
7.905050505050508214e-01
7.182828282828289668e-01
1.716565656565654852e+00
3.878787878787880172e-02
3.746919191919192826e+01
1.221010101010104210e+00
8.071717171717168737e-01
2.594141414141419855e+00
8.642424242424233682e-01
1.114949494949497133e+00
2.557474747474747900e+00
1.357575757575757991e-01
3.925252525252529434e-01
0.000000000000000000e+00
4.249494949494952434e-01
1.801515151515150626e+00
3.221111111111112280e+01
3.063262626262626753e+01
1.606767676767678621e+00
2.524242424242423843e-01
1.211212121212122295e+00
1.115757575757574616e+00
1.526363636363638587e+00
2.297979797979792238e-01
2.137979797979793872e+00
0.000000000000000000e+00
2.193737373737369989e+00
9.910101010101024510e-01
1.267373737373739262e+00
7.565656565656567745e-01
2.237070707070706987e+00
2.723232323232320229e-01
4.703858585858585428e+01
1.474141414141414641e+00
4.579292929292925862e+00
1.149393939393940078e+00
1.759090909090907484e+00
1.064040404040402565e+00
1.433535353535353885e+00
9.186868686868697731e-01
5.969494949494945857e+00
8.508080808080796809e-01
1.334848484848486061e+00
1.514545454545457304e+00
2.979797979797974006e-02
5.626262626262618083e-01
7.058585858585862960e-01
1.928181818181821106e+00
1.221818181818180804e+00
1.829797979797982643e+00
2.036363636363636709e-01
1.979797979797979016e-02
2.121212121212122381e-01
9.999999999999963779e-03
5.575757575757587237e-01
9.999999999999965514e-03
3.021212121212124568e-01
1.284242424242422853e+00
1.401515151515148716e+00
9.090909090909086998e-02
1.788888888888890139e-01
4.294242424242423972e+00
1.013939393939394584e+00
7.182424242424242600e+00
0.000000000000000000e+00
0.000000000000000000e+00
1.256060606060604545e+00
5.696969696969707286e-02
0.000000000000000000e+00
7.662626262626266449e-01
2.504545454545451744e+00
0.000000000000000000e+00
1.478888888888890030e+00
1.495656565656566128e+00
2.206767676767674047e+00
4.797979797979805977e-02
9.737373737373755667e-02
