1.078888888888888120e+00
6.905050505050505105e-01
0.000000000000000000e+00
6.110101010101021135e-01
1.114545454545456504e+00
5.030303030303023837e-01
1.842424242424241798e-01
6.489898989899004489e-01
2.354545454545460270e-01
4.670707070707077468e-01
1.882929292929293652e+01
1.216161616161618997e-01
0.000000000000000000e+00
3.001010101010103126e-01
5.731313131313124920e-01
1.515353535353534564e+00
0.000000000000000000e+00
0.000000000000000000e+00
1.130929292929291918e+01
6.179797979797989615e-01
0.000000000000000000e+00
3.985858585858588765e-01
7.608080808080807111e-01
1.788888888888890416e-01
0.000000000000000000e+00
0.000000000000000000e+00
8.387878787878807474e-01
0.000000000000000000e+00
0.000000000000000000e+00
7.203030303030294457e-01
1.657979797979798997e+00
1.979797979797979710e-02
1.842424242424241798e-01
1.493939393939393845e-01
8.120202020202006432e-01
6.139393939393945621e-01
1.828191919191918657e+01
1.124989898989898585e+01
1.990909090909091239e-01
9.703030303030290016e-01
2.413737373737377290e+00
4.246464646464652160e-01
6.916161616161610182e-01
5.694949494949481661e-01
7.837373737373732885e-01
0.000000000000000000e+00
4.075757575757573137e-01
0.000000000000000000e+00
9.247474747474767609e-01
3.788383838383837521e+00
7.074747474747479226e-01
0.000000000000000000e+00
3.878787878787880172e-02
2.573737373737371992e-01
8.326262626262623812e-01
2.352525252525249910e-01
7.511111111111113958e-01
2.826262626262621147e-01
1.631313131313129272e+00
6.602020202020207895e-01
1.236111111111112315e+01
3.965656565656561217e-01
9.195151515151520627e+00
0.000000000000000000e+00
4.318181818181818232e-01
1.979797979797979016e-02
1.644545454545458307e+00
7.115151515151516559e-01
2.509090909090911925e-01
0.000000000000000000e+00
9.212121212121214819e-01
0.000000000000000000e+00
7.448484848484850929e-01
9.619191919191927287e-01
3.939393939393939781e-02
1.102525252525252242e+01
8.323232323232329088e-01
7.518181818181824960e-01
7.980909090909089620e+00
2.855555555555551739e-01
6.248484848484832099e-01
6.105050505050514387e-01
3.878787878787880172e-02
2.008181818181816070e+00
1.376969696969695844e+00
7.970707070707073738e-01
4.633333333333331527e-01
8.535353535353532584e-01
3.014141414141406350e-01
1.893939393939393923e-01
9.999999999999984596e-03
5.747474747474735635e-01
1.979797979797979363e-02
6.985858585858579772e-01
5.153535353535354524e-01
4.443434343434343736e-01
7.970707070707079289e-01
7.569696969696980693e-01
5.010101010101003505e-01
1.532636363636363086e+01
1.297878787878790074e+00
0.000000000000000000e+00
0.000000000000000000e+00
4.250808080808077705e+00
2.403030303030307957e-01
6.119191919191910856e-01
4.723232323232324226e-01
1.678787878787876831e-01
2.516161616161619596e-01
1.006969696969697292e+00
2.516161616161619041e-01
0.000000000000000000e+00
9.999999999999953371e-03
8.952525252525246335e-01
6.504040404040414280e-01
9.999999999999998473e-03
0.000000000000000000e+00
8.757575757575760678e-01
7.249494949494954543e-01
1.986161616161619348e+00
2.184949494949495641e+00
3.308080808080808288e-01
1.387878787878791265e-01
4.574747474747480336e-01
7.481818181818177260e-01
2.648484848484845000e-01
7.360606060606056378e-01
0.000000000000000000e+00
3.087272727272726947e+00
0.000000000000000000e+00
0.000000000000000000e+00
0.000000000000000000e+00
0.000000000000000000e+00
7.192929292929305385e-01
3.976767676767674620e-01
4.440505050505053397e+00
2.500000000000001110e-01
1.139292929292932577e+00
5.554545454545460892e-01
0.000000000000000000e+00
4.220202020202012960e-01
7.428282828282836148e-01
0.000000000000000000e+00
7.298989898989884928e-01
2.121212121212122381e-01
7.840404040404029828e-01
5.771717171717160033e-01
1.893939393939393923e-01
6.859595959595953252e-01
9.999999999999993269e-03
8.848484848484833298e-01
5.484848484848483530e-01
0.000000000000000000e+00
8.964646464646480739e-01
1.597878787878785456e+00
5.413131313131318567e-01
7.338383838383836233e-01
1.489494949494947651e+00
5.282828282828277988e-01
3.878787878787880172e-02
9.999999999999979391e-03
0.000000000000000000e+00
4.797979797979805977e-02
3.819191919191929241e+00
8.152525252525238963e-01
1.919414141414141284e+01
0.000000000000000000e+00
6.837373737373743099e-01
2.638181818181821292e+00
7.594949494949504443e-01
9.999999999999993269e-03
6.377777777777786650e-01
3.795959595959591537e-01
0.000000000000000000e+00
4.370707070707071651e-01
3.199494949494945839e+00
6.257575757575747355e-01
7.434343434343430868e-02
1.979797979797979016e-02
5.343434343434336764e-01
0.000000000000000000e+00
1.058383838383840869e+00
9.888888888888895667e-02
6.955555555555537062e-01
8.020202020202034376e-02
4.930303030303037071e-01
7.157575757575739273e-01
3.654545454545459759e-01
3.295959595959588873e-01
1.357575757575757991e-01
9.101010101010119646e-01
8.927272727272723696e-01
6.438383838383832103e-01
7.841414141414149164e-01
0.000000000000000000e+00
1.081414141414142049e+00
0.000000000000000000e+00
7.367676767676778482e-01
0.000000000000000000e+00
4.200707070707069946e+00
3.191414141414136818e+00
6.481818181818187474e-01
5.797979797979806171e-02
0.000000000000000000e+00
7.249494949494950102e-01
0.000000000000000000e+00
1.263838383838384649e+00
0.000000000000000000e+00
0.000000000000000000e+00
1.316161616161618531e-01
1.608070707070707428e+01
2.516161616161619041e-01
9.676767676767682180e-02
2.810101010101004881e-01
7.131313131313139486e-01
1.674181818181818215e+01
6.436969696969696564e+00
7.104141414141414757e+00
1.873737373737372480e-01
4.216161616161623327e-01
4.334343434343433388e-01
2.622222222222225785e-01
1.687979797979798136e+00
0.000000000000000000e+00
5.233737373737368692e+00
5.565656565656569299e-01
8.394949494949510704e-01
2.858585858585859785e-01
2.004949494949497257e+00
4.819191919191925799e-01
0.000000000000000000e+00
2.268686868686867475e-01
7.522222222222216814e-01
7.049494949494941043e-01
2.185959595959597657e+00
1.344545454545452712e+00
2.255252525252528173e+00
6.968686868686861935e-01
6.894949494949489388e-01
2.323232323232317931e-01
4.802020202020196304e-01
4.256565656565661770e-01
0.000000000000000000e+00
1.425252525252528324e-01
7.249494949494943441e-01
7.950505050505050075e-01
5.853535353535351149e+00
6.917171717171708423e-01
2.400000000000005185e-01
5.471717171717179751e-01
7.077777777777783941e-01
5.674747474747471321e-01
5.919191919191918450e-02
9.999999999999991535e-03
2.079797979797982366e-01
2.900202020202018005e+00
3.476767676767680282e-01
1.156969696969695205e+00
1.191818181818178113e+00
9.751515151515142144e-01
0.000000000000000000e+00
0.000000000000000000e+00
5.177777777777765600e-01
2.194545454545451690e+00
1.295474747474746735e+01
5.366666666666664032e-01
1.633737373737371268e+00
5.907070707070708471e-01
2.740404040404039732e-01
5.423232323232332064e-01
7.507070707070707671e-01
1.996767676767676747e+00
0.000000000000000000e+00
1.836868686868684319e+00
0.000000000000000000e+00
0.000000000000000000e+00
9.302020202020211403e-01
1.066666666666668678e-01
0.000000000000000000e+00
7.602020202020196571e-01
6.939393939393945221e-01
3.634747474747476392e+00
6.181818181818173885e-01
5.175757575757581330e-01
1.910303030303030614e+00
6.099999999999990985e-01
7.563131313131316702e+00
6.797979797979791794e-01
8.919191919191929996e-01
2.500000000000001110e-01
7.945454545454542217e-01
3.683939393939393625e+00
7.409090909090902954e-01
0.000000000000000000e+00
7.093939393939404647e-01
5.751515151515143032e-01
1.798686868686867779e+00
0.000000000000000000e+00
7.920202020202015136e-01
1.216161616161619691e-01
5.804040404040415879e-01
5.546464646464640547e-01
3.816161616161619086e-01
6.527272727272733777e-01
0.000000000000000000e+00
7.053535353535360652e-01
3.878787878787880172e-02
2.197979797979799643e-01
7.364646464646448232e-01
6.466666666666660568e-01
0.000000000000000000e+00
0.000000000000000000e+00
7.170707070707071917e-01
4.822222222222226073e-01
0.000000000000000000e+00
0.000000000000000000e+00
6.030303030303034717e-01
9.142424242424228575e-01
8.125252525252523172e-01
0.000000000000000000e+00
1.310606060606062551e+00
3.400000000000001354e-01
2.263737373737376934e+00
1.370909090909089967e+00
1.929797979797982288e+00
6.297979797979786909e-01
5.083838383838394925e+00
6.003030303030311154e-01
5.958585858585868644e-01
0.000000000000000000e+00
5.493939393939404336e-01
7.928282828282841033e-01
7.817171717171724765e-01
9.999999999999995004e-03
8.256565656565648670e-01
4.405050505050501219e-01
6.575757575757583406e-02
5.727272727272716413e-01
5.316161616161613201e-01
1.066666666666668400e-01
8.736363636363629892e-01
0.000000000000000000e+00
9.999999999999962044e-03
1.979797979797979016e-02
0.000000000000000000e+00
1.757212121212120692e+01
6.498989898989905312e-01
5.954141414141413513e+00
3.060606060606066992e-01
1.027272727272728226e+00
1.398686868686868090e+00
1.022929292929291911e+00
0.000000000000000000e+00
4.559595959595949544e-01
0.000000000000000000e+00
2.004646464646467674e+00
0.000000000000000000e+00
1.004242424242423937e+00
8.405050505050494225e-01
0.000000000000000000e+00
1.142424242424244091e-01
2.939393939393944444e-02
0.000000000000000000e+00
1.554545454545456229e-01
0.000000000000000000e+00
3.942424242424242276e-01
1.375757575757579620e-01
8.776767676767689430e-01
1.133636363636364663e+01
2.424242424242418481e-01
8.272727272727277426e-02
0.000000000000000000e+00
2.121212121212122381e-01
0.000000000000000000e+00
7.383838383838375874e-01
0.000000000000000000e+00
6.600000000000005862e-01
2.524242424242423843e-01
6.630303030303041911e-01
5.674747474747477982e-01
2.371212121212125101e+00
7.823232323232311991e-01
0.000000000000000000e+00
0.000000000000000000e+00
5.442424242424231950e-01
5.316161616161613201e-01
4.685858585858588832e-01
8.135353535353544441e-01
4.797979797979808059e-02
2.825757575757572138e+00
8.045454545454537865e+00
5.339393939393926036e-01
1.893939393939393923e-01
4.468686868686871927e-01
6.011111111111114846e-01
7.809090909090917743e-01
5.512121212121217084e-01
1.842424242424241798e-01
7.405050505050490006e-01
1.360202020202018192e+00
6.693939393939392080e-01
6.692929292929287177e-01
8.545656565656566173e+00
2.790909090909096668e-01
1.051161616161614631e+01
6.877777777777774881e-01
5.479797979797996765e-01
2.025151515151512260e+00
6.770707070707073783e-01
6.891919191919199106e-01
0.000000000000000000e+00
1.662626262626262674e+00
1.788888888888889583e-01
6.664646464646463153e-01
7.440303030303034859e+00
9.781818181818169311e-01
8.758080808080832114e+00
8.842424242424257175e-01
1.490909090909092460e-01
9.017171717171738043e-01
7.952525252525255439e-01
1.010505050505049462e+00
0.000000000000000000e+00
2.297979797979792238e-01
1.402343434343434048e+01
9.918181818181809328e-01
2.807878787878783644e+00
0.000000000000000000e+00
6.697979797979810579e-01
4.105050505050502063e-01
1.565555555555556477e+00
0.000000000000000000e+00
9.090909090909080059e-02
0.000000000000000000e+00
1.352020202020201900e+00
7.161616161616173315e-01
7.575757575757584295e-02
4.317676767676769778e+00
4.434343434343430701e-01
0.000000000000000000e+00
2.354545454545460270e-01
7.832323232323246121e-01
9.662626262626252682e-01
1.243424242424242365e+01
2.252020202020202699e+00
0.000000000000000000e+00
0.000000000000000000e+00
1.387878787878792652e-01
2.142020202020202380e+00
7.877777777777775770e-01
0.000000000000000000e+00
4.616161616161618686e-01
4.666666666666676178e-01
7.409090909090890742e-01
5.711111111111117911e-01
8.337373737373756644e-01
8.828282828282816297e-01
8.285858585858586478e-01
6.879797979797972474e-01
0.000000000000000000e+00
0.000000000000000000e+00
8.128282828282815675e-01
3.979797979797979057e-02
0.000000000000000000e+00
2.079797979797981256e-01
1.675757575757577944e-01
1.186868686868685768e-01
8.815151515151525841e-01
4.774747474747475517e-01
7.610101010101015806e-01
2.233333333333339110e-01
0.000000000000000000e+00
2.330303030303026435e-01
1.610707070707070310e+00
9.429292929292933945e-01
1.231818181818180147e+00
4.721212121212124968e-01
2.470707070707072461e-01
2.013131313131317490e-01
8.088888888888884354e-01
7.516161616161614045e-01
2.138929292929293879e+01
6.344444444444435893e-01
5.603030303030293036e-01
5.302020202020210071e-01
9.154545454545458538e-01
1.845454545454543238e+00
3.044444444444446840e-01
3.990909090909090517e-01
0.000000000000000000e+00
7.094949494949500668e-01
1.953535353535351682e-01
1.038686868686867326e+00
1.788888888888890139e-01
0.000000000000000000e+00
0.000000000000000000e+00
7.338383838383821800e-01
0.000000000000000000e+00
0.000000000000000000e+00
4.138383838383841162e-01
4.013939393939398137e+00
1.005959595959594388e+00
5.646767676767677990e+00
0.000000000000000000e+00
1.943434343434342904e-01
8.131313131313113729e-01
1.979797979797979710e-02
8.738383838383834146e-01
8.009090909090896826e-01
0.000000000000000000e+00
1.071313131313133438e+00
9.714949494949490116e+00
4.329292929292927750e-01
7.662626262626268669e-01
2.211212121212124071e+00
7.493939393939405003e-01
6.462626262626264273e-01
7.281818181818188185e-01
0.000000000000000000e+00
4.956565656565653510e-01
1.232222222222219443e+00
4.367676767676773042e-01
1.071414141414142041e+00
7.550505050505060822e-01
1.837575757575759194e+00
0.000000000000000000e+00
6.854545454545458716e-01
5.696969696969712837e-02
6.713131313131304179e-01
1.785757575757575433e+00
9.357777777777783967e+00
2.867979797979795187e+00
3.866666666666669916e-01
0.000000000000000000e+00
3.230202020202022073e+00
7.121212121212108226e-01
3.760606060606058176e-01
5.775656565656560382e+00
6.177777777777769819e-01
0.000000000000000000e+00
7.946464646464637127e-01
6.669696969696986555e-01
0.000000000000000000e+00
7.945454545454547768e-01
0.000000000000000000e+00
1.002626262626261422e+00
0.000000000000000000e+00
7.087878787878784115e-01
5.173737373737382628e-01
9.999999999999981126e-03
3.101515151515155555e+00
9.999999999999991535e-03
1.745555555555557081e+00
6.885858585858593006e-01
6.575757575757590345e-02
7.467676767676778571e-01
0.000000000000000000e+00
1.030303030303031830e+00
3.952525252525252997e-01
2.630636363636361352e+01
5.646464646464657289e-01
3.718080808080803212e+00
3.098888888888883919e+00
7.642424242424243896e-01
0.000000000000000000e+00
5.938383838383844981e-01
1.142121212121212759e+00
6.535353535353543020e-01
8.115151515151506345e-01
2.233333333333338555e-01
7.236666666666663694e+00
6.652525252525254285e-01
9.090909090909084223e-02
8.906060606060592910e-01
7.198989898989891500e-01
9.090909090909086998e-02
1.792151515151514829e+01
7.690909090909083812e-01
6.104040404040415035e-01
1.210707070707067956e+00
6.987878787878798459e-01
4.716969696969698589e+00
0.000000000000000000e+00
0.000000000000000000e+00
6.983838383838371078e-01
2.545454545454540751e-01
1.131555555555555870e+01
6.206060606060606055e-01
3.878787878787880172e-02
5.808080808080821056e-01
8.325252525252536673e-01
0.000000000000000000e+00
1.922222222222220278e+00
1.746727272727272862e+01
5.327272727272732711e-01
1.530303030303027667e-01
1.554545454545456507e-01
2.554444444444437412e+00
1.979797979797979710e-02
2.231818181818181301e+01
0.000000000000000000e+00
6.257575757575767339e-01
0.000000000000000000e+00
7.126262626262628297e-01
2.475757575757577267e-01
0.000000000000000000e+00
6.869696969696974520e-01
2.266666666666662389e-01
1.043555555555555259e+01
2.354545454545460270e-01
5.813131313131321143e-01
2.524242424242423843e-01
1.287878787878785625e-01
3.885858585858584235e-01
8.385858585858586567e-01
1.842424242424241798e-01
1.567474747474747243e+00
0.000000000000000000e+00
7.250505050505051674e-01
7.953535353535350350e-01
1.728383838383839910e+00
7.092929292929280871e-01
1.043939393939392168e+00
7.368686868686863400e-01
0.000000000000000000e+00
5.392929292929289353e-01
5.696969696969704511e-02
2.812121212121209135e-01
1.502373737373737761e+01
1.751767676767677173e+01
5.545454545454555628e-01
5.696969696969712144e-02
5.890909090909097756e-01
2.123464646464645611e+01
6.769696969696967770e-01
7.574747474747489662e-01
2.600000000000000644e-01
8.080808080808099536e-01
1.282828282828286093e-01
7.446464646464638903e-01
2.166212121212119968e+01
1.242424242424243069e-01
0.000000000000000000e+00
9.400000000000008349e-01
1.168090909090907736e+01
4.450505050505050852e-01
8.543434343434355149e-01
1.357575757575757991e-01
1.161313131313128633e+00
1.216161616161617470e-01
0.000000000000000000e+00
1.490909090909092460e-01
5.977676767676773473e+00
1.241212121212119435e+00
2.853434343434343390e+01
0.000000000000000000e+00
4.731313131313135134e-01
6.390909090909082657e-01
5.578787878787875298e-01
3.878787878787880172e-02
7.110101010101004260e-01
5.598989898989895631e-01
1.490909090909092460e-01
3.266161616161612269e+00
0.000000000000000000e+00
5.878787878787886112e-02
9.622222222222205357e-01
0.000000000000000000e+00
1.316161616161616865e-01
5.652525252525253396e-01
6.475757575757584705e-01
3.249999999999996447e+00
6.600000000000004752e-01
1.943434343434342904e-01
7.145454545454539286e-01
2.297979797979792516e-01
4.477777777777766643e-01
3.348484848484851173e-01
0.000000000000000000e+00
2.925050505050510452e+00
1.425252525252529434e-01
2.197979797979799643e-01
0.000000000000000000e+00
0.000000000000000000e+00
0.000000000000000000e+00
5.915151515151509942e-01
8.272727272727277426e-02
3.534343434343432122e-01
0.000000000000000000e+00
7.181818181818173663e-01
6.353535353535365582e-01
9.739393939393946598e-01
6.522222222222208154e-01
1.067272727272728705e+00
8.018181818181833176e-01
8.662020202020196180e+00
1.890363636363635891e+01
7.409090909090890742e-01
5.363636363636354876e-01
3.317979797979798917e+00
1.425252525252529434e-01
1.508787878787879011e+00
0.000000000000000000e+00
1.305151515151514063e+00
7.122222222222230892e-01
0.000000000000000000e+00
6.910101010101005192e-01
7.676767676767679016e-02
0.000000000000000000e+00
2.013030303030304502e+00
1.079656565656564027e+01
1.623232323232320362e-01
5.741414141414137307e-01
7.485858585858586878e-01
1.537676767676765754e+00
6.215151515151527972e-01
6.682828282828273680e-01
6.777777777777758972e-02
7.304040404040382795e-01
3.878787878787879478e-02
7.444444444444437980e-01
1.186969696969699672e+00
7.121212121212113777e-01
6.023232323232324825e-01
1.931313131313131815e-01
2.297979797979791960e-01
6.580808080808058236e-01
4.797979797979797650e-02
1.968787878787878753e+00
1.394848484848487224e+00
3.840404040404037378e-01
1.698383838383835442e+00
0.000000000000000000e+00
2.327272727272731434e-01
2.327272727272731989e-01
7.103030303030303250e-01
9.755555555555545100e-01
0.000000000000000000e+00
5.654545454545464311e-01
6.336363636363633312e-01
1.687131313131312993e+01
1.979797979797979710e-02
2.067777777777775938e+00
5.696969696969709368e-02
5.797979797979804784e-02
2.129393939393942947e+00
8.987878787878796905e-01
5.853535353535338492e-01
4.797979797979808059e-02
1.120757575757575530e+01
1.124949494949494699e+00
6.932323232323228668e-01
5.696969696969710062e-02
2.160606060606058421e-01
6.292929292929311247e-01
8.646464646464643300e-01
2.404343434343430452e+00
0.000000000000000000e+00
0.000000000000000000e+00
2.296969696969700381e-01
4.495959595959607147e-01
8.766666666666667052e-01
1.327474747474749250e+00
9.553535353535350660e-01
6.452525252525244115e-01
2.431313131313128373e-01
0.000000000000000000e+00
0.000000000000000000e+00
9.513131313131325539e-01
5.197979797979814798e-01
9.420202020202012028e-01
0.000000000000000000e+00
9.889898989899000847e-01
1.771212121212121460e+00
1.121212121212118717e-01
5.884646464646463571e+00
7.449494949494936957e-01
1.292020202020204511e+00
7.323232323232310437e-01
1.815151515151514738e+00
8.605050505050521048e-01
0.000000000000000000e+00
7.383838383838390307e-01
9.009090909090898824e-01
9.999999999999965514e-03
8.754545454545463734e-01
6.798989898989887815e-01
9.853030303030301695e+00
2.056969696969698447e+00
3.335353535353538512e-01
3.474747474747466036e-01
0.000000000000000000e+00
1.943434343434342904e-01
0.000000000000000000e+00
2.260606060606055734e-01
5.650505050505060245e-01
1.784848484848485795e-01
3.101010101010108211e-01
6.253535353535342178e-01
3.455656565656568535e+00
4.923737373737366418e+00
3.607070707070706983e-01
0.000000000000000000e+00
0.000000000000000000e+00
5.038282828282827808e+00
4.367676767676770822e-01
7.884848484848466788e-01
1.069797979797977527e+00
0.000000000000000000e+00
4.809090909090901755e-01
5.696969696969717001e-02
0.000000000000000000e+00
4.557070707070700166e+00
6.596969696969690045e-01
7.107070707070703985e-01
2.767676767676770511e-01
8.797979797979809113e-01
2.079797979797980978e-01
8.949494949494954943e-01
1.583939393939394646e+00
5.925252525252537872e-01
5.102020202020212114e-01
0.000000000000000000e+00
8.420202020202021131e-01
2.896969696969693420e+00
4.378787878787875898e-01
4.540404040404052988e-01
0.000000000000000000e+00
0.000000000000000000e+00
6.465656565656558996e-01
1.059797979797978629e+00
2.546464646464642878e-01
1.357575757575757991e-01
1.688686868686866127e+00
1.062898989898989655e+01
9.434343434343427370e-01
1.111717171717170771e+00
9.608080808080819990e-01
1.857575757575757325e-01
1.943434343434342904e-01
1.457060606060606567e+01
8.862525252525253805e+00
5.037373737373728178e-01
6.928282828282845696e-01
1.006666666666665266e+00
7.784848484848480021e-01
7.686868686868688627e-01
1.853535353535350205e-01
0.000000000000000000e+00
0.000000000000000000e+00
4.674747474747474874e-01
3.972626262626266058e+00
7.036363636363627272e-01
9.727474747474728289e+00
6.133535353535357615e+00
2.751616161616160294e+00
5.395959595959587407e-01
0.000000000000000000e+00
7.573737373737383649e-01
6.192929292929286733e-01
0.000000000000000000e+00
2.059252525252523824e+01
4.081818181818187008e-01
4.970707070707069963e-01
7.258585858585860917e-01
8.151515151515156266e-01
7.499999999999998890e-01
8.348484848484865051e-01
1.082020202020200106e+00
0.000000000000000000e+00
0.000000000000000000e+00
8.233636363636369637e+00
5.692929292929285179e-01
9.026666666666672612e+00
1.733333333333331172e-01
6.172727272727263070e-01
0.000000000000000000e+00
5.767979797979802647e+00
0.000000000000000000e+00
2.129191919191920412e+00
0.000000000000000000e+00
4.055555555555551694e-01
5.196969696969701680e+00
6.433333333333324244e-01
8.030303030303018730e-01
1.575989898989899096e+01
9.601010101010082343e-01
8.826262626262632027e-01
0.000000000000000000e+00
6.446464646464654669e-01
0.000000000000000000e+00
8.438383838383829438e-01
4.005050505050504306e+00
1.979797979797979363e-02
4.966868686868693317e+00
2.186858585858585613e+01
6.935353535353534493e-01
0.000000000000000000e+00
7.532323232323231421e-01
1.189757575757574237e+01
1.006767676767675423e+00
5.864646464646452451e-01
9.444848484848481718e+00
0.000000000000000000e+00
4.372727272727272019e-01
0.000000000000000000e+00
5.797979797979805477e-02
1.274929292929292046e+01
1.357575757575757991e-01
2.209191919191919151e+00
1.480505050505048770e+00
7.942424242424250824e-01
3.210101010101012453e-01
1.842424242424241798e-01
1.142424242424245201e-01
4.743434343434334011e-01
1.368080808080809563e+00
7.226262626262628386e-01
7.712121212121213487e-01
1.979797979797979363e-02
2.861616161616165055e-01
2.678181818181814666e+00
9.036767676767670565e+00
6.666666666666672958e-01
5.772727272727259384e-01
9.997979797979773542e-01
0.000000000000000000e+00
1.841686868686869971e+01
6.054545454545456895e-01
3.589898989898991921e-01
1.080202020202018387e+00
4.793939393939402049e-01
6.536363636363645702e-01
1.131515151515152251e+00
5.696969696969710062e-02
3.369696969696970856e-01
0.000000000000000000e+00
3.230303030303028899e-01
9.295959595959606414e-01
1.466414141414141703e+01
1.414010101010100939e+01
7.274747474747476073e-01
2.354545454545460548e-01
7.445454545454556206e-01
6.080808080808091098e-01
9.231313131313136910e-01
2.297979797979792238e-01
8.670707070707081021e-01
0.000000000000000000e+00
1.169696969696969013e+00
6.802020202020196971e-01
7.049494949494955476e-01
5.840404040404040265e-01
1.001111111111111951e+00
2.516161616161619596e-01
2.206202020202020009e+01
5.655555555555570324e-01
2.235353535353538756e+00
6.895959595959588739e-01
7.763636363636376991e-01
4.014141414141417230e-01
5.918181818181810216e-01
5.084848484848490946e-01
3.150505050505048921e+00
7.267676767676765071e-01
7.401010101010102593e-01
7.413131313131313682e-01
0.000000000000000000e+00
4.773737373737365064e-01
5.646464646464652848e-01
7.846464646464661463e-01
7.918181818181820875e-01
9.857575757575776088e-01
1.675757575757575724e-01
0.000000000000000000e+00
1.554545454545456229e-01
0.000000000000000000e+00
5.041414141414152228e-01
0.000000000000000000e+00
1.652525252525252342e-01
7.041414141414130690e-01
7.472727272727276437e-01
2.939393939393943403e-02
1.554545454545456507e-01
1.955454545454543114e+00
6.374747474747481935e-01
3.078888888888890563e+00
0.000000000000000000e+00
0.000000000000000000e+00
6.942424242424243275e-01
9.999999999999974187e-03
0.000000000000000000e+00
5.711111111111122352e-01
1.104141414141415645e+00
0.000000000000000000e+00
6.915151515151519712e-01
5.283838383838384001e-01
9.812121212121207581e-01
0.000000000000000000e+00
9.999999999999962044e-03
