1.822121212121212475e+00
8.476767676767673620e-01
0.000000000000000000e+00
6.606060606060618623e-01
1.589393939393939137e+00
5.512121212121207092e-01
2.403030303030307957e-01
7.537373737373742610e-01
2.443434343434337519e-01
9.081818181818170910e-01
2.765515151515152681e+01
1.942424242424241332e-01
0.000000000000000000e+00
7.101010101010104547e-01
9.405050505050515097e-01
2.127070707070704003e+00
0.000000000000000000e+00
0.000000000000000000e+00
1.764151515151514360e+01
8.252525252525250155e-01
0.000000000000000000e+00
4.907070707070697591e-01
1.074545454545456469e+00
2.327272727272731989e-01
0.000000000000000000e+00
9.999999999999974187e-03
1.247474747474748735e+00
0.000000000000000000e+00
0.000000000000000000e+00
7.368686868686873392e-01
2.095151515151516541e+00
2.939393939393943056e-02
1.931313131313131815e-01
5.474747474747483356e-01
9.820202020202009052e-01
8.398989898989897007e-01
3.876555555555557220e+01
1.809252525252525601e+01
2.503030303030306936e-01
1.124646464646462229e+00
3.716666666666663232e+00
5.711111111111110139e-01
9.126262626262615640e-01
6.934343434343417378e-01
1.000303030303030694e+00
0.000000000000000000e+00
4.176767676767674242e-01
0.000000000000000000e+00
1.399090909090908053e+00
5.550606060606062542e+00
1.076161616161615875e+00
0.000000000000000000e+00
9.090909090909080059e-02
4.167676767676761762e-01
1.412727272727273720e+00
3.161616161616162546e-01
9.485858585858597536e-01
3.574747474747478337e-01
2.113737373737377467e+00
7.373737373737359047e-01
2.150525252525253350e+01
6.556565656565641609e-01
1.165393939393939249e+01
0.000000000000000000e+00
8.543434343434352929e-01
3.878787878787880172e-02
2.514848484848482890e+00
1.018080808080808808e+00
2.521212121212118573e-01
1.979797979797979016e-02
1.255656565656567913e+00
9.999999999999962044e-03
1.011212121212122783e+00
1.502020202020200701e+00
6.777777777777772850e-02
2.031696969696969290e+01
1.226666666666668570e+00
9.589898989899007242e-01
1.312767676767678182e+01
4.660606060606070078e-01
6.748484848484860299e-01
8.450505050505060511e-01
4.919191919191923806e-02
2.797070707070707485e+00
1.895959595959596511e+00
1.158989898989900125e+00
5.607070707070717086e-01
1.202222222222219639e+00
4.351515151515146229e-01
1.943434343434342904e-01
9.999999999999979391e-03
7.496969696969693064e-01
1.999999999999994837e-02
1.068585858585858528e+00
8.040404040404051100e-01
4.749494949494941776e-01
1.207979797979795045e+00
1.004343434343434760e+00
8.485858585858591097e-01
2.616707070707070670e+01
1.548888888888891202e+00
0.000000000000000000e+00
7.434343434343430868e-02
5.921919191919196024e+00
2.460606060606066181e-01
7.442424242424239278e-01
5.261616161616157195e-01
3.498989898989894876e-01
2.524242424242423843e-01
1.552222222222224390e+00
2.624242424242423377e-01
0.000000000000000000e+00
0.000000000000000000e+00
1.169898989898991770e+00
9.946464646464666659e-01
6.898989898989908720e-02
0.000000000000000000e+00
1.543333333333333002e+00
9.716161616161604897e-01
3.257171717171718495e+00
3.109797979797976009e+00
6.231313131313144238e-01
1.590909090909091994e-01
6.600000000000005862e-01
9.973737373737388001e-01
3.409090909090906063e-01
8.470707070707063080e-01
1.979797979797979016e-02
5.144646464646458028e+00
0.000000000000000000e+00
0.000000000000000000e+00
9.999999999999968983e-03
9.999999999999977657e-03
9.905050505050521092e-01
6.861616161616159726e-01
6.300404040404041339e+00
2.521212121212118573e-01
1.706868686868686202e+00
7.844444444444435005e-01
0.000000000000000000e+00
6.644444444444441711e-01
8.862626262626271956e-01
9.999999999999975922e-03
8.588888888888905893e-01
2.160606060606058976e-01
1.103636363636362860e+00
8.120202020202018645e-01
2.606060606060604523e-01
9.036363636363621277e-01
9.999999999999993269e-03
1.321818181818180005e+00
7.958585858585879302e-01
0.000000000000000000e+00
1.177575757575755944e+00
2.607474747474751720e+00
6.233333333333327397e-01
9.868686868686855629e-01
2.482626262626257851e+00
7.322222222222237731e-01
2.979797979797976781e-02
7.434343434343430868e-02
0.000000000000000000e+00
1.066666666666668400e-01
6.566868686868679639e+00
1.167878787878787739e+00
2.957040404040402848e+01
2.939393939393942362e-02
8.099999999999991651e-01
4.018383838383843276e+00
8.879797979797957597e-01
1.066666666666667568e-01
8.980808080808083682e-01
5.363636363636372639e-01
0.000000000000000000e+00
6.078787878787885735e-01
4.700101010101016108e+00
1.025252525252527303e+00
9.090909090909086998e-02
4.797979797979802508e-02
6.908080808080806490e-01
9.999999999999963779e-03
1.122222222222224453e+00
7.434343434343432255e-02
9.558585858585865180e-01
1.999999999999995670e-01
6.440404040404053010e-01
9.452525252525232347e-01
7.965656565656561439e-01
7.953535353535355901e-01
1.733333333333331172e-01
1.248585858585856245e+00
1.264949494949495934e+00
7.845454545454548789e-01
9.615151515151507677e-01
0.000000000000000000e+00
1.287474747474745440e+00
0.000000000000000000e+00
9.033333333333350978e-01
0.000000000000000000e+00
7.913333333333338437e+00
5.659595959595961290e+00
7.222222222222229870e-01
1.440404040404037744e-01
0.000000000000000000e+00
1.077373737373735541e+00
0.000000000000000000e+00
2.221616161616159157e+00
0.000000000000000000e+00
0.000000000000000000e+00
2.576767676767681703e-01
2.621242424242423397e+01
2.500000000000001110e-01
1.756565656565656219e-01
3.348484848484849508e-01
9.813131313131324696e-01
2.571383838383839660e+01
9.359898989898983501e+00
8.765050505050501428e+00
5.453535353535355901e-01
8.540404040404045993e-01
5.190909090909097134e-01
2.624242424242423377e-01
2.650303030303025498e+00
0.000000000000000000e+00
1.077555555555555777e+01
7.233333333333343829e-01
1.188484848484846923e+00
3.469696969696974831e-01
3.075858585858581851e+00
6.054545454545445793e-01
0.000000000000000000e+00
4.911111111111109429e-01
1.124747474747477272e+00
1.048787878787876826e+00
3.816767676767676143e+00
2.034848484848484240e+00
4.291515151515150173e+00
9.592929292929304186e-01
8.984848484848481087e-01
4.418181818181823872e-01
7.460606060606050915e-01
6.101010101010114761e-01
0.000000000000000000e+00
1.675757575757576556e-01
1.018888888888887845e+00
1.152929292929291583e+00
7.969494949494945857e+00
9.167676767676752325e-01
4.979797979797990770e-01
5.713131313131304401e-01
7.331313131313135223e-01
9.885858585858579017e-01
1.223232323232319174e-01
9.999999999999955105e-03
2.160606060606057865e-01
4.007171717171718051e+00
5.828282828282815853e-01
2.121111111111112280e+00
1.801919191919189478e+00
1.137676767676769396e+00
0.000000000000000000e+00
0.000000000000000000e+00
7.832323232323231688e-01
3.543535353535349319e+00
2.370010101010101522e+01
9.191919191919178944e-01
2.176363636363633614e+00
8.403030303030293302e-01
4.495959595959589938e-01
8.007070707070714777e-01
1.071818181818182447e+00
3.712525252525248565e+00
0.000000000000000000e+00
2.426868686868691505e+00
0.000000000000000000e+00
0.000000000000000000e+00
1.284949494949492843e+00
9.090909090909080059e-02
0.000000000000000000e+00
1.213131313131315503e+00
9.631313131313128384e-01
7.060101010101011987e+00
6.583838383838386266e-01
9.189898989898979131e-01
2.180404040404042121e+00
9.146464646464634862e-01
1.104303030303030830e+01
1.092323232323230142e+00
1.277777777777776125e+00
2.443434343434337797e-01
1.217171717171719125e+00
5.535757575757576099e+00
1.072626262626259930e+00
0.000000000000000000e+00
1.108787878787880432e+00
7.282828282828273103e-01
2.849494949494946194e+00
4.797979797979810834e-02
1.108484848484849516e+00
1.287878787878783682e-01
7.392929292929302232e-01
6.509090909090918808e-01
3.895959595959601063e-01
9.401010101010109921e-01
0.000000000000000000e+00
7.788888888888898521e-01
1.088888888888890211e-01
2.443434343434337519e-01
7.352525252525251576e-01
8.313131313131334466e-01
1.979797979797979710e-02
1.979797979797979363e-02
8.439393939393927679e-01
4.722222222222212107e-01
0.000000000000000000e+00
0.000000000000000000e+00
7.145454545454553719e-01
1.168888888888889976e+00
1.235757575757573834e+00
9.999999999999953371e-03
1.906868686868681939e+00
5.872727272727260583e-01
3.873434343434347671e+00
1.869797979797980236e+00
3.542020202020200070e+00
9.196969696969717889e-01
6.681010101010107505e+00
6.975757575757568496e-01
8.669696969696979449e-01
0.000000000000000000e+00
8.184848484848503691e-01
1.173535353535350767e+00
1.175959595959596315e+00
9.999999999999988065e-03
1.065757575757575015e+00
6.039393939393949973e-01
1.287878787878784237e-01
6.612121212121198077e-01
8.373737373737356604e-01
1.616161616161617132e-01
1.233838383838381514e+00
9.999999999999975922e-03
4.797979797979800426e-02
2.939393939393943403e-02
0.000000000000000000e+00
2.807070707070705851e+01
7.430303030303030409e-01
1.086242424242423432e+01
3.812121212121223901e-01
1.401111111111110530e+00
1.904141414141417243e+00
1.315454545454548763e+00
0.000000000000000000e+00
6.730303030303037559e-01
2.979797979797979904e-02
2.942020202020202646e+00
0.000000000000000000e+00
1.655151515151512376e+00
1.371212121212122659e+00
0.000000000000000000e+00
1.675757575757577666e-01
7.434343434343430868e-02
0.000000000000000000e+00
2.036363636363637819e-01
0.000000000000000000e+00
4.210101010101020003e-01
4.795959595959605748e-01
1.509696969696968427e+00
1.529080808080807508e+01
2.460606060606066181e-01
1.425252525252528879e-01
0.000000000000000000e+00
2.397979797979795658e-01
0.000000000000000000e+00
9.732323232323217832e-01
1.999999999999994837e-02
9.342424242424254288e-01
2.524242424242423843e-01
7.646464646464660175e-01
6.850505050505050209e-01
4.156666666666662735e+00
1.029393939393938862e+00
0.000000000000000000e+00
0.000000000000000000e+00
7.478787878787879206e-01
8.350505050505063753e-01
8.245454545454542483e-01
1.470909090909090278e+00
8.272727272727277426e-02
3.926767676767676019e+00
1.382161616161615392e+01
6.681818181818187652e-01
2.197979797979799643e-01
6.652525252525245403e-01
8.809090909090918631e-01
1.205757575757572919e+00
7.332323232323231244e-01
1.990909090909090406e-01
1.168888888888891531e+00
2.168282828282828145e+00
8.046464646464644987e-01
1.002929292929293892e+00
1.619181818181818500e+01
7.388888888888879292e-01
1.476777777777778766e+01
7.541414141414141126e-01
8.147474747474743317e-01
2.567070707070703506e+00
1.055252525252526885e+00
9.624242424242411831e-01
0.000000000000000000e+00
2.304545454545454231e+00
2.280808080808079952e-01
6.973737373737369794e-01
1.560555555555556317e+01
1.189292929292931289e+00
1.484909090909090423e+01
1.382424242424244554e+00
1.554545454545456507e-01
9.948484848484869802e-01
1.123232323232325358e+00
1.260707070707069111e+00
9.999999999999967248e-03
2.327272727272732267e-01
2.480828282828282028e+01
1.634242424242425606e+00
3.438282828282826387e+00
9.999999999999998473e-03
6.660606060606065748e-01
5.380808080808077154e-01
2.184444444444443523e+00
0.000000000000000000e+00
1.066666666666668400e-01
0.000000000000000000e+00
1.883939393939390916e+00
9.116161616161633230e-01
1.264646464646462243e-01
7.852121212121212501e+00
6.080808080808087768e-01
4.939393939393937893e-02
2.424242424242418481e-01
1.099595959595961014e+00
1.602222222222222658e+00
2.038292929292928335e+01
2.742828282828285946e+00
0.000000000000000000e+00
0.000000000000000000e+00
1.387878787878793208e-01
3.319696969696971589e+00
1.044646464646466599e+00
0.000000000000000000e+00
4.661616161616159437e-01
8.337373737373737770e-01
8.487878787878780917e-01
7.000000000000009548e-01
1.040202020202019018e+00
1.318585858585859860e+00
1.008686868686868632e+00
1.053636363636363704e+00
0.000000000000000000e+00
0.000000000000000000e+00
1.418080808080807609e+00
1.590909090909089496e-01
0.000000000000000000e+00
2.260606060606056844e-01
1.842424242424241798e-01
1.877777777777774604e-01
1.235353535353534316e+00
7.602020202020224326e-01
8.928282828282826378e-01
2.379797979797985408e-01
0.000000000000000000e+00
2.836363636363638530e-01
2.449090909090911872e+00
1.197575757575758848e+00
1.891212121212120012e+00
6.378787878787868237e-01
3.300000000000005707e-01
4.767676767676758409e-01
8.978787878787876098e-01
1.196969696969695907e+00
3.300585858585858290e+01
8.874747474747485265e-01
8.810101010100997998e-01
5.794949494949488411e-01
1.177171717171717980e+00
2.668585858585861281e+00
4.580808080808073668e-01
4.071717171717166850e-01
0.000000000000000000e+00
1.050808080808080192e+00
5.230303030303032896e-01
1.333232323232321992e+00
1.990909090909091239e-01
0.000000000000000000e+00
3.878787878787880172e-02
1.118686868686867175e+00
1.979797979797979363e-02
0.000000000000000000e+00
5.207070707070705629e-01
5.756060606060611207e+00
1.315454545454542545e+00
9.430202020202013813e+00
0.000000000000000000e+00
2.479797979797985497e-01
1.153737373737375282e+00
2.939393939393940974e-02
1.175353535353533374e+00
1.201111111111108798e+00
0.000000000000000000e+00
1.586262626262628483e+00
1.722525252525251815e+01
5.662626262626256901e-01
1.018383838383836837e+00
2.963838383838388157e+00
9.067676767676770000e-01
7.902020202020196837e-01
1.096767676767675725e+00
0.000000000000000000e+00
5.234343434343439183e-01
1.853636363636365303e+00
4.568686868686873126e-01
1.402828282828284756e+00
1.047373737373738845e+00
2.689898989898986681e+00
0.000000000000000000e+00
9.945454545454531781e-01
9.888888888888897055e-02
6.616161616161616577e-01
2.752121212121215965e+00
1.595252525252526787e+01
4.441111111111118781e+00
4.930303030303023193e-01
0.000000000000000000e+00
5.418282828282829477e+00
8.089898989898995918e-01
3.333333333333325377e-01
9.502929292929293226e+00
6.852525252525258903e-01
2.939393939393940280e-02
1.076666666666664440e+00
1.124848484848484542e+00
0.000000000000000000e+00
1.136969696969696075e+00
9.090909090909075896e-02
1.351313131313133908e+00
0.000000000000000000e+00
9.429292929292913961e-01
5.910101010100998753e-01
9.999999999999981126e-03
6.018080808080812361e+00
3.878787878787880172e-02
3.238686868686866838e+00
7.443434343434344180e-01
1.216161616161617470e-01
1.221010101010102211e+00
0.000000000000000000e+00
1.545151515151514054e+00
6.107070707070707538e-01
4.171727272727272862e+01
7.662626262626248685e-01
6.062828282828274240e+00
4.286363636363642371e+00
9.517171717171731826e-01
1.979797979797979710e-02
9.405050505050520648e-01
1.604141414141412758e+00
9.804040404040410550e-01
1.136363636363639129e+00
2.233333333333338555e-01
9.398686868686860763e+00
6.892929292929304008e-01
8.272727272727277426e-02
1.285959595959598634e+00
8.572727272727258541e-01
1.767676767676764904e-01
2.796353535353536657e+01
1.082424242424240290e+00
6.963636363636346305e-01
1.974747474747478693e+00
1.042525252525251078e+00
8.557676767676774432e+00
0.000000000000000000e+00
0.000000000000000000e+00
7.958585858585850437e-01
5.764646464646457913e-01
1.481636363636362574e+01
8.972727272727266667e-01
3.939393939393939781e-02
6.866666666666660923e-01
1.208383838383838338e+00
0.000000000000000000e+00
2.921313131313135081e+00
2.302979797979798349e+01
6.859595959595962134e-01
2.359595959595961745e-01
1.943434343434342904e-01
3.965858585858580643e+00
7.434343434343430868e-02
3.006444444444444386e+01
0.000000000000000000e+00
6.063636363636373261e-01
0.000000000000000000e+00
1.122424242424242991e+00
2.521212121212118573e-01
9.999999999999962044e-03
7.564646464646470614e-01
2.767676767676770511e-01
2.143181818181817633e+01
2.379797979797985685e-01
7.989898989898992498e-01
2.521212121212118573e-01
1.733333333333332282e-01
5.227272727272737063e-01
1.122424242424242991e+00
2.036363636363636431e-01
2.325858585858583627e+00
0.000000000000000000e+00
1.007575757575756459e+00
1.025555555555554887e+00
2.763737373737376934e+00
9.668686868686856561e-01
1.674141414141417705e+00
7.322222222222217747e-01
0.000000000000000000e+00
5.808080808080797741e-01
1.066666666666668400e-01
3.784848484848492567e-01
2.358878787878788330e+01
3.232848484848483395e+01
6.470707070707065744e-01
8.272727272727277426e-02
7.275757575757578755e-01
2.337767676767677116e+01
1.004242424242423937e+00
1.369292929292928784e+00
2.818181818181822451e-01
9.158585858585869266e-01
2.303030303030301762e-01
9.332323232323250783e-01
3.913222222222222513e+01
1.848484848484847343e-01
1.979797979797979016e-02
1.324343434343432380e+00
1.797989898989895607e+01
7.202020202020218420e-01
1.163131313131314570e+00
1.554545454545456507e-01
1.844242424242420686e+00
1.893939393939393923e-01
0.000000000000000000e+00
1.943434343434342904e-01
9.840000000000001634e+00
1.718383838383840123e+00
3.892060606060606176e+01
0.000000000000000000e+00
5.304040404040405443e-01
7.884848484848476780e-01
8.414141414141405040e-01
9.090909090909075896e-02
8.389898989898979531e-01
7.493939393939396121e-01
1.775757575757578588e-01
6.227676767676768144e+00
0.000000000000000000e+00
1.149494949494951346e-01
1.551717171717173827e+00
0.000000000000000000e+00
2.034343434343435231e-01
7.283838383838395769e-01
1.052020202020204520e+00
4.502929292929289673e+00
7.192929292929304275e-01
2.454545454545459526e-01
1.162222222222224488e+00
2.552525252525248423e-01
7.950505050505055626e-01
4.713131313131305733e-01
0.000000000000000000e+00
5.104545454545450944e+00
1.287878787878785625e-01
2.379797979797985130e-01
0.000000000000000000e+00
7.434343434343430868e-02
0.000000000000000000e+00
6.730303030303033118e-01
1.287878787878784514e-01
4.012121212121223524e-01
2.939393939393943403e-02
9.917171717171712197e-01
7.561616161616147025e-01
1.454747474747472236e+00
8.858585858585853456e-01
1.243838383838387518e+00
1.130909090909089310e+00
1.378515151515151516e+01
3.079939393939394776e+01
1.002626262626263864e+00
8.734343434343425638e-01
5.255555555555555536e+00
1.554545454545456229e-01
2.123434343434347671e+00
0.000000000000000000e+00
1.641515151515150484e+00
7.955555555555573477e-01
0.000000000000000000e+00
8.147474747474746648e-01
1.282828282828284705e-01
0.000000000000000000e+00
2.522727272727274261e+00
1.895525252525253634e+01
1.814141414141414166e-01
7.008080808080804358e-01
1.035858585858584702e+00
2.185757575757576898e+00
6.891919191919191334e-01
7.742424242424257308e-01
8.636363636363623975e-02
8.866666666666661589e-01
5.696969696969705899e-02
8.245454545454533601e-01
1.766666666666667496e+00
7.782828282828280209e-01
9.683838383838393460e-01
2.423232323232323848e-01
2.424242424242418481e-01
1.083030303030301900e+00
1.066666666666668400e-01
2.749090909090908141e+00
2.664848484848483690e+00
6.559595959595970749e-01
2.714747474747476463e+00
9.999999999999948166e-03
2.333333333333338089e-01
2.460606060606066181e-01
7.839393939393943800e-01
1.590505050505048645e+00
9.999999999999968983e-03
1.003131313131314428e+00
8.394949494949489610e-01
2.922121212121209766e+01
2.939393939393940974e-02
3.849191919191921052e+00
5.696969696969709368e-02
1.243434343434340061e-01
3.396464646464647519e+00
1.351010101010102993e+00
5.970707070707060860e-01
5.696969696969707980e-02
1.963545454545454305e+01
1.477272727272729069e+00
1.074949494949495543e+00
6.696969696969705399e-02
2.330303030303025325e-01
6.190909090909084700e-01
1.329898989898987027e+00
3.827878787878786326e+00
0.000000000000000000e+00
0.000000000000000000e+00
5.344444444444439446e-01
6.819191919191904816e-01
1.187070707070705389e+00
2.414747474747473532e+00
1.319797979797981524e+00
9.639393939393959831e-01
2.789898989898983439e-01
0.000000000000000000e+00
0.000000000000000000e+00
1.326363636363638188e+00
1.121515151515154018e+00
1.131919191919193324e+00
0.000000000000000000e+00
1.452323232323231128e+00
3.371111111111113612e+00
1.767676767676762406e-01
1.054777777777775505e+01
1.246767676767676303e+00
1.692525252525251878e+00
7.737373737373720584e-01
2.769494949494955449e+00
1.212727272727272654e+00
0.000000000000000000e+00
8.071717171717164296e-01
1.357979797979796510e+00
4.797979797979808753e-02
9.946464646464636683e-01
7.637373737373750471e-01
1.399202020202021224e+01
3.239898989898986947e+00
7.225252525252525704e-01
6.458585858585869088e-01
1.999999999999995184e-02
2.266666666666662944e-01
0.000000000000000000e+00
2.454545454545460081e-01
8.388888888888890172e-01
2.476767676767677728e-01
3.737373737373739790e-01
9.772727272727255166e-01
5.694848484848483494e+00
7.979696969696963293e+00
5.407070707070714688e-01
0.000000000000000000e+00
1.979797979797979016e-02
6.209595959595959336e+00
7.784848484848485572e-01
1.064141414141412945e+00
1.401414141414141890e+00
0.000000000000000000e+00
5.456565656565661726e-01
7.434343434343430868e-02
0.000000000000000000e+00
6.748383838383841926e+00
1.062727272727274297e+00
9.749494949494966756e-01
3.012121212121215419e-01
1.108484848484850627e+00
2.277777777777778290e-01
1.214747474747477352e+00
2.876161616161619250e+00
7.304040404040407219e-01
7.420202020202009141e-01
9.999999999999953371e-03
1.226464646464647146e+00
4.859999999999996767e+00
6.563636363636358162e-01
5.682828282828299438e-01
0.000000000000000000e+00
9.999999999999986330e-03
6.828282828282830064e-01
1.260000000000001563e+00
5.913131313131305689e-01
1.425252525252527769e-01
2.807575757575756281e+00
1.783101010101009010e+01
1.374343434343432646e+00
2.199696969696967042e+00
1.794949494949492186e+00
4.865656565656557020e-01
2.354545454545460270e-01
2.494171717171717972e+01
1.525565656565657058e+01
7.004040404040419165e-01
8.488888888888881379e-01
1.521616161616162533e+00
1.078585858585855206e+00
1.003434343434340903e+00
3.173737373737368639e-01
0.000000000000000000e+00
9.999999999999984596e-03
8.757575757575761788e-01
5.855252525252526929e+00
9.492929292929276341e-01
1.831454545454545624e+01
8.262020202020202930e+00
4.327171717171721887e+00
7.546464646464629000e-01
1.999999999999997266e-02
1.005151515151517128e+00
7.616161616161610803e-01
0.000000000000000000e+00
2.799010101010101081e+01
5.052525252525259525e-01
5.498989898989912195e-01
7.360606060606059708e-01
1.386868686868685474e+00
7.979797979797966789e-01
9.848484848484850840e-01
1.672929292929292933e+00
0.000000000000000000e+00
0.000000000000000000e+00
1.578373737373737917e+01
6.941414141414146144e-01
1.660919191919192173e+01
1.788888888888890694e-01
8.145454545454533513e-01
0.000000000000000000e+00
8.084848484848498273e+00
0.000000000000000000e+00
4.222525252525252348e+00
0.000000000000000000e+00
4.285858585858588476e-01
8.840303030303026333e+00
9.339393939393951793e-01
9.687878787878800857e-01
2.776363636363637255e+01
1.528282828282829353e+00
1.518585858585857817e+00
1.999999999999995184e-02
8.810101010100991337e-01
0.000000000000000000e+00
1.125757575757577733e+00
5.420505050505048494e+00
5.797979797979802702e-02
7.989494949494964082e+00
3.741555555555557078e+01
9.506060606060595664e-01
0.000000000000000000e+00
9.190909090909082924e-01
1.757202020202018034e+01
1.620101010101011596e+00
6.715151515151523975e-01
1.530242424242424093e+01
0.000000000000000000e+00
7.031313131313127185e-01
0.000000000000000000e+00
1.478787878787874988e-01
2.003494949494950816e+01
1.943434343434342904e-01
2.975252525252526592e+00
2.287676767676769085e+00
1.006666666666667487e+00
4.944444444444454634e-01
2.121212121212122381e-01
1.681818181818184599e-01
5.016161616161611825e-01
2.330000000000000515e+00
1.169494949494950475e+00
9.327272727272725161e-01
2.939393939393944097e-02
4.314141414141414721e-01
3.729898989898990269e+00
1.282646464646463613e+01
6.963636363636356297e-01
6.734343434343424972e-01
1.322020202020204094e+00
1.979797979797979363e-02
2.709838383838382114e+01
7.727272727272742614e-01
6.309090909090919741e-01
1.664545454545456771e+00
6.965656565656569432e-01
7.752525252525256372e-01
1.784545454545454435e+00
9.090909090909080059e-02
3.514141414141419006e-01
0.000000000000000000e+00
4.078787878787875631e-01
1.115858585858588103e+00
2.390161616161615754e+01
2.494333333333333513e+01
8.940404040404039687e-01
2.521212121212118573e-01
9.880808080808068938e-01
7.126262626262632738e-01
1.144545454545453644e+00
2.379797979797985685e-01
1.396262626262626982e+00
0.000000000000000000e+00
1.782020202020198951e+00
1.008787878787876791e+00
9.208080808080796320e-01
6.716161616161626657e-01
1.468080808080805877e+00
2.600000000000000644e-01
3.415181818181817874e+01
8.299999999999988498e-01
3.334242424242426228e+00
9.584848484848490502e-01
1.011111111111112182e+00
6.950505050505048077e-01
9.642424242424229019e-01
7.872727272727272352e-01
4.982828282828276834e+00
8.695959595959589228e-01
1.016767676767675876e+00
9.857575757575738340e-01
0.000000000000000000e+00
5.325252525252515134e-01
6.632323232323221740e-01
1.488787878787877883e+00
1.046363636363635496e+00
1.511111111111111738e+00
1.788888888888890139e-01
0.000000000000000000e+00
2.036363636363637541e-01
0.000000000000000000e+00
5.501010101010108677e-01
0.000000000000000000e+00
2.077777777777779222e-01
7.922222222222223831e-01
1.142020202020200825e+00
5.696969696969705899e-02
1.675757575757577666e-01
2.732828282828279498e+00
6.894949494949494939e-01
5.393030303030301731e+00
0.000000000000000000e+00
0.000000000000000000e+00
8.172727272727278169e-01
2.939393939393942709e-02
0.000000000000000000e+00
6.681818181818174329e-01
1.961414141414140389e+00
0.000000000000000000e+00
1.123030303030303489e+00
1.112727272727272343e+00
1.486262626262627506e+00
1.979797979797979363e-02
2.939393939393943056e-02
