1.143737373737373719e+00
8.172727272727278169e-01
0.000000000000000000e+00
6.252525252525263921e-01
1.368787878787876888e+00
5.570707070707061614e-01
2.121212121212122381e-01
6.302020202020214290e-01
2.403030303030307957e-01
6.980808080808096339e-01
2.214727272727272478e+01
1.490909090909092460e-01
0.000000000000000000e+00
4.001010101010104014e-01
7.371717171717169226e-01
1.719191919191917162e+00
0.000000000000000000e+00
0.000000000000000000e+00
1.388585858585858901e+01
7.084848484848474959e-01
0.000000000000000000e+00
4.377777777777784318e-01
9.276767676767684323e-01
2.079797979797981811e-01
0.000000000000000000e+00
0.000000000000000000e+00
9.123232323232334240e-01
0.000000000000000000e+00
0.000000000000000000e+00
6.758585858585849371e-01
1.975151515151518211e+00
2.939393939393944444e-02
1.943434343434342904e-01
3.515151515151521133e-01
8.646464646464641080e-01
6.389898989898977755e-01
2.299000000000000554e+01
1.356050505050504285e+01
1.990909090909091239e-01
1.022424242424242458e+00
2.885454545454540387e+00
5.116161616161610803e-01
8.325252525252535563e-01
5.953535353535345243e-01
9.051515151515158175e-01
0.000000000000000000e+00
4.015151515151508810e-01
0.000000000000000000e+00
1.046767676767678124e+00
4.186969696969698340e+00
8.482828282828293043e-01
0.000000000000000000e+00
3.878787878787880172e-02
3.820202020202024262e-01
1.125858585858584782e+00
2.454545454545453420e-01
8.435353535353550258e-01
3.607070707070705873e-01
1.817373737373739306e+00
6.960606060606050471e-01
1.521707070707070919e+01
5.029292929292935588e-01
1.016414141414141525e+01
0.000000000000000000e+00
6.225252525252531477e-01
2.939393939393944097e-02
2.213131313131311284e+00
8.001010101010103126e-01
2.524242424242423843e-01
2.939393939393944097e-02
9.772727272727257386e-01
0.000000000000000000e+00
8.533333333333348314e-01
1.161414141414140788e+00
3.939393939393939781e-02
1.542888888888888665e+01
8.908080808080816038e-01
8.251515151515148583e-01
8.390404040404034092e+00
2.463636363636359794e-01
5.942424242424234615e-01
6.614141414141404551e-01
3.878787878787880172e-02
2.117373737373740461e+00
1.711717171717171748e+00
8.935353535353530718e-01
5.224242424242426797e-01
1.072727272727273640e+00
3.105050505050496734e-01
1.842424242424241798e-01
9.999999999999988065e-03
6.648484848484847998e-01
9.999999999999972453e-03
9.385858585858590786e-01
6.594949494949504665e-01
4.669696969696975897e-01
8.504040404040399403e-01
8.466666666666671226e-01
6.063636363636368820e-01
2.092777777777777715e+01
1.436969696969695454e+00
0.000000000000000000e+00
1.979797979797979363e-02
4.763535353535341521e+00
2.443434343434337797e-01
6.481818181818185254e-01
5.019191919191920981e-01
2.972727272727265779e-01
2.516161616161619596e-01
1.252323232323229840e+00
2.516161616161619596e-01
0.000000000000000000e+00
9.999999999999953371e-03
9.405050505050519538e-01
8.027272727272721786e-01
2.000000000000003164e-02
0.000000000000000000e+00
1.039797979797979055e+00
7.581818181818179569e-01
2.358989898989897860e+00
2.584242424242428449e+00
4.179797979797971186e-01
1.814141414141414166e-01
5.675757575757579554e-01
8.536363636363629714e-01
2.864646464646466995e-01
7.937373737373737415e-01
0.000000000000000000e+00
3.973535353535348147e+00
0.000000000000000000e+00
0.000000000000000000e+00
0.000000000000000000e+00
0.000000000000000000e+00
7.428282828282818384e-01
5.715151515151525308e-01
5.175151515151511283e+00
2.521212121212118573e-01
1.462929292929292746e+00
6.322222222222215748e-01
0.000000000000000000e+00
5.110101010101018026e-01
8.807070707070725479e-01
0.000000000000000000e+00
8.201010101010102193e-01
2.197979797979799643e-01
9.301010101010099840e-01
6.739393939393923949e-01
2.179797979797982732e-01
7.112121212121198521e-01
9.999999999999993269e-03
9.501010101010111120e-01
6.531313131313143394e-01
0.000000000000000000e+00
9.154545454545450767e-01
2.043030303030300754e+00
5.773737373737363177e-01
7.773737373737370504e-01
1.975959595959596582e+00
6.112121212121225389e-01
5.696969696969707286e-02
2.939393939393944444e-02
0.000000000000000000e+00
5.696969696969707286e-02
4.202828282828280138e+00
9.506060606060594553e-01
2.278282828282827310e+01
1.979797979797979363e-02
6.878787878787876453e-01
2.678080808080806285e+00
7.656565656565648137e-01
4.797979797979797650e-02
7.408080808080806934e-01
3.854545454545450500e-01
0.000000000000000000e+00
5.001010101010112674e-01
3.236969696969697274e+00
7.071717171717158967e-01
7.434343434343430868e-02
2.939393939393944791e-02
5.922222222222226495e-01
0.000000000000000000e+00
1.114242424242421592e+00
8.272727272727276038e-02
7.357575757575763875e-01
1.395959595959597177e-01
5.732323232323222051e-01
7.659595959595970616e-01
5.762626262626283635e-01
4.803030303030311199e-01
1.554545454545456229e-01
1.014848484848483778e+00
1.122626262626261529e+00
6.758585858585857142e-01
7.804040404040423207e-01
0.000000000000000000e+00
1.174545454545456558e+00
0.000000000000000000e+00
7.807070707070694615e-01
0.000000000000000000e+00
5.382525252525258708e+00
3.786868686868687828e+00
6.782828282828294864e-01
6.696969696969710950e-02
0.000000000000000000e+00
7.458585858585840001e-01
0.000000000000000000e+00
1.517878787878792046e+00
0.000000000000000000e+00
0.000000000000000000e+00
1.873737373737367762e-01
2.006454545454544203e+01
2.460606060606065904e-01
2.117171717171720813e-01
3.085858585858584635e-01
8.004040404040417833e-01
1.985858585858586167e+01
6.960101010101013230e+00
8.424646464646462718e+00
3.263636363636362447e-01
5.638383838383832503e-01
4.676767676767675241e-01
2.641414141414143990e-01
1.871414141414144972e+00
0.000000000000000000e+00
6.252323232323224289e+00
6.352525252525262900e-01
8.822222222222207977e-01
3.267676767676774285e-01
2.387777777777773114e+00
5.069696969696974032e-01
0.000000000000000000e+00
2.883838383838386310e-01
8.955555555555543279e-01
6.911111111111116756e-01
2.711717171717173969e+00
1.527575757575756255e+00
3.049898989898989221e+00
8.597979797979802274e-01
6.826262626262619149e-01
3.206060606060602280e-01
6.037373737373744609e-01
5.130303030303030587e-01
0.000000000000000000e+00
1.554545454545456507e-01
8.843434343434335432e-01
9.368686868686887381e-01
5.732727272727271561e+00
8.362626262626253748e-01
3.371717171717168449e-01
5.457575757575749975e-01
7.013131313131309996e-01
8.970707070707065744e-01
5.919191919191918450e-02
0.000000000000000000e+00
2.036363636363637541e-01
3.577676767676765568e+00
4.662626262626258788e-01
1.613030303030304813e+00
1.460909090909092267e+00
9.988888888888911577e-01
0.000000000000000000e+00
0.000000000000000000e+00
5.961616161616165588e-01
2.873636363636365321e+00
1.807101010101009564e+01
6.680808080808080529e-01
1.575252525252525793e+00
6.996969696969690400e-01
3.525252525252525748e-01
6.474747474747464260e-01
8.713131313131304845e-01
2.773232323232324603e+00
0.000000000000000000e+00
2.157373737373739608e+00
0.000000000000000000e+00
0.000000000000000000e+00
1.074949494949492879e+00
9.090909090909084223e-02
0.000000000000000000e+00
8.515151515151533346e-01
8.962626262626267604e-01
4.623737373737376366e+00
6.075757575757568807e-01
5.541414141414148231e-01
1.753737373737374039e+00
8.248484848484857190e-01
9.460505050505053859e+00
8.591919191919189513e-01
1.072222222222221077e+00
2.475757575757577267e-01
1.003636363636365658e+00
4.661616161616158216e+00
8.332323232323252116e-01
0.000000000000000000e+00
9.033333333333315451e-01
6.253535353535357721e-01
2.200606060606057124e+00
9.999999999999970718e-03
8.730303030303020462e-01
1.066666666666668400e-01
6.264646464646466129e-01
6.433333333333342008e-01
3.936363636363640617e-01
7.686868686868686407e-01
0.000000000000000000e+00
7.408080808080806934e-01
8.272727272727277426e-02
2.354545454545460548e-01
7.404040404040403978e-01
6.652525252525264277e-01
0.000000000000000000e+00
0.000000000000000000e+00
7.619191919191918849e-01
4.669696969696975342e-01
0.000000000000000000e+00
0.000000000000000000e+00
6.447474747474746248e-01
9.125252525252512958e-01
8.935353535353525167e-01
0.000000000000000000e+00
1.654848484848482348e+00
3.902020202020198836e-01
2.626464646464650166e+00
1.691111111111113674e+00
2.468080808080808541e+00
7.627272727272722541e-01
5.908080808080818258e+00
6.349494949494960405e-01
7.071717171717178951e-01
0.000000000000000000e+00
6.455555555555553271e-01
7.865656565656563570e-01
8.896969696969694308e-01
0.000000000000000000e+00
8.055555555555555802e-01
4.109090909090912791e-01
9.888888888888901219e-02
6.142424242424235903e-01
6.196969696969703012e-01
1.287878787878785070e-01
9.193939393939409843e-01
0.000000000000000000e+00
3.878787878787880172e-02
1.979797979797979016e-02
0.000000000000000000e+00
1.963535353535353778e+01
7.831313131313124565e-01
7.301313131313131422e+00
3.300000000000003486e-01
1.228585858585858226e+00
1.618787878787877776e+00
1.198181818181820457e+00
0.000000000000000000e+00
5.561616161616156351e-01
9.999999999999977657e-03
2.430202020202024915e+00
0.000000000000000000e+00
1.230707070707068196e+00
1.087575757575759638e+00
0.000000000000000000e+00
1.216161616161617331e-01
4.797979797979797650e-02
0.000000000000000000e+00
1.775757575757578866e-01
0.000000000000000000e+00
4.087878787878789222e-01
2.665656565656559507e-01
1.123939393939390907e+00
1.228020202020202944e+01
2.424242424242418481e-01
1.216161616161618164e-01
0.000000000000000000e+00
2.233333333333339110e-01
0.000000000000000000e+00
8.281818181818175750e-01
9.999999999999972453e-03
7.726262626262624389e-01
2.525252525252525415e-01
7.074747474747477005e-01
6.516161616161612047e-01
3.121515151515152908e+00
7.913131313131320788e-01
0.000000000000000000e+00
0.000000000000000000e+00
6.633333333333322201e-01
6.701010101010099751e-01
6.068686868686858915e-01
9.468686868686868596e-01
4.797979797979808059e-02
2.836666666666669556e+00
9.685858585858584391e+00
6.060606060606069656e-01
1.990909090909091794e-01
5.215151515151508210e-01
7.280808080808086613e-01
9.250505050505062332e-01
6.256565656565667988e-01
2.121212121212122381e-01
7.837373737373730664e-01
1.543434343434340494e+00
7.828282828282824291e-01
6.559595959595969639e-01
1.232838383838383756e+01
3.740404040404042840e-01
1.293424242424242365e+01
7.227272727272734398e-01
6.144444444444429054e-01
2.227171717171714249e+00
9.615151515151537653e-01
7.752525252525270805e-01
0.000000000000000000e+00
1.965151515151515538e+00
1.914141414141414532e-01
6.564646464646470836e-01
1.002252525252525572e+01
1.008282828282827115e+00
1.053797979797980311e+01
8.987878787878769149e-01
1.490909090909092460e-01
9.909090909090918498e-01
9.466666666666677665e-01
1.076969696969698687e+00
9.999999999999981126e-03
2.327272727272732267e-01
1.558484848484848584e+01
1.210707070707068400e+00
2.618484848484846417e+00
0.000000000000000000e+00
6.909090909090916943e-01
4.620202020202022752e-01
1.708484848484848939e+00
0.000000000000000000e+00
1.066666666666668400e-01
0.000000000000000000e+00
1.595858585858585865e+00
8.786868686868697376e-01
1.166666666666671404e-01
5.141919191919185117e+00
4.794949494949505842e-01
0.000000000000000000e+00
2.488888888888884654e-01
9.013131313131325095e-01
1.130404040404039190e+00
1.574323232323234301e+01
2.422424242424245033e+00
0.000000000000000000e+00
0.000000000000000000e+00
1.242424242424246261e-01
2.558686868686870231e+00
9.142424242424224134e-01
0.000000000000000000e+00
4.640404040404037533e-01
6.788888888888880979e-01
7.614141414141426534e-01
6.362626262626266405e-01
8.233333333333328063e-01
1.087777777777775512e+00
8.394949494949491831e-01
8.398989898989904779e-01
0.000000000000000000e+00
0.000000000000000000e+00
1.091515151515149773e+00
5.939393939393939476e-02
0.000000000000000000e+00
2.260606060606057399e-01
1.733333333333331450e-01
1.530303030303027945e-01
9.340404040404052255e-01
5.785858585858586478e-01
7.846464646464633708e-01
2.297979797979792516e-01
0.000000000000000000e+00
2.896969696969691754e-01
1.997070707070703666e+00
1.106666666666664911e+00
1.264949494949493047e+00
5.078787878787879295e-01
3.081818181818177793e-01
2.423232323232318297e-01
8.056565656565669586e-01
9.756565656565644451e-01
2.566202020202019796e+01
7.185858585858592162e-01
7.312121212121225344e-01
5.489898989899000270e-01
1.109595959595961467e+00
2.202626262626264264e+00
3.406060606060600238e-01
3.690909090909089141e-01
0.000000000000000000e+00
7.651515151515151381e-01
2.685858585858587055e-01
1.259292929292927354e+00
1.733333333333331172e-01
0.000000000000000000e+00
0.000000000000000000e+00
8.487878787878782028e-01
9.999999999999993269e-03
0.000000000000000000e+00
5.091919191919189736e-01
5.372020202020194368e+00
1.260404040404039083e+00
7.078686868686870248e+00
0.000000000000000000e+00
2.160606060606058976e-01
8.831313131313150988e-01
1.979797979797979710e-02
1.039090909090911286e+00
8.551515151515156621e-01
0.000000000000000000e+00
1.372727272727271242e+00
1.153040404040403644e+01
5.175757575757582440e-01
7.575757575757584572e-01
2.375252525252529168e+00
7.797979797979784911e-01
6.757575757575775555e-01
9.293939393939378846e-01
0.000000000000000000e+00
5.243434343434347777e-01
1.440202020202020039e+00
4.331313131313131448e-01
1.199797979797979419e+00
9.303030303030289661e-01
2.229292929292927106e+00
0.000000000000000000e+00
8.915151515151522599e-01
8.272727272727277426e-02
6.785858585858578484e-01
2.234949494949499016e+00
1.272979797979798278e+01
3.383333333333335524e+00
4.106060606060609741e-01
0.000000000000000000e+00
4.134343434343433543e+00
7.254545454545447969e-01
3.619191919191926399e-01
7.251111111111105068e+00
6.035353535353551457e-01
2.939393939393940280e-02
8.822222222222230181e-01
8.281818181818187963e-01
0.000000000000000000e+00
8.403030303030315507e-01
4.797979797979801814e-02
1.022525252525251949e+00
0.000000000000000000e+00
8.494949494949487478e-01
5.993939393939394789e-01
9.999999999999981126e-03
3.827878787878785882e+00
4.797979797979802508e-02
2.126262626262628519e+00
7.332323232323240125e-01
7.434343434343430868e-02
8.269696969696960220e-01
0.000000000000000000e+00
1.167878787878789959e+00
4.647474747474742429e-01
2.994767676767677855e+01
6.239393939393933497e-01
3.896868686868688147e+00
3.616161616161624792e+00
8.256565656565667544e-01
0.000000000000000000e+00
8.019191919191929196e-01
1.225353535353533196e+00
7.031313131313114972e-01
9.520202020202034321e-01
2.079797979797981811e-01
8.559494949494958149e+00
6.932323232323230888e-01
9.090909090909086998e-02
9.728282828282817096e-01
7.206060606060619156e-01
1.264646464646464463e-01
2.115333333333332533e+01
8.358585858585857453e-01
6.056565656565646716e-01
1.472222222222221877e+00
7.339393939393937805e-01
5.760909090909083652e+00
0.000000000000000000e+00
0.000000000000000000e+00
6.791919191919196797e-01
3.194949494949501645e-01
1.195575757575756803e+01
6.943434343434354838e-01
2.939393939393944444e-02
5.760606060606069390e-01
1.102424242424241418e+00
0.000000000000000000e+00
2.331414141414140051e+00
2.156383838383837670e+01
6.520202020202016113e-01
2.095959595959597521e-01
1.554545454545456507e-01
3.369898989898985953e+00
4.797979797979799732e-02
2.485474747474749790e+01
0.000000000000000000e+00
6.451515151515151425e-01
0.000000000000000000e+00
7.936363636363640284e-01
2.524242424242423843e-01
0.000000000000000000e+00
7.122222222222208687e-01
2.297979797979793071e-01
1.279232323232322521e+01
2.379797979797985685e-01
6.125252525252523617e-01
2.516161616161619596e-01
1.425252525252529157e-01
4.216161616161620551e-01
9.348484848484849286e-01
1.788888888888890139e-01
1.727777777777774526e+00
0.000000000000000000e+00
7.726262626262644373e-01
1.018787878787878354e+00
1.792727272727270282e+00
7.418181818181820431e-01
1.408787878787879588e+00
7.312121212121209801e-01
0.000000000000000000e+00
6.034343434343446555e-01
2.939393939393941321e-02
3.233333333333335835e-01
1.773313131313130242e+01
2.333717171717172434e+01
6.636363636363628027e-01
6.696969696969701236e-02
6.423232323232309637e-01
2.135444444444445011e+01
9.239393939393953925e-01
8.802020202020205408e-01
2.500000000000001110e-01
8.075757575757596118e-01
1.724242424242424521e-01
6.940404040404030139e-01
2.866767676767675255e+01
1.745454545454545869e-01
0.000000000000000000e+00
1.132727272727271695e+00
1.430060606060604655e+01
5.791919191919175924e-01
9.364646464646455559e-01
1.490909090909092738e-01
1.692222222222222294e+00
1.788888888888890139e-01
0.000000000000000000e+00
1.554545454545456229e-01
8.009696969696976865e+00
1.586464646464646577e+00
3.529727272727272691e+01
0.000000000000000000e+00
4.775757575757569318e-01
7.170707070707064146e-01
6.750505050505055671e-01
4.797979797979808059e-02
7.879797979797975582e-01
7.222222222222219878e-01
1.842424242424241798e-01
3.923333333333335116e+00
0.000000000000000000e+00
1.057575757575758418e-01
1.238989898989897753e+00
0.000000000000000000e+00
1.425252525252529434e-01
6.027272727272717789e-01
7.763636363636369220e-01
3.709090909090908550e+00
6.753535353535369268e-01
2.160606060606058143e-01
7.711111111111104144e-01
2.718181818181821807e-01
5.723232323232315677e-01
3.876767676767668980e-01
0.000000000000000000e+00
3.956262626262628590e+00
1.287878787878785070e-01
2.036363636363636431e-01
0.000000000000000000e+00
2.939393939393944444e-02
0.000000000000000000e+00
5.980808080808072136e-01
1.066666666666669372e-01
3.703030303030296344e-01
1.979797979797979016e-02
7.986868686868678902e-01
6.450505050505056515e-01
1.070606060606060339e+00
6.749494949494951879e-01
1.087777777777776400e+00
9.361616161616154175e-01
9.514646464646460799e+00
2.154666666666666686e+01
8.334343434343418622e-01
6.457575757575764186e-01
4.140707070707067672e+00
1.287878787878785070e-01
1.833838383838381159e+00
0.000000000000000000e+00
1.277777777777779677e+00
7.324242424242441984e-01
0.000000000000000000e+00
7.758585858585865802e-01
1.037373737373736837e-01
0.000000000000000000e+00
2.142323232323231963e+00
1.173606060606060453e+01
1.555555555555556968e-01
5.748484848484842757e-01
8.450505050505041638e-01
1.600606060606059922e+00
6.277777777777788781e-01
6.919191919191930440e-01
6.818181818181823228e-02
7.756565656565646005e-01
5.696969696969705899e-02
7.849494949494946194e-01
1.268989898989901999e+00
7.541414141414135575e-01
8.031313131313144726e-01
2.185858585858585501e-01
2.233333333333339110e-01
8.122222222222216237e-01
8.272727272727277426e-02
2.336464646464647910e+00
1.666565656565657250e+00
4.552525252525256860e-01
1.869090909090911579e+00
0.000000000000000000e+00
2.524242424242421068e-01
2.424242424242418481e-01
7.298989898989892700e-01
1.131414141414140984e+00
9.999999999999991535e-03
6.540404040404044217e-01
7.630303030303032807e-01
2.075323232323232503e+01
2.939393939393940974e-02
2.382525252525253823e+00
5.696969696969709368e-02
1.554545454545451788e-01
2.921818181818180982e+00
1.196262626262624362e+00
5.990909090909081192e-01
8.272727272727277426e-02
1.389242424242425500e+01
1.145757575757574642e+00
7.418181818181819320e-01
6.575757575757587570e-02
2.136363636363636520e-01
6.116161616161606140e-01
9.910101010100995644e-01
2.910101010101009855e+00
0.000000000000000000e+00
0.000000000000000000e+00
3.251515151515147473e-01
5.723232323232327889e-01
8.938383838383822111e-01
1.683939393939391405e+00
1.172525252525253636e+00
6.788888888888892081e-01
2.624242424242422822e-01
0.000000000000000000e+00
0.000000000000000000e+00
9.966666666666663676e-01
7.781818181818203062e-01
9.267676767676774618e-01
0.000000000000000000e+00
1.366565656565655651e+00
2.395353535353531349e+00
1.622222222222218235e-01
7.036262626262626441e+00
9.410101010101022956e-01
1.467777777777779624e+00
7.453535353535358787e-01
2.307373737373740408e+00
1.089999999999999636e+00
0.000000000000000000e+00
7.472727272727279768e-01
1.098888888888887694e+00
9.999999999999965514e-03
9.111111111111123151e-01
6.882828282828271638e-01
1.177474747474748185e+01
2.840808080808079783e+00
3.395959595959592847e-01
4.321212121212118507e-01
9.999999999999975922e-03
1.990909090909091239e-01
0.000000000000000000e+00
2.354545454545460270e-01
6.035353535353549237e-01
2.082828282828283195e-01
2.645454545454547501e-01
8.722222222222203447e-01
4.563030303030299883e+00
6.144949494949499602e+00
3.767676767676768623e-01
0.000000000000000000e+00
0.000000000000000000e+00
5.755050505050510523e+00
5.211111111111104144e-01
8.362626262626270401e-01
1.295959595959597754e+00
0.000000000000000000e+00
5.197979797979803696e-01
9.090909090909075896e-02
0.000000000000000000e+00
4.706161616161625538e+00
7.445454545454541773e-01
9.368686868686877389e-01
2.746464646464640280e-01
9.432323232323238660e-01
2.221212121212121637e-01
1.091515151515153992e+00
2.000909090909091415e+00
5.884848484848500538e-01
6.007070707070709670e-01
1.979797979797979016e-02
9.221212121212128965e-01
3.591414141414138061e+00
5.437373737373744076e-01
4.616161616161614800e-01
0.000000000000000000e+00
9.999999999999981126e-03
6.005050505050508747e-01
1.161919191919189132e+00
3.589898989898989146e-01
1.490909090909092738e-01
2.194545454545457908e+00
1.425434343434343809e+01
1.145959595959593180e+00
1.471010101010102433e+00
1.310505050505050395e+00
2.651515151515150825e-01
2.233333333333338278e-01
2.203171717171716892e+01
1.083010101010101600e+01
5.691919191919185828e-01
6.543434343434342271e-01
1.212424242424244403e+00
8.641414141414155425e-01
8.268686868686858649e-01
2.296969696969699548e-01
0.000000000000000000e+00
0.000000000000000000e+00
5.833333333333345916e-01
4.361818181818183149e+00
7.766666666666679486e-01
1.234808080808082309e+01
6.869797979797976240e+00
3.409090909090916721e+00
6.610101010101018248e-01
0.000000000000000000e+00
8.900000000000000133e-01
5.970707070707057529e-01
0.000000000000000000e+00
2.318252525252525587e+01
4.807070707070718041e-01
4.431313131313128761e-01
7.227272727272734398e-01
9.102020202020209005e-01
8.082828282828277144e-01
9.291919191919210119e-01
1.358181818181816825e+00
0.000000000000000000e+00
0.000000000000000000e+00
1.125969696969697154e+01
6.273737373737385825e-01
1.271505050505051315e+01
1.788888888888890416e-01
6.959595959595944459e-01
0.000000000000000000e+00
6.699898989898994905e+00
0.000000000000000000e+00
2.767474747474750085e+00
0.000000000000000000e+00
4.210101010101015562e-01
6.244646464646475437e+00
7.351515151515144453e-01
9.116161616161617687e-01
1.953727272727273245e+01
1.043131313131314020e+00
1.102626262626264841e+00
0.000000000000000000e+00
7.167676767676769423e-01
0.000000000000000000e+00
9.733333333333321624e-01
4.524545454545456202e+00
2.979797979797979557e-02
5.887777777777770005e+00
2.711131313131312481e+01
8.410101010101003194e-01
0.000000000000000000e+00
9.215151515151505102e-01
1.366313131313129858e+01
1.200606060606063119e+00
6.282828282828273325e-01
1.088909090909091049e+01
0.000000000000000000e+00
4.451515151515151314e-01
0.000000000000000000e+00
9.515151515151500095e-02
1.620191919191919183e+01
1.554545454545456507e-01
2.768282828282828234e+00
1.712121212121214153e+00
9.207070707070691418e-01
3.472727272727275660e-01
2.121212121212122381e-01
1.357575757575757991e-01
4.624242424242422378e-01
1.889595959595957497e+00
7.151515151515150936e-01
8.405050505050497556e-01
2.939393939393942362e-02
3.272727272727274928e-01
2.914141414141412589e+00
1.044989898989898514e+01
6.212121212121215486e-01
6.215151515151523531e-01
1.124949494949493589e+00
0.000000000000000000e+00
2.292454545454544146e+01
6.567676767676761118e-01
4.423232323232328955e-01
1.370303030303028802e+00
5.566666666666676422e-01
6.312121212121223346e-01
1.411212121212118697e+00
7.434343434343430868e-02
3.505050505050501530e-01
0.000000000000000000e+00
3.555555555555550695e-01
1.079696969696971820e+00
1.870727272727271639e+01
1.838050505050504313e+01
7.227272727272745501e-01
2.500000000000001110e-01
8.455555555555537284e-01
6.869696969696977851e-01
1.141212121212120678e+00
2.160606060606057865e-01
1.110909090909090402e+00
0.000000000000000000e+00
1.364343434343434192e+00
7.813131313131322919e-01
8.608080808080803559e-01
6.094949494949500890e-01
9.440404040404056785e-01
2.516161616161619596e-01
2.815101010101009393e+01
7.144444444444452147e-01
2.506161616161619587e+00
7.666666666666681618e-01
8.030303030303028722e-01
5.065656565656576626e-01
7.558585858585851192e-01
5.801010101010091180e-01
3.902121212121206995e+00
7.510101010101017938e-01
7.879797979797982244e-01
8.419191919191933993e-01
0.000000000000000000e+00
4.867676767676755722e-01
6.014141414141407349e-01
1.131919191919189771e+00
7.339393939393944466e-01
1.233030303030305586e+00
1.490909090909092460e-01
0.000000000000000000e+00
1.554545454545456229e-01
0.000000000000000000e+00
5.510101010100999508e-01
0.000000000000000000e+00
1.916161616161618508e-01
6.975757575757568496e-01
9.206060606060604279e-01
1.979797979797979016e-02
1.287878787878783682e-01
2.098080808080811543e+00
6.820202020202023041e-01
3.794545454545459773e+00
0.000000000000000000e+00
0.000000000000000000e+00
7.876767676767688631e-01
9.999999999999970718e-03
0.000000000000000000e+00
5.844444444444449882e-01
1.396666666666666501e+00
0.000000000000000000e+00
8.608080808080796897e-01
7.574747474747492992e-01
9.933333333333316251e-01
2.939393939393944444e-02
9.999999999999962044e-03
