3.047575757575755606e+00
1.732020202020204014e+00
0.000000000000000000e+00
9.493939393939397897e-01
3.557777777777780148e+00
7.060606060606040568e-01
2.297979797979793071e-01
1.756565656565653999e+00
2.460606060606066181e-01
1.873232323232324248e+00
6.667424242424243630e+01
2.237373737373739846e-01
0.000000000000000000e+00
1.325252525252526681e+00
2.053939393939391511e+00
4.150101010101009180e+00
1.979797979797979710e-02
6.575757575757586182e-02
3.607101010101009564e+01
1.162020202020202175e+00
0.000000000000000000e+00
5.961616161616155596e-01
1.934444444444447520e+00
2.233333333333339110e-01
9.999999999999993269e-03
0.000000000000000000e+00
1.834545454545450482e+00
2.979797979797977822e-02
1.979797979797979016e-02
1.184545454545451015e+00
4.551313131313136751e+00
9.888888888888895667e-02
2.606060606060604523e-01
9.069696969696954270e-01
1.413535353535354755e+00
1.427070707070706490e+00
8.248989898989894698e+01
2.836757575757577143e+01
2.454545454545459526e-01
2.190202020202019817e+00
9.868484848484840199e+00
9.061616161616173892e-01
1.746060606060608311e+00
9.687878787878801967e-01
1.870909090909091965e+00
1.979797979797979363e-02
3.931313131313139420e-01
0.000000000000000000e+00
2.839797979797982652e+00
1.285000000000000320e+01
1.941212121212122943e+00
0.000000000000000000e+00
1.425252525252527769e-01
7.049494949494948814e-01
2.470101010101011685e+00
6.630303030303033029e-01
1.344848484848484960e+00
5.670707070707059483e-01
3.658484848484851337e+00
1.188787878787880725e+00
3.941727272727272435e+01
1.456969696969699912e+00
3.306414141414143870e+01
0.000000000000000000e+00
1.477373737373736118e+00
7.434343434343430868e-02
5.109595959595964132e+00
1.936767676767678248e+00
2.521212121212118573e-01
9.090909090909075896e-02
2.400606060606063519e+00
2.939393939393943403e-02
1.998989898989896208e+00
2.877676767676769831e+00
2.131313131313133657e-01
4.080464646464647416e+01
1.856464646464648371e+00
1.787676767676766199e+00
2.785717171717173102e+01
3.662626262626267337e-01
7.845454545454543238e-01
1.274242424242422400e+00
1.125252525252528196e-01
4.832929292929298626e+00
4.572727272727266090e+00
2.106262626262622728e+00
7.832323232323240569e-01
2.177171717171714871e+00
8.157575757575775688e-01
2.327272727272732267e-01
1.223232323232323476e-01
1.239090909090911019e+00
4.959595959595955450e-02
1.870808080808078033e+00
1.712121212121210378e+00
4.933333333333342341e-01
2.078686868686869804e+00
1.655050505050506660e+00
1.681414141414141028e+00
5.982343434343432875e+01
2.372424242424243435e+00
9.999999999999960310e-03
1.242424242424242792e-01
1.350969696969695910e+01
2.424242424242418481e-01
1.150909090909091326e+00
8.136363636363639351e-01
7.402020202020195283e-01
2.524242424242423843e-01
2.867070707070707325e+00
3.222222222222227983e-01
5.696969696969703817e-02
2.939393939393944444e-02
2.338585858585862098e+00
2.109696969696971625e+00
2.105050505050502785e-01
0.000000000000000000e+00
2.648282828282831236e+00
1.437373737373736970e+00
7.029595959595962285e+00
5.921717171717180150e+00
9.998989898989928404e-01
3.667676767676766314e-01
1.165252525252525873e+00
2.203131313131309721e+00
4.276767676767685988e-01
1.273333333333334094e+00
1.066666666666668678e-01
1.044313131313131748e+01
0.000000000000000000e+00
9.999999999999965514e-03
2.939393939393944097e-02
4.797979797979800426e-02
1.563535353535353556e+00
1.163636363636364912e+00
1.728646464646464764e+01
2.521212121212118573e-01
3.460808080808079890e+00
1.367474747474745067e+00
0.000000000000000000e+00
1.164040404040406651e+00
1.709393939393938355e+00
4.919191919191923112e-02
1.639090909090909820e+00
2.160606060606059253e-01
2.072020202020200763e+00
1.270707070707072228e+00
3.266666666666670493e-01
1.392121212121209206e+00
9.999999999999993269e-03
2.331111111111112244e+00
1.109696969696968738e+00
0.000000000000000000e+00
1.867373737373740017e+00
4.005959595959597053e+00
9.602020202020202788e-01
1.316565656565656273e+00
5.569595959595953438e+00
1.482929292929290321e+00
1.264646464646463631e-01
9.090909090909075896e-02
0.000000000000000000e+00
1.654545454545455485e-01
1.114737373737376025e+01
2.263232323232319931e+00
6.243181818181816567e+01
9.090909090909084223e-02
1.315353535353537717e+00
9.047979797979804673e+00
1.398080808080807813e+00
9.888888888888890116e-02
1.500505050505050342e+00
1.286767676767676560e+00
0.000000000000000000e+00
8.464646464646464752e-01
7.774343434343430559e+00
1.834545454545458032e+00
2.143434343434342249e-01
1.651515151515148827e-01
1.153838383838383441e+00
6.777777777777772850e-02
1.582828282828282918e+00
7.737373737373737237e-02
1.997373737373737468e+00
4.899999999999997136e-01
9.800000000000008704e-01
1.669696969696971234e+00
1.082222222222224861e+00
1.353737373737375460e+00
2.036363636363636709e-01
2.352929292929295979e+00
2.060909090909091024e+00
1.263333333333331199e+00
1.598989898989900738e+00
2.979797979797977822e-02
2.317373737373741971e+00
0.000000000000000000e+00
1.517474747474746533e+00
1.979797979797979016e-02
1.659181818181818358e+01
9.128989898989898322e+00
1.157878787878787508e+00
1.751515151515148361e-01
0.000000000000000000e+00
1.707373737373740319e+00
0.000000000000000000e+00
3.001010101010104236e+00
4.797979797979800426e-02
4.797979797979797650e-02
4.519191919191913875e-01
6.382777777777776862e+01
2.524242424242423843e-01
5.541414141414131578e-01
4.175757575757579887e-01
2.163939393939388278e+00
4.459747474747474172e+01
1.911363636363636331e+01
2.095090909090909292e+01
9.945454545454565087e-01
1.576363636363637299e+00
6.213131313131302624e-01
3.085858585858584635e-01
5.623333333333331296e+00
0.000000000000000000e+00
1.957919191919190993e+01
9.808080808080797963e-01
2.259191919191917197e+00
6.051515151515148849e-01
6.123838383838389632e+00
9.785858585858591141e-01
0.000000000000000000e+00
1.125858585858584560e+00
1.849696969696969173e+00
2.342626262626267053e+00
6.673838383838378796e+00
3.762222222222222801e+00
8.468585858585853998e+00
1.721313131313134459e+00
1.515757575757575415e+00
1.198484848484849374e+00
1.020101010101012173e+00
1.022828282828285085e+00
0.000000000000000000e+00
2.395959595959593069e-01
1.854848484848487855e+00
2.081919191919190393e+00
1.796666666666666856e+01
1.751717171717172450e+00
7.816161616161599879e-01
8.745454545454555140e-01
1.210707070707071287e+00
2.375656565656568464e+00
1.511111111111109462e-01
1.186868686868686185e-01
2.500000000000001110e-01
1.057919191919190460e+01
1.336868686868684541e+00
3.158989898989903455e+00
3.116161616161613690e+00
2.420101010101007422e+00
0.000000000000000000e+00
0.000000000000000000e+00
1.180808080808078753e+00
5.984848484848487082e+00
4.196797979797979394e+01
1.429393939393938995e+00
4.755050505050505194e+00
1.230909090909092951e+00
6.877777777777783763e-01
1.288989898989900906e+00
1.750505050505052562e+00
7.707373737373734990e+00
0.000000000000000000e+00
6.142828282828287634e+00
5.000000000000003053e-02
2.939393939393943403e-02
2.276262626262624433e+00
1.425252525252529434e-01
1.979797979797979016e-02
2.060707070707068933e+00
2.129898989898988404e+00
1.588747474747473909e+01
8.211111111111120131e-01
1.320707070707068498e+00
4.810404040404040238e+00
1.757575757575760234e+00
1.856525252525252867e+01
1.805959595959593100e+00
1.846565656565658298e+00
2.500000000000001110e-01
1.838181818181815252e+00
1.390767676767677052e+01
1.938080808080806072e+00
0.000000000000000000e+00
2.285151515151511159e+00
9.824242424242406457e-01
4.766464646464652510e+00
1.546464646464643933e-01
2.106262626262621840e+00
1.616161616161617132e-01
1.127474747474749961e+00
1.075656565656563313e+00
6.397979797979778116e-01
1.644040404040402858e+00
9.999999999999979391e-03
1.163434343434341045e+00
1.687878787878785147e-01
2.443434343434337519e-01
9.463636363636351856e-01
1.425252525252524993e+00
2.939393939393944097e-02
4.797979797979803201e-02
1.208989898989896172e+00
4.851515151515145008e-01
0.000000000000000000e+00
0.000000000000000000e+00
1.088282828282830739e+00
2.364242424242418483e+00
2.188484848484850698e+00
2.939393939393944444e-02
4.847777777777781516e+00
9.816161616161602765e-01
5.873838383838378974e+00
4.341313131313132345e+00
6.765555555555560652e+00
1.855757575757573719e+00
1.381666666666665044e+01
7.736363636363645657e-01
1.824747474747471676e+00
0.000000000000000000e+00
1.326969696969695356e+00
1.596666666666666679e+00
1.960606060606063128e+00
8.636363636363626750e-02
1.807070707070706161e+00
1.082222222222220864e+00
1.425252525252529157e-01
1.001010101010101350e+00
1.421212121212119373e+00
1.733333333333332560e-01
2.283939393939389717e+00
8.272727272727277426e-02
1.357575757575757991e-01
8.272727272727277426e-02
0.000000000000000000e+00
6.443020202020201737e+01
1.168383838383841411e+00
2.749373737373739957e+01
4.216161616161619996e-01
2.656464646464650414e+00
3.241414141414146854e+00
2.314141414141408504e+00
2.979797979797980598e-02
1.020808080808081941e+00
1.243434343434341449e-01
5.283030303030305852e+00
1.979797979797979363e-02
2.982424242424246863e+00
2.452323232323228464e+00
0.000000000000000000e+00
1.990909090909091239e-01
1.490909090909092738e-01
9.999999999999991535e-03
2.378787878787872734e-01
0.000000000000000000e+00
4.524242424242420624e-01
1.000000000000001110e+00
2.857676767676770702e+00
3.479414141414139294e+01
2.379797979797985685e-01
1.425252525252528324e-01
0.000000000000000000e+00
2.984848484848489081e-01
2.939393939393940974e-02
1.745252525252523723e+00
5.878787878787884724e-02
1.521717171717173578e+00
2.616161616161619685e-01
1.671212121212122481e+00
1.100101010101011356e+00
9.761919191919199434e+00
2.060101010101005770e+00
0.000000000000000000e+00
8.272727272727277426e-02
1.124444444444446578e+00
1.411212121212122916e+00
1.517171717171716949e+00
2.404949494949498501e+00
1.066666666666669788e-01
9.321818181818185778e+00
2.573727272727273530e+01
1.025656565656563934e+00
2.431313131313129206e-01
1.128787878787877341e+00
1.737979797979795737e+00
2.292828282828286657e+00
1.192929292929292728e+00
2.121212121212122381e-01
1.843030303030305905e+00
3.599191919191915279e+00
1.570808080808081764e+00
2.053131313131317359e+00
2.706121212121213304e+01
1.193434343434343958e+00
3.144343434343435817e+01
1.061414141414143586e+00
1.223636363636361413e+00
5.669393939393938986e+00
1.770707070707073116e+00
9.351515151515141788e-01
0.000000000000000000e+00
4.080303030303027434e+00
3.271717171717168360e-01
8.147474747474734436e-01
2.920818181818182779e+01
2.260101010101005947e+00
3.483979797979795734e+01
2.002222222222224790e+00
2.358585858585861839e-01
1.744040404040406056e+00
1.974545454545456380e+00
2.423333333333329787e+00
6.575757575757590345e-02
2.524242424242423843e-01
4.482777777777777573e+01
3.518585858585855597e+00
6.029393939393934865e+00
8.272727272727276038e-02
7.944444444444437314e-01
9.469696969696953515e-01
5.156666666666669840e+00
3.878787878787880172e-02
1.581818181818183122e-01
0.000000000000000000e+00
3.289898989898991655e+00
1.547373737373738178e+00
2.284848484848485406e-01
1.461232323232323083e+01
8.286868686868676948e-01
6.858585858585855566e-02
2.460606060606066181e-01
1.640808080808076719e+00
2.392020202020200159e+00
4.358383838383838338e+01
5.474848484848483743e+00
9.999999999999981126e-03
0.000000000000000000e+00
2.121212121212116830e-01
6.064141414141412945e+00
1.720303030303031777e+00
0.000000000000000000e+00
5.593939393939401095e-01
1.910101010101007413e+00
1.499393939393938835e+00
1.215656565656567656e+00
1.647676767676769183e+00
2.728282828282827310e+00
1.641111111111111187e+00
1.395656565656568704e+00
0.000000000000000000e+00
0.000000000000000000e+00
2.442727272727265309e+00
3.413131313131309574e-01
0.000000000000000000e+00
3.125252525252518732e-01
2.221212121212121637e-01
3.052525252525246091e-01
2.971616161616165819e+00
1.271010101010099813e+00
1.104545454545452943e+00
2.718181818181821252e-01
0.000000000000000000e+00
3.801010101010096065e-01
3.460202020202022055e+00
2.458383838383835673e+00
3.403737373737373506e+00
1.153838383838382109e+00
7.294949494949490854e-01
8.761616161616171405e-01
1.178282828282829708e+00
2.435353535353533605e+00
6.241565656565655473e+01
1.474141414141414641e+00
1.485050505050505176e+00
5.970707070707069741e-01
2.064545454545452685e+00
5.167777777777779136e+00
9.634343434343431989e-01
4.962626262626264051e-01
0.000000000000000000e+00
1.489595959595960251e+00
9.005050505050508081e-01
2.621313131313136591e+00
2.266666666666662111e-01
1.979797979797979016e-02
6.575757575757587570e-02
1.819292929292932515e+00
3.878787878787879478e-02
0.000000000000000000e+00
1.124646464646467336e+00
1.011343434343434211e+01
2.651919191919188012e+00
2.001030303030304225e+01
0.000000000000000000e+00
2.564646464646467838e-01
1.658787878787877812e+00
1.121212121212119966e-01
2.024141414141413797e+00
2.092727272727270105e+00
0.000000000000000000e+00
2.759191919191915865e+00
2.977606060606066052e+01
8.722222222222238974e-01
1.536464646464644312e+00
7.681414141414141916e+00
1.673333333333334672e+00
1.407474747474749988e+00
2.329696969696971376e+00
1.979797979797979016e-02
6.014141414141422892e-01
2.981313131313128917e+00
4.690909090909085033e-01
3.220101010101010797e+00
1.582121212121214704e+00
4.728989898989904184e+00
1.999999999999995531e-02
1.720707070707072406e+00
1.142424242424244785e-01
5.970707070707057529e-01
4.985757575757574500e+00
2.782070707070706561e+01
9.988989898989897753e+00
7.748484848484868959e-01
9.999999999999989800e-03
9.693030303030296224e+00
1.250909090909089638e+00
3.081818181818177793e-01
2.008141414141413605e+01
1.125656565656568242e+00
9.272727272727274150e-02
1.469797979797978549e+00
1.945353535353534280e+00
4.797979797979805977e-02
1.501616161616162737e+00
1.142424242424244785e-01
2.851010101010103437e+00
0.000000000000000000e+00
1.582424242424241845e+00
8.581818181818183788e-01
2.939393939393941321e-02
1.203545454545454163e+01
1.216161616161618581e-01
5.708585858585855988e+00
1.059494949494950822e+00
1.733333333333332005e-01
2.269393939393943072e+00
0.000000000000000000e+00
2.419393939393938098e+00
7.272727272727282921e-01
6.605404040404042121e+01
1.717373737373738107e+00
1.210515151515152077e+01
7.444242424242422551e+00
1.462929292929293412e+00
1.979797979797979363e-02
1.757070707070704563e+00
3.218989898989899512e+00
1.885858585858584791e+00
2.007373737373739253e+00
2.354545454545460548e-01
2.029151515151515994e+01
9.223232323232328778e-01
1.554545454545456507e-01
2.559393939393935558e+00
1.317373737373739306e+00
2.358585858585861561e-01
6.659818181818184257e+01
2.619696969696974076e+00
1.316161616161618308e+00
4.405454545454552395e+00
1.627676767676768499e+00
1.740999999999999304e+01
0.000000000000000000e+00
3.878787878787879478e-02
1.421616161616159335e+00
1.203434343434345299e+00
4.581525252525252512e+01
2.047979797979794903e+00
1.376767676767675086e-01
1.388585858585858368e+00
2.563232323232329080e+00
0.000000000000000000e+00
4.438888888888885553e+00
5.147868686868687860e+01
9.186868686868674416e-01
3.367676767676764937e-01
2.742424242424245651e-01
7.903737373737373950e+00
1.554545454545456507e-01
6.550929292929291137e+01
1.979797979797979363e-02
6.321212121212117507e-01
1.999999999999998307e-02
1.838989898989900507e+00
2.509090909090911925e-01
9.999999999999955105e-03
1.180707070707071482e+00
2.955555555555558489e-01
4.164272727272725660e+01
2.543434343434349265e-01
1.523939393939391707e+00
2.641414141414143990e-01
1.990909090909089574e-01
9.493939393939414551e-01
1.882727272727271695e+00
2.701010101010096753e-01
4.381717171717173898e+00
2.939393939393943403e-02
2.053535353535349994e+00
1.650707070707071455e+00
4.446464646464647785e+00
1.792626262626265454e+00
3.790505050505054374e+00
9.902020202020193063e-01
1.979797979797979016e-02
6.668686868686862779e-01
1.942424242424241887e-01
4.904040404040397871e-01
5.292515151515150507e+01
4.390686868686868394e+01
1.061212121212121939e+00
1.978787878787880983e-01
1.063737373737375647e+00
4.139262626262627265e+01
2.855656565656567558e+00
2.342121212121210050e+00
3.427272727272718811e-01
1.517474747474746311e+00
3.393939393939391369e-01
1.651515151515151825e+00
6.408545454545453879e+01
3.343434343434350531e-01
5.878787878787900684e-02
1.989898989898986503e+00
4.449040404040402308e+01
1.297373737373737734e+00
2.324242424242423777e+00
1.893939393939393923e-01
4.404444444444447271e+00
2.036363636363637541e-01
0.000000000000000000e+00
2.160606060606058421e-01
1.927131313131312496e+01
4.265858585858595120e+00
9.054717171717173585e+01
0.000000000000000000e+00
5.946464646464653114e-01
1.879090909090911365e+00
1.560707070707069377e+00
1.490909090909092460e-01
1.461313131313132230e+00
1.344545454545452046e+00
2.988888888888885931e-01
9.343333333333333712e+00
1.979797979797979016e-02
2.724242424242429017e-01
2.550909090909093013e+00
2.939393939393944444e-02
3.433333333333333792e-01
1.048383838383837974e+00
1.691414141414138372e+00
1.066757575757574728e+01
9.804040404040391676e-01
2.867676767676770599e-01
2.090606060606058136e+00
2.430303030303024858e-01
1.169494949494948033e+00
6.478787878787866106e-01
0.000000000000000000e+00
1.109909090909090601e+01
2.197979797979799643e-01
2.443434343434337797e-01
0.000000000000000000e+00
1.216161616161617331e-01
2.939393939393944444e-02
1.291919191919193688e+00
1.788888888888888196e-01
5.243434343434340006e-01
9.090909090909086998e-02
1.860000000000002096e+00
1.207474747474750032e+00
2.332020202020205435e+00
1.678181818181819773e+00
3.095959595959593802e+00
2.659696969696973667e+00
2.977787878787880516e+01
8.024565656565654592e+01
1.927373737373741402e+00
1.200707070707071722e+00
9.725353535353534085e+00
2.121212121212122381e-01
4.111818181818183149e+00
9.999999999999949901e-03
3.438989898989898375e+00
1.073030303030303001e+00
0.000000000000000000e+00
1.462020202020201332e+00
1.970707070707073127e-01
1.979797979797979016e-02
4.055252525252529772e+00
4.062404040404039307e+01
2.697979797979802585e-01
1.202020202020199768e+00
1.794141414141411595e+00
4.689090909090914749e+00
1.082121212121210707e+00
1.323939393939392195e+00
2.430303030303030132e-01
1.459494949494948512e+00
9.888888888888898443e-02
1.608181818181817047e+00
3.588686868686871367e+00
1.157272727272726565e+00
1.730404040404037280e+00
4.225252525252527480e-01
2.233333333333339110e-01
2.089494949494948628e+00
2.027272727272722286e-01
5.021212121212124124e+00
5.221717171717176420e+00
1.426161616161614631e+00
4.930303030303029743e+00
8.272727272727277426e-02
3.034343434343430568e-01
2.722222222222218102e-01
1.249090909090911694e+00
2.344949494949492674e+00
6.575757575757586182e-02
1.655151515151512598e+00
1.647171717171717065e+00
6.850363636363637454e+01
1.425252525252528046e-01
8.323838383838383592e+00
1.651515151515149105e-01
2.829292929292925307e-01
7.653333333333331545e+00
2.560303030303026528e+00
1.397777777777776897e+00
2.136363636363638463e-01
3.707303030303028635e+01
2.676262626262627897e+00
2.246363636363638339e+00
1.857575757575757602e-01
2.677777777777780588e-01
7.855555555555558955e-01
2.549090909090914625e+00
8.416060606060609572e+00
0.000000000000000000e+00
1.979797979797979363e-02
9.132323232323211748e-01
1.055959595959594211e+00
2.338585858585854105e+00
4.553838383838381354e+00
3.012727272727274475e+00
1.658080808080810042e+00
3.380808080808074267e-01
0.000000000000000000e+00
0.000000000000000000e+00
2.532929292929289922e+00
1.711717171717174191e+00
2.439090909090906312e+00
9.888888888888897055e-02
2.528787878787880583e+00
8.656060606060608009e+00
3.200000000000006173e-01
2.185111111111113757e+01
2.316262626262622248e+00
3.064040404040397902e+00
1.250202020202022535e+00
5.023636363636363455e+00
1.711111111111108807e+00
0.000000000000000000e+00
1.356262626262625615e+00
2.823636363636361502e+00
1.490909090909092460e-01
1.919797979797979837e+00
1.111717171717169217e+00
2.132000000000001805e+01
5.724747474747474030e+00
1.090303030303031440e+00
1.205151515151515085e+00
4.939393939393948996e-02
2.233333333333339110e-01
1.979797979797979363e-02
2.319191919191922191e-01
1.626767676767677751e+00
4.139393939393938293e-01
5.050505050505040838e-01
1.287878787878786735e+00
1.290808080808080049e+01
1.456787878787878832e+01
1.188888888888886886e+00
0.000000000000000000e+00
1.142424242424244091e-01
1.291747474747474911e+01
1.064141414141416053e+00
2.469797979797977661e+00
2.639494949494954668e+00
9.999999999999993269e-03
9.094949494949482460e-01
1.590909090909091994e-01
9.999999999999977657e-03
1.335060606060606858e+01
1.487070707070709430e+00
1.686767676767674917e+00
3.787878787878788400e-01
2.186464646464644446e+00
2.940404040404041575e-01
2.015252525252523519e+00
5.692828282828285680e+00
1.194141414141416391e+00
1.559797979797982626e+00
4.797979797979806671e-02
2.216666666666668561e+00
9.054848484848486478e+00
1.447979797979797256e+00
7.804040404040412104e-01
9.999999999999956840e-03
7.575757575757585682e-02
1.239696969696973072e+00
2.506060606060610318e+00
1.016767676767675210e+00
1.990909090909090684e-01
5.377575757575763227e+00
3.277424242424242351e+01
2.575656565656561980e+00
3.112929292929292213e+00
3.099090909090911339e+00
6.969696969696960176e-01
2.197979797979799643e-01
5.563979797979799713e+01
3.605909090909092640e+01
1.079090909090909767e+00
1.384242424242422498e+00
2.980909090909090953e+00
1.757373737373735256e+00
1.902121212121210769e+00
6.515151515151524908e-01
0.000000000000000000e+00
9.090909090909084223e-02
1.602222222222220882e+00
1.113727272727273387e+01
2.402828282828282980e+00
2.939303030303026887e+01
1.612464646464646734e+01
7.544545454545454000e+00
1.129898989898991291e+00
9.717171717171728396e-02
2.000808080808079037e+00
1.289191919191916114e+00
0.000000000000000000e+00
6.529191919191920590e+01
5.942424242424257930e-01
7.787878787878803610e-01
8.508080808080797919e-01
2.221616161616157381e+00
1.201111111111112351e+00
1.859292929292928997e+00
2.820505050505050182e+00
4.797979797979808059e-02
0.000000000000000000e+00
3.125070707070706177e+01
1.516565656565654674e+00
3.032929292929292941e+01
2.082828282828283195e-01
1.615656565656564903e+00
0.000000000000000000e+00
1.520959595959595312e+01
0.000000000000000000e+00
6.557070707070701943e+00
0.000000000000000000e+00
4.658585858585853057e-01
1.764353535353534497e+01
1.402424242424244571e+00
1.746262626262630180e+00
5.159212121212119939e+01
2.200202020202018272e+00
3.180000000000004157e+00
7.676767676767667914e-02
1.436868686868685741e+00
9.999999999999977657e-03
2.016969696969697523e+00
1.372727272727273373e+01
9.414141414141406761e-02
1.567737373737372941e+01
7.596353535353533459e+01
1.410303030303030392e+00
0.000000000000000000e+00
2.279090909090912387e+00
3.552575757575756654e+01
2.942020202020199537e+00
1.128282828282828776e+00
2.939909090909090494e+01
9.999999999999953371e-03
9.763636363636358784e-01
0.000000000000000000e+00
2.479797979797981056e-01
4.109575757575756683e+01
2.079797979797981811e-01
5.858484848484846630e+00
4.727878787878785793e+00
1.807171717171714764e+00
7.591919191919191956e-01
2.859595959595961912e-01
2.960606060606060796e-01
1.007676767676767060e+00
4.451818181818179454e+00
1.911010101010097273e+00
2.062828282828280013e+00
1.066666666666669372e-01
6.891919191919201326e-01
7.464141414141421293e+00
2.638525252525251474e+01
1.301212121212121708e+00
7.873737373737363932e-01
2.216161616161612447e+00
6.575757575757583406e-02
5.261818181818181017e+01
1.598686868686866491e+00
8.871717171717163897e-01
3.664141414141418363e+00
9.651515151515144275e-01
1.487979797979797514e+00
3.238989898989899086e+00
1.616161616161616854e-01
4.222222222222220545e-01
0.000000000000000000e+00
4.822222222222216081e-01
2.454343434343429831e+00
5.510444444444441814e+01
4.158717171717172079e+01
1.886464646464649730e+00
2.600000000000000644e-01
1.603434343434342768e+00
1.457979797979794379e+00
2.146161616161612162e+00
2.424242424242418481e-01
2.749797979797974801e+00
0.000000000000000000e+00
3.819191919191911477e+00
1.336666666666665559e+00
1.335959595959597568e+00
1.220505050505049871e+00
2.759898989898990074e+00
2.707070707070700633e-01
5.615454545454551294e+01
2.021313131313135614e+00
7.785959595959597301e+00
1.491010101010102895e+00
1.894444444444442821e+00
1.345454545454546569e+00
1.687272727272730144e+00
1.050909090909089683e+00
8.984545454545452614e+00
9.646464646464637527e-01
1.656666666666667176e+00
1.987777777777777644e+00
3.959595959595958031e-02
6.151515151515140056e-01
8.712121212121205494e-01
1.955959595959591901e+00
1.671212121212124035e+00
2.415555555555558787e+00
2.297979797979792516e-01
3.878787878787880172e-02
2.179797979797982732e-01
0.000000000000000000e+00
6.907070707070703808e-01
0.000000000000000000e+00
3.581818181818188229e-01
1.586969696969698917e+00
2.229393939393943036e+00
1.142424242424244091e-01
1.788888888888890416e-01
6.391010101010101252e+00
1.264848484848484444e+00
9.017171717171711620e+00
3.878787878787880172e-02
0.000000000000000000e+00
1.536363636363639706e+00
8.434343434343428980e-02
0.000000000000000000e+00
1.045959595959593980e+00
3.591313131313133677e+00
0.000000000000000000e+00
1.624848484848483654e+00
1.936767676767678914e+00
2.931616161616159122e+00
5.696969696969710756e-02
1.533333333333333215e-01
