4.974040404040405150e+00
2.534242424242420633e+00
0.000000000000000000e+00
1.180707070707071926e+00
4.954545454545449701e+00
8.654545454545434779e-01
2.509090909090911925e-01
2.983535353535356816e+00
2.379797979797985408e-01
2.946161616161615093e+00
1.191787878787878299e+02
2.746464646464639170e-01
1.979797979797979016e-02
1.709393939393939243e+00
2.728383838383842352e+00
7.751717171717171340e+00
1.999999999999996919e-02
9.888888888888902606e-02
5.490222222222223536e+01
1.044141414141415369e+00
0.000000000000000000e+00
8.536363636363644147e-01
3.016161616161615378e+00
2.266666666666662389e-01
0.000000000000000000e+00
4.797979797979805283e-02
3.113737373737376135e+00
5.878787878787875704e-02
6.898989898989868474e-02
1.596666666666666679e+00
7.578080808080809305e+00
1.814141414141415276e-01
3.997979797979801520e-01
1.561919191919191929e+00
2.392525252525256718e+00
2.297676767676770204e+00
1.066564646464646273e+02
4.776232323232323296e+01
2.834343434343437051e-01
3.560505050505049951e+00
1.464070707070706590e+01
1.030707070707069573e+00
2.925353535353541368e+00
1.519393939393937298e+00
3.251212121212128547e+00
4.878787878787878979e-02
3.852525252525254573e-01
0.000000000000000000e+00
4.366666666666668029e+00
2.302303030303029985e+01
2.697373737373739200e+00
9.999999999999967248e-03
1.675757575757576834e-01
1.091313131313133455e+00
3.314646464646471280e+00
8.524242424242434168e-01
1.978080808080804109e+00
7.748484848484858967e-01
5.813636363636363491e+00
1.824545454545456247e+00
5.828070707070709489e+01
1.904444444444445717e+00
4.037444444444444969e+01
9.999999999999949901e-03
2.454747474747471347e+00
2.031313131313131348e-01
7.142121212121221419e+00
2.706464646464644019e+00
2.524242424242423843e-01
1.425252525252528046e-01
3.641919191919195331e+00
7.434343434343430868e-02
2.351414141414146286e+00
4.259595959595960046e+00
2.266666666666668217e-01
6.374737373737377055e+01
2.773131313131308229e+00
1.920202020202023574e+00
4.902292929292929813e+01
4.249494949494952434e-01
1.719797979797981435e+00
1.879393939393940505e+00
1.242424242424246122e-01
7.255555555555549319e+00
8.386060606060610212e+00
3.364747474747475930e+00
1.165151515151515937e+00
3.483636363636363420e+00
1.281010101010097602e+00
2.435353535353541043e-01
2.184848484848485872e-01
1.704444444444440876e+00
1.999999999999994491e-02
2.834949494949492887e+00
2.081717171717172299e+00
5.009090909090914145e-01
3.331212121212119293e+00
2.562222222222216850e+00
2.292828282828279107e+00
8.425242424242425443e+01
4.140808080808072944e+00
1.979797979797979016e-02
2.095959595959597799e-01
1.871555555555556793e+01
2.621212121212116997e-01
1.948585858585861086e+00
1.458383838383836340e+00
1.117070707070707769e+00
2.516161616161619596e-01
3.868181818181816389e+00
4.415151515151519712e-01
9.888888888888891504e-02
8.272727272727277426e-02
3.660101010101012520e+00
3.369595959595957257e+00
3.618181818181822607e-01
0.000000000000000000e+00
4.593737373737377894e+00
1.878181818181819951e+00
1.138161616161616330e+01
8.931919191919188705e+00
1.796565656565653368e+00
4.684848484848475603e-01
2.394343434343436439e+00
3.071818181818183557e+00
4.550505050505044280e-01
2.011414141414137990e+00
1.066666666666669094e-01
1.314575757575757464e+01
2.979797979797976087e-02
1.999999999999993450e-02
4.797979797979805283e-02
1.239393939393939464e-01
2.289494949494947029e+00
1.577171717171717225e+00
2.494848484848486692e+01
2.521212121212118573e-01
5.008383838383839937e+00
1.805050505050507459e+00
0.000000000000000000e+00
1.291414141414142680e+00
1.998383838383835487e+00
6.777777777777770074e-02
2.998686868686872398e+00
2.266666666666661833e-01
2.519494949494943015e+00
2.216565656565653075e+00
4.047474747474744672e-01
2.246565656565653768e+00
3.939393939393939087e-02
4.498787878787878114e+00
1.462727272727272432e+00
9.999999999999962044e-03
3.817979797979799361e+00
6.461212121212128956e+00
1.117777777777777093e+00
2.040707070707068915e+00
7.337676767676765799e+00
2.009999999999995346e+00
1.857575757575756215e-01
1.357575757575757991e-01
0.000000000000000000e+00
1.942424242424241887e-01
2.209858585858586011e+01
3.180101010101009429e+00
9.429070707070710000e+01
1.616161616161617132e-01
2.016464646464648958e+00
1.529969696969697068e+01
1.752020202020203588e+00
1.857575757575754272e-01
2.311717171717167396e+00
2.047070707070709705e+00
0.000000000000000000e+00
1.261313131313133606e+00
1.465767676767676875e+01
2.438282828282829939e+00
2.524242424242431615e-01
2.124242424242427651e-01
1.509393939393938844e+00
1.131313131313130549e-01
2.088484848484845724e+00
1.413131313131311406e-01
2.952121212121208593e+00
1.104040404040406376e+00
1.349797979797978886e+00
3.154646464646466253e+00
2.161515151515154276e+00
2.189898989898992454e+00
2.560606060606065992e-01
3.592929292929299301e+00
2.453535353535356567e+00
1.840202020202020616e+00
2.034545454545453769e+00
6.696969696969702623e-02
3.566969696969702230e+00
0.000000000000000000e+00
2.610000000000001208e+00
1.237373737373738680e-01
2.699484848484847888e+01
1.429404040404040011e+01
1.555757575757577893e+00
2.376767676767675419e-01
0.000000000000000000e+00
2.545353535353539254e+00
0.000000000000000000e+00
5.191818181818175226e+00
6.777777777777767299e-02
9.090909090909080059e-02
4.981818181818183922e-01
9.583525252525247140e+01
2.524242424242423843e-01
8.692929292929315599e-01
4.358585858585856121e-01
3.089494949494946407e+00
7.649858585858582671e+01
3.163010101010100783e+01
3.288787878787879038e+01
1.448787878787879180e+00
1.882121212121217635e+00
6.980808080808070804e-01
3.280808080808075289e-01
6.839393939393937139e+00
0.000000000000000000e+00
3.534888888888890079e+01
1.732323232323232265e+00
3.259191919191917641e+00
1.166262626262624558e+00
9.230202020202014523e+00
1.344242424242426903e+00
0.000000000000000000e+00
1.316767676767674367e+00
2.547777777777777253e+00
3.651616161616166867e+00
1.060848484848485107e+01
4.733535353535351042e+00
1.171666666666666679e+01
2.474646464646468313e+00
2.135252525252524514e+00
1.748484848484846754e+00
1.629393939393940949e+00
1.580808080808078220e+00
2.939393939393942362e-02
2.577777777777773838e-01
2.955252525252526130e+00
3.292727272727273391e+00
2.902616161616161605e+01
3.057373737373732858e+00
1.096868686868684994e+00
1.143333333333334645e+00
1.826060606060605496e+00
4.023838383838381993e+00
2.389898989898986970e-01
1.360606060606061873e-01
2.917171717171721523e-01
1.329888888888889475e+01
1.940404040404038577e+00
5.469696969696965283e+00
4.944444444444440201e+00
3.405151515151517039e+00
9.999999999999972453e-03
0.000000000000000000e+00
2.302929292929292604e+00
8.883838383838378761e+00
5.885808080808081399e+01
2.209292929292923979e+00
7.392424242424233682e+00
1.971212121212118751e+00
7.711111111111103034e-01
2.108888888888890367e+00
2.221212121212124746e+00
8.809595959595956316e+00
3.878787878787880172e-02
8.745656565656563686e+00
9.999999999999986677e-02
4.939393939393962180e-02
4.102020202020207229e+00
1.788888888888889583e-01
5.696969696969709368e-02
3.727878787878788014e+00
2.725959595959596360e+00
2.152636363636364791e+01
1.390606060606061734e+00
2.161717171717171038e+00
8.024141414141420015e+00
3.017272727272732880e+00
2.771595959595960679e+01
2.762929292929296565e+00
2.730707070707067086e+00
2.524242424242423843e-01
2.585050505050504821e+00
1.679121212121212281e+01
3.228181818181818485e+00
0.000000000000000000e+00
2.795353535353529484e+00
1.486363636363636997e+00
8.994545454545463059e+00
2.055555555555554359e-01
2.854141414141413424e+00
1.943434343434342904e-01
1.422323232323235320e+00
1.814242424242426210e+00
9.820202020202010162e-01
2.381010101010103686e+00
3.979797979797979057e-02
1.758181818181817846e+00
3.146464646464651183e-01
2.379797979797985685e-01
1.193838383838383477e+00
2.037171717171717855e+00
8.272727272727277426e-02
1.025252525252525332e-01
1.747777777777774988e+00
4.797979797979803895e-01
0.000000000000000000e+00
0.000000000000000000e+00
1.744747474747477156e+00
3.748888888888882942e+00
3.872222222222225341e+00
5.696969696969713531e-02
6.190909090909086032e+00
1.275252525252526636e+00
9.270202020202015447e+00
6.192121212121209695e+00
9.738080808080813000e+00
2.107272727272723856e+00
1.886202020202021146e+01
1.062525252525253983e+00
2.703232323232321654e+00
0.000000000000000000e+00
2.223737373737371570e+00
2.773232323232325491e+00
3.398888888888889515e+00
1.049494949494951951e-01
2.594848484848481629e+00
1.474545454545455270e+00
1.990909090909090962e-01
1.261010101010101803e+00
1.788989898989900018e+00
2.233333333333338555e-01
3.263232323232324372e+00
9.090909090909075896e-02
2.027272727272723674e-01
1.287878787878784514e-01
0.000000000000000000e+00
1.124524242424242999e+02
1.309999999999997389e+00
3.507747474747474570e+01
4.393939393939389482e-01
4.087272727272726058e+00
5.334040404040405470e+00
3.127171717171712828e+00
1.166666666666669183e-01
1.163535353535355199e+00
1.163636363636361970e-01
9.589090909090907999e+00
4.797979797979801814e-02
4.487171717171719365e+00
4.094444444444444109e+00
4.878787878787897714e-02
2.160606060606057310e-01
2.027272727272723396e-01
1.979797979797979363e-02
3.025252525252518088e-01
0.000000000000000000e+00
4.657575757575747599e-01
1.545656565656565506e+00
4.849090909090904233e+00
6.092787878787880373e+01
2.560606060606065992e-01
1.990909090909089851e-01
0.000000000000000000e+00
3.288888888888888973e-01
7.434343434343430868e-02
2.697171717171713112e+00
9.676767676767668303e-02
1.709090909090908328e+00
3.264646464646461799e-01
2.259292929292927798e+00
1.632525252525254045e+00
1.340797979797979700e+01
3.748181818181813618e+00
9.999999999999972453e-03
1.142424242424244091e-01
1.816767676767680362e+00
2.339797979797981764e+00
2.370303030303027914e+00
3.682828282828278343e+00
1.554545454545456507e-01
1.675212121212120664e+01
4.537080808080808936e+01
1.809090909090906196e+00
3.079797979797981866e-01
1.680808080808082305e+00
3.158686868686870319e+00
3.357373737373740674e+00
1.460202020202018280e+00
2.403030303030307957e-01
2.209494949494954064e+00
5.357575757575762765e+00
1.992828282828279063e+00
3.197070707070708728e+00
4.877272727272728048e+01
1.736161616161614463e+00
5.666212121212124231e+01
1.805454545454542759e+00
1.946969696969697017e+00
8.737171717171715812e+00
2.635353535353533339e+00
1.767373737373737042e+00
0.000000000000000000e+00
7.760101010101018382e+00
3.833333333333334147e-01
1.318585858585857862e+00
3.961949494949494266e+01
3.742525252525254587e+00
4.584525252525251915e+01
3.068484848484848815e+00
2.984848484848486860e-01
3.445858585858588174e+00
2.735252525252525935e+00
4.179999999999994387e+00
1.558585858585854189e-01
2.588888888888883355e-01
7.444555555555555770e+01
5.343030303030309014e+00
9.400606060606051528e+00
1.066666666666668400e-01
9.650505050505042703e-01
1.342525252525251123e+00
7.545353535353534369e+00
7.434343434343430868e-02
2.175757575757575613e-01
0.000000000000000000e+00
5.610707070707071864e+00
2.516363636363639689e+00
2.924242424242418092e-01
2.112626262626262630e+01
1.134444444444445699e+00
3.282828282828275102e-01
2.516161616161619596e-01
2.178787878787874721e+00
3.942525252525253876e+00
6.045636363636354105e+01
8.828888888888888786e+00
7.575757575757587070e-02
9.999999999999955105e-03
2.721212121212116530e-01
9.581717171717166082e+00
2.831818181818182456e+00
0.000000000000000000e+00
6.304040404040391898e-01
2.783333333333330994e+00
2.269696969696970879e+00
1.699494949494947837e+00
3.196767676767672928e+00
4.414444444444443505e+00
2.745656565656562798e+00
2.595858585858589862e+00
1.979797979797979016e-02
0.000000000000000000e+00
2.879393939393936730e+00
4.844444444444448994e-01
0.000000000000000000e+00
3.815151515151517514e-01
2.333333333333337811e-01
3.941414141414137373e-01
4.398989898989902336e+00
1.990606060606059602e+00
1.700101010101011889e+00
2.812121212121209135e-01
0.000000000000000000e+00
3.990909090909087187e-01
5.742121212121215734e+00
3.361515151515144240e+00
4.603939393939389113e+00
1.854646464646463988e+00
9.961616161616178022e-01
1.329494949494952394e+00
1.858888888888890145e+00
3.538383838383837965e+00
7.415535353535352669e+01
2.401919191919192897e+00
1.965656565656564103e+00
6.630303030303033029e-01
3.701616161616157363e+00
8.837474747474745485e+00
1.433737373737372200e+00
5.497979797979800631e-01
0.000000000000000000e+00
2.285050505050501890e+00
1.226464646464644925e+00
3.664747474747474865e+00
2.454545454545460081e-01
4.797979797979799732e-02
9.888888888888891504e-02
3.144343434343435106e+00
6.696969696969704011e-02
9.999999999999951636e-03
1.310808080808079756e+00
1.403020202020202056e+01
3.395353535353536234e+00
2.824757575757577754e+01
1.979797979797979016e-02
2.652525252525249622e-01
2.568282828282831165e+00
1.675757575757573226e-01
3.498282828282830881e+00
3.126262626262626299e+00
0.000000000000000000e+00
3.833030303030303898e+00
4.455090909090907303e+01
1.059494949494947269e+00
2.236161616161616017e+00
1.125232323232324028e+01
3.148585858585860819e+00
1.645050505050505540e+00
3.598585858585861441e+00
3.878787878787880172e-02
8.478787878787855670e-01
6.633333333333325754e+00
4.913131313131307576e-01
4.624848484848484098e+00
2.205151515151519970e+00
7.445959595959595667e+00
1.979797979797979016e-02
2.244242424242426814e+00
2.187878787878790032e-01
5.646464646464658399e-01
7.201414141414143266e+00
4.279272727272726229e+01
1.531353535353536444e+01
9.534343434343447443e-01
2.979797979797978516e-02
1.854444444444444784e+01
1.983737373737376686e+00
3.469696969696977051e-01
3.193404040404040956e+01
1.713737373737375336e+00
1.525252525252528690e-01
2.365050505050501517e+00
2.841313131313127904e+00
9.090909090909075896e-02
1.952121212121215255e+00
1.216161616161618025e-01
3.929090909090904749e+00
0.000000000000000000e+00
2.404646464646464477e+00
1.184545454545456566e+00
1.166666666666667518e-01
1.816525252525252299e+01
1.142424242424244091e-01
1.102969696969697466e+01
1.625757575757572404e+00
2.079797979797981533e-01
3.557474747474745680e+00
0.000000000000000000e+00
3.746565656565652880e+00
9.339393939393922928e-01
1.150586868686869053e+02
2.171414141414139021e+00
2.030454545454545112e+01
1.082363636363636594e+01
2.002727272727269803e+00
6.696969696969702623e-02
2.716565656565658848e+00
4.996565656565658209e+00
2.828181818181818130e+00
2.759393939393943285e+00
2.525252525252525415e-01
3.628868686868685245e+01
1.338383838383839564e+00
2.121212121212122381e-01
3.583939393939390872e+00
2.239595959595956476e+00
3.133333333333330195e-01
9.310494949494949424e+01
3.068686868686868241e+00
1.922222222222219834e+00
6.174141414141416817e+00
2.566363636363638179e+00
3.163808080808081513e+01
3.878787878787880172e-02
4.878787878787878979e-02
2.076262626262623368e+00
1.567878787878788760e+00
7.132434343434340462e+01
2.523030303030303401e+00
1.905050505050502885e-01
2.005151515151512687e+00
4.109191919191921727e+00
0.000000000000000000e+00
7.200101010101004562e+00
8.561333333333334394e+01
1.311717171717169617e+00
3.623232323232323249e-01
3.233333333333335835e-01
1.238646464646464018e+01
2.079797979797982366e-01
1.211708080808080723e+02
5.797979797979803396e-02
6.464646464646466306e-01
2.939393939393944444e-02
2.794545454545452667e+00
2.723232323232320229e-01
1.979797979797979016e-02
1.308989898989897593e+00
3.327272727272721498e-01
6.668676767676768691e+01
2.722222222222218102e-01
2.173838383838379684e+00
2.707070707070701188e-01
2.415151515151519601e-01
1.428989898989900809e+00
3.279292929292928704e+00
3.801010101010098841e-01
6.614747474747473710e+00
1.045454545454547884e-01
3.034242424242421965e+00
2.345252525252520037e+00
6.917373737373741172e+00
2.430505050505054498e+00
6.367878787878783697e+00
1.079898989898988804e+00
4.797979797979805977e-02
1.235353535353534760e+00
2.601010101010102216e-01
5.484848484848490191e-01
7.812616161616161037e+01
7.641393939393940116e+01
1.506969696969695738e+00
3.165656565656564392e-01
1.673535353535350101e+00
7.295343434343436684e+01
4.348484848484850396e+00
3.703636363636361395e+00
4.330303030303024880e-01
2.311818181818180662e+00
3.879797979797985907e-01
2.979595959595956245e+00
1.027247474747475167e+02
3.482828282828279165e-01
1.343434343434343203e-01
3.786767676767677671e+00
6.642979797979796786e+01
1.748585858585856467e+00
4.295252525252524656e+00
2.197979797979799643e-01
6.455555555555561931e+00
2.266666666666661001e-01
0.000000000000000000e+00
2.354545454545459715e-01
3.688686868686868792e+01
6.537171717171720076e+00
1.383114141414141898e+02
2.939393939393944791e-02
6.468686868686859270e-01
2.489595959595957364e+00
2.148484848484846221e+00
1.425252525252529434e-01
2.277878787878781619e+00
2.070505050505046185e+00
3.103030303030297476e-01
1.437272727272727124e+01
4.797979797979808059e-02
3.919191919191924445e-01
3.685454545454547315e+00
2.939393939393944097e-02
3.909090909090904287e-01
1.645353535353535124e+00
2.685858585858589276e+00
1.781767676767676534e+01
1.146868686868685261e+00
3.469696969696977051e-01
2.570606060606052790e+00
3.452525252525253108e-01
1.900404040404041206e+00
8.356565656565649869e-01
0.000000000000000000e+00
2.140848484848483224e+01
2.233333333333339110e-01
2.297979797979793071e-01
0.000000000000000000e+00
1.950505050505047799e-01
2.939393939393943403e-02
1.898787878787874916e+00
2.082828282828283195e-01
5.332323232323239459e-01
1.287878787878784237e-01
2.398181818181814862e+00
2.038282828282826475e+00
3.470707070707068631e+00
2.513030303030305390e+00
4.726565656565662188e+00
3.663636363636368021e+00
4.293121212121212693e+01
9.829737373737370376e+01
2.747070707070702777e+00
2.001111111111115282e+00
1.855090909090909079e+01
2.160606060606058143e-01
5.663737373737365743e+00
9.999999999999965514e-03
4.291515151515144844e+00
1.454040404040401135e+00
0.000000000000000000e+00
2.534343434343438783e+00
2.799999999999996381e-01
3.878787878787880172e-02
6.570707070707072717e+00
5.454454545454547088e+01
3.158585858585851169e-01
1.474141414141414197e+00
2.522323232323234965e+00
5.435757575757572013e+00
1.475353535353532974e+00
1.835757575757572591e+00
3.562626262626255036e-01
1.809898989898991006e+00
1.616161616161617132e-01
1.558282828282830712e+00
4.410808080808082288e+00
1.682323232323233775e+00
2.732727272727268453e+00
5.022222222222212373e-01
2.466666666666672558e-01
2.803434343434343834e+00
2.585858585858590852e-01
9.296363636363638605e+00
7.848686868686870710e+00
1.985858585858589542e+00
6.863636363636362425e+00
1.357575757575757991e-01
3.530303030303036382e-01
2.887878787878792042e-01
2.194949494949491875e+00
3.602626262626262843e+00
9.888888888888903994e-02
3.080707070707070283e+00
2.427373737373737406e+00
1.039638383838384073e+02
1.873737373737369982e-01
1.455737373737374796e+01
1.557575757575757058e-01
4.050505050505056603e-01
1.318242424242423105e+01
3.973131313131312403e+00
1.808888888888889213e+00
2.642424242424246117e-01
6.347979797979794370e+01
4.148282828282829904e+00
2.911818181818186080e+00
2.803030303030298875e-01
3.527272727272730557e-01
9.602020202020210560e-01
3.502020202020201811e+00
1.124949494949494522e+01
0.000000000000000000e+00
9.888888888888901219e-02
1.293535353535352428e+00
1.583737373737371890e+00
3.338787878787881969e+00
7.038686868686865772e+00
4.991919191919178544e+00
2.081010101010099866e+00
3.985858585858582104e-01
0.000000000000000000e+00
1.979797979797979016e-02
3.688181818181820226e+00
2.584545454545453591e+00
3.728686868686871048e+00
1.414141414141413533e-01
3.219292929292927763e+00
1.277878787878787747e+01
3.527272727272735553e-01
3.519282828282825903e+01
3.045555555555557348e+00
4.353434343434336995e+00
2.013232323232321264e+00
7.030202020202016122e+00
2.799292929292924725e+00
9.999999999999953371e-03
2.028989898989896901e+00
3.690707070707073711e+00
1.914141414141412867e-01
2.660101010101015628e+00
1.083434343434342750e+00
3.477747474747473433e+01
6.295151515151516719e+00
1.775252525252523528e+00
1.681414141414144581e+00
9.575757575757579132e-02
2.233333333333339110e-01
6.575757575757583406e-02
2.115151515151512673e-01
2.182424242424239935e+00
4.350505050505056870e-01
5.859595959595974568e-01
1.921010101010101723e+00
1.783141414141413961e+01
2.720434343434343560e+01
1.843333333333335933e+00
0.000000000000000000e+00
1.357575757575757991e-01
2.159939393939394847e+01
1.315555555555557143e+00
2.693434343434346623e+00
3.477474747474744277e+00
3.959595959595958725e-02
1.416060606060604909e+00
1.942424242424241887e-01
6.696969696969704011e-02
2.043545454545455797e+01
3.099999999999999645e+00
2.031010101010102709e+00
3.849494949494953744e-01
3.427777777777774482e+00
3.101010101010095443e-01
3.507777777777777661e+00
7.643535353535352961e+00
2.064848484848487598e+00
2.328383838383840665e+00
8.272727272727277426e-02
2.474141414141413531e+00
1.506444444444444031e+01
2.554141414141411826e+00
1.268989898989901111e+00
0.000000000000000000e+00
2.563636363636357940e-01
1.761515151515152144e+00
3.823232323232321317e+00
1.288686868686870657e+00
1.990909090909090684e-01
8.704545454545458583e+00
4.944959595959595333e+01
4.319898989898991459e+00
4.835454545454546782e+00
5.137070707070701125e+00
1.177979797979795684e+00
2.403030303030307957e-01
8.123898989898989953e+01
6.664585858585856215e+01
1.775454545454548949e+00
2.203131313131311053e+00
4.096363636363638427e+00
3.314141414141413389e+00
2.931515151515155182e+00
1.197777777777776720e+00
0.000000000000000000e+00
1.216161616161617748e-01
2.089999999999996305e+00
1.896545454545454845e+01
3.904444444444444162e+00
5.493030303030302264e+01
2.321878787878788231e+01
1.223424242424243147e+01
1.266060606060603000e+00
1.607070707070709370e-01
3.263838383838383983e+00
2.000606060606059167e+00
0.000000000000000000e+00
8.796222222222218079e+01
1.113939393939395117e+00
8.781818181818196178e-01
1.044949494949495961e+00
3.090303030303028109e+00
1.539999999999999147e+00
2.803939393939395952e+00
4.300202020202020137e+00
5.797979797979805477e-02
0.000000000000000000e+00
4.667323232323235516e+01
2.035858585858586700e+00
5.413121212121212977e+01
3.041414141414141570e-01
1.852727272727277441e+00
0.000000000000000000e+00
3.332999999999998408e+01
0.000000000000000000e+00
1.201878787878787591e+01
0.000000000000000000e+00
5.157575757575753039e-01
2.671292929292931362e+01
2.254444444444439810e+00
2.664646464646469148e+00
7.723757575757576888e+01
3.361515151515149569e+00
4.033030303030303187e+00
1.484848484848486083e-01
2.564141414141419606e+00
3.939393939393939781e-02
3.622222222222221788e+00
2.525474747474746806e+01
1.712121212121207880e-01
3.177131313131312496e+01
1.173746464646465455e+02
1.874949494949492701e+00
0.000000000000000000e+00
3.379191919191918192e+00
5.010848484848483508e+01
4.357070707070701765e+00
1.293131313131309801e+00
5.325828282828283733e+01
2.939393939393944444e-02
1.504040404040404066e+00
2.979797979797977822e-02
3.090909090909088053e-01
6.817595959595956856e+01
2.079797979797982366e-01
1.085969696969696408e+01
7.385959595959600499e+00
2.934242424242428982e+00
1.508080808080810575e+00
3.549494949494957918e-01
3.057575757575752839e-01
1.098484848484849952e+00
6.783838383838382669e+00
2.692828282828280795e+00
2.562626262626261919e+00
1.216161616161618581e-01
8.963636363636369175e-01
1.227373737373737228e+01
4.797444444444443690e+01
1.894444444444445041e+00
9.845454545454564999e-01
3.546262626262631112e+00
6.575757575757587570e-02
8.577969696969697111e+01
2.208686868686871918e+00
1.261010101010102691e+00
5.668787878787881596e+00
1.503333333333333410e+00
2.224444444444447999e+00
4.131111111111113843e+00
1.833333333333332094e-01
4.564646464646465174e-01
9.999999999999972453e-03
5.293939393939385285e-01
4.181313131313132203e+00
9.861656565656568318e+01
7.498737373737374412e+01
2.724747474747473586e+00
3.093939393939384996e-01
2.479999999999996874e+00
2.017878787878785385e+00
2.967171717171714906e+00
2.575757575757576801e-01
3.950505050505052296e+00
0.000000000000000000e+00
5.933131313131316809e+00
2.817575757575752515e+00
1.962626262626258500e+00
2.157171717171719738e+00
4.617272727272723642e+00
3.084848484848486949e-01
9.673848484848485896e+01
2.669393939393946091e+00
9.295151515151509614e+00
2.306868686868686513e+00
3.264040404040401633e+00
1.671313131313128419e+00
2.278383838383842175e+00
1.587979797979797825e+00
1.267989898989898201e+01
1.441010101010097744e+00
2.575454545454549660e+00
2.878787878787873566e+00
6.818181818181824616e-02
6.304040404040394119e-01
8.792929292929306806e-01
3.695959595959593003e+00
2.146565656565659452e+00
4.413939393939393163e+00
2.297979797979792516e-01
9.888888888888909545e-02
2.812121212121209135e-01
0.000000000000000000e+00
9.541414141414148453e-01
2.939393939393942362e-02
4.644444444444439379e-01
2.488383838383835922e+00
3.336969696969698251e+00
1.893939393939393923e-01
1.943434343434342904e-01
1.037040404040403274e+01
1.860505050505048219e+00
1.407303030303031477e+01
6.575757575757583406e-02
9.999999999999989800e-03
2.731515151515146123e+00
1.436363636363638674e-01
3.878787878787880172e-02
1.600606060606060144e+00
6.180000000000005933e+00
1.999999999999996225e-02
2.228888888888886921e+00
2.731111111111112155e+00
3.978282828282830419e+00
1.316161616161619918e-01
2.322222222222223020e-01
