2.253636363636361661e+00
1.080606060606061680e+00
0.000000000000000000e+00
7.621212121212133095e-01
2.267676767676767735e+00
6.116161616161623904e-01
2.460606060606066181e-01
1.182424242424245264e+00
2.460606060606066181e-01
1.149292929292927257e+00
3.903545454545452742e+01
1.986868686868690503e-01
9.999999999999953371e-03
8.470707070707069741e-01
1.206666666666664778e+00
3.190101010101008328e+00
0.000000000000000000e+00
3.878787878787880172e-02
2.575010101010102659e+01
8.717171717171702250e-01
0.000000000000000000e+00
5.748484848484843868e-01
1.243434343434344003e+00
2.233333333333338555e-01
0.000000000000000000e+00
9.999999999999974187e-03
1.278282828282829797e+00
2.000000000000000042e-02
0.000000000000000000e+00
9.606060606060615736e-01
3.005151515151514019e+00
8.272727272727277426e-02
2.454545454545453143e-01
4.758585858585862027e-01
1.130707070707069217e+00
1.057575757575759390e+00
5.910333333333333172e+01
2.370737373737372167e+01
2.460606060606065904e-01
1.685454545454542652e+00
5.116969696969695391e+00
6.463636363636356963e-01
1.301919191919190810e+00
8.015151515151530681e-01
1.242828282828284170e+00
0.000000000000000000e+00
4.451515151515157420e-01
0.000000000000000000e+00
1.989797979797977900e+00
8.207979797979799486e+00
1.361515151515153343e+00
0.000000000000000000e+00
9.090909090909091161e-02
4.621212121212117108e-01
1.750909090909090970e+00
4.391919191919193555e-01
1.135252525252522515e+00
4.680808080808074867e-01
2.690303030303033527e+00
9.036363636363655694e-01
2.563737373737374270e+01
9.978787878787893639e-01
1.961969696969698163e+01
0.000000000000000000e+00
1.135252525252524958e+00
5.797979797979805477e-02
3.392525252525252721e+00
1.192828282828281017e+00
2.524242424242423843e-01
3.878787878787880172e-02
1.664141414141415254e+00
1.979797979797979016e-02
1.301212121212122819e+00
1.705151515151513530e+00
1.137373737373739285e-01
2.892878787878788671e+01
1.397474747474748202e+00
1.291616161616161440e+00
1.696919191919192471e+01
4.259595959595957604e-01
7.308080808080805735e-01
9.448484848484864917e-01
1.049494949494951396e-01
3.534343434343441004e+00
2.793737373737378960e+00
1.723131313131315956e+00
6.853535353535342711e-01
1.629797979797979357e+00
4.978787878787888088e-01
2.233333333333338555e-01
2.979797979797977128e-02
9.990909090909094736e-01
7.676767676767672077e-02
1.163838383838384782e+00
1.174444444444446844e+00
4.905050505050511656e-01
1.460505050505050528e+00
1.288888888888887196e+00
1.203030303030304005e+00
3.605070707070706959e+01
2.058181818181821221e+00
0.000000000000000000e+00
1.088888888888888407e-01
8.860707070707073640e+00
2.379797979797985408e-01
9.722222222222216548e-01
6.059595959595969195e-01
5.088888888888878359e-01
2.524242424242423843e-01
1.914646464646462265e+00
2.810101010101004881e-01
1.979797979797979363e-02
9.999999999999953371e-03
1.908585858585855943e+00
1.276262626262623989e+00
1.323232323232321761e-01
0.000000000000000000e+00
1.958585858585859318e+00
1.196262626262628359e+00
5.494848484848485093e+00
3.830606060606056129e+00
7.430303030303023748e-01
2.458585858585861927e-01
7.862626262626265516e-01
1.434242424242421654e+00
3.860606060606060486e-01
8.419191919191926221e-01
2.939393939393944444e-02
7.282222222222220154e+00
0.000000000000000000e+00
1.979797979797979363e-02
9.999999999999948166e-03
9.999999999999977657e-03
1.198484848484846488e+00
9.675757575757570894e-01
9.626161616161622803e+00
2.521212121212118573e-01
2.629393939393939839e+00
9.865656565656578669e-01
0.000000000000000000e+00
9.315151515151526285e-01
1.056363636363634839e+00
9.999999999999975922e-03
1.379696969696968534e+00
2.160606060606059253e-01
1.373131313131310538e+00
1.014848484848483112e+00
2.798989898989894254e-01
1.003636363636362994e+00
9.999999999999993269e-03
1.577272727272725383e+00
8.423232323232340280e-01
0.000000000000000000e+00
1.244747474747474270e+00
3.393737373737373719e+00
7.483838383838383734e-01
1.224545454545453049e+00
3.626161616161618362e+00
9.462626262626248064e-01
7.434343434343430868e-02
5.696969696969705899e-02
0.000000000000000000e+00
1.216161616161617748e-01
8.302929292929292160e+00
1.916565656565657916e+00
3.589979797979796672e+01
5.696969696969707980e-02
1.028989898989900231e+00
6.048080808080804616e+00
1.119595959595961032e+00
9.888888888888890116e-02
1.266969696969697523e+00
9.445454545454540218e-01
0.000000000000000000e+00
8.078787878787865306e-01
5.631414141414135877e+00
1.186161616161616417e+00
1.490909090909092460e-01
5.696969696969707286e-02
7.602020202020196571e-01
1.999999999999999695e-02
1.138989898989897664e+00
7.676767676767674853e-02
1.437878787878788867e+00
3.145454545454548501e-01
7.663636363636360249e-01
1.125050505050504634e+00
9.840404040404054919e-01
1.078282828282826955e+00
2.043434343434342437e-01
1.486363636363634111e+00
1.308484848484850804e+00
9.893939393939381599e-01
1.313434343434344953e+00
0.000000000000000000e+00
1.737979797979798846e+00
0.000000000000000000e+00
9.843434343434350753e-01
1.979797979797979016e-02
1.008797979797979316e+01
6.950505050505050519e+00
7.973737373737361800e-01
1.913131313131313238e-01
0.000000000000000000e+00
1.268585858585859372e+00
0.000000000000000000e+00
2.601414141414139181e+00
0.000000000000000000e+00
5.696969696969701041e-02
3.304040404040409773e-01
4.890606060606060623e+01
2.524242424242423843e-01
3.921212121212123147e-01
3.999999999999996336e-01
1.469494949494949410e+00
3.148989898989898606e+01
1.185818181818181927e+01
1.337717171717170572e+01
6.417171717171711309e-01
1.180808080808078531e+00
5.885858585858578795e-01
2.714141414141414410e-01
3.381919191919193768e+00
0.000000000000000000e+00
1.239787878787879372e+01
7.549494949494945928e-01
1.667272727272731014e+00
4.470707070707061193e-01
3.612828282828285165e+00
6.750505050505035687e-01
0.000000000000000000e+00
6.294949494949496627e-01
1.453636363636365392e+00
1.696767676767674926e+00
4.391717171717175461e+00
1.971919191919192516e+00
6.530202020202017898e+00
1.158585858585856609e+00
1.217676767676766580e+00
6.820202020202013049e-01
9.127272727272711661e-01
8.707070707070709847e-01
0.000000000000000000e+00
1.893939393939393923e-01
1.456161616161614436e+00
1.580909090909091930e+00
1.159010101010100691e+01
1.291515151515149729e+00
6.968686868686884139e-01
6.301010101010098285e-01
9.272727272727281367e-01
1.543333333333333224e+00
1.494949494949495417e-01
9.090909090909075896e-02
2.266666666666661833e-01
5.906969696969694539e+00
7.506060606060606100e-01
2.458787878787875858e+00
2.150505050505054694e+00
1.486969696969697052e+00
0.000000000000000000e+00
0.000000000000000000e+00
9.743434343434331790e-01
3.682727272727279733e+00
3.000676767676769074e+01
1.096969696969698704e+00
3.143737373737376384e+00
9.414141414141402597e-01
5.665656565656572718e-01
1.021313131313130285e+00
1.281010101010099600e+00
5.183434343434340619e+00
0.000000000000000000e+00
3.094747474747479909e+00
9.999999999999979391e-03
2.939393939393943403e-02
1.563535353535354222e+00
1.425252525252529434e-01
9.999999999999998473e-03
1.552121212121212013e+00
1.468989898989896847e+00
9.912929292929289815e+00
7.177777777777770707e-01
1.114545454545452507e+00
3.275353535353534795e+00
1.229393939393940816e+00
1.345363636363635962e+01
1.243030303030303152e+00
1.437777777777774935e+00
2.524242424242423843e-01
1.350404040404038275e+00
8.246060606060614973e+00
1.489898989898987836e+00
0.000000000000000000e+00
1.525151515151516035e+00
8.136363636363622698e-01
3.702121212121210814e+00
1.282828282828285260e-01
1.523030303030300514e+00
1.675757575757576834e-01
9.460606060606040479e-01
6.916161616161625725e-01
5.429292929292918179e-01
1.223333333333335826e+00
0.000000000000000000e+00
9.643434343434365008e-01
1.589898989898992920e-01
2.443434343434337519e-01
7.410101010101024510e-01
1.116262626262628510e+00
1.979797979797979363e-02
1.979797979797979363e-02
9.300000000000008260e-01
4.754545454545461847e-01
0.000000000000000000e+00
0.000000000000000000e+00
9.246464646464638282e-01
1.470303030303031111e+00
1.549292929292929166e+00
1.979797979797979016e-02
2.497070707070712992e+00
7.480808080808083460e-01
4.195555555555551486e+00
2.750000000000002220e+00
4.510606060606061618e+00
1.302525252525254196e+00
7.793030303030303862e+00
6.867676767676780258e-01
1.139595959595961938e+00
0.000000000000000000e+00
1.017575757575758910e+00
1.301111111111109997e+00
1.584949494949497550e+00
1.979797979797979016e-02
1.268686868686869307e+00
6.531313131313130071e-01
1.675757575757577111e-01
8.041414141414148231e-01
9.948484848484835386e-01
1.733333333333332560e-01
1.735858585858581771e+00
4.797979797979803201e-02
9.888888888888901219e-02
3.878787878787880172e-02
0.000000000000000000e+00
3.758474747474747346e+01
1.009292929292929797e+00
1.482909090909090821e+01
4.034343434343435342e-01
2.031010101010103597e+00
2.491616161616166281e+00
1.779999999999997140e+00
1.979797979797979016e-02
8.127272727272715214e-01
1.053535353535351576e-01
3.670202020202021131e+00
0.000000000000000000e+00
2.001414141414144865e+00
2.039797979797977945e+00
0.000000000000000000e+00
1.842424242424241798e-01
1.216161616161616915e-01
0.000000000000000000e+00
2.423232323232324126e-01
0.000000000000000000e+00
4.601010101010106212e-01
6.741414141414138195e-01
2.093939393939392879e+00
2.369191919191918316e+01
2.500000000000001110e-01
1.490909090909092460e-01
0.000000000000000000e+00
2.495959595959601207e-01
0.000000000000000000e+00
1.285959595959594193e+00
2.979797979797976434e-02
1.021414141414141996e+00
2.621212121212118107e-01
1.122323232323233499e+00
8.288888888888873430e-01
5.365959595959591155e+00
1.385757575757572857e+00
0.000000000000000000e+00
1.979797979797979710e-02
1.013636363636365445e+00
1.039898989898991433e+00
1.078888888888887232e+00
1.836565656565654292e+00
9.090909090909080059e-02
5.970808080808089002e+00
1.536656565656565654e+01
9.117171717171697054e-01
2.221212121212121637e-01
8.268686868686874192e-01
1.156666666666665400e+00
1.536868686868684719e+00
9.102020202020203454e-01
2.233333333333338555e-01
1.381717171717174120e+00
2.876868686868688130e+00
1.203939393939391866e+00
1.584040404040400141e+00
1.898181818181817704e+01
7.978787878787889642e-01
2.213505050505052196e+01
7.967676767676755700e-01
9.432323232323237550e-01
3.886666666666667602e+00
1.155454545454545068e+00
8.284848484848492678e-01
0.000000000000000000e+00
3.262828282828279303e+00
3.065656565656570964e-01
7.372727272727275238e-01
2.159838383838386022e+01
1.455151515151511976e+00
2.275141414141415908e+01
1.747777777777774988e+00
1.654545454545455208e-01
1.368686868686868952e+00
1.578484848484847713e+00
1.431111111111111223e+00
5.696969696969709368e-02
2.475757575757577267e-01
3.294888888888888800e+01
2.344040404040406145e+00
5.176161616161616408e+00
1.979797979797979016e-02
7.783838383838364017e-01
6.136363636363632024e-01
2.800606060606059877e+00
2.939393939393943403e-02
9.888888888888901219e-02
0.000000000000000000e+00
2.509292929292933128e+00
1.045656565656567283e+00
2.090909090909087997e-01
1.149737373737373503e+01
8.115151515151518558e-01
8.737373737373727023e-02
2.379797979797986240e-01
1.215151515151513761e+00
1.894848484848486114e+00
3.080060606060608208e+01
3.695656565656565196e+00
9.999999999999981126e-03
0.000000000000000000e+00
1.873737373737367762e-01
4.529191919191919879e+00
1.241515151515152793e+00
0.000000000000000000e+00
4.552525252525257415e-01
9.582828282828271815e-01
1.176666666666668526e+00
8.864646464646449564e-01
1.319898989898992570e+00
2.083131313131311391e+00
1.271212121212118795e+00
1.112222222222223555e+00
0.000000000000000000e+00
0.000000000000000000e+00
1.683434343434342839e+00
2.116161616161613690e-01
0.000000000000000000e+00
2.730303030303033451e-01
1.943434343434342904e-01
2.082828282828281530e-01
1.570909090909090366e+00
9.401010101010082165e-01
9.829292929292939851e-01
2.527272727272724673e-01
0.000000000000000000e+00
3.364646464646464663e-01
2.364545454545450287e+00
1.699696969696969706e+00
2.489999999999993996e+00
9.559595959595960091e-01
4.527272727272733666e-01
6.208080808080796986e-01
1.007474747474748522e+00
1.567575757575757178e+00
4.554050505050506814e+01
1.208181818181820022e+00
1.052424242424243372e+00
5.925252525252524549e-01
1.505555555555556868e+00
3.778888888888890296e+00
6.536363636363626828e-01
4.520202020202024329e-01
0.000000000000000000e+00
1.063232323232322640e+00
6.777777777777775903e-01
1.851919191919190189e+00
2.079797979797981533e-01
3.878787878787880172e-02
4.797979797979805977e-02
1.181313131313129539e+00
2.939393939393942362e-02
0.000000000000000000e+00
6.869696969696977851e-01
8.273434343434340477e+00
1.772020202020201163e+00
1.215505050505051265e+01
0.000000000000000000e+00
2.543434343434349265e-01
1.277070707070705025e+00
5.797979797979803396e-02
1.357070707070706650e+00
1.524949494949493278e+00
0.000000000000000000e+00
1.749090909090907031e+00
2.073191919191919652e+01
6.680808080808080529e-01
1.104141414141412092e+00
4.477878787878789346e+00
1.061212121212124160e+00
1.058484848484846808e+00
1.667272727272727018e+00
0.000000000000000000e+00
5.941414141414133043e-01
2.299797979797980840e+00
4.563636363636356941e-01
2.096262626262625606e+00
1.358181818181817047e+00
3.681818181818183433e+00
0.000000000000000000e+00
1.274949494949492168e+00
1.142424242424244785e-01
6.257575757575761788e-01
3.261010101010100026e+00
1.911525252525252228e+01
5.946969696969695462e+00
6.276767676767688320e-01
0.000000000000000000e+00
6.441919191919189380e+00
9.187878787878791531e-01
3.146464646464652293e-01
1.366636363636363605e+01
7.554545454545449346e-01
8.272727272727276038e-02
1.137171717171715279e+00
1.482222222222220331e+00
2.939393939393942709e-02
1.217272727272726396e+00
9.090909090909075896e-02
1.879898989898993511e+00
0.000000000000000000e+00
1.186969696969694787e+00
7.610101010101014696e-01
1.979797979797979363e-02
9.674242424242420313e+00
1.066666666666669372e-01
4.507676767676766616e+00
8.086868686868685652e-01
1.357575757575757991e-01
1.358686868686867832e+00
0.000000000000000000e+00
2.096464646464645032e+00
6.277777777777786561e-01
5.042171717171718370e+01
1.088585858585857435e+00
7.861717171717172548e+00
4.931717171717167503e+00
1.256666666666669041e+00
2.939393939393943056e-02
1.314141414141412056e+00
1.989494949494951870e+00
1.157474747474746435e+00
1.423232323232324736e+00
2.266666666666661278e-01
1.167979797979798562e+01
7.829292929292928083e-01
1.287878787878786735e-01
1.768686868686869529e+00
1.111111111111109606e+00
1.622222222222219623e-01
4.326050505050505279e+01
1.299292929292928944e+00
7.581818181818181790e-01
2.901717171717174804e+00
1.329494949494951506e+00
1.144505050505050292e+01
0.000000000000000000e+00
0.000000000000000000e+00
1.113737373737371250e+00
8.407070707070717352e-01
2.033767676767677202e+01
1.032121212121213327e+00
1.107070707070704485e-01
1.037474747474749215e+00
1.807878787878784976e+00
0.000000000000000000e+00
4.050909090909087240e+00
3.471989898989896517e+01
8.390909090909103307e-01
3.057575757575755060e-01
2.221212121212121637e-01
5.389393939393930744e+00
1.142424242424246311e-01
4.317343434343431596e+01
0.000000000000000000e+00
7.267676767676769511e-01
0.000000000000000000e+00
1.360606060606059264e+00
2.521212121212118573e-01
9.999999999999962044e-03
8.167676767676770311e-01
2.685858585858582614e-01
2.976999999999998536e+01
2.460606060606066181e-01
1.143636363636365116e+00
2.525252525252525415e-01
1.943434343434342904e-01
6.545454545454562068e-01
1.454343434343435382e+00
2.079797979797981811e-01
2.938282828282830828e+00
0.000000000000000000e+00
1.130808080808081817e+00
1.136767676767674207e+00
3.057676767676768215e+00
1.236262626262628173e+00
2.640909090909087986e+00
7.391919191919188448e-01
0.000000000000000000e+00
6.537373737373726179e-01
1.216161616161618719e-01
4.403030303030301407e-01
3.356888888888890676e+01
3.605696969696968779e+01
7.974747474747464482e-01
1.282828282828284150e-01
8.945454545454538664e-01
3.494050505050505251e+01
1.616868686868685678e+00
1.879696969696970310e+00
2.882828282828280853e-01
1.151010101010102149e+00
2.818181818181824672e-01
1.244444444444442688e+00
4.535212121212121872e+01
2.500000000000001110e-01
9.999999999999955105e-03
1.635050505050505310e+00
2.762080808080809646e+01
9.374747474747481268e-01
1.667272727272726129e+00
1.733333333333332282e-01
2.895353535353537566e+00
2.160606060606058421e-01
0.000000000000000000e+00
2.121212121212122381e-01
1.295959595959596733e+01
2.859696969696973401e+00
5.601868686868684222e+01
0.000000000000000000e+00
5.521212121212121238e-01
1.110909090909092178e+00
1.051919191919191476e+00
1.357575757575757991e-01
9.708080808080818969e-01
9.853535353535358698e-01
2.585858585858590297e-01
7.149393939393945629e+00
0.000000000000000000e+00
2.014141414141417397e-01
1.689595959595958208e+00
9.999999999999968983e-03
2.374747474747480047e-01
8.297979797979805339e-01
1.347171717171716354e+00
6.521111111111119740e+00
7.064646464646470170e-01
2.696969696969693797e-01
1.465252525252523919e+00
2.690909090909086032e-01
8.671717171717159278e-01
5.122222222222216903e-01
0.000000000000000000e+00
7.378787878787874455e+00
1.733333333333332282e-01
2.266666666666661833e-01
0.000000000000000000e+00
8.272727272727277426e-02
0.000000000000000000e+00
8.566666666666657992e-01
1.357575757575757991e-01
4.903030303030302406e-01
4.797979797979804589e-02
1.195050505050503808e+00
9.771717171717173578e-01
1.718989898989896181e+00
1.196767676767677369e+00
1.590909090909089496e+00
1.621010101010101234e+00
1.778595959595959641e+01
4.752505050505050832e+01
1.369191919191919071e+00
1.017171717171715839e+00
8.353737373737377681e+00
1.990909090909089851e-01
2.879595959595961041e+00
0.000000000000000000e+00
2.162323232323235978e+00
8.781818181818197289e-01
0.000000000000000000e+00
1.073030303030300336e+00
1.307070707070708826e-01
0.000000000000000000e+00
3.276666666666664618e+00
2.966565656565655118e+01
1.784848484848484962e-01
7.740404040404039732e-01
1.434949494949498083e+00
3.419292929292931493e+00
9.630303030303037914e-01
9.844444444444456765e-01
9.575757575757590234e-02
1.190606060606062000e+00
6.575757575757584794e-02
1.030909090909089665e+00
2.299999999999998046e+00
9.311111111111124439e-01
1.340808080808078229e+00
2.878787878787880672e-01
2.379797979797985685e-01
1.674444444444446844e+00
1.554545454545456507e-01
3.689898989898991122e+00
3.106464646464646151e+00
7.853535353535372465e-01
3.571212121212120838e+00
2.939393939393944791e-02
2.815151515151520512e-01
2.616161616161620240e-01
9.737373737373741234e-01
1.794141414141410706e+00
2.939393939393943056e-02
1.328686868686871136e+00
1.082828282828281363e+00
4.371636363636363143e+01
7.434343434343430868e-02
5.624040404040409946e+00
9.414141414141427577e-02
2.221212121212127744e-01
5.102828282828280493e+00
1.663636363636360915e+00
7.848484848484835741e-01
1.264646464646464186e-01
2.957888888888889412e+01
2.141313131313134832e+00
1.718787878787878087e+00
1.316161616161618531e-01
2.373737373737368761e-01
7.240404040404032626e-01
1.554141414141413158e+00
5.760202020202020989e+00
0.000000000000000000e+00
0.000000000000000000e+00
7.130303030303022371e-01
7.322222222222238841e-01
1.674646464646465382e+00
3.069999999999999396e+00
1.606666666666668020e+00
1.048787878787878158e+00
2.823232323232318652e-01
0.000000000000000000e+00
0.000000000000000000e+00
1.721313131313131795e+00
1.293939393939395499e+00
1.555353535353533712e+00
4.797979797979796956e-02
1.770808080808082829e+00
5.220808080808081009e+00
2.399999999999995193e-01
1.432585858585858496e+01
1.571919191919191716e+00
2.290303030303026510e+00
8.406060606060594687e-01
3.265555555555549994e+00
1.384545454545453413e+00
0.000000000000000000e+00
8.727272727272722408e-01
1.893939393939396032e+00
8.272727272727277426e-02
1.366363636363638001e+00
8.883838383838389419e-01
1.802202020202019739e+01
4.210404040404040593e+00
8.412121212121199676e-01
8.463636363636359849e-01
2.979797979797976434e-02
2.197979797979799643e-01
0.000000000000000000e+00
2.577777777777774393e-01
1.074040404040405905e+00
3.151515151515146274e-01
3.547474747474741452e-01
1.086262626262628261e+00
7.921919191919191583e+00
1.043737373737374696e+01
7.410101010101026731e-01
0.000000000000000000e+00
5.696969696969703817e-02
8.480303030303026901e+00
8.802020202020198747e-01
1.832121212121213816e+00
1.796161616161618735e+00
0.000000000000000000e+00
6.939393939393943000e-01
1.287878787878784514e-01
1.979797979797979016e-02
8.189292929292921741e+00
1.400808080808080502e+00
1.119797979797981569e+00
3.618181818181822607e-01
1.585252525252527800e+00
2.527272727272724118e-01
1.617272727272728527e+00
4.041919191919190801e+00
9.012121212121219083e-01
9.743434343434329570e-01
3.878787878787880172e-02
1.569898989898990127e+00
6.702929292929288962e+00
9.679797979797967189e-01
6.284848484848495342e-01
0.000000000000000000e+00
5.858585858585859535e-02
7.775757575757570317e-01
1.519393939393939297e+00
7.425252525252521441e-01
1.733333333333332282e-01
3.379494949494951328e+00
2.669363636363636516e+01
1.924646464646466271e+00
2.219292929292929539e+00
2.055656565656567736e+00
6.837373737373745319e-01
2.460606060606066181e-01
3.502606060606060367e+01
2.253393939393939505e+01
7.783838383838389552e-01
9.667676767676777194e-01
2.053636363636367257e+00
1.251111111111113727e+00
1.275050505050501215e+00
3.902020202020199391e-01
0.000000000000000000e+00
4.797979797979800426e-02
1.220505050505048095e+00
7.379191919191918636e+00
1.343838383838386275e+00
1.904737373737374284e+01
1.074252525252525636e+01
6.135959595959596058e+00
9.303030303030300763e-01
7.575757575757581519e-02
1.266060606060608995e+00
9.105050505050503729e-01
0.000000000000000000e+00
4.064545454545454817e+01
5.910101010100998753e-01
6.294949494949488855e-01
7.622222222222210242e-01
1.800202020202021913e+00
1.005959595959595942e+00
1.113737373737374581e+00
2.000707070707073321e+00
1.979797979797979363e-02
0.000000000000000000e+00
2.184757575757576120e+01
9.464646464646463420e-01
2.242525252525251389e+01
1.893939393939393923e-01
1.191010101010102629e+00
0.000000000000000000e+00
1.014979797979797738e+01
0.000000000000000000e+00
4.997777777777774766e+00
0.000000000000000000e+00
4.249494949494951879e-01
1.251626262626263220e+01
1.216060606060607396e+00
1.108080808080808666e+00
3.724595959595958305e+01
1.679494949494952483e+00
2.082424242424245175e+00
1.979797979797979363e-02
1.153232323232322276e+00
0.000000000000000000e+00
1.344848484848484738e+00
9.894242424242422729e+00
0.000000000000000000e+00
1.067979797979797496e+01
5.368303030303038526e+01
1.124747474747472165e+00
0.000000000000000000e+00
1.312424242424241827e+00
2.183171717171718385e+01
2.035858585858590253e+00
7.879797979798002228e-01
1.937929292929294434e+01
0.000000000000000000e+00
9.254545454545455296e-01
0.000000000000000000e+00
1.388888888888886730e-01
3.123797979797979707e+01
2.036363636363636986e-01
4.521919191919195669e+00
3.210707070707073729e+00
1.292525252525253521e+00
6.071717171717183614e-01
2.427272727272731800e-01
2.102020202020205009e-01
6.111111111111123817e-01
3.120000000000003215e+00
1.281717171717173809e+00
1.203131313131313496e+00
7.434343434343430868e-02
4.342424242424237080e-01
4.925353535353532486e+00
1.932313131313130228e+01
7.961616161616154042e-01
7.226262626262629496e-01
1.636262626262624087e+00
1.979797979797979363e-02
3.451303030303029118e+01
1.130404040404039856e+00
9.091919191919185517e-01
2.358585858585856787e+00
7.813131313131308486e-01
1.002626262626264753e+00
2.486363636363638552e+00
1.425252525252529434e-01
3.857575757575756881e-01
0.000000000000000000e+00
4.258585858585866024e-01
1.693232323232325420e+00
3.151949494949495545e+01
2.925616161616161293e+01
1.471818181818180138e+00
2.521212121212118573e-01
1.205555555555555269e+00
1.014848484848486665e+00
1.549999999999996936e+00
2.327272727272732267e-01
1.935656565656562078e+00
0.000000000000000000e+00
2.320303030303028091e+00
9.776767676767695869e-01
1.105454545454543025e+00
7.279797979797965057e-01
1.990606060606058270e+00
2.722222222222218657e-01
4.528646464646465120e+01
1.293030303030305195e+00
4.261919191919193217e+00
1.140505050505048690e+00
1.687070707070706055e+00
9.612121212121220726e-01
1.314545454545452685e+00
8.216161616161603565e-01
6.127878787878795919e+00
8.696969696969700792e-01
1.236969696969695498e+00
1.353939393939396219e+00
1.999999999999990674e-02
5.550505050505041282e-01
7.367676767676766270e-01
1.765858585858590901e+00
1.169898989898987329e+00
1.760202020202021211e+00
2.121212121212122381e-01
1.979797979797979016e-02
2.233333333333338278e-01
9.999999999999963779e-03
5.759595959595954495e-01
9.999999999999965514e-03
2.696969696969692687e-01
1.135151515151515023e+00
1.369191919191915519e+00
6.575757575757583406e-02
1.733333333333333115e-01
4.421717171717172157e+00
9.372727272727274794e-01
7.051616161616157896e+00
0.000000000000000000e+00
0.000000000000000000e+00
1.201515151515150981e+00
5.696969696969707286e-02
0.000000000000000000e+00
7.585858585858592518e-01
2.500606060606064496e+00
0.000000000000000000e+00
1.376767676767676862e+00
1.485050505050507175e+00
1.995757575757576952e+00
3.878787878787880172e-02
9.595959595959606403e-02
