2.988181818181817384e+00
1.730404040404042165e+00
0.000000000000000000e+00
9.585858585858565428e-01
3.322424242424241836e+00
7.547474747474766099e-01
2.379797979797985130e-01
1.760303030303032701e+00
2.460606060606066181e-01
1.768080808080811250e+00
6.706696969696967869e+01
2.331313131313134390e-01
9.999999999999953371e-03
1.311616161616162346e+00
2.005757575757576294e+00
4.104141414141415645e+00
1.979797979797979710e-02
7.434343434343430868e-02
3.716828282828283392e+01
1.161212121212122250e+00
0.000000000000000000e+00
5.352525252525257571e-01
2.060707070707069821e+00
2.233333333333339110e-01
9.999999999999993269e-03
1.979797979797979363e-02
1.780101010101011072e+00
2.979797979797977822e-02
1.979797979797979016e-02
1.249595959595962702e+00
4.694444444444440201e+00
1.216161616161617331e-01
2.606060606060604523e-01
8.874747474747468612e-01
1.508181818181817402e+00
1.547373737373737068e+00
8.255464646464643863e+01
2.791666666666665719e+01
2.454545454545459526e-01
2.350808080808079126e+00
9.683939393939393625e+00
9.379797979798001339e-01
1.703535353535356123e+00
9.578787878787873300e-01
1.853535353535350927e+00
1.979797979797979363e-02
3.873737373737374812e-01
0.000000000000000000e+00
2.816363636363636846e+00
1.287252525252525359e+01
1.931717171717171722e+00
0.000000000000000000e+00
1.490909090909092460e-01
7.409090909090907395e-01
2.462626262626265383e+00
7.084848484848470518e-01
1.397979797979797212e+00
5.732323232323237594e-01
3.530505050505051479e+00
1.143636363636362230e+00
3.918010101010099788e+01
1.453939393939391866e+00
3.467484848484848925e+01
0.000000000000000000e+00
1.478181818181818707e+00
9.090909090909084223e-02
5.102020202020200124e+00
1.993030303030307149e+00
2.516161616161619041e-01
9.888888888888913709e-02
2.439494949494947384e+00
2.939393939393943403e-02
1.986868686868684453e+00
2.977171717171713805e+00
2.055555555555557967e-01
3.986484848484847276e+01
2.012727272727275363e+00
1.761010101010101359e+00
2.841757575757575438e+01
3.716161616161613446e-01
8.647474747474754864e-01
1.330303030303030543e+00
1.207070707070706100e-01
4.670606060606049326e+00
4.480303030303035783e+00
2.175151515151519277e+00
7.832323232323237239e-01
2.300909090909093457e+00
7.737373737373739457e-01
2.327272727272732267e-01
1.478787878787878041e-01
1.282020202020200728e+00
4.959595959595955450e-02
1.980101010101011028e+00
1.752121212121211968e+00
4.996969696969690289e-01
2.095656565656561110e+00
1.687878787878789755e+00
1.740909090909090073e+00
6.042585858585856329e+01
2.521616161616165641e+00
9.999999999999960310e-03
1.142424242424244091e-01
1.307050505050506395e+01
2.460606060606066181e-01
1.172727272727274617e+00
8.132323232323228623e-01
7.667676767676764316e-01
2.516161616161619596e-01
2.725555555555561060e+00
3.021212121212126789e-01
7.434343434343432255e-02
4.797979797979806671e-02
2.526969696969693757e+00
2.266565656565660447e+00
2.307070707070704996e-01
0.000000000000000000e+00
2.797474747474746337e+00
1.416060606060607574e+00
7.020404040404041091e+00
5.810707070707070265e+00
9.746464646464642057e-01
3.743434343434341449e-01
1.248383838383839928e+00
2.195858585858582401e+00
4.236363636363627561e-01
1.266161616161615822e+00
9.090909090909075896e-02
9.923838383838392119e+00
0.000000000000000000e+00
9.999999999999965514e-03
2.939393939393944097e-02
4.797979797979800426e-02
1.687474747474747794e+00
1.254545454545456629e+00
1.673808080808080945e+01
2.524242424242423843e-01
3.461717171717174857e+00
1.337777777777778399e+00
0.000000000000000000e+00
1.146161616161613717e+00
1.600909090909090393e+00
5.858585858585859535e-02
1.698989898989899494e+00
2.079797979797981533e-01
2.275757575757578532e+00
1.330404040404043142e+00
3.331313131313128340e-01
1.338282828282825854e+00
9.999999999999993269e-03
2.379898989898992845e+00
1.194242424242425216e+00
0.000000000000000000e+00
2.017272727272723554e+00
4.016262626262625091e+00
9.680808080808086524e-01
1.264444444444442706e+00
5.763131313131303557e+00
1.538080808080807049e+00
1.203030303030304671e-01
8.272727272727277426e-02
0.000000000000000000e+00
1.775757575757578866e-01
1.149494949494948415e+01
2.296363636363637717e+00
5.982393939393941906e+01
8.272727272727277426e-02
1.312525252525253094e+00
9.137575757575747915e+00
1.365858585858586105e+00
9.888888888888890116e-02
1.555757575757575228e+00
1.270202020202017668e+00
0.000000000000000000e+00
7.925252525252514113e-01
7.875858585858576788e+00
1.833636363636364619e+00
2.042424242424241143e-01
1.745454545454547257e-01
1.181313131313132869e+00
2.979797979797981292e-02
1.622121212121210965e+00
7.676767676767674853e-02
1.994545454545454621e+00
5.100000000000010081e-01
1.028585858585860713e+00
1.627070707070708000e+00
1.260909090909092978e+00
1.384949494949496263e+00
2.160606060606058143e-01
2.287474747474746550e+00
2.015555555555553102e+00
1.248686868686870621e+00
1.615959595959593376e+00
2.979797979797977822e-02
2.436565656565660820e+00
0.000000000000000000e+00
1.532727272727276269e+00
1.979797979797979016e-02
1.699989898989898407e+01
9.099898989898992596e+00
1.282727272727273160e+00
1.819191919191920914e-01
0.000000000000000000e+00
1.730303030303027345e+00
0.000000000000000000e+00
2.892929292929289797e+00
4.797979797979800426e-02
5.696969696969710062e-02
5.045454545454541861e-01
6.285020202020206881e+01
2.516161616161619041e-01
5.473737373737365131e-01
4.175757575757579887e-01
2.120202020202017312e+00
4.631989898989901633e+01
2.008393939393939576e+01
2.268545454545454376e+01
9.867676767676782923e-01
1.632323232323233952e+00
6.357575757575759656e-01
3.004040404040404511e-01
5.899898989898992419e+00
0.000000000000000000e+00
1.980191919191918259e+01
1.011616161616162968e+00
2.214040404040405363e+00
5.853535353535344044e-01
6.021616161616160312e+00
9.565656565656548427e-01
0.000000000000000000e+00
1.160202020202022011e+00
1.879595959595957710e+00
2.368282828282827435e+00
6.796969696969695995e+00
3.711717171717172192e+00
8.673535353535344328e+00
1.706161616161618655e+00
1.504141414141415556e+00
1.237777777777779420e+00
1.004646464646463233e+00
9.769696969696958222e-01
9.999999999999993269e-03
2.358585858585862394e-01
1.917878787878787739e+00
2.216161616161613779e+00
1.911171717171717077e+01
1.734848484848486860e+00
8.706060606060602725e-01
8.532323232323234530e-01
1.173636363636365809e+00
2.300404040404036010e+00
1.598989898989897351e-01
1.025252525252525332e-01
2.560606060606064882e-01
1.037616161616162280e+01
1.266868686868686700e+00
3.437777777777776489e+00
3.113838383838382295e+00
2.361818181818184925e+00
0.000000000000000000e+00
0.000000000000000000e+00
1.239797979797983007e+00
6.371818181818176718e+00
4.379696969696970399e+01
1.463535353535356798e+00
4.681818181818178104e+00
1.232525252525251691e+00
6.844444444444464093e-01
1.401818181818183184e+00
1.714545454545452818e+00
7.763434343434346019e+00
9.999999999999949901e-03
6.232929292929287435e+00
5.000000000000003053e-02
2.939393939393943403e-02
2.361515151515151789e+00
1.554545454545456507e-01
1.979797979797979016e-02
2.041010101010098499e+00
2.149595959595959727e+00
1.597919191919191206e+01
8.374747474747464837e-01
1.280707070707069128e+00
4.825353535353535506e+00
1.781717171717168702e+00
1.938434343434344953e+01
1.767676767676769956e+00
1.882222222222222019e+00
2.488888888888884932e-01
1.944545454545456797e+00
1.421686868686868266e+01
1.993535353535354160e+00
0.000000000000000000e+00
2.219595959595964008e+00
9.691919191919208254e-01
4.895151515151515476e+00
1.695959595959593003e-01
2.187575757575761060e+00
1.616161616161617132e-01
1.134949494949495818e+00
1.060101010101007324e+00
6.417171717171727963e-01
1.716161616161615111e+00
9.999999999999979391e-03
1.144848484848482784e+00
1.757575757575760012e-01
2.403030303030307957e-01
9.391919191919206877e-01
1.458888888888885571e+00
3.878787878787880172e-02
3.878787878787880172e-02
1.198383838383839661e+00
4.878787878787873011e-01
0.000000000000000000e+00
0.000000000000000000e+00
1.123131313131311870e+00
2.320303030303027647e+00
2.229696969696973063e+00
2.939393939393944444e-02
4.524646464646456145e+00
1.053939393939395508e+00
5.988888888888889817e+00
4.425050505050502458e+00
6.903232323232320944e+00
1.871818181818178717e+00
1.461646464646464771e+01
7.537373737373742610e-01
1.866262626262624957e+00
0.000000000000000000e+00
1.423636363636363589e+00
1.603131313131315405e+00
1.987979797979799734e+00
9.515151515151502870e-02
1.882929292929294229e+00
1.116666666666667806e+00
1.554545454545456507e-01
1.073737373737376100e+00
1.430909090909090020e+00
1.733333333333332560e-01
2.275858585858587357e+00
8.272727272727277426e-02
1.287878787878785347e-01
9.090909090909075896e-02
0.000000000000000000e+00
6.792232323232323665e+01
1.130000000000002558e+00
2.768979797979799429e+01
4.210101010101017782e-01
2.831111111111110912e+00
3.138484848484844214e+00
2.318989898989903597e+00
4.878787878787886612e-02
1.057272727272725366e+00
1.243434343434341449e-01
5.448686868686865026e+00
1.979797979797979363e-02
3.024141414141415130e+00
2.467373737373736109e+00
0.000000000000000000e+00
2.179797979797983287e-01
1.490909090909092738e-01
9.999999999999991535e-03
2.378787878787872734e-01
0.000000000000000000e+00
4.407070707070704363e-01
1.053030303030301651e+00
2.904444444444448159e+00
3.523989898989900382e+01
2.379797979797985685e-01
1.287878787878785070e-01
0.000000000000000000e+00
2.984848484848489081e-01
1.979797979797979710e-02
1.741717171717170665e+00
4.919191919191921725e-02
1.474646464646465205e+00
2.624242424242423377e-01
1.611717171717173214e+00
1.054444444444442963e+00
9.649595959595963279e+00
2.111717171717170771e+00
0.000000000000000000e+00
8.272727272727277426e-02
1.061313131313133651e+00
1.427777777777778923e+00
1.529898989898990758e+00
2.529191919191914550e+00
9.090909090909086998e-02
9.630606060606059060e+00
2.555666666666667197e+01
1.039090909090911508e+00
2.431313131313129206e-01
1.050707070707070034e+00
1.878585858585861024e+00
2.316161616161618753e+00
1.193737373737371987e+00
2.160606060606058143e-01
1.815050505050508800e+00
3.521111111111111303e+00
1.538383838383838409e+00
2.006363636363632796e+00
2.821323232323232588e+01
1.235858585858583547e+00
3.298999999999999488e+01
1.121818181818180937e+00
1.230909090909092285e+00
5.718888888888887578e+00
1.739191919191922509e+00
9.730303030303021350e-01
0.000000000000000000e+00
4.235454545454549802e+00
3.271717171717168360e-01
8.413131313131315681e-01
2.827969696969699243e+01
2.275656565656566599e+00
3.458747474747474371e+01
1.974545454545457268e+00
2.358585858585861839e-01
1.816767676767675477e+00
2.033737373737374288e+00
2.422626262626264015e+00
6.575757575757590345e-02
2.521212121212118573e-01
4.569727272727271838e+01
3.703434343434345966e+00
6.092424242424241854e+00
6.575757575757590345e-02
7.984848484848481309e-01
9.210101010101020558e-01
5.123333333333333961e+00
4.797979797979799732e-02
1.510101010101012609e-01
0.000000000000000000e+00
3.372727272727273018e+00
1.582525252525254666e+00
2.330303030303024492e-01
1.380030303030302186e+01
7.853535353535364694e-01
6.858585858585855566e-02
2.475757575757577267e-01
1.603434343434345433e+00
2.418181818181821097e+00
4.257454545454544359e+01
5.410404040404035442e+00
9.999999999999981126e-03
0.000000000000000000e+00
2.176767676767672466e-01
6.653939393939396041e+00
1.770707070707068009e+00
0.000000000000000000e+00
5.501010101010097575e-01
1.932929292929291387e+00
1.530606060606060970e+00
1.226868686868684888e+00
1.769494949494950786e+00
2.757878787878790039e+00
1.797979797979799121e+00
1.386464646464643291e+00
0.000000000000000000e+00
0.000000000000000000e+00
2.291717171717167822e+00
3.468686868686870484e-01
0.000000000000000000e+00
3.322222222222229182e-01
2.036363636363636709e-01
3.106060606060607188e-01
2.918383838383839191e+00
1.326666666666668437e+00
1.168080808080806943e+00
2.552525252525248978e-01
0.000000000000000000e+00
3.818181818181818343e-01
3.644040404040404635e+00
2.377575757575759674e+00
3.029292929292930925e+00
1.172626262626263349e+00
7.009090909090898158e-01
9.177777777777784696e-01
1.272525252525253503e+00
2.439090909090913861e+00
6.042454545454548764e+01
1.453636363636362505e+00
1.390101010101009837e+00
6.076767676767665938e-01
2.157979797979796110e+00
5.456262626262623705e+00
1.032626262626261893e+00
5.016161616161614045e-01
0.000000000000000000e+00
1.467777777777776071e+00
8.897979797979816974e-01
2.817070707070710167e+00
2.266666666666662111e-01
3.878787878787880172e-02
8.272727272727277426e-02
1.938787878787876284e+00
2.939393939393942362e-02
0.000000000000000000e+00
1.059595959595958536e+00
1.041515151515151594e+01
2.736262626262628395e+00
2.041888888888889753e+01
0.000000000000000000e+00
2.595959595959599353e-01
1.644848484848485670e+00
1.121212121212119966e-01
2.140808080808076941e+00
2.138282828282830561e+00
0.000000000000000000e+00
2.900909090909093546e+00
2.958494949494948756e+01
9.436363636363657159e-01
1.592222222222222650e+00
8.030202020202011681e+00
1.733636363636363864e+00
1.473232323232322338e+00
2.616060606060605753e+00
1.979797979797979016e-02
6.418181818181827314e-01
3.213030303030301127e+00
4.686868686868678746e-01
3.268181818181821630e+00
1.707373737373733880e+00
4.765050505050506757e+00
1.999999999999995531e-02
1.728282828282825534e+00
1.316161616161617975e-01
5.953535353535346353e-01
4.852424242424250522e+00
2.820868686868685771e+01
9.979797979797970342e+00
8.246464646464654047e-01
1.999999999999998307e-02
1.019939393939394456e+01
1.227777777777780299e+00
3.167676767676767535e-01
2.021393939393939476e+01
1.096363636363634209e+00
1.166666666666667518e-01
1.533131313131309792e+00
1.984949494949493465e+00
3.878787878787880172e-02
1.445555555555554594e+00
1.066666666666668678e-01
2.934040404040403782e+00
0.000000000000000000e+00
1.626767676767677084e+00
8.657575757575745046e-01
3.878787878787879478e-02
1.209404040404039193e+01
1.142424242424245201e-01
5.717979797979801937e+00
1.020707070707072450e+00
1.675757575757577666e-01
2.498888888888885162e+00
0.000000000000000000e+00
2.487070707070710096e+00
7.886868686868692135e-01
6.952101010101013401e+01
1.770303030303029601e+00
1.251252525252524528e+01
7.813636363636367932e+00
1.428484848484850467e+00
9.999999999999984596e-03
1.685050505050503356e+00
3.260404040404044856e+00
1.834949494949496440e+00
1.953030303030300674e+00
2.327272727272732267e-01
2.090747474747474755e+01
9.268686868686883962e-01
1.616161616161617132e-01
2.431515151515149409e+00
1.383333333333335302e+00
2.373737373737374867e-01
6.441363636363635692e+01
2.612020202020204795e+00
1.364040404040405496e+00
4.605454545454539250e+00
1.665656565656563615e+00
1.726646464646464096e+01
0.000000000000000000e+00
1.979797979797979363e-02
1.454343434343433383e+00
1.151010101010100373e+00
4.640838383838386250e+01
2.064848484848482268e+00
1.454545454545451144e-01
1.438989898989899263e+00
2.758080808080810353e+00
0.000000000000000000e+00
4.491212121212123876e+00
5.259909090909091134e+01
9.178787878787895149e-01
3.222222222222230203e-01
2.767676767676771621e-01
7.761818181818186169e+00
1.675757575757577666e-01
6.781020202020202703e+01
1.979797979797979363e-02
6.321212121212117507e-01
1.999999999999998307e-02
1.947777777777778718e+00
2.488888888888884654e-01
9.999999999999955105e-03
1.111818181818183815e+00
2.923232323232315966e-01
4.152626262626264264e+01
2.543434343434349265e-01
1.549898989898988111e+00
2.560606060606065437e-01
2.036363636363638652e-01
9.622222222222218679e-01
1.874141414141417217e+00
2.846464646464649251e-01
4.416262626262631663e+00
3.878787878787880172e-02
2.182424242424237271e+00
1.608787878787877546e+00
4.639797979797982919e+00
1.954545454545453032e+00
3.776868686868683156e+00
9.843434343434365186e-01
2.939393939393944444e-02
6.753535353535368158e-01
1.788888888888889306e-01
4.946464646464650561e-01
5.184101010101010587e+01
4.397888888888887493e+01
1.055959595959597985e+00
2.140404040404038644e-01
1.015252525252527072e+00
4.211323232323232446e+01
3.027676767676764857e+00
2.217171717171718459e+00
3.525252525252529634e-01
1.490707070707070203e+00
3.058585858585862738e-01
1.697676767676766785e+00
6.602121212121215876e+01
3.393939393939401361e-01
6.858585858585854178e-02
2.110808080808078913e+00
4.752979797979797638e+01
1.301616161616160561e+00
2.300404040404042671e+00
1.893939393939393923e-01
4.381717171717180115e+00
1.893939393939393923e-01
0.000000000000000000e+00
2.121212121212122381e-01
1.978323232323233327e+01
4.325151515151518744e+00
9.080060606060609985e+01
0.000000000000000000e+00
6.043434343434348488e-01
1.885151515151516577e+00
1.519898989898988084e+00
1.287878787878785347e-01
1.425656565656565622e+00
1.284949494949492399e+00
2.737373737373741678e-01
9.646262626262625872e+00
1.979797979797979016e-02
2.912121212121218661e-01
2.710101010101011454e+00
1.979797979797979016e-02
3.379797979797975471e-01
1.123535353535351833e+00
1.600202020202020625e+00
1.096434343434343184e+01
9.634343434343463075e-01
3.097979797979805161e-01
1.936060606060610478e+00
2.430303030303024858e-01
1.137070707070709341e+00
6.621212121212136648e-01
0.000000000000000000e+00
1.207090909090909037e+01
2.160606060606058143e-01
2.443434343434337797e-01
0.000000000000000000e+00
1.216161616161617331e-01
1.979797979797979016e-02
1.292525252525254409e+00
1.942424242424241887e-01
5.173737373737365974e-01
9.090909090909086998e-02
1.830909090909090597e+00
1.252525252525254151e+00
2.505959595959601049e+00
1.595757575757576152e+00
3.066464646464643895e+00
2.668484848484842242e+00
2.970262626262625361e+01
7.892989898989897313e+01
1.884242424242421388e+00
1.154848484848485013e+00
9.584949494949489335e+00
2.079797979797982366e-01
4.243333333333334956e+00
9.999999999999949901e-03
3.757575757575755127e+00
1.055656565656567070e+00
0.000000000000000000e+00
1.494040404040407388e+00
1.970707070707073127e-01
1.979797979797979016e-02
4.013030303030300061e+00
4.334060606060605636e+01
2.722222222222218102e-01
1.194747474747476002e+00
1.897171717171713290e+00
4.765151515151519135e+00
1.148383838383836952e+00
1.294343434343435462e+00
2.567676767676774774e-01
1.441818181818182998e+00
1.142424242424244785e-01
1.546565656565655589e+00
3.423636363636361146e+00
1.201414141414142600e+00
1.784848484848482242e+00
4.539393939393934763e-01
2.197979797979799643e-01
2.073434343434347849e+00
2.230303030303033285e-01
4.994646464646462114e+00
5.110404040404040948e+00
1.431212121212122934e+00
4.894848484848481895e+00
8.272727272727277426e-02
3.061616161616161347e-01
2.722222222222218102e-01
1.216060606060603622e+00
2.613535353535349604e+00
5.696969696969710062e-02
1.774646464646464583e+00
1.791515151515149951e+00
7.044131313131315153e+01
1.287878787878785625e-01
8.448383838383845656e+00
1.813131313131312594e-01
2.915151515151516159e-01
8.002828282828284401e+00
2.590808080808083780e+00
1.418787878787876267e+00
2.063636363636364435e-01
4.069202020202021686e+01
2.752525252525250821e+00
2.176767676767674686e+00
1.837373737373736160e-01
2.713131313131315059e-01
7.401010101010091491e-01
2.685959595959590551e+00
8.531010101010103597e+00
0.000000000000000000e+00
1.979797979797979363e-02
9.163636363636349369e-01
1.133232323232322258e+00
2.283939393939391049e+00
4.771818181818185955e+00
3.129292929292929237e+00
1.678686868686866118e+00
3.355555555555551628e-01
0.000000000000000000e+00
0.000000000000000000e+00
2.603535353535352481e+00
1.750404040404036632e+00
2.419494949494955360e+00
1.166666666666667934e-01
2.434747474747477991e+00
9.182626262626257585e+00
3.324242424242428440e-01
2.207676767676771235e+01
2.435353535353533605e+00
2.956565656565651956e+00
1.263636363636364779e+00
5.046060606060599696e+00
1.883232323232326921e+00
0.000000000000000000e+00
1.382828282828281630e+00
2.962525252525249897e+00
1.490909090909092460e-01
2.028282828282825356e+00
1.116969696969698278e+00
2.216929292929291151e+01
5.777878787878785616e+00
1.093131313131311178e+00
1.227575757575758431e+00
6.878787878787884225e-02
2.354545454545460548e-01
1.979797979797979710e-02
2.411111111111112759e-01
1.665555555555556566e+00
3.960606060606062240e-01
5.141414141414151207e-01
1.361515151515153121e+00
1.291373737373736574e+01
1.521171717171717397e+01
1.208787878787881853e+00
0.000000000000000000e+00
1.142424242424244785e-01
1.379262626262625169e+01
1.052424242424240930e+00
2.475353535353534085e+00
2.691818181818177891e+00
9.999999999999993269e-03
9.211111111111119909e-01
1.525252525252528690e-01
9.999999999999977657e-03
1.358666666666666600e+01
1.489191919191918734e+00
1.647575757575760580e+00
3.691919191919196819e-01
2.220404040404039048e+00
2.968686868686864488e-01
1.992929292929292107e+00
5.594949494949494451e+00
1.259191919191921416e+00
1.600303030303031226e+00
5.696969696969712837e-02
2.291212121212118369e+00
8.795757575757576774e+00
1.514141414141416009e+00
7.679797979797970964e-01
9.999999999999956840e-03
8.434343434343444246e-02
1.185353535353533827e+00
2.563838383838383361e+00
1.029696969696968445e+00
1.943434343434342904e-01
5.270505050505046363e+00
3.354858585858585229e+01
2.817171717171715883e+00
3.143333333333337531e+00
3.059191919191919684e+00
7.262626262626264984e-01
2.266666666666661833e-01
5.599060606060604073e+01
3.647747474747473007e+01
1.026666666666668615e+00
1.396767676767676436e+00
2.885959595959591617e+00
1.850303030303029228e+00
1.806262626262621795e+00
7.242424242424245762e-01
0.000000000000000000e+00
8.272727272727277426e-02
1.689191919191919355e+00
1.147262626262626384e+01
2.308181818181814116e+00
2.773474747474748270e+01
1.631424242424241910e+01
7.712121212121211045e+00
1.110505050505051994e+00
1.067676767676767474e-01
2.016363636363641021e+00
1.404646464646464921e+00
0.000000000000000000e+00
6.684909090909091844e+01
6.059595959595953651e-01
7.798989898989895364e-01
9.089898989898979043e-01
2.278787878787882359e+00
1.302424242424245593e+00
1.861212121212120207e+00
2.902020202020203499e+00
5.696969696969712837e-02
0.000000000000000000e+00
3.262080808080808225e+01
1.603939393939395108e+00
3.124555555555557262e+01
2.136363636363637353e-01
1.654242424242424292e+00
0.000000000000000000e+00
1.669313131313130327e+01
0.000000000000000000e+00
6.793131313131311799e+00
0.000000000000000000e+00
4.673737373737377188e-01
1.902383838383837400e+01
1.397878787878787943e+00
1.766767676767674988e+00
5.109000000000001052e+01
2.341010101010098765e+00
2.944949494949490987e+00
7.676767676767660975e-02
1.492626262626263411e+00
9.999999999999977657e-03
1.978282828282829975e+00
1.462484848484848676e+01
8.636363636363626750e-02
1.697414141414140687e+01
7.704878787878791968e+01
1.379393939393941171e+00
0.000000000000000000e+00
2.301515151515153956e+00
3.525686868686869246e+01
2.790404040404041552e+00
1.192222222222225403e+00
3.010010101010101025e+01
9.999999999999953371e-03
1.003939393939395019e+00
0.000000000000000000e+00
2.399999999999995748e-01
4.242979797979798917e+01
2.036363636363636709e-01
5.938888888888887330e+00
4.903636363636365125e+00
1.794242424242424860e+00
8.316161616161606984e-01
2.812121212121209135e-01
3.016161616161622816e-01
1.001919191919190766e+00
4.764646464646463464e+00
1.921111111111106995e+00
1.970404040404039492e+00
9.888888888888905382e-02
7.218181818181814702e-01
7.251212121212115669e+00
2.710474747474748369e+01
1.249494949494947882e+00
7.687878787878779097e-01
2.369898989898994834e+00
6.575757575757587570e-02
5.180161616161617388e+01
1.649393939393939856e+00
8.860606060606044387e-01
3.513333333333331421e+00
1.004242424242423048e+00
1.385656565656563144e+00
3.310202020202021256e+00
1.554545454545455951e-01
4.168686868686865554e-01
0.000000000000000000e+00
4.809090909090913968e-01
2.653636363636362905e+00
5.482434343434340462e+01
4.170616161616161577e+01
1.867575757575758777e+00
2.624242424242423377e-01
1.593030303030304573e+00
1.476262626262623723e+00
2.367575757575752782e+00
2.543434343434349820e-01
2.784444444444444056e+00
0.000000000000000000e+00
3.803030303030301429e+00
1.435252525252527223e+00
1.306161616161616745e+00
1.231616161616163163e+00
2.846363636363636651e+00
2.616161616161620240e-01
5.647474747474749535e+01
1.959494949494944960e+00
8.201919191919190055e+00
1.569898989898992570e+00
2.026060606060608116e+00
1.347676767676768694e+00
1.671818181818185423e+00
1.101010101010099662e+00
8.899595959595956174e+00
9.593939393939410198e-01
1.712424242424238630e+00
1.927171717171714871e+00
3.959595959595958031e-02
6.261616161616169185e-01
8.766666666666669272e-01
2.049494949494951701e+00
1.658888888888887969e+00
2.462929292929292746e+00
2.160606060606058421e-01
2.939393939393943056e-02
2.260606060606056567e-01
0.000000000000000000e+00
6.966666666666655461e-01
9.999999999999981126e-03
3.524242424242423621e-01
1.715757575757576481e+00
2.290707070707071580e+00
1.216161616161617470e-01
1.943434343434342904e-01
6.353838383838384729e+00
1.346969696969698704e+00
8.914141414141418807e+00
2.939393939393943403e-02
0.000000000000000000e+00
1.575656565656565089e+00
9.272727272727274150e-02
0.000000000000000000e+00
1.040000000000000258e+00
3.444141414141417279e+00
9.999999999999979391e-03
1.617676767676766270e+00
1.852929292929294425e+00
2.909494949494950244e+00
7.434343434343430868e-02
1.247474747474748985e-01
