4.617676767676768712e+00
2.090707070707067849e+00
0.000000000000000000e+00
1.042020202020200292e+00
4.896767676767673549e+00
8.268686868686868641e-01
2.509090909090911370e-01
2.900909090909087329e+00
2.297979797979792516e-01
2.941313131313128881e+00
8.768767676767680541e+01
2.834343434343438717e-01
9.999999999999949901e-03
1.557070707070708826e+00
2.452929292929286298e+00
6.054040404040406997e+00
1.999999999999996919e-02
1.287878787878785347e-01
4.749737373737374213e+01
1.088686868686870701e+00
0.000000000000000000e+00
1.018484848484847216e+00
2.957777777777779615e+00
2.354545454545460548e-01
0.000000000000000000e+00
5.696969696969707980e-02
2.359898989898992383e+00
4.939393939393937893e-02
3.959595959595958031e-02
1.412020202020203730e+00
6.363434343434343887e+00
1.590909090909091994e-01
3.929292929292935721e-01
1.132727272727275469e+00
2.127171717171715937e+00
1.853030303030300585e+00
8.398171717171717887e+01
4.229393939393941793e+01
2.601010101010097775e-01
3.464141414141414632e+00
1.227494949494949594e+01
9.880808080808090033e-01
2.579999999999996962e+00
1.365858585858588770e+00
2.564242424242424878e+00
2.939393939393941668e-02
3.688888888888892104e-01
0.000000000000000000e+00
3.596161616161615893e+00
2.167707070707071537e+01
2.518282828282833119e+00
0.000000000000000000e+00
1.554545454545456507e-01
9.821212121212113955e-01
3.144040404040405079e+00
7.266666666666676822e-01
1.717373737373735665e+00
6.497979797979808181e-01
5.126666666666664263e+00
1.816363636363634848e+00
5.584070707070709716e+01
1.747373737373739244e+00
3.681121212121210817e+01
0.000000000000000000e+00
2.306161616161620742e+00
1.745454545454545314e-01
6.378484848484845315e+00
2.400303030303025498e+00
2.525252525252525415e-01
1.142424242424244091e-01
3.399393939393942521e+00
7.434343434343430868e-02
2.303939393939393288e+00
3.843131313131315618e+00
1.959595959595960279e-01
5.835696969696969205e+01
2.700505050505046523e+00
2.006363636363632352e+00
4.135626262626263383e+01
3.395959595959600064e-01
1.236969696969699495e+00
1.733232323232323235e+00
1.109090909090912902e-01
6.925656565656564290e+00
7.235757575757574500e+00
2.948484848484852261e+00
1.214040404040402255e+00
3.214040404040401366e+00
1.065858585858588059e+00
2.495959595959599264e-01
2.205050505050506204e-01
1.735656565656567452e+00
3.959595959595958725e-02
2.621717171717170114e+00
2.023535353535354631e+00
4.967676767676778571e-01
2.908282828282824362e+00
2.145353535353534902e+00
1.948080808080808524e+00
8.418777777777778226e+01
4.130202020202021984e+00
9.999999999999960310e-03
1.414141414141414088e-01
1.729757575757575339e+01
2.621212121212116997e-01
1.694040404040405789e+00
1.224040404040406260e+00
1.069292929292928296e+00
2.521212121212118573e-01
3.446262626262623918e+00
3.291919191919195908e-01
9.090909090909091161e-02
7.434343434343430868e-02
3.469393939393939696e+00
2.564343434343440808e+00
3.230303030303026679e-01
0.000000000000000000e+00
3.696565656565656166e+00
1.781111111111111311e+00
9.815555555555548040e+00
7.807171717171710768e+00
1.457575757575759745e+00
3.639393939393946731e-01
1.929090909090908745e+00
2.971919191919190961e+00
4.358585858585867778e-01
1.676161616161613077e+00
1.142424242424244785e-01
1.041757575757576859e+01
1.999999999999992409e-02
9.999999999999965514e-03
3.878787878787880172e-02
1.093939393939394600e-01
2.221717171717175088e+00
1.300909090909091681e+00
2.292666666666668362e+01
2.524242424242423843e-01
4.489595959595960473e+00
1.685454545454547537e+00
0.000000000000000000e+00
1.490202020202020528e+00
1.921919191919189807e+00
6.777777777777772850e-02
2.552121212121216232e+00
2.266666666666661833e-01
2.847878787878786344e+00
1.691717171717173063e+00
3.703030303030306891e-01
2.017070707070704572e+00
2.979797979797979210e-02
3.337272727272727835e+00
1.414848484848482579e+00
0.000000000000000000e+00
2.780808080808081506e+00
5.506161616161620032e+00
1.188282828282827053e+00
1.891919191919190668e+00
6.344949494949502444e+00
1.630707070707069883e+00
1.376767676767675364e-01
9.090909090909075896e-02
0.000000000000000000e+00
1.888888888888889672e-01
1.939171717171717901e+01
2.805151515151510733e+00
8.053565656565653796e+01
1.425252525252529157e-01
1.705353535353538952e+00
1.229393939393940194e+01
1.694747474747477334e+00
1.282828282828285260e-01
2.112525252525250252e+00
1.615454545454542590e+00
0.000000000000000000e+00
1.061111111111113114e+00
1.115212121212122298e+01
2.154343434343430452e+00
2.473737373737380507e-01
1.905050505050503440e-01
1.350404040404041606e+00
1.145454545454546724e-01
1.847575757575759647e+00
1.247474747474748985e-01
2.840606060606062577e+00
9.658585858585870820e-01
1.158585858585861050e+00
2.231414141414139518e+00
1.539191919191918334e+00
1.864040404040404164e+00
2.443434343434337519e-01
2.969999999999998419e+00
2.315454545454540991e+00
1.691313131313129325e+00
1.895555555555551441e+00
4.878787878787887999e-02
3.107373737373734457e+00
0.000000000000000000e+00
2.247373737373739022e+00
6.797979797979801508e-02
2.485929292929293055e+01
1.324424242424241527e+01
1.386161616161617260e+00
2.224242424242427185e-01
0.000000000000000000e+00
2.214141414141412412e+00
0.000000000000000000e+00
4.183333333333328241e+00
5.797979797979802702e-02
9.888888888888897055e-02
5.258585858585864692e-01
8.410444444444439682e+01
2.524242424242423843e-01
8.739393939393967914e-01
4.369696969696971189e-01
2.794949494949494628e+00
6.720353535353537211e+01
2.639828282828283079e+01
2.877030303030304026e+01
1.217575757575756201e+00
1.795050505050502565e+00
6.668686868686869440e-01
3.296969696969688224e-01
6.247575757575760669e+00
0.000000000000000000e+00
2.816262626262626156e+01
1.327676767676766012e+00
2.987272727272721529e+00
8.765656565656563259e-01
7.777171717171713183e+00
1.202828282828285467e+00
0.000000000000000000e+00
1.276262626262623989e+00
2.510202020202014772e+00
3.527676767676769298e+00
8.029393939393942858e+00
4.087878787878791442e+00
1.050040404040403708e+01
2.215252525252522364e+00
2.098888888888890136e+00
1.521717171717171579e+00
1.360808080808080245e+00
1.164242424242425189e+00
1.979797979797979710e-02
2.136363636363637630e-01
2.190707070707071047e+00
2.847777777777774855e+00
2.458616161616161477e+01
2.531212121212119026e+00
1.051616161616159895e+00
1.107171717171718806e+00
1.560505050505049729e+00
3.337979797979796714e+00
2.302020202020202411e-01
1.203030303030304254e-01
2.656565656565655353e-01
1.165515151515152326e+01
1.803939393939391955e+00
4.013636363636370774e+00
4.737878787878788245e+00
2.988383838383838143e+00
0.000000000000000000e+00
0.000000000000000000e+00
2.018484848484852545e+00
8.417272727272729682e+00
5.293030303030301553e+01
2.134949494949499371e+00
6.598686868686868934e+00
1.929898989898990003e+00
7.837373737373729554e-01
2.022828282828283974e+00
2.177373737373742735e+00
7.944545454545458796e+00
1.979797979797979016e-02
8.364646464646463997e+00
5.040404040404038166e-02
2.939393939393943403e-02
3.322323232323234343e+00
1.733333333333332560e-01
6.575757575757590345e-02
2.802626262626265685e+00
2.491313131313135365e+00
2.036101010101010189e+01
1.279090909090910388e+00
1.623737373737371925e+00
7.131212121212120891e+00
2.589393939393937139e+00
2.804404040404039478e+01
2.422828282828280333e+00
2.189696969696969919e+00
2.509090909090911370e-01
2.547272727272722914e+00
1.795424242424242323e+01
2.524545454545457979e+00
0.000000000000000000e+00
2.494141414141409552e+00
1.362323232323235045e+00
7.361111111111114269e+00
1.959595959595958614e-01
2.627676767676765834e+00
1.893939393939393923e-01
1.348080808080807103e+00
1.427676767676769432e+00
7.319191919191931905e-01
2.004242424242426601e+00
3.979797979797979057e-02
1.480202020202020519e+00
2.583838383838387154e-01
2.379797979797985685e-01
1.231414141414139074e+00
1.959191919191916931e+00
9.888888888888901219e-02
7.575757575757584295e-02
1.406666666666666066e+00
4.901010101010097042e-01
0.000000000000000000e+00
0.000000000000000000e+00
1.491616161616159397e+00
3.146060606060604226e+00
3.199494949494951612e+00
4.878787878787898408e-02
5.555757575757575673e+00
1.214444444444446214e+00
7.818080808080805078e+00
5.823636363636360613e+00
8.802727272727272734e+00
2.103838383838384285e+00
1.722363636363635209e+01
9.221212121212107871e-01
2.315050505050508356e+00
0.000000000000000000e+00
1.929898989898992223e+00
2.280202020202025448e+00
2.901212121212118245e+00
6.818181818181823228e-02
2.447474747474742696e+00
1.178888888888890873e+00
1.943434343434342904e-01
1.312121212121213132e+00
1.721919191919193848e+00
1.990909090909090684e-01
3.167575757575754380e+00
7.434343434343430868e-02
1.554545454545456229e-01
1.142424242424244507e-01
0.000000000000000000e+00
9.595919191919192315e+01
1.340404040404041375e+00
2.992333333333334267e+01
4.439393939393939670e-01
3.645050505050502210e+00
4.851212121212124195e+00
2.578383838383835780e+00
1.009090909090911564e-01
9.368686868686886271e-01
1.163636363636361970e-01
8.976363636363629439e+00
2.939393939393943056e-02
4.036666666666659964e+00
3.879797979797979579e+00
1.979797979797979363e-02
2.036363636363636709e-01
2.082828282828283195e-01
9.999999999999965514e-03
2.900000000000004796e-01
0.000000000000000000e+00
4.552525252525259081e-01
1.347373737373738445e+00
4.153737373737368621e+00
5.269393939393943782e+01
2.524242424242421623e-01
1.616161616161617132e-01
0.000000000000000000e+00
3.207070707070697191e-01
5.696969696969703817e-02
2.496363636363640115e+00
5.878787878787884724e-02
1.536464646464648975e+00
3.005050505050506082e-01
1.756666666666668153e+00
1.386464646464644179e+00
1.218868686868686169e+01
2.690808080808081648e+00
9.999999999999972453e-03
1.142424242424243674e-01
1.404343434343435781e+00
1.892020202020204600e+00
1.645353535353533792e+00
3.072626262626264815e+00
1.554545454545456507e-01
1.407676767676768215e+01
3.532636363636365218e+01
1.438686868686867237e+00
2.940404040404043240e-01
1.308484848484849028e+00
2.236060606060602307e+00
3.116969696969699832e+00
1.323131313131314712e+00
2.297979797979792238e-01
1.853131313131311853e+00
4.939292929292925294e+00
1.798181818181821434e+00
2.752929292929297223e+00
4.083909090909092043e+01
1.487878787878788023e+00
4.913757575757577456e+01
1.575959595959598669e+00
1.626262626262623190e+00
7.746565656565657321e+00
2.080707070707069839e+00
1.243030303030305150e+00
0.000000000000000000e+00
5.956464646464642243e+00
3.915151515151512052e-01
1.332828282828282918e+00
3.352010101010102261e+01
3.101616161616162604e+00
4.243989898989898535e+01
2.749090909090905921e+00
2.746464646464641390e-01
2.772020202020201385e+00
2.389696969696966100e+00
3.775555555555552889e+00
1.514141414141411124e-01
2.616161616161620240e-01
6.060828282828283875e+01
4.608383838383840470e+00
8.561919191919194816e+00
1.066666666666668400e-01
8.608080808080827984e-01
1.242323232323228499e+00
6.463333333333332043e+00
8.272727272727277426e-02
2.005050505050503806e-01
0.000000000000000000e+00
5.041010101010100719e+00
2.130505050505051123e+00
2.648484848484845555e-01
1.908161616161616791e+01
8.862626262626261964e-01
1.973737373737371736e-01
2.460606060606066736e-01
1.997474747474742962e+00
3.323232323232316876e+00
4.975454545454541488e+01
7.829696969696976261e+00
6.575757575757587570e-02
0.000000000000000000e+00
2.803030303030298320e-01
8.845353535353540408e+00
2.318787878787877954e+00
0.000000000000000000e+00
5.929292929292918624e-01
2.667272727272722577e+00
2.219797979797983878e+00
1.521111111111108860e+00
2.568181818181820120e+00
3.705757575757575140e+00
2.553636363636365481e+00
2.124040404040407726e+00
4.797979797979808059e-02
0.000000000000000000e+00
2.482727272727274226e+00
4.064646464646459734e-01
0.000000000000000000e+00
3.400000000000006906e-01
2.079797979797981256e-01
3.514141414141414566e-01
3.422525252525252526e+00
1.668888888888889088e+00
1.372424242424243879e+00
2.767676767676771621e-01
0.000000000000000000e+00
3.978787878787878318e-01
4.583737373737371890e+00
2.384444444444446365e+00
4.198989898989898606e+00
1.557777777777778150e+00
9.274747474747464526e-01
1.217979797979796386e+00
1.810000000000002940e+00
3.047979797979799788e+00
6.730646464646466143e+01
1.889999999999997238e+00
1.834242424242423342e+00
6.684848484848485706e-01
3.522626262626263216e+00
7.238282828282828874e+00
1.282626262626265445e+00
5.534343434343440560e-01
0.000000000000000000e+00
1.954646464646462523e+00
1.110707070707068977e+00
3.496868686868687792e+00
2.379797979797985408e-01
4.797979797979803201e-02
1.242424242424244180e-01
2.520303030303035818e+00
4.797979797979804589e-02
9.999999999999951636e-03
1.207979797979795045e+00
1.311787878787878014e+01
3.231414141414142627e+00
2.638212121212121630e+01
0.000000000000000000e+00
2.479797979797984941e-01
2.354343434343436403e+00
1.695959595959592725e-01
2.858484848484851071e+00
2.752424242424246437e+00
0.000000000000000000e+00
4.242323232323236049e+00
3.974151515151513792e+01
9.635353535353541332e-01
2.079494949494951950e+00
9.405050505050503773e+00
2.805151515151517394e+00
1.718787878787879864e+00
3.047474747474750778e+00
4.797979797979805283e-02
8.365656565656557353e-01
6.065050505050511020e+00
4.895959595959600286e-01
4.206363636363637859e+00
2.117272727272724087e+00
6.165252525252529203e+00
0.000000000000000000e+00
1.896868686868688814e+00
2.004040404040407508e-01
5.594949494949505997e-01
6.019292929292925365e+00
3.483414141414143472e+01
1.425808080808080724e+01
8.334343434343445267e-01
3.939393939393939781e-02
1.567020202020200514e+01
1.799090909090913071e+00
3.409090909090906063e-01
2.822242424242425685e+01
1.432626262626264246e+00
1.264646464646464186e-01
1.996565656565655322e+00
2.520606060606065846e+00
6.575757575757588957e-02
1.627575757575755455e+00
8.272727272727277426e-02
3.798080808080809057e+00
0.000000000000000000e+00
2.282727272727267387e+00
1.164444444444444837e+00
1.088888888888889656e-01
1.452838383838383152e+01
1.357575757575757991e-01
9.251919191919188989e+00
1.451111111111109908e+00
1.842424242424241798e-01
3.176666666666666750e+00
0.000000000000000000e+00
3.328383838383838444e+00
8.704040404040404022e-01
8.904313131313131180e+01
2.130303030303033474e+00
1.682171717171716452e+01
1.103303030303030319e+01
1.744747474747474048e+00
4.797979797979802508e-02
2.131717171717173009e+00
4.310505050505056168e+00
2.208080808080804314e+00
2.397575757575756139e+00
2.403030303030307957e-01
2.838777777777778155e+01
1.237171717171719809e+00
1.842424242424241798e-01
2.930808080808077865e+00
1.921414141414140353e+00
3.159595959595964954e-01
7.737111111111113360e+01
3.010505050505050573e+00
1.721414141414145282e+00
5.477878787878793787e+00
2.312222222222224843e+00
2.462636363636364223e+01
0.000000000000000000e+00
8.434343434343428980e-02
1.860606060606059931e+00
1.687070707070703834e+00
5.804505050505053276e+01
2.113030303030300594e+00
1.695959595959592170e-01
1.859999999999997211e+00
3.473333333333330497e+00
0.000000000000000000e+00
6.302929292929289495e+00
7.422090909090907473e+01
1.264949494949494380e+00
3.688888888888892104e-01
3.013131313131315325e-01
1.016020202020201424e+01
1.893939393939393923e-01
9.987262626262625531e+01
5.797979797979803396e-02
5.840404040404038044e-01
9.999999999999991535e-03
2.514747474747478062e+00
2.803030303030299430e-01
9.999999999999991535e-03
1.264747474747472733e+00
3.303030303030295989e-01
5.811171717171716011e+01
2.624242424242423377e-01
2.109797979797984002e+00
2.863636363636367643e-01
2.179797979797982732e-01
1.349090909090909784e+00
2.872222222222219568e+00
3.211111111111107363e-01
6.129191919191916860e+00
9.272727272727272763e-02
2.563939393939397515e+00
2.244747474747470939e+00
6.093838383838386719e+00
2.311313131313133873e+00
5.321515151515148645e+00
1.069494949494948388e+00
6.575757575757587570e-02
1.024545454545455092e+00
2.141414141414140215e-01
5.240404040404047503e-01
7.179010101010106837e+01
6.196111111111108016e+01
1.465757575757575593e+00
2.690909090909092694e-01
1.445858585858585732e+00
6.409959595959595902e+01
3.682222222222221397e+00
3.154141414141413691e+00
3.850505050505054760e-01
2.039797979797975280e+00
3.869696969696964639e-01
2.280606060606060748e+00
9.821272727272729242e+01
3.514141414141413455e-01
1.065656565656562804e-01
3.272828282828287971e+00
6.105272727272726030e+01
1.336464646464647910e+00
3.666666666666664742e+00
2.036363636363636709e-01
5.694141414141419943e+00
2.233333333333338555e-01
0.000000000000000000e+00
2.266666666666662389e-01
3.107060606060608166e+01
5.989494949494942766e+00
1.164262626262626128e+02
1.979797979797979016e-02
6.212121212121217706e-01
2.360606060606058598e+00
1.815656565656565080e+00
1.616161616161617132e-01
1.930707070707068373e+00
1.778888888888892295e+00
3.069696969696973921e-01
1.363828282828283101e+01
3.878787878787880172e-02
3.472727272727269554e-01
3.415151515151514161e+00
3.878787878787880172e-02
3.736363636363645990e-01
1.442525252525251878e+00
2.008484848484850982e+00
1.533242424242424562e+01
1.160404040404042991e+00
3.413131313131312905e-01
2.492323232323229387e+00
3.129292929292937231e-01
1.553333333333333677e+00
8.513131313131323541e-01
0.000000000000000000e+00
1.826505050505051031e+01
2.197979797979799643e-01
2.443434343434337797e-01
9.999999999999982861e-03
1.357575757575757991e-01
2.939393939393943403e-02
1.650707070707068347e+00
1.986868686868689671e-01
6.054545454545462446e-01
1.287878787878785347e-01
2.218484848484851835e+00
1.738888888888891593e+00
3.272121212121213318e+00
2.333131313131313167e+00
4.100101010101009358e+00
3.266464646464647625e+00
3.694222222222221319e+01
8.984737373737371513e+01
2.589292929292929646e+00
1.909696969696966562e+00
1.480747474747474790e+01
2.121212121212122381e-01
5.104949494949488908e+00
0.000000000000000000e+00
3.883737373737377929e+00
1.266565656565654230e+00
0.000000000000000000e+00
2.032424242424243577e+00
2.399999999999995748e-01
3.878787878787880172e-02
5.339696969696969830e+00
5.396595959595958902e+01
3.041414141414146011e-01
1.383737373737373044e+00
2.167272727272731014e+00
5.364141414141424313e+00
1.395454545454547057e+00
1.590101010101013346e+00
3.165656565656562171e-01
1.798686868686870000e+00
1.425252525252528879e-01
1.586060606060602396e+00
4.139191919191917535e+00
1.429797979797978957e+00
2.254545454545449079e+00
5.193939393939399629e-01
2.327272727272732267e-01
2.589797979797975547e+00
2.734343434343430856e-01
7.452424242424243062e+00
6.226161616161616230e+00
1.649191919191920430e+00
7.244242424242417933e+00
1.142424242424244091e-01
3.153535353535360519e-01
2.621212121212116997e-01
1.967171717171721568e+00
3.234141414141411541e+00
8.272727272727277426e-02
2.546666666666666412e+00
1.977979797979802834e+00
9.859323232323228581e+01
1.675757575757576834e-01
1.149040404040404262e+01
1.723232323232320173e-01
4.025252525252531188e-01
1.149434343434343297e+01
3.682020202020202415e+00
1.784545454545451326e+00
3.010101010101016161e-01
5.701272727272727536e+01
3.364242424242424256e+00
2.700101010101008558e+00
2.863636363636360982e-01
3.154545454545451544e-01
9.218181818181813147e-01
3.220303030303035552e+00
1.066292929292929337e+01
0.000000000000000000e+00
5.696969696969707286e-02
1.269292929292926919e+00
1.481818181818179481e+00
3.218888888888886690e+00
6.983838383838385511e+00
4.277070707070701694e+00
1.972727272727276659e+00
3.593939393939390436e-01
0.000000000000000000e+00
0.000000000000000000e+00
3.267070707070706348e+00
2.346262626262625606e+00
3.190909090909089141e+00
1.088888888888888684e-01
2.928686868686869893e+00
1.125343434343434801e+01
3.963636363636363624e-01
2.930545454545455186e+01
2.700404040404044359e+00
4.224949494949497009e+00
1.747171717171715155e+00
6.212020202020209325e+00
2.434848484848487704e+00
9.999999999999953371e-03
1.910505050505049596e+00
3.484242424242419034e+00
1.590909090909091994e-01
2.128585858585852364e+00
1.047878787878785189e+00
2.791383838383836746e+01
6.632525252525247161e+00
1.637070707070704456e+00
1.314545454545454906e+00
6.818181818181824616e-02
2.379797979797985685e-01
5.696969696969712144e-02
2.309090909090907862e-01
2.221515151515153885e+00
4.120202020202023974e-01
5.405050505050518206e-01
1.884848484848487660e+00
1.581030303030303585e+01
2.165171717171717702e+01
1.366666666666665586e+00
0.000000000000000000e+00
1.357575757575757991e-01
1.748868686868685529e+01
1.136060606060607103e+00
2.962727272727272876e+00
3.251111111111112617e+00
9.999999999999995004e-03
1.226767676767678728e+00
1.675757575757576556e-01
3.939393939393939781e-02
1.804303030303029942e+01
2.456464646464648016e+00
2.187373737373733640e+00
4.030303030303022949e-01
2.945454545454540884e+00
3.251515151515153579e-01
3.254343434343436314e+00
7.249898989898993840e+00
1.857878787878783022e+00
1.845555555555554283e+00
8.272727272727277426e-02
2.251717171717172228e+00
1.275020202020201765e+01
2.148181818181817082e+00
9.465656565656554999e-01
0.000000000000000000e+00
2.295959595959589927e-01
1.628888888888888609e+00
3.130505050505048459e+00
1.057878787878789639e+00
1.943434343434342904e-01
6.922626262626260463e+00
4.621585858585857665e+01
3.646666666666660284e+00
4.013535353535355732e+00
4.172828282828274560e+00
1.139999999999998792e+00
2.460606060606066181e-01
7.091666666666665719e+01
5.215767676767678296e+01
1.555353535353533045e+00
1.800505050505049054e+00
3.761717171717173791e+00
2.529393939393938862e+00
2.507676767676773721e+00
9.893939393939382709e-01
0.000000000000000000e+00
1.066666666666668400e-01
2.223737373737371126e+00
1.789555555555555699e+01
3.304141414141409605e+00
4.263262626262625332e+01
2.046383838383838594e+01
1.144383838383837571e+01
1.317878787878785873e+00
1.437373737373740801e-01
2.889999999999997460e+00
1.649898989898989088e+00
0.000000000000000000e+00
7.340555555555555145e+01
7.695959595959587229e-01
8.543434343434345157e-01
1.175151515151516834e+00
3.500707070707073321e+00
1.357373737373738676e+00
2.377575757575757454e+00
3.501515151515151913e+00
7.575757575757584295e-02
0.000000000000000000e+00
4.529727272727272691e+01
1.980909090909087622e+00
4.429333333333334366e+01
2.713131313131315059e-01
1.856868686868688112e+00
0.000000000000000000e+00
2.810343434343433344e+01
0.000000000000000000e+00
1.009606060606060041e+01
0.000000000000000000e+00
5.004040404040396295e-01
2.139292929292930623e+01
2.310909090909091912e+00
2.226161616161614454e+00
6.266303030303028976e+01
2.790202020202024347e+00
3.383232323232316485e+00
9.575757575757577744e-02
2.451919191919195828e+00
3.878787878787880172e-02
3.244343434343436972e+00
1.869676767676767071e+01
1.857575757575755382e-01
2.642818181818181245e+01
1.020365656565656423e+02
1.827777777777774837e+00
0.000000000000000000e+00
3.262121212121208647e+00
4.546888888888887692e+01
3.735656565656568784e+00
1.380101010101012937e+00
4.221595959595961745e+01
1.979797979797979016e-02
1.198989898989899494e+00
1.999999999999996225e-02
2.842424242424246850e-01
5.602747474747474143e+01
2.079797979797982366e-01
8.864545454545458725e+00
6.016767676767676321e+00
3.066767676767677919e+00
1.164747474747476419e+00
3.230303030303027789e-01
3.332323232323229911e-01
1.223636363636363411e+00
5.912525252525248298e+00
2.425353535353533374e+00
2.364747474747474598e+00
1.357575757575757991e-01
8.047474747474744339e-01
1.154838383838383820e+01
4.142767676767677898e+01
1.775656565656564823e+00
1.086464646464645467e+00
3.155454545454543513e+00
7.434343434343430868e-02
6.899707070707069079e+01
1.996161616161615582e+00
1.173131313131310804e+00
5.238686868686877496e+00
1.300101010101011534e+00
2.103333333333335275e+00
3.720202020202021842e+00
1.842424242424241798e-01
4.393939393939389482e-01
0.000000000000000000e+00
4.940404040404050567e-01
3.686363636363636953e+00
7.966131313131313618e+01
5.402828282828281203e+01
2.262525252525255937e+00
2.600000000000000644e-01
2.173535353535350545e+00
1.772828282828284419e+00
2.738888888888890261e+00
2.503030303030307491e-01
3.287373737373736837e+00
0.000000000000000000e+00
5.219292929292931760e+00
2.167575757575753492e+00
1.671515151515148512e+00
1.715454545454547119e+00
3.686363636363635177e+00
3.125252525252518176e-01
8.390848484848483224e+01
2.516767676767681206e+00
8.995050505050508960e+00
1.845050505050504164e+00
2.778282828282828909e+00
1.505757575757575184e+00
2.148080808080813586e+00
1.313232323232325749e+00
1.223181818181817349e+01
1.357777777777777972e+00
1.939797979797981187e+00
2.626161616161615253e+00
6.818181818181824616e-02
6.620202020202013982e-01
9.009090909090898824e-01
3.260000000000000675e+00
2.246868686868683795e+00
3.884343434343436652e+00
1.943434343434342904e-01
9.090909090909071733e-02
2.233333333333338555e-01
0.000000000000000000e+00
8.669696969696977229e-01
1.979797979797979363e-02
4.155555555555547897e-01
2.546060606060609910e+00
2.907474747474746213e+00
1.616161616161617132e-01
1.893939393939393923e-01
8.089797979797976879e+00
1.575555555555556708e+00
1.274545454545454426e+01
5.696969696969703817e-02
0.000000000000000000e+00
2.378282828282830330e+00
1.264646464646463908e-01
1.979797979797979363e-02
1.501313131313130489e+00
4.997373737373737690e+00
1.999999999999996225e-02
2.014040404040404297e+00
2.723131313131310183e+00
3.583434343434344527e+00
9.888888888888917872e-02
2.325252525252522462e-01
