7.653939393939388047e+00
4.978484848484849401e+00
9.999999999999953371e-03
2.188383838383840096e+00
8.063636363636360826e+00
1.422323232323233766e+00
2.793939393939398608e-01
4.527979797979799770e+00
2.266666666666661833e-01
5.606666666666667354e+00
2.304131313131312595e+02
3.618181818181823162e-01
5.696969696969714919e-02
2.380707070707066553e+00
4.369292929292933003e+00
1.344545454545454710e+01
4.919191919191923112e-02
1.654545454545455485e-01
1.020086868686868371e+02
1.967676767676769911e+00
1.979797979797979363e-02
1.904040404040401091e+00
5.296767676767674793e+00
2.588888888888883355e-01
1.049494949494950286e-01
1.107070707070705040e-01
5.337979797979802932e+00
1.342424242424244407e-01
1.755555555555557146e-01
2.665656565656560950e+00
1.294414141414142527e+01
2.082828282828283195e-01
5.182828282828277899e-01
3.422121212121210565e+00
3.797777777777782138e+00
4.518282828282830899e+00
2.150046464646464983e+02
1.025470707070707590e+02
3.204040404040411905e-01
7.292323232323226989e+00
3.058080808080805468e+01
1.556262626262622240e+00
4.981818181818193025e+00
2.165858585858588814e+00
5.430202020202017366e+00
1.307070707070708548e-01
6.183838383838379249e-01
0.000000000000000000e+00
6.745656565656567238e+00
3.064010101010100584e+01
6.144040404040410408e+00
6.575757575757587570e-02
2.266666666666662111e-01
1.737373737373737459e+00
7.133838383838395636e+00
1.466060606060608507e+00
3.415252525252524318e+00
1.216060606060606508e+00
1.155696969696970555e+01
3.147575757575758360e+00
9.598767676767681678e+01
3.741818181818185707e+00
1.023997979797980094e+02
3.939393939393939781e-02
4.130808080808088256e+00
2.637373737373743809e-01
1.504232323232323765e+01
4.692525252525258317e+00
2.516161616161619596e-01
1.675757575757576556e-01
6.369595959595955037e+00
9.090909090909080059e-02
4.279494949494952571e+00
9.403838383838380111e+00
3.464646464646463087e-01
1.342439393939393995e+02
4.017171717171723166e+00
3.963030303030301127e+00
9.660555555555556850e+01
7.498989898989899539e-01
2.682727272727269074e+00
3.388484848484848655e+00
2.354545454545450001e-01
1.315272727272725994e+01
1.245040404040404347e+01
7.960707070707080391e+00
1.983232323232324790e+00
6.487070707070708764e+00
2.012828282828281967e+00
4.059595959595950210e-01
3.101010101010106546e-01
4.188181818181822891e+00
7.020202020202041815e-02
5.268888888888890065e+00
4.531919191919191903e+00
5.157575757575751929e-01
5.216060606060602289e+00
4.823232323232327090e+00
3.913838383838387003e+00
1.567751515151515491e+02
7.667474747474741115e+00
1.979797979797979016e-02
3.025252525252529745e-01
3.042979797979797141e+01
2.814141414141413944e-01
3.498787878787879890e+00
2.228181818181818930e+00
1.914949494949497399e+00
2.722222222222218102e-01
7.624040404040407282e+00
5.523232323232326602e-01
1.727272727272730346e-01
1.216161616161618164e-01
7.822323232323223685e+00
6.401717171717169030e+00
5.494949494949489255e-01
0.000000000000000000e+00
7.614747474747469269e+00
3.522424242424243346e+00
1.885989898989899771e+01
1.774939393939393284e+01
2.556969696969694450e+00
5.781818181818173530e-01
4.352626262626267284e+00
6.251616161616162515e+00
5.870707070707078534e-01
3.524343434343433668e+00
1.788888888888891249e-01
3.252212121212122042e+01
5.878787878787888888e-02
0.000000000000000000e+00
1.166666666666670849e-01
4.945454545454553985e-01
5.060505050505041957e+00
2.891515151515155591e+00
4.421070707070707329e+01
2.718181818181822362e-01
1.135363636363636530e+01
3.170707070707067032e+00
1.979797979797979710e-02
2.685858585858581726e+00
4.001717171717169563e+00
1.927272727272729136e-01
5.272525252525237960e+00
2.297979797979792516e-01
5.374747474747469056e+00
2.677070707070702049e+00
5.528282828282835570e-01
3.899797979797987146e+00
9.434343434343438195e-02
7.468080808080808097e+00
2.076363636363638854e+00
3.878787878787880172e-02
6.493939393939395899e+00
1.141434343434343823e+01
2.025757575757573647e+00
4.842929292929292195e+00
1.782393939393938354e+01
3.616464646464648602e+00
3.312121212121216240e-01
1.733333333333332560e-01
9.999999999999989800e-03
2.509090909090911370e-01
5.126090909090910230e+01
6.043939393939398386e+00
2.147230303030303560e+02
2.043434343434342437e-01
4.809797979797973078e+00
2.454808080808081172e+01
3.548585858585862507e+00
2.803030303030298320e-01
4.740000000000006430e+00
3.230707070707068862e+00
2.979797979797974700e-02
2.107272727272730517e+00
2.736959595959595504e+01
4.230202020202026070e+00
3.040404040404041663e-01
3.278787878787883803e-01
2.216161616161619552e+00
2.345454545454546680e-01
3.514646464646467461e+00
2.363636363636366367e-01
5.563535353535348449e+00
2.063131313131312705e+00
2.049494949494946816e+00
6.310202020202027029e+00
3.401212121212120909e+00
3.738585858585861121e+00
3.061616161616164677e-01
5.808282828282831822e+00
5.463737373737366454e+00
3.112020202020200799e+00
4.836464646464648354e+00
8.575757575757581019e-02
7.124949494949483153e+00
7.676767676767673465e-02
4.316565656565654052e+00
1.627272727272724706e-01
4.474262626262626696e+01
2.835888888888889525e+01
2.380707070707064332e+00
3.081818181818182234e-01
0.000000000000000000e+00
4.596969696969692265e+00
9.999999999999962044e-03
1.169404040404040757e+01
1.131313131313132075e-01
1.387878787878789044e-01
8.742424242424254865e-01
1.709130303030302969e+02
2.516161616161619596e-01
1.885050505050505976e+00
4.451515151515157420e-01
5.164444444444440840e+00
1.142874747474747323e+02
7.424545454545453538e+01
6.787262626262625531e+01
2.100909090909086174e+00
4.019292929292923588e+00
8.759595959595969372e-01
4.274747474747480069e-01
1.286535353535352044e+01
3.020202020202016405e-02
4.510969696969697651e+01
2.685050505050501357e+00
6.290707070707067139e+00
1.821616161616159246e+00
2.015444444444443661e+01
2.810808080808076426e+00
2.939393939393943056e-02
2.455555555555551273e+00
3.993838383838387518e+00
6.912727272727273053e+00
2.042585858585859526e+01
9.328282828282826955e+00
2.539212121212121076e+01
4.169595959595953083e+00
3.438181818181821114e+00
3.399494949494948681e+00
3.166262626262633884e+00
2.545858585858582046e+00
9.090909090909075896e-02
2.848484848484851839e-01
4.363535353535356265e+00
5.465656565656564325e+00
5.457848484848481263e+01
5.383434343434349678e+00
2.730808080808076799e+00
1.804848484848482260e+00
3.052828282828277118e+00
6.763131313131312439e+00
4.656565656565653244e-01
2.500000000000002776e-01
4.059595959595947989e-01
2.254121212121212992e+01
3.103131313131314517e+00
9.787676767676776635e+00
1.103626262626262999e+01
5.841212121212127961e+00
1.999999999999997266e-02
0.000000000000000000e+00
3.626969696969696511e+00
1.680393939393938751e+01
1.159061616161616257e+02
4.093333333333331936e+00
1.355424242424241932e+01
2.751414141414141312e+00
1.493232323232321024e+00
3.754444444444449136e+00
4.894747474747467741e+00
1.436959595959596392e+01
1.652525252525252342e-01
1.723424242424242792e+01
2.115151515151513784e-01
7.020202020202044590e-02
6.121616161616166174e+00
2.715151515151519868e-01
1.651515151515149105e-01
6.058282828282827381e+00
5.631919191919184442e+00
4.695838383838383123e+01
2.465454545454549340e+00
3.640303030303028375e+00
1.556747474747475302e+01
4.360808080808086018e+00
5.442171717171723344e+01
4.565050505050505691e+00
4.866565656565658315e+00
2.616161616161620795e-01
5.434444444444443967e+00
2.245606060606060339e+01
5.476666666666664796e+00
0.000000000000000000e+00
6.097878787878796558e+00
2.531212121212117694e+00
1.557000000000000028e+01
3.796969696969701435e-01
5.204646464646464743e+00
1.893939393939393923e-01
2.708585858585863093e+00
3.067676767676765781e+00
1.961515151515151212e+00
3.919191919191922668e+00
1.041414141414140626e-01
2.807575757575760278e+00
3.449494949494953389e-01
2.979797979797981777e-01
1.957777777777778283e+00
3.452727272727273977e+00
1.490909090909092738e-01
1.581818181818182845e-01
2.989494949494947207e+00
4.943434343434350287e-01
1.999999999999993103e-02
0.000000000000000000e+00
2.753434343434337350e+00
5.636161616161617260e+00
7.118585858585855242e+00
1.604040404040401602e-01
1.165797979797978989e+01
2.240303030303027576e+00
2.064151515151514005e+01
1.106939393939394201e+01
1.238161616161616152e+01
3.566161616161623193e+00
3.156181818181818244e+01
1.335959595959597124e+00
4.682626262626269131e+00
9.999999999999967248e-03
4.127474747474749073e+00
5.806666666666670196e+00
5.003737373737371819e+00
2.682828282828287336e-01
4.468585858585851334e+00
2.610404040404041837e+00
2.423232323232323848e-01
2.450000000000002842e+00
2.681515151515155182e+00
2.160606060606058976e-01
6.056767676767671915e+00
1.142424242424246589e-01
2.640404040404036867e-01
1.554545454545456229e-01
9.999999999999972453e-03
2.574556565656565112e+02
2.797373737373732183e+00
5.717717171717170999e+01
5.041414141414141126e-01
7.427676767676764769e+00
9.691515151515151416e+00
5.945050505050504697e+00
2.616161616161619130e-01
1.779292929292931147e+00
1.155555555555554254e-01
1.696626262626261905e+01
7.434343434343430868e-02
8.778787878787881027e+00
7.088383838383834679e+00
9.090909090909075896e-02
2.621212121212117552e-01
3.558585858585857631e-01
5.696969696969710756e-02
3.870707070707075093e-01
3.878787878787880172e-02
4.601010101010107878e-01
2.452727272727270424e+00
7.868989898989896759e+00
1.015153535353535261e+02
2.904040404040396650e-01
1.990909090909090962e-01
1.979797979797979710e-02
3.655555555555555780e-01
1.555555555555556690e-01
4.685858585858587944e+00
2.225252525252524316e-01
2.954444444444443985e+00
4.180808080808079419e-01
4.067979797979794476e+00
2.372424242424247876e+00
2.799777777777778098e+01
6.822020202020200763e+00
2.939393939393942362e-02
1.716161616161616943e-01
3.233232323232321459e+00
4.231414141414136409e+00
2.885252525252519185e+00
5.158989898989899459e+00
1.733333333333330895e-01
2.548747474747473873e+01
8.912525252525250608e+01
3.383333333333333748e+00
3.388888888888887951e-01
3.391818181818184286e+00
4.964343434343430062e+00
5.720808080808083673e+00
2.647171717171718619e+00
2.475757575757577267e-01
3.984040404040403605e+00
9.818787878787880175e+00
3.956262626262624149e+00
5.053636363636369033e+00
9.897636363636367207e+01
3.294040404040400105e+00
1.325518181818181631e+02
3.712222222222227863e+00
3.103737373737372796e+00
1.358242424242424562e+01
4.814848484848487153e+00
3.554545454545456451e+00
0.000000000000000000e+00
1.470535353535353451e+01
3.920202020202027682e-01
1.732626262626258296e+00
8.591909090909092583e+01
5.929191919191927340e+00
1.045207070707070613e+02
5.078282828282834060e+00
3.513131313131315214e-01
6.397878787878783946e+00
5.101414141414137404e+00
6.331212121212124622e+00
2.352525252525250743e-01
3.268686868686874192e-01
1.207262626262626242e+02
9.279292929292934033e+00
1.852030303030302250e+01
1.675757575757577111e-01
1.602323232323231483e+00
2.327070707070711286e+00
1.480191919191919325e+01
1.525252525252528968e-01
2.777777777777781232e-01
1.979797979797979363e-02
8.653333333333335986e+00
4.112121212121213176e+00
3.757575757575750686e-01
4.057515151515153207e+01
1.454545454545454364e+00
3.380808080808071492e-01
2.625252525252524949e-01
4.272121212121211542e+00
6.434141414141413939e+00
1.435171717171718058e+02
1.291141414141414678e+01
1.340404040404040431e-01
9.999999999999974187e-03
3.590909090909094048e-01
1.466979797979797695e+01
3.962626262626259166e+00
0.000000000000000000e+00
7.422222222222215615e-01
4.578181818181823459e+00
3.936969696969697008e+00
3.289494949494951470e+00
6.157070707070705140e+00
6.452020202020196216e+00
4.633939393939393803e+00
4.311717171717167396e+00
1.415151515151512607e-01
0.000000000000000000e+00
6.679494949494952039e+00
6.584848484848468964e-01
0.000000000000000000e+00
4.996969696969706387e-01
2.955555555555558489e-01
7.687878787878770215e-01
8.100808080808086231e+00
4.256262626262626192e+00
2.901111111111111640e+00
4.314141414141414166e-01
9.999999999999968983e-03
4.605050505050499177e-01
8.467676767676769245e+00
5.573232323232325314e+00
9.158888888888885305e+00
3.210707070707075061e+00
1.651212121212121575e+00
3.060606060606060552e+00
3.506868686868687579e+00
4.900404040404042760e+00
1.497854545454545132e+02
4.277878787878792721e+00
3.714242424242423901e+00
8.138383838383839164e-01
6.017272727272723110e+00
1.500696969696968353e+01
2.873939393939392684e+00
6.373737373737362599e-01
1.979797979797979016e-02
3.797979797979802452e+00
2.087171717171715901e+00
7.545757575757580327e+00
2.846464646464650361e-01
1.490909090909092460e-01
2.637373737373737148e-01
5.275252525252532187e+00
1.166666666666669738e-01
3.878787878787880172e-02
1.911010101010099937e+00
2.663777777777776734e+01
4.832525252525251780e+00
5.363181818181816851e+01
1.486868686868686174e-01
4.095959595959589028e-01
5.262020202020199378e+00
2.399999999999996581e-01
5.587272727272736716e+00
4.985151515151521551e+00
0.000000000000000000e+00
6.173232323232324070e+00
1.042438383838383658e+02
2.155959595959593411e+00
3.756161616161618699e+00
2.134151515151515000e+01
4.825757575757573470e+00
3.740808080808080138e+00
5.297171717171725192e+00
1.066666666666670898e-01
1.357777777777780859e+00
9.958181818181820688e+00
4.823232323232316543e-01
8.715454545454544899e+00
3.988686868686871723e+00
1.363939393939394407e+01
1.045454545454547746e-01
4.287474747474751879e+00
3.824242424242423333e-01
8.178787878787888710e-01
1.750282828282827907e+01
7.259595959595961290e+01
2.169888888888889511e+01
1.279090909090907502e+00
1.805050505050503074e-01
3.653373737373738095e+01
3.484242424242423475e+00
4.337373737373740878e-01
5.746161616161615626e+01
3.099090909090910895e+00
2.807070707070713489e-01
3.517474747474746088e+00
4.517777777777775228e+00
9.888888888888897055e-02
4.688787878787875840e+00
1.990909090909089851e-01
7.332727272727278311e+00
0.000000000000000000e+00
3.823939393939392861e+00
2.102525252525248689e+00
2.378787878787872734e-01
2.636353535353535094e+01
1.833333333333333204e-01
1.701323232323231593e+01
3.400606060606062186e+00
2.803030303030296655e-01
6.363535353535353600e+00
0.000000000000000000e+00
7.906060606060608009e+00
2.199494949494954277e+00
2.303368686868687405e+02
4.192626262626267142e+00
3.618323232323233185e+01
2.063141414141414032e+01
4.397777777777771568e+00
2.584848484848482064e-01
5.015555555555551770e+00
8.072828282828291790e+00
4.620101010101017813e+00
5.677575757575756832e+00
2.777777777777772905e-01
5.128191919191917947e+01
2.904444444444448603e+00
2.424242424242418481e-01
6.718181818181818699e+00
4.669393939393932769e+00
3.688888888888892104e-01
1.674233333333333178e+02
5.153434343434338594e+00
3.269494949494946567e+00
1.062858585858586125e+01
4.913030303030296864e+00
5.188070707070706788e+01
1.163636363636361415e-01
1.959595959595962222e-01
3.894444444444445708e+00
2.717474747474744490e+00
1.340355555555555327e+02
5.909393939393943640e+00
2.443434343434340572e-01
3.663232323232322507e+00
5.562424242424239829e+00
1.999999999999997266e-02
1.302565656565656838e+01
1.397372727272727388e+02
2.375353535353529999e+00
4.176767676767682569e-01
3.575757575757577689e-01
1.881272727272725831e+01
2.234343434343434853e-01
2.219400000000000546e+02
1.690909090909088197e-01
1.135757575757577298e+00
1.636363636363633023e-01
5.720808080808077456e+00
2.909090909090902843e-01
1.009090909090911564e-01
2.158585858585857498e+00
4.201010101010096420e-01
1.225918181818182404e+02
2.812121212121209135e-01
3.920404040404039225e+00
3.488888888888888040e-01
3.069696969696963929e-01
2.610707070707067423e+00
5.054343434343441466e+00
4.354545454545453720e-01
1.096434343434343539e+01
1.948484848484851317e-01
5.945252525252527676e+00
2.881515151515151363e+00
1.197606060606059764e+01
4.135656565656567807e+00
9.422323232323234876e+00
2.184141414141411275e+00
9.090909090909084223e-02
2.325858585858581851e+00
2.863636363636360427e-01
6.338383838383834235e-01
1.882337373737373696e+02
1.761933333333332428e+02
2.442626262626261813e+00
5.284848484848490013e-01
2.502424242424243772e+00
1.534886868686868695e+02
5.908686868686867655e+00
6.442929292929288287e+00
6.281818181818188407e-01
4.736363636363633667e+00
4.676767676767682458e-01
4.837777777777773736e+00
1.768775757575757552e+02
3.957575757575751974e-01
2.531313131313132625e-01
7.603636363636362638e+00
1.196657575757575245e+02
3.341515151515149107e+00
6.443535353535359000e+00
2.354545454545460270e-01
1.035777777777776620e+01
2.782828282828281319e-01
5.696969696969713531e-02
2.543434343434349820e-01
8.676787878787878583e+01
1.304343434343433117e+01
2.374035353535352897e+02
9.888888888888891504e-02
7.489898989898973181e-01
3.976868686868689995e+00
3.304040404040402557e+00
1.733333333333332560e-01
3.455151515151517305e+00
4.402323232323223756e+00
4.168686868686864444e-01
2.977484848484847646e+01
1.166666666666668489e-01
5.415151515151529482e-01
5.815656565656562194e+00
9.888888888888897055e-02
3.538383838383833968e-01
2.597272727272727177e+00
4.532525252525241299e+00
3.796616161616161378e+01
1.827777777777780610e+00
3.893939393939392923e-01
4.728383838383838800e+00
3.710101010101004571e-01
3.828888888888894115e+00
1.314646464646463064e+00
0.000000000000000000e+00
3.210010101010101380e+01
2.479797979797984941e-01
2.660606060606065526e-01
2.939393939393944097e-02
3.033333333333336213e-01
4.878787878787887999e-02
3.566161616161612979e+00
2.778787878787881693e-01
7.531313131313142062e-01
1.616161616161617132e-01
4.930707070707069484e+00
3.661717171717176811e+00
7.034444444444444500e+00
3.942020202020204866e+00
7.354545454545460714e+00
5.678686868686864564e+00
6.052787878787875542e+01
1.669287878787878583e+02
5.897979797979796324e+00
3.300101010101012200e+00
2.820050505050505052e+01
2.491919191919196030e-01
1.037727272727272876e+01
3.939393939393939781e-02
1.254292929292929237e+01
3.503636363636367879e+00
9.999999999999960310e-03
4.742727272727266907e+00
3.555555555555547365e-01
5.696969696969709368e-02
1.267464646464648048e+01
1.220632323232323273e+02
3.337373737373741100e-01
3.054747474747474989e+00
4.157878787878789062e+00
8.718484848484839844e+00
2.748888888888888271e+00
3.385858585858580572e+00
5.670707070707067254e-01
3.616161616161611470e+00
2.281818181818184021e-01
3.571616161616163687e+00
7.918787878787871826e+00
2.863737373737378356e+00
5.664444444444446169e+00
6.770707070707082664e-01
2.916161616161611070e-01
5.318181818181815679e+00
4.257575757575752240e-01
1.467353535353534966e+01
1.600272727272727735e+01
2.567575757575758733e+00
1.038121212121212444e+01
2.136363636363637075e-01
5.076767676767685034e-01
3.425252525252528435e-01
3.925454545454552413e+00
5.826363636363636189e+00
2.172727272727270065e-01
6.064141414141408504e+00
5.201111111111105245e+00
1.846151515151515241e+02
2.701010101010101749e-01
2.293636363636362674e+01
2.855555555555551184e-01
4.588888888888891793e-01
1.996101010101011042e+01
8.458888888888878910e+00
3.621313131313131706e+00
3.926262626262625455e-01
1.110297979797979622e+02
7.841919191919197729e+00
5.475757575757575601e+00
3.982828282828292377e-01
4.192929292929287177e-01
1.470101010101007244e+00
6.546262626262628004e+00
1.707888888888888346e+01
5.696969696969713531e-02
1.779797979797976548e-01
2.302828282828282891e+00
2.640606060606067729e+00
4.952727272727271313e+00
1.641515151515151416e+01
8.124545454545444301e+00
3.907171717171716629e+00
6.223232323232325003e-01
1.979797979797979016e-02
1.037373737373738225e-01
6.956666666666664334e+00
5.333131313131325157e+00
6.166363636363636935e+00
2.505050505050503418e-01
5.884242424242430936e+00
2.425151515151514658e+01
4.234343434343443846e-01
6.977393939393934374e+01
6.345959595959589805e+00
1.031707070707070706e+01
3.945656565656569637e+00
1.639292929292929912e+01
4.022121212121209766e+00
1.979797979797979016e-02
3.221616161616161378e+00
7.591818181818185352e+00
4.011111111111110294e-01
3.859696969696974289e+00
2.203636363636365392e+00
5.959131313131315011e+01
1.291232323232323864e+01
2.857171717171720804e+00
2.898888888888887294e+00
2.329292929292932079e-01
2.686868686868690848e-01
1.316161616161617698e-01
2.353535353535355368e-01
3.988484848484849632e+00
7.771717171717171802e-01
8.224242424242408367e-01
4.997878787878781814e+00
2.980111111111110489e+01
4.608747474747474371e+01
2.582121212121215148e+00
3.878787878787880172e-02
1.675757575757576834e-01
3.987969696969695832e+01
2.936868686868690403e+00
4.520202020202021664e+00
7.391818181818171851e+00
4.878787878787887999e-02
2.260505050505052793e+00
2.548484848484846577e-01
1.282828282828284983e-01
4.659131313131311458e+01
5.592020202020202113e+00
4.527878787878790057e+00
4.645454545454546502e-01
7.115050505050499297e+00
3.901010101010099484e-01
6.345252525252524478e+00
1.367787878787878775e+01
4.020303030303024272e+00
4.075353535353545276e+00
1.752525252525255761e-01
4.372525252525245598e+00
2.991707070707071026e+01
4.994949494949499247e+00
2.161515151515148947e+00
7.919191919191904960e-02
2.152525252525247235e-01
2.988282828282831538e+00
7.429696969696969688e+00
2.132424242424248106e+00
2.379797979797985130e-01
1.596707070707070031e+01
1.119433333333332854e+02
7.199090909090911872e+00
8.028989898989900453e+00
1.124474747474746650e+01
2.166666666666663410e+00
2.673737373737369860e-01
1.541033333333332678e+02
1.390523232323232605e+02
3.686666666666659875e+00
2.817979797979799805e+00
6.181212121212117161e+00
4.659191919191925102e+00
4.161414141414139678e+00
1.900404040404041650e+00
0.000000000000000000e+00
2.237373737373737348e-01
3.670303030303029956e+00
3.057656565656568404e+01
6.926666666666663197e+00
1.149568686868686456e+02
3.425121212121212722e+01
2.202646464646464608e+01
1.941414141414140815e+00
3.094949494949491564e-01
6.649494949494950014e+00
3.066969696969698678e+00
8.676767676767684068e-02
1.288030303030301980e+02
1.825353535353529955e+00
2.001717171717170896e+00
1.924242424242422311e+00
6.255252525252529949e+00
2.294343434343439014e+00
5.272222222222223920e+00
9.056161616161617189e+00
1.646464646464644022e-01
1.999999999999993450e-02
7.438797979797983828e+01
2.972323232323229814e+00
8.465999999999999659e+01
3.783838383838383224e-01
3.782929292929296139e+00
3.939393939393939781e-02
6.630696969696968779e+01
0.000000000000000000e+00
2.064676767676767710e+01
2.939393939393944444e-02
5.832323232323227691e-01
5.819585858585855931e+01
3.509292929292932239e+00
4.812828282828284010e+00
1.433117171717171914e+02
6.057979797979791137e+00
8.160202020202017792e+00
2.642424242424246117e-01
4.895555555555554328e+00
1.604040404040402712e-01
4.790101010101011525e+00
4.686646464646466370e+01
3.394949494949491275e-01
5.170292929292927653e+01
2.078701010101010525e+02
2.737979797979797514e+00
9.999999999999949901e-03
6.028888888888891628e+00
1.031533333333333218e+02
8.619595959595953261e+00
2.465757575757572262e+00
1.411976767676767679e+02
7.575757575757584295e-02
2.420101010101010086e+00
1.584848484848486172e-01
4.073737373737377210e-01
1.142002020202020418e+02
2.379797979797985685e-01
1.580555555555555358e+01
1.433757575757576141e+01
4.297272727272734016e+00
2.427272727272729025e+00
3.861616161616157061e-01
5.487878787878781583e-01
1.876666666666668704e+00
1.311909090909091624e+01
4.728686868686875044e+00
4.767070707070704572e+00
1.733333333333332282e-01
1.599494949494949969e+00
2.611181818181817604e+01
7.831535353535352328e+01
3.829696969696972264e+00
1.965050505050501162e+00
6.999393939393937281e+00
1.590909090909091994e-01
1.723262626262627180e+02
4.358989898989889866e+00
2.596565656565655633e+00
9.341818181818187128e+00
2.353232323232326451e+00
4.526262626262623989e+00
8.104242424242423581e+00
2.297979797979799177e-01
4.540404040404046881e-01
6.898989898989921210e-02
6.124242424242430927e-01
8.647979797979793659e+00
1.586325252525252836e+02
1.818885858585858841e+02
4.752222222222218129e+00
3.513131313131314659e-01
4.288383838383836633e+00
3.041717171717170043e+00
5.815252525252522453e+00
3.497979797979800520e-01
7.529696969696973774e+00
4.878787878787882448e-02
9.076666666666660888e+00
4.686161616161615306e+00
4.422020202020198631e+00
3.864141414141409658e+00
8.330404040404038923e+00
4.192929292929294394e-01
1.985291919191919874e+02
5.269494949494949232e+00
1.934080808080808112e+01
3.374040404040401508e+00
6.694444444444440201e+00
3.396969696969688535e+00
4.900000000000004796e+00
2.366767676767674633e+00
2.068757575757573974e+01
3.660909090909094221e+00
4.546565656565653590e+00
4.711717171717180186e+00
1.478787878787875820e-01
6.955555555555543723e-01
1.916565656565653031e+00
6.904242424242417187e+00
3.260909090909086316e+00
7.196161616161617758e+00
2.591919191919195287e-01
1.675757575757576834e-01
3.037373737373740279e-01
9.999999999999989800e-03
1.355858585858583432e+00
1.636363636363634133e-01
5.845454545454534800e-01
4.571111111111104464e+00
5.133636363636370881e+00
2.136363636363637353e-01
2.601010101010097775e-01
1.917474747474746266e+01
3.011212121212124337e+00
2.632414141414143316e+01
1.319191919191919915e-01
4.797979797979797650e-02
5.248383838383837485e+00
3.348484848484850618e-01
4.797979797979799732e-02
2.294747474747477423e+00
1.030080808080807664e+01
5.858585858585859535e-02
4.201414141414143266e+00
4.935656565656562300e+00
6.611616161616168164e+00
2.610101010101013586e-01
4.313131313131317035e-01
