1.270606060606058962e+00
8.362626262626249307e-01
0.000000000000000000e+00
6.149494949494931362e-01
1.412727272727270833e+00
5.764646464646453472e-01
2.079797979797982366e-01
6.851515151515151780e-01
2.327272727272732267e-01
6.931313131313131537e-01
2.301202020202020293e+01
1.554545454545456507e-01
0.000000000000000000e+00
4.410101010101006302e-01
7.810101010101000440e-01
1.742828282828286390e+00
0.000000000000000000e+00
0.000000000000000000e+00
1.411181818181818315e+01
7.265656565656575250e-01
0.000000000000000000e+00
4.706060606060606388e-01
9.492929292929280782e-01
2.079797979797981811e-01
0.000000000000000000e+00
0.000000000000000000e+00
8.972727272727265557e-01
0.000000000000000000e+00
9.999999999999995004e-03
7.117171717171735246e-01
1.999898989898987400e+00
2.939393939393944444e-02
1.893939393939393923e-01
4.209090909090905663e-01
8.758585858585873352e-01
6.652525252525265387e-01
2.641848484848483736e+01
1.361060606060605416e+01
2.260606060606057399e-01
9.998989898989887326e-01
2.956363636363637415e+00
4.575757575757587459e-01
8.579797979797986196e-01
5.925252525252512337e-01
9.539393939393947530e-01
0.000000000000000000e+00
4.012121212121206315e-01
0.000000000000000000e+00
1.048686868686866891e+00
4.329999999999999183e+00
8.347474747474759038e-01
0.000000000000000000e+00
5.696969696969710062e-02
3.893939393939390703e-01
1.097474747474749046e+00
2.512121212121208313e-01
8.579797979797995078e-01
3.144444444444450260e-01
1.894848484848481451e+00
6.834343434343423951e-01
1.578353535353534554e+01
5.995959595959603483e-01
1.033535353535353707e+01
0.000000000000000000e+00
6.667676767676755656e-01
2.939393939393944097e-02
2.328989898989894947e+00
8.385858585858595449e-01
2.524242424242423843e-01
1.979797979797979363e-02
9.606060606060610185e-01
0.000000000000000000e+00
8.955555555555565483e-01
1.259696969696972202e+00
2.979797979797980598e-02
1.613080808080806960e+01
8.709090909090916321e-01
7.974747474747481135e-01
8.881919191919202206e+00
2.412121212121206282e-01
6.167676767676759653e-01
6.816161616161604542e-01
3.939393939393939087e-02
2.262424242424239562e+00
1.779696969696970443e+00
9.838383838383851776e-01
5.254545454545452854e-01
1.041010101010100053e+00
3.478787878787875099e-01
1.990909090909090684e-01
9.999999999999988065e-03
6.184848484848486372e-01
1.999999999999994837e-02
9.416161616161620174e-01
7.367676767676778482e-01
4.754545454545462957e-01
8.571717171717179173e-01
8.972727272727285541e-01
6.649494949494939577e-01
2.113929292929292814e+01
1.440909090909090695e+00
0.000000000000000000e+00
3.878787878787880172e-02
4.973232323232336327e+00
2.424242424242418759e-01
6.403030303030314840e-01
5.261616161616171627e-01
3.223232323232327889e-01
2.521212121212118573e-01
1.448383838383837663e+00
2.588888888888883910e-01
0.000000000000000000e+00
9.999999999999953371e-03
9.910101010101023400e-01
7.920202020202027349e-01
9.999999999999998473e-03
0.000000000000000000e+00
1.057575757575758058e+00
7.435353535353519394e-01
2.530303030303027167e+00
2.582424242424242511e+00
4.524242424242432836e-01
1.814141414141414166e-01
5.732323232323237594e-01
9.526262626262618216e-01
2.737373737373741678e-01
8.114141414141403663e-01
0.000000000000000000e+00
4.264444444444436044e+00
0.000000000000000000e+00
0.000000000000000000e+00
9.999999999999968983e-03
0.000000000000000000e+00
7.362626262626261742e-01
5.625252525252533164e-01
5.257575757575750686e+00
2.509090909090912480e-01
1.422424242424241481e+00
6.826262626262634692e-01
0.000000000000000000e+00
4.923232323232327734e-01
8.971717171717162875e-01
0.000000000000000000e+00
8.688888888888878226e-01
2.197979797979799643e-01
9.697979797979776606e-01
7.564646464646461732e-01
2.234343434343434853e-01
7.126262626262617195e-01
9.999999999999993269e-03
1.039898989898991877e+00
6.887878787878777276e-01
0.000000000000000000e+00
9.352525252525232258e-01
2.183232323232326966e+00
5.546464646464639436e-01
7.888888888888893058e-01
2.208080808080805646e+00
6.690909090909091805e-01
2.939393939393944444e-02
4.797979797979806671e-02
0.000000000000000000e+00
7.434343434343430868e-02
4.382626262626257763e+00
9.051515151515158175e-01
2.354666666666666686e+01
9.999999999999991535e-03
7.009090909090914812e-01
2.803434343434339837e+00
7.893939393939398697e-01
2.939393939393942362e-02
7.716161616161606451e-01
4.403030303030304182e-01
0.000000000000000000e+00
4.952525252525252775e-01
3.668888888888892197e+00
7.282828282828294197e-01
9.090909090909086998e-02
3.878787878787880172e-02
6.087878787878788778e-01
0.000000000000000000e+00
1.035757575757576987e+00
7.434343434343432255e-02
7.163636363636359805e-01
1.202020202020199907e-01
5.518181818181808751e-01
7.757575757575745357e-01
5.211111111111119687e-01
5.286868686868679834e-01
1.287878787878785625e-01
1.117373737373735798e+00
1.147777777777776009e+00
7.187878787878784204e-01
7.540404040404020680e-01
0.000000000000000000e+00
1.204141414141412847e+00
0.000000000000000000e+00
7.998989898989913305e-01
0.000000000000000000e+00
5.769494949494946567e+00
4.116666666666663588e+00
6.807070707070715931e-01
7.575757575757587070e-02
0.000000000000000000e+00
8.202020202020188222e-01
0.000000000000000000e+00
1.845050505050507494e+00
0.000000000000000000e+00
0.000000000000000000e+00
1.775757575757578866e-01
2.174050505050505322e+01
2.403030303030307679e-01
1.579797979797977481e-01
3.001010101010096465e-01
8.903030303030288195e-01
2.146363636363636473e+01
7.829797979797983309e+00
8.068585858585853643e+00
3.671717171717172046e-01
5.722222222222215215e-01
4.653535353535346308e-01
2.560606060606065437e-01
1.730808080808084792e+00
0.000000000000000000e+00
7.106161616161616124e+00
6.514141414141416675e-01
9.638383838383853819e-01
3.582828282828285360e-01
2.395555555555558769e+00
4.983838383838390396e-01
0.000000000000000000e+00
2.547474747474744450e-01
8.610101010101017804e-01
7.761616161616163856e-01
2.877878787878785705e+00
1.590909090909090384e+00
3.285858585858583591e+00
8.613131313131322520e-01
6.168686868686862335e-01
3.134343434343434542e-01
5.988888888888902473e-01
5.755555555555550429e-01
0.000000000000000000e+00
1.675757575757577111e-01
9.105050505050493737e-01
1.001414141414142422e+00
6.082222222222217312e+00
1.002323232323231839e+00
3.465656565656562993e-01
5.268686868686859315e-01
7.121212121212115997e-01
1.027373737373737494e+00
5.919191919191918450e-02
0.000000000000000000e+00
2.160606060606058143e-01
3.641414141414140992e+00
4.986868686868682343e-01
1.521010101010099591e+00
1.466060606060604954e+00
1.041414141414142680e+00
0.000000000000000000e+00
0.000000000000000000e+00
6.116161616161613912e-01
2.714343434343426509e+00
2.058272727272727920e+01
7.413131313131310351e-01
1.688989898989896821e+00
7.570707070707061170e-01
3.643434343434346356e-01
6.366666666666659369e-01
8.120202020202018645e-01
2.778989898989902674e+00
0.000000000000000000e+00
2.170000000000004814e+00
0.000000000000000000e+00
0.000000000000000000e+00
1.155353535353532468e+00
9.888888888888897055e-02
9.999999999999998473e-03
8.943434343434345513e-01
9.312121212121201586e-01
5.050808080808078415e+00
6.167676767676761873e-01
6.777777777777784785e-01
1.821313131313131883e+00
8.087878787878791664e-01
9.887777777777776222e+00
9.172727272727286829e-01
1.103434343434344322e+00
2.516161616161619596e-01
1.035353535353536358e+00
4.990909090909080525e+00
8.316161616161614756e-01
0.000000000000000000e+00
1.009898989898987853e+00
6.207070707070716509e-01
2.471010101010100879e+00
9.999999999999953371e-03
9.455555555555537062e-01
1.142424242424244091e-01
6.425252525252542757e-01
6.222222222222228982e-01
3.661616161616164655e-01
7.473737373737388001e-01
0.000000000000000000e+00
7.364646464646460444e-01
5.696969696969706592e-02
2.424242424242418481e-01
7.384848484848490768e-01
7.349494949494944640e-01
9.999999999999996739e-03
0.000000000000000000e+00
7.901010101010090825e-01
4.742424242424250758e-01
0.000000000000000000e+00
0.000000000000000000e+00
6.422222222222208066e-01
9.267676767676777949e-01
9.387878787878797260e-01
0.000000000000000000e+00
1.723535353535349257e+00
4.316161616161618975e-01
2.814040404040404564e+00
1.691111111111110343e+00
2.356565656565658529e+00
7.654545454545459426e-01
6.573232323232324426e+00
6.362626262626265294e-01
7.112121212121200742e-01
0.000000000000000000e+00
6.544444444444444953e-01
9.743434343434327349e-01
9.739393939393936606e-01
9.999999999999988065e-03
8.804040404040416323e-01
4.776767676767675885e-01
1.066666666666668400e-01
5.958585858585873085e-01
6.953535353535350572e-01
1.216161616161618442e-01
9.520202020202027660e-01
0.000000000000000000e+00
4.797979797979802508e-02
1.979797979797979016e-02
0.000000000000000000e+00
2.069050505050505961e+01
7.579797979797987528e-01
7.446565656565659275e+00
3.516161616161612158e-01
1.302727272727273844e+00
1.513030303030304058e+00
1.167070707070704927e+00
0.000000000000000000e+00
6.135353535353527121e-01
1.979797979797979016e-02
2.768686868686872415e+00
0.000000000000000000e+00
1.317272727272728705e+00
9.809090909090895094e-01
0.000000000000000000e+00
1.357575757575757991e-01
6.575757575757587570e-02
0.000000000000000000e+00
1.833333333333332094e-01
0.000000000000000000e+00
4.248484848484852527e-01
2.710101010101009233e-01
1.220202020202018511e+00
1.284858585858586011e+01
2.424242424242418481e-01
1.142424242424245201e-01
0.000000000000000000e+00
2.260606060606055734e-01
0.000000000000000000e+00
7.918181818181830867e-01
9.999999999999972453e-03
7.668686868686873659e-01
2.525252525252525415e-01
6.912121212121221658e-01
6.852525252525250021e-01
3.060909090909092356e+00
8.222222222222212995e-01
0.000000000000000000e+00
0.000000000000000000e+00
6.818181818181822118e-01
7.014141414141407127e-01
6.885858585858590786e-01
9.894949494949488722e-01
4.797979797979808059e-02
3.078888888888890119e+00
9.713434343434345308e+00
5.841414141414147387e-01
1.990909090909091239e-01
5.534343434343441670e-01
6.995959595959605481e-01
9.570707070707059616e-01
6.609090909090897803e-01
2.036363636363637819e-01
7.943434343434354616e-01
1.579898989898990136e+00
8.054545454545456451e-01
7.408080808080806934e-01
1.110414141414140943e+01
3.852525252525251243e-01
1.301494949494949083e+01
7.145454545454549278e-01
6.336363636363631091e-01
2.184242424242421876e+00
8.870707070707083419e-01
8.269696969696970212e-01
0.000000000000000000e+00
2.120808080808078699e+00
1.886868686868686251e-01
6.620202020202033966e-01
1.111040404040403473e+01
1.101616161616162604e+00
1.034484848484848563e+01
9.497979797979777539e-01
1.287878787878783959e-01
1.026262626262627986e+00
9.521212121212112578e-01
1.148888888888890403e+00
9.999999999999965514e-03
2.424242424242418759e-01
1.681929292929293140e+01
1.314848484848486931e+00
2.715353535353534298e+00
0.000000000000000000e+00
6.846464646464645032e-01
4.827272727272733377e-01
1.747777777777778097e+00
0.000000000000000000e+00
9.888888888888901219e-02
0.000000000000000000e+00
1.556464646464645885e+00
8.569696969696976030e-01
1.186868686868683964e-01
6.049494949494945040e+00
4.710101010101016006e-01
0.000000000000000000e+00
2.475757575757577267e-01
9.772727272727278480e-01
1.171313131313134193e+00
1.550060606060605295e+01
2.341313131313131013e+00
0.000000000000000000e+00
0.000000000000000000e+00
1.387878787878792652e-01
2.269191919191920537e+00
9.401010101010085496e-01
0.000000000000000000e+00
4.625252525252533942e-01
6.813131313131308708e-01
7.626262626262622080e-01
6.367676767676766492e-01
8.059595959595958758e-01
1.016565656565657783e+00
8.859595959595960579e-01
8.571717171717155859e-01
0.000000000000000000e+00
0.000000000000000000e+00
1.110505050505052438e+00
7.777777777777776513e-02
0.000000000000000000e+00
2.333333333333338089e-01
1.842424242424241798e-01
1.484848484848487193e-01
9.558585858585864070e-01
6.479797979797967677e-01
7.443434343434347511e-01
2.327272727272732267e-01
0.000000000000000000e+00
2.803030303030297765e-01
1.952929292929289851e+00
1.079898989898987915e+00
1.410202020202022455e+00
5.473737373737362910e-01
3.023232323232317720e-01
3.110101010101002372e-01
8.241414141414136196e-01
9.866666666666652485e-01
2.649686868686868380e+01
7.618181818181823939e-01
7.611111111111129590e-01
5.843434343434350531e-01
1.137878787878785936e+00
2.191010101010104183e+00
3.539393939393939981e-01
3.864646464646465662e-01
0.000000000000000000e+00
7.889898989898994630e-01
2.983838383838385289e-01
1.182828282828281230e+00
1.733333333333331172e-01
0.000000000000000000e+00
9.999999999999972453e-03
9.450505050505058069e-01
9.999999999999993269e-03
0.000000000000000000e+00
4.863636363636359983e-01
5.238282828282821768e+00
1.201616161616159584e+00
7.109292929292918117e+00
0.000000000000000000e+00
2.160606060606059253e-01
8.291919191919204790e-01
1.979797979797979710e-02
1.044444444444445175e+00
8.881818181818195157e-01
0.000000000000000000e+00
1.423636363636364699e+00
1.280505050505050768e+01
5.405050505050505993e-01
8.310101010100995333e-01
2.630606060606057284e+00
8.249494949494960983e-01
6.818181818181825449e-01
9.477777777777774970e-01
1.979797979797979016e-02
5.285858585858596026e-01
1.570505050505050626e+00
4.419191919191909901e-01
1.376363636363635345e+00
9.165656565656568056e-01
2.265454545454545610e+00
0.000000000000000000e+00
7.723232323232316343e-01
8.272727272727277426e-02
6.805050505050488363e-01
2.178686868686865008e+00
1.351747474747475053e+01
3.668080808080803390e+00
4.482828282828284494e-01
0.000000000000000000e+00
4.133939393939390250e+00
7.493939393939388349e-01
3.595959595959604127e-01
7.952121212121205929e+00
6.094949494949500890e-01
1.979797979797979710e-02
9.232323232323234041e-01
9.625252525252548930e-01
0.000000000000000000e+00
8.192929292929284069e-01
3.878787878787880172e-02
1.178383838383840532e+00
0.000000000000000000e+00
9.081818181818160918e-01
5.715151515151501993e-01
9.999999999999981126e-03
4.446969696969693686e+00
3.878787878787880172e-02
2.342525252525254675e+00
7.570707070707065611e-01
9.888888888888887341e-02
9.364646464646484425e-01
0.000000000000000000e+00
1.119494949494950209e+00
4.931313131313137532e-01
3.077898989898989868e+01
6.034343434343431012e-01
4.417272727272732347e+00
3.807070707070701499e+00
8.471717171717169093e-01
0.000000000000000000e+00
7.779797979797981045e-01
1.255656565656563695e+00
7.087878787878775233e-01
1.093939393939393989e+00
2.233333333333339110e-01
8.585353535353535293e+00
6.796969696969704655e-01
1.066666666666668400e-01
1.050303030303029628e+00
7.347474747474748158e-01
1.088888888888890766e-01
2.153080808080808595e+01
7.729292929292935765e-01
6.026262626262616218e-01
1.558080808080804402e+00
6.692929292929301610e-01
6.239292929292943768e+00
0.000000000000000000e+00
0.000000000000000000e+00
7.125252525252535607e-01
3.505050505050493759e-01
1.252272727272728048e+01
7.433333333333326243e-01
2.939393939393944444e-02
5.575757575757565032e-01
1.064949494949495978e+00
0.000000000000000000e+00
2.353333333333337940e+00
2.119818181818182268e+01
6.394949494949490054e-01
1.905050505050505105e-01
1.675757575757576834e-01
3.367979797979797851e+00
2.939393939393942362e-02
2.487818181818182239e+01
0.000000000000000000e+00
6.370707070707065656e-01
0.000000000000000000e+00
8.839393939393956900e-01
2.524242424242423843e-01
0.000000000000000000e+00
7.468686868686879032e-01
2.297979797979793071e-01
1.393404040404040956e+01
2.354545454545460270e-01
6.975757575757576268e-01
2.516161616161619596e-01
1.554545454545456507e-01
4.329292929292929970e-01
8.389898989898990633e-01
1.993939393939393456e-01
1.786767676767679891e+00
0.000000000000000000e+00
7.561616161616152576e-01
1.043333333333331892e+00
2.099292929292929433e+00
7.500000000000000000e-01
1.321818181818180449e+00
7.340404040404036046e-01
0.000000000000000000e+00
5.813131313131306710e-01
6.575757575757584794e-02
3.170707070707077802e-01
1.757797979797981114e+01
2.701474747474747673e+01
6.635353535353519794e-01
5.797979797979802702e-02
6.596969696969686714e-01
2.186646464646464949e+01
9.046464646464636994e-01
1.023333333333333428e+00
2.500000000000001110e-01
8.672727272727268621e-01
1.636363636363631913e-01
7.640404040404046304e-01
2.778575757575757166e+01
1.942424242424243275e-01
0.000000000000000000e+00
1.143535353535352517e+00
1.526949494949494479e+01
6.342424242424259395e-01
1.040808080808081959e+00
1.554545454545456507e-01
1.769595959595960499e+00
1.788888888888890694e-01
0.000000000000000000e+00
1.616161616161617132e-01
7.696868686868672427e+00
1.634242424242423386e+00
3.866131313131308644e+01
0.000000000000000000e+00
5.122222222222214683e-01
6.859595959595956582e-01
7.238383838383842805e-01
5.696969696969712144e-02
8.189898989898991566e-01
6.915151515151504169e-01
1.733333333333331172e-01
4.361010101010095674e+00
0.000000000000000000e+00
1.323232323232320096e-01
1.267777777777779891e+00
0.000000000000000000e+00
1.654545454545455208e-01
5.965656565656557442e-01
8.590909090909102375e-01
3.608383838383836473e+00
6.407070707070716686e-01
2.079797979797981533e-01
7.976767676767663184e-01
2.737373737373734461e-01
5.885858585858576575e-01
4.090909090909087831e-01
0.000000000000000000e+00
4.241414141414139749e+00
1.357575757575757991e-01
1.990909090909090684e-01
0.000000000000000000e+00
1.979797979797979016e-02
0.000000000000000000e+00
6.338383838383828683e-01
1.216161616161618164e-01
3.743434343434343670e-01
9.999999999999970718e-03
8.454545454545443484e-01
6.995959595959596600e-01
1.130404040404042743e+00
7.443434343434348621e-01
1.114949494949492914e+00
1.003131313131312208e+00
1.022464646464646165e+01
2.293888888888890065e+01
8.268686868686858649e-01
7.360606060606066370e-01
4.114545454545451619e+00
1.142424242424245201e-01
1.791616161616161440e+00
0.000000000000000000e+00
1.284747474747477414e+00
7.331313131313135223e-01
0.000000000000000000e+00
7.878787878787890664e-01
9.515151515151498707e-02
0.000000000000000000e+00
2.245757575757574287e+00
1.216949494949495403e+01
1.651515151515149105e-01
5.950505050505054960e-01
8.737373737373751448e-01
1.497474747474747847e+00
6.556565656565657152e-01
7.428282828282830597e-01
5.878787878787886112e-02
8.103030303030281933e-01
5.696969696969705899e-02
7.686868686868693068e-01
1.229393939393938817e+00
7.337373737373749094e-01
8.389898989898998405e-01
2.333333333333337534e-01
2.233333333333339388e-01
7.776767676767682991e-01
9.090909090909084223e-02
2.386262626262629194e+00
1.896868686868688147e+00
4.649494949494953899e-01
2.009191919191919418e+00
0.000000000000000000e+00
2.560606060606065992e-01
2.424242424242418481e-01
7.307070707070714155e-01
1.179292929292927949e+00
9.999999999999991535e-03
7.298989898989903802e-01
7.928282828282817718e-01
2.225040404040403885e+01
2.939393939393940974e-02
2.803333333333333677e+00
3.878787878787880172e-02
1.382828282828285349e-01
2.903333333333333321e+00
1.053232323232325296e+00
6.221212121212121859e-01
6.575757575757590345e-02
1.460909090909088626e+01
1.077474747474745476e+00
7.403030303030311288e-01
5.696969696969710062e-02
2.090909090909090495e-01
6.043434343434357370e-01
1.068989898989900711e+00
3.094343434343431287e+00
0.000000000000000000e+00
0.000000000000000000e+00
3.741414141414144412e-01
5.697979797979809691e-01
9.521212121212124790e-01
1.843030303030307460e+00
1.215555555555555056e+00
6.818181818181822118e-01
2.603030303030307024e-01
0.000000000000000000e+00
0.000000000000000000e+00
9.594949494949517321e-01
8.483838383838385733e-01
9.230303030303014244e-01
0.000000000000000000e+00
1.116363636363635115e+00
2.494444444444449349e+00
1.360606060606061318e-01
7.839494949494949516e+00
9.468686868686885250e-01
1.677777777777779811e+00
7.670707070707060149e-01
2.557676767676771323e+00
1.051919191919189256e+00
0.000000000000000000e+00
7.506060606060606100e-01
1.160000000000001696e+00
1.979797979797979363e-02
8.835353535353519527e-01
6.926262626262622568e-01
1.287393939393940556e+01
2.643030303030303063e+00
4.483838383838387731e-01
5.005050505050512299e-01
9.999999999999975922e-03
2.036363636363636431e-01
0.000000000000000000e+00
2.454545454545459526e-01
6.822222222222227295e-01
2.121212121212125434e-01
2.713131313131312838e-01
9.053535353535369090e-01
4.770303030303029601e+00
6.377676767676766723e+00
4.325252525252518132e-01
0.000000000000000000e+00
9.999999999999984596e-03
5.599393939393940478e+00
5.449494949494952944e-01
8.746464646464630066e-01
1.216262626262625934e+00
0.000000000000000000e+00
5.488888888888888706e-01
5.696969696969717001e-02
0.000000000000000000e+00
4.938080808080812290e+00
8.154545454545460981e-01
9.550505050505031512e-01
2.654545454545451100e-01
1.026666666666664840e+00
2.079797979797981533e-01
1.045959595959594646e+00
2.054545454545456451e+00
5.965656565656553001e-01
6.454545454545467242e-01
9.999999999999953371e-03
9.301010101010089848e-01
3.648787878787878913e+00
5.261616161616166076e-01
4.725252525252525149e-01
0.000000000000000000e+00
9.999999999999981126e-03
6.094949494949502000e-01
1.213131313131315725e+00
3.458585858585855322e-01
1.287878787878785625e-01
2.212323232323237576e+00
1.332939393939393646e+01
1.190202020202020927e+00
1.536868686868686051e+00
1.384444444444442368e+00
2.874747474747471054e-01
2.266666666666661278e-01
2.249313131313133951e+01
1.173080808080808524e+01
4.955555555555556380e-01
7.020202020202007676e-01
1.255858585858587562e+00
8.967676767676746596e-01
8.762626262626277418e-01
2.806060606060608587e-01
0.000000000000000000e+00
9.999999999999948166e-03
6.390909090909103751e-01
4.524343434343432335e+00
8.163636363636351811e-01
1.331020202020202525e+01
6.831818181818184677e+00
3.485858585858586878e+00
6.670707070707087016e-01
0.000000000000000000e+00
8.941414141414161243e-01
5.664646464646468926e-01
0.000000000000000000e+00
2.320353535353536500e+01
4.498989898989907976e-01
4.379797979797982466e-01
7.319191919191923024e-01
1.065858585858587171e+00
7.456565656565655731e-01
9.889898989898976422e-01
1.364242424242422036e+00
0.000000000000000000e+00
0.000000000000000000e+00
1.138696969696970562e+01
6.438383838383846536e-01
1.282252525252525999e+01
1.425252525252529157e-01
7.516161616161617376e-01
0.000000000000000000e+00
7.221717171717171091e+00
0.000000000000000000e+00
2.811212121212125936e+00
0.000000000000000000e+00
3.966666666666660013e-01
6.925959595959598758e+00
7.319191919191914142e-01
9.723232323232322560e-01
2.053010101010100641e+01
1.121414141414141419e+00
1.170303030303028624e+00
0.000000000000000000e+00
7.311111111111110450e-01
0.000000000000000000e+00
1.006363636363638125e+00
4.965959595959591688e+00
3.878787878787880172e-02
6.192121212121220353e+00
2.730080808080806776e+01
8.769696969696960664e-01
0.000000000000000000e+00
9.623232323232314700e-01
1.452757575757577335e+01
1.229292929292928216e+00
5.861616161616164389e-01
1.086181818181817960e+01
0.000000000000000000e+00
4.555555555555553804e-01
0.000000000000000000e+00
1.037373737373735588e-01
1.763747474747474797e+01
1.490909090909092460e-01
2.939292929292926626e+00
1.742828282828283504e+00
9.690909090909083368e-01
3.409090909090914945e-01
2.079797979797982366e-01
1.357575757575757991e-01
4.912121212121206004e-01
1.946060606060606935e+00
8.478787878787896748e-01
8.091919191919179077e-01
3.878787878787880172e-02
3.621212121212127322e-01
3.247575757575758004e+00
1.049656565656566443e+01
6.688888888888884221e-01
6.580808080808070448e-01
1.115858585858587215e+00
0.000000000000000000e+00
2.335040404040403317e+01
6.450505050505044302e-01
4.057575757575762609e-01
1.414444444444444837e+00
5.719191919191927154e-01
6.563636363636372595e-01
1.555050505050504128e+00
8.272727272727277426e-02
3.510101010101006613e-01
0.000000000000000000e+00
3.737373737373733129e-01
1.112626262626264628e+00
1.998969696969696841e+01
1.944272727272727508e+01
7.570707070707085595e-01
2.509090909090911925e-01
8.511111111111097083e-01
7.150505050505053806e-01
1.063838383838385360e+00
2.266666666666661278e-01
1.306464646464646773e+00
0.000000000000000000e+00
1.281414141414142449e+00
8.353535353535352925e-01
7.896969696969703412e-01
6.035353535353545906e-01
9.997979797979791305e-01
2.524242424242423843e-01
2.829595959595957311e+01
7.371717171717180328e-01
2.579696969696966491e+00
7.622222222222209131e-01
9.105050505050490406e-01
5.335353535353528631e-01
7.837373737373743987e-01
6.136363636363650897e-01
3.898080808080802040e+00
7.325252525252515801e-01
8.539393939393941091e-01
8.350505050505040439e-01
0.000000000000000000e+00
4.696969696969698904e-01
6.043434343434340716e-01
1.247979797979799299e+00
7.880808080808083815e-01
1.220808080808082563e+00
1.733333333333332560e-01
0.000000000000000000e+00
1.616161616161617132e-01
0.000000000000000000e+00
5.364646464646474211e-01
0.000000000000000000e+00
1.407070707070708082e-01
7.243434343434334011e-01
1.007575757575756681e+00
1.979797979797979016e-02
1.357575757575757991e-01
2.273434343434340921e+00
6.803030303030312975e-01
3.979999999999998206e+00
0.000000000000000000e+00
0.000000000000000000e+00
7.914141414141403486e-01
9.999999999999970718e-03
0.000000000000000000e+00
6.124242424242407612e-01
1.472424242424243301e+00
0.000000000000000000e+00
8.163636363636371795e-01
7.934343434343449353e-01
1.031111111111109979e+00
1.979797979797979016e-02
9.999999999999962044e-03
