1.269595959595961387e+00
8.532323232323242301e-01
0.000000000000000000e+00
6.213131313131298183e-01
1.429292929292927061e+00
5.869696969696955868e-01
2.266666666666661833e-01
6.446464646464656889e-01
2.403030303030307957e-01
7.498989898989907310e-01
2.103424242424243573e+01
1.357575757575757991e-01
0.000000000000000000e+00
4.403030303030305292e-01
8.348484848484866161e-01
1.725050505050503835e+00
0.000000000000000000e+00
0.000000000000000000e+00
1.507424242424242777e+01
7.352525252525244914e-01
0.000000000000000000e+00
4.631313131313136711e-01
9.732323232323237816e-01
1.990909090909092072e-01
0.000000000000000000e+00
0.000000000000000000e+00
9.686868686868697065e-01
0.000000000000000000e+00
9.999999999999995004e-03
7.089898989899002801e-01
2.048585858585858510e+00
2.939393939393944444e-02
2.043434343434342437e-01
4.296969696969701324e-01
9.146464646464631532e-01
6.516161616161604275e-01
2.774282828282828817e+01
1.495313131313130484e+01
2.221212121212121637e-01
1.066262626262625135e+00
3.062121212121209801e+00
4.707070707070713511e-01
9.189898989898991344e-01
6.195959595959608102e-01
9.258585858585857142e-01
0.000000000000000000e+00
4.137373737373739035e-01
0.000000000000000000e+00
1.045555555555557348e+00
4.281111111111110645e+00
8.709090909090901889e-01
0.000000000000000000e+00
4.797979797979806671e-02
3.763636363636358451e-01
1.067676767676768002e+00
2.354545454545456662e-01
9.167676767676762317e-01
3.222222222222228538e-01
2.005858585858583787e+00
6.885858585858574132e-01
1.652565656565655061e+01
6.625252525252532942e-01
1.074454545454545773e+01
0.000000000000000000e+00
7.092929292929287532e-01
1.979797979797979016e-02
2.303030303030300097e+00
8.415151515151516604e-01
2.516161616161619596e-01
2.939393939393942709e-02
9.819191919191918583e-01
0.000000000000000000e+00
9.044444444444453834e-01
1.292323232323230542e+00
6.696969696969705399e-02
1.685262626262626995e+01
9.113131313131304090e-01
8.300000000000002931e-01
1.009525252525253336e+01
2.649494949494946572e-01
6.423232323232335172e-01
7.001010101010087805e-01
4.878787878787884530e-02
2.434242424242420988e+00
1.809898989898991895e+00
9.447474747474722268e-01
5.455555555555565705e-01
1.065353535353533276e+00
3.752525252525256705e-01
1.943434343434342904e-01
0.000000000000000000e+00
6.749494949494952989e-01
1.999999999999994837e-02
9.211111111111125460e-01
7.270707070707055353e-01
4.791919191919181142e-01
9.635353535353525789e-01
8.809090909090917521e-01
6.357575757575766318e-01
2.160101010101010033e+01
1.482222222222221664e+00
0.000000000000000000e+00
3.878787878787880172e-02
5.584747474747468132e+00
2.443434343434337797e-01
7.166666666666660079e-01
5.229292929292934655e-01
3.135353535353530563e-01
2.509090909090911925e-01
1.410202020202019568e+00
2.600000000000000644e-01
0.000000000000000000e+00
9.999999999999953371e-03
9.835353535353520416e-01
8.203030303030292014e-01
1.979797979797975893e-02
0.000000000000000000e+00
1.083939393939393980e+00
8.535353535353521481e-01
2.846161616161615004e+00
2.548989898989901803e+00
4.282828282828291533e-01
1.910101010101012964e-01
6.645454545454557715e-01
9.713131313131322386e-01
2.878787878787880672e-01
8.383838383838387864e-01
0.000000000000000000e+00
4.282727272727274936e+00
0.000000000000000000e+00
0.000000000000000000e+00
9.999999999999968983e-03
0.000000000000000000e+00
7.941414141414125938e-01
5.943434343434348399e-01
5.451111111111107022e+00
2.521212121212118573e-01
1.540505050505053486e+00
7.004040404040414725e-01
0.000000000000000000e+00
5.405050505050500442e-01
9.137373737373724047e-01
0.000000000000000000e+00
8.579797979797992857e-01
2.197979797979799643e-01
1.005454545454546711e+00
7.614141414141420983e-01
2.141414141414138828e-01
7.763636363636344795e-01
9.999999999999993269e-03
1.091616161616163261e+00
6.940404040404045682e-01
0.000000000000000000e+00
9.751515151515146584e-01
1.965555555555552614e+00
5.783838383838380004e-01
7.703030303030298231e-01
2.185353535353537158e+00
6.790909090909098555e-01
1.979797979797979363e-02
5.696969696969712837e-02
0.000000000000000000e+00
6.575757575757583406e-02
4.357373737373741562e+00
9.553535353535352881e-01
2.423686868686870355e+01
9.999999999999991535e-03
6.726262626262626831e-01
2.898787878787877137e+00
8.210101010101011898e-01
1.979797979797979710e-02
7.632323232323243722e-01
4.747474747474746959e-01
0.000000000000000000e+00
5.957575757575759301e-01
3.466565656565658848e+00
7.753535353535372376e-01
1.142424242424245479e-01
4.878787878787898408e-02
6.189898989898983128e-01
0.000000000000000000e+00
1.034545454545454213e+00
7.434343434343432255e-02
7.666666666666667185e-01
1.202020202020199768e-01
5.586868686868686762e-01
8.117171717171697276e-01
5.287878787878773634e-01
6.094949494949506441e-01
1.554545454545456229e-01
1.079090909090908212e+00
1.221717171717169537e+00
7.242424242424245762e-01
7.767676767676782168e-01
0.000000000000000000e+00
1.288989898989901128e+00
0.000000000000000000e+00
7.485858585858594649e-01
0.000000000000000000e+00
5.938484848484850254e+00
4.085454545454541453e+00
6.798989898989893366e-01
1.009090909090910732e-01
0.000000000000000000e+00
9.275757575757568318e-01
0.000000000000000000e+00
2.050303030303029406e+00
0.000000000000000000e+00
0.000000000000000000e+00
1.752525252525255761e-01
2.242333333333333201e+01
2.475757575757577267e-01
1.433333333333335902e-01
3.182828282828285005e-01
8.702020202020215311e-01
2.332787878787878455e+01
8.160303030303031946e+00
8.913333333333328667e+00
3.813131313131314371e-01
5.933333333333343784e-01
4.758585858585854811e-01
2.460606060606066181e-01
2.057171717171714320e+00
0.000000000000000000e+00
7.013939393939395472e+00
6.321212121212118618e-01
1.014848484848486665e+00
3.774747474747476850e-01
2.457676767676772123e+00
4.773737373737367840e-01
0.000000000000000000e+00
3.113131313131315414e-01
8.848484848484855503e-01
8.119191919191940388e-01
3.207575757575757081e+00
1.578282828282827621e+00
3.409191919191921993e+00
8.524242424242398641e-01
6.516161616161604275e-01
3.076767676767669935e-01
5.885858585858586567e-01
5.851515151515161994e-01
0.000000000000000000e+00
1.675757575757577111e-01
9.162626262626276663e-01
1.120707070707069208e+00
5.989494949494954312e+00
1.025252525252527080e+00
3.941414141414137928e-01
5.853535353535342933e-01
7.186868686868693734e-01
1.006666666666667265e+00
7.777777777777758472e-02
9.999999999999955105e-03
2.036363636363636986e-01
3.727070707070715194e+00
4.908080808080798607e-01
1.497979797979795524e+00
1.474848484848483077e+00
1.002727272727273800e+00
0.000000000000000000e+00
0.000000000000000000e+00
5.301010101010109610e-01
2.925858585858584604e+00
2.119858585858586508e+01
8.228282828282847960e-01
1.793939393939395499e+00
7.118181818181807952e-01
3.919191919191923335e-01
6.595959595959611788e-01
7.424242424242425420e-01
3.257979797979793535e+00
0.000000000000000000e+00
2.197575757575755517e+00
0.000000000000000000e+00
0.000000000000000000e+00
1.164747474747473976e+00
9.090909090909084223e-02
9.999999999999998473e-03
9.569696969696986910e-01
8.794949494949483304e-01
5.049090909090912405e+00
6.433333333333345339e-01
7.540404040404050656e-01
1.808787878787878389e+00
7.917171717171707090e-01
9.824646464646466626e+00
9.230303030303026457e-01
1.169898989898991770e+00
2.500000000000001110e-01
1.007171717171718495e+00
5.016464646464640076e+00
8.161616161616153109e-01
0.000000000000000000e+00
9.263636363636343907e-01
6.620202020202019533e-01
2.441818181818186329e+00
9.999999999999953371e-03
9.650505050505062687e-01
1.357575757575757991e-01
6.788888888888880979e-01
6.302020202020198747e-01
4.334343434343429502e-01
7.638383838383858704e-01
0.000000000000000000e+00
7.501010101010118225e-01
9.090909090909075896e-02
2.424242424242418481e-01
7.363636363636373305e-01
7.347474747474748158e-01
9.999999999999996739e-03
1.979797979797979363e-02
7.849494949494942864e-01
4.797979797979803895e-01
0.000000000000000000e+00
0.000000000000000000e+00
6.814141414141418052e-01
9.607070707070726190e-01
1.021212121212123236e+00
0.000000000000000000e+00
1.755252525252522400e+00
4.569696969696974698e-01
2.978181818181814489e+00
1.476262626262626831e+00
2.785757575757573878e+00
7.820202020202008386e-01
6.478686868686866163e+00
6.455555555555546610e-01
6.952525252525255661e-01
0.000000000000000000e+00
6.797979797979809558e-01
1.015656565656564148e+00
1.026868686868686043e+00
9.999999999999988065e-03
8.922222222222220278e-01
5.327272727272726049e-01
1.142424242424244507e-01
6.123232323232328245e-01
6.527272727272720454e-01
1.287878787878785070e-01
9.921212121212130697e-01
0.000000000000000000e+00
4.797979797979802508e-02
1.979797979797979016e-02
0.000000000000000000e+00
2.170202020202021487e+01
7.313131313131309152e-01
8.181919191919192258e+00
3.561616161616158460e-01
1.228888888888886921e+00
1.540303030303030285e+00
1.249999999999998890e+00
0.000000000000000000e+00
6.385858585858574799e-01
1.979797979797979016e-02
2.694747474747469784e+00
0.000000000000000000e+00
1.313333333333332797e+00
1.073737373737375211e+00
0.000000000000000000e+00
1.287878787878784514e-01
6.575757575757587570e-02
0.000000000000000000e+00
1.942424242424241887e-01
0.000000000000000000e+00
4.222222222222221100e-01
3.987878787878795239e-01
1.243434343434344891e+00
1.425030303030303180e+01
2.403030303030307957e-01
1.357575757575757991e-01
0.000000000000000000e+00
2.260606060606055734e-01
0.000000000000000000e+00
8.491919191919198306e-01
9.999999999999972453e-03
7.526262626262626432e-01
2.525252525252525415e-01
7.061616161616156573e-01
6.788888888888880979e-01
2.995757575757575175e+00
8.502020202020208473e-01
0.000000000000000000e+00
0.000000000000000000e+00
6.791919191919194576e-01
7.258585858585858697e-01
7.311111111111110450e-01
1.047575757575756938e+00
4.797979797979808059e-02
3.165050505050502672e+00
1.028949494949494614e+01
5.907070707070708471e-01
2.160606060606058143e-01
5.796969696969693775e-01
8.066666666666679752e-01
1.016060606060606109e+00
7.078787878787878851e-01
2.297979797979793071e-01
8.797979797979811334e-01
1.570909090909091255e+00
7.719191919191916718e-01
6.878787878787889776e-01
1.134262626262625417e+01
4.071717171717176842e-01
1.332393939393938354e+01
6.996969696969689290e-01
6.450505050505060956e-01
2.360000000000001208e+00
9.546464646464634107e-01
7.549494949494943707e-01
0.000000000000000000e+00
1.991818181818184375e+00
1.821212121212122115e-01
6.735353535353543197e-01
1.155828282828284692e+01
1.098888888888887028e+00
1.154222222222221106e+01
1.018080808080805477e+00
1.357575757575757991e-01
1.053636363636365481e+00
9.762626262626246110e-01
1.172323232323232434e+00
9.999999999999981126e-03
2.424242424242418481e-01
1.812565656565656269e+01
1.276363636363636145e+00
2.807878787878781868e+00
0.000000000000000000e+00
6.916161616161613512e-01
5.081818181818188451e-01
1.894848484848485226e+00
0.000000000000000000e+00
1.066666666666669094e-01
0.000000000000000000e+00
1.628989898989899654e+00
8.835353535353542842e-01
1.166666666666671265e-01
6.335151515151519419e+00
5.149494949494960450e-01
0.000000000000000000e+00
2.500000000000001110e-01
9.816161616161598324e-01
1.196161616161616648e+00
1.706767676767676889e+01
2.734040404040404937e+00
0.000000000000000000e+00
0.000000000000000000e+00
1.216161616161618025e-01
2.589292929292926093e+00
9.646464646464641968e-01
0.000000000000000000e+00
4.636363636363645679e-01
7.401010101010102593e-01
7.951515151515146096e-01
6.478787878787878318e-01
8.104040404040399048e-01
1.067575757575758288e+00
8.710101010101002350e-01
8.613131313131301425e-01
0.000000000000000000e+00
0.000000000000000000e+00
1.052828282828284223e+00
8.757575757575762621e-02
0.000000000000000000e+00
2.366666666666672469e-01
1.788888888888890139e-01
1.638383838383840330e-01
9.707070707070716287e-01
6.478787878787884980e-01
7.456565656565664613e-01
2.160606060606058421e-01
0.000000000000000000e+00
2.491919191919196308e-01
1.966767676767675610e+00
1.155353535353532912e+00
1.375959595959596271e+00
5.571717171717175399e-01
2.924242424242417537e-01
3.024242424242418181e-01
8.040404040404031116e-01
1.050909090909091903e+00
2.652787878787878384e+01
7.795959595959589539e-01
7.724242424242432348e-01
5.950505050505044968e-01
1.178181818181819107e+00
2.369090909090914021e+00
3.731313131313139242e-01
3.712121212121212155e-01
0.000000000000000000e+00
8.167676767676779193e-01
3.771717171717179351e-01
1.229292929292928660e+00
1.788888888888891249e-01
0.000000000000000000e+00
9.999999999999972453e-03
9.777777777777777457e-01
9.999999999999993269e-03
0.000000000000000000e+00
4.555555555555552694e-01
5.304242424242421983e+00
1.165555555555553457e+00
7.499191919191913414e+00
0.000000000000000000e+00
2.297979797979792516e-01
7.968686868686868374e-01
1.979797979797979710e-02
1.106464646464647483e+00
9.181818181818170999e-01
0.000000000000000000e+00
1.466767676767675388e+00
1.364858585858585727e+01
5.655555555555566993e-01
7.903030303030310622e-01
2.928888888888891984e+00
8.116161616161622350e-01
6.915151515151528594e-01
9.534343434343421908e-01
9.999999999999974187e-03
5.340404040404029828e-01
1.596161616161616781e+00
4.264646464646458246e-01
1.279393939393940638e+00
9.076767676767693027e-01
2.323131313131311160e+00
0.000000000000000000e+00
8.127272727272718544e-01
8.272727272727277426e-02
6.788888888888884310e-01
2.290303030303034060e+00
1.349272727272727046e+01
3.418989898989898801e+00
4.607070707070698989e-01
0.000000000000000000e+00
4.458080808080811863e+00
7.445454545454532891e-01
3.570707070707078712e-01
8.251515151515148361e+00
6.232323232323243589e-01
9.999999999999991535e-03
9.395959595959589850e-01
9.594949494949518431e-01
0.000000000000000000e+00
8.389898989898979531e-01
5.696969696969705899e-02
1.167575757575757711e+00
0.000000000000000000e+00
8.913131313131302802e-01
5.531313131313121412e-01
9.999999999999981126e-03
4.723131313131320397e+00
3.878787878787880172e-02
2.445858585858588619e+00
7.682828282828283450e-01
1.066666666666667290e-01
9.250505050505040128e-01
0.000000000000000000e+00
1.129898989898987960e+00
5.267676767676774396e-01
3.288020202020202021e+01
5.849494949494937757e-01
4.720606060606064247e+00
3.884040404040408401e+00
8.381818181818184721e-01
0.000000000000000000e+00
9.473737373737358691e-01
1.377575757575758342e+00
7.440404040404037245e-01
9.102020202020182360e-01
2.121212121212122381e-01
7.916868686868688165e+00
6.775757575757568318e-01
1.216161616161617748e-01
1.051616161616162781e+00
7.464646464646477186e-01
1.242424242424244873e-01
2.198171717171717177e+01
9.009090909090919919e-01
6.142424242424242564e-01
1.475353535353535417e+00
7.268686868686863312e-01
6.458080808080817192e+00
0.000000000000000000e+00
0.000000000000000000e+00
7.017171717171717393e-01
3.311111111111116334e-01
1.263686868686867903e+01
7.548484848484849907e-01
2.939393939393944444e-02
6.144444444444436826e-01
1.150202020202022002e+00
0.000000000000000000e+00
2.462525252525249897e+00
2.425949494949495389e+01
6.458585858585849104e-01
1.994949494949491420e-01
1.675757575757576834e-01
3.265757575757573861e+00
1.979797979797979363e-02
2.385656565656565675e+01
0.000000000000000000e+00
6.116161616161610581e-01
0.000000000000000000e+00
8.866666666666669361e-01
2.524242424242423843e-01
0.000000000000000000e+00
7.871717171717174111e-01
2.197979797979799643e-01
1.492181818181818898e+01
2.403030303030307957e-01
7.134343434343448642e-01
2.516161616161619596e-01
1.675757575757577666e-01
4.960606060606062018e-01
8.713131313131305955e-01
1.942424242424241887e-01
1.867777777777781534e+00
0.000000000000000000e+00
8.419191919191931772e-01
1.039898989898988546e+00
2.172020202020198631e+00
7.688888888888899542e-01
1.549191919191917455e+00
7.380808080808088922e-01
0.000000000000000000e+00
6.051515151515146629e-01
4.797979797979802508e-02
3.279797979797984819e-01
1.931505050505049326e+01
2.727747474747472722e+01
6.721212121212127855e-01
6.696969696969701236e-02
6.313131313131302713e-01
2.121414141414141596e+01
9.040404040404044217e-01
1.096060606060605513e+00
2.588888888888883910e-01
8.358585858585853012e-01
1.376767676767673143e-01
8.297979797979795347e-01
3.122212121212121971e+01
1.878787878787881449e-01
0.000000000000000000e+00
1.201414141414140380e+00
1.657191919191919638e+01
6.428282828282819716e-01
1.085959595959594681e+00
1.616161616161617132e-01
1.932727272727268186e+00
1.842424242424241798e-01
0.000000000000000000e+00
1.788888888888890139e-01
7.534949494949493065e+00
1.624949494949498474e+00
4.024626262626262019e+01
0.000000000000000000e+00
4.947474747474757684e-01
7.273737373737386713e-01
7.448484848484850929e-01
5.696969696969712144e-02
8.268686868686873082e-01
7.153535353535338537e-01
1.675757575757576556e-01
4.623636363636360436e+00
0.000000000000000000e+00
1.057575757575758418e-01
1.255252525252527063e+00
0.000000000000000000e+00
1.623232323232320085e-01
6.209090909090902999e-01
8.388888888888900164e-01
3.396464646464643078e+00
6.458585858585869088e-01
2.079797979797981811e-01
8.676767676767658255e-01
2.696969696969692687e-01
6.486868686868676459e-01
4.216161616161620551e-01
0.000000000000000000e+00
4.167070707070707591e+00
1.357575757575757991e-01
2.036363636363637819e-01
0.000000000000000000e+00
1.979797979797979016e-02
0.000000000000000000e+00
6.427272727272738129e-01
1.066666666666668678e-01
3.743434343434343670e-01
1.979797979797979016e-02
8.482828282828291933e-01
7.271717171717183570e-01
1.229696969696972175e+00
7.783838383838388442e-01
1.229494949494951639e+00
1.070808080808079987e+00
1.052838383838383862e+01
2.422606060606062073e+01
8.692929292929295615e-01
7.126262626262622746e-01
4.348080808080803550e+00
1.490909090909092460e-01
1.834141414141411186e+00
0.000000000000000000e+00
1.458787878787880077e+00
7.304040404040403889e-01
0.000000000000000000e+00
7.931313131313129094e-01
9.515151515151504258e-02
0.000000000000000000e+00
2.294747474747473870e+00
1.351060606060606162e+01
1.485858585858582659e-01
5.878787878787872234e-01
9.132323232323217299e-01
1.696262626262627693e+00
6.831313131313139220e-01
7.408080808080814705e-01
5.858585858585859535e-02
8.187878787878798414e-01
5.696969696969705899e-02
7.864646464646470880e-01
1.228181818181814933e+00
7.401010101010103703e-01
7.873737373737377254e-01
2.268686868686868863e-01
2.121212121212122381e-01
8.855555555555528757e-01
1.066666666666668400e-01
2.328787878787880405e+00
2.034141414141412696e+00
4.862626262626253415e-01
2.077373737373735985e+00
0.000000000000000000e+00
2.503030303030307491e-01
2.488888888888884654e-01
7.457575757575760633e-01
1.179292929292927061e+00
0.000000000000000000e+00
7.432323232323247986e-01
7.526262626262636424e-01
2.439303030303030084e+01
2.939393939393944444e-02
2.818787878787882395e+00
3.878787878787880172e-02
1.384848484848483774e-01
2.809494949494950600e+00
1.113131313131311861e+00
6.721212121212108981e-01
9.090909090909084223e-02
1.557828282828282163e+01
1.119898989898990393e+00
7.965656565656581423e-01
6.575757575757587570e-02
2.221212121212121637e-01
6.018181818181828069e-01
1.177373737373739626e+00
3.111818181818178264e+00
0.000000000000000000e+00
0.000000000000000000e+00
3.315151515151514294e-01
5.697979797979809691e-01
9.627272727272727648e-01
1.965555555555557055e+00
1.243030303030302042e+00
6.903030303030317505e-01
2.595959595959600463e-01
0.000000000000000000e+00
0.000000000000000000e+00
1.066767676767679696e+00
8.713131313131330380e-01
9.671717171717154615e-01
9.999999999999998473e-03
1.157474747474745991e+00
2.617575757575754114e+00
1.799999999999996880e-01
8.714747474747474243e+00
9.308080808080819724e-01
1.734444444444445566e+00
7.651515151515138058e-01
2.442222222222224737e+00
1.073838383838386257e+00
0.000000000000000000e+00
7.765656565656553489e-01
1.148080808080806259e+00
2.939393939393944444e-02
9.534343434343414136e-01
7.042424242424235592e-01
1.251828282828282823e+01
2.855959595959600250e+00
4.463636363636357407e-01
5.625252525252535385e-01
9.999999999999975922e-03
1.943434343434342904e-01
0.000000000000000000e+00
2.503030303030307491e-01
6.717171717171724898e-01
2.389898989898991410e-01
2.641414141414148986e-01
9.054545454545468441e-01
5.136767676767676427e+00
6.681010101010099511e+00
4.583838383838390595e-01
0.000000000000000000e+00
1.979797979797979016e-02
5.597979797979791172e+00
5.658585858585858386e-01
9.231313131313126918e-01
1.325555555555551823e+00
0.000000000000000000e+00
5.521212121212116797e-01
8.272727272727277426e-02
0.000000000000000000e+00
5.219494949494957403e+00
7.978787878787870769e-01
1.003737373737372041e+00
2.777777777777772350e-01
9.676767676767666915e-01
2.036363636363637819e-01
1.080404040404039145e+00
2.118989898989897647e+00
6.257575757575751796e-01
6.499999999999989120e-01
1.979797979797979016e-02
9.835353535353511534e-01
4.155454545454547954e+00
6.271717171717178241e-01
4.644444444444438269e-01
0.000000000000000000e+00
9.999999999999981126e-03
6.564646464646467505e-01
1.043939393939392390e+00
3.472727272727273440e-01
1.287878787878785625e-01
2.289494949494946585e+00
1.372868686868686794e+01
1.207979797979795045e+00
1.700303030303033980e+00
1.432121212121208353e+00
2.874747474747470499e-01
2.197979797979799643e-01
2.117909090909090608e+01
1.193353535353537076e+01
5.220202020202011628e-01
7.369696969696954980e-01
1.355454545454546578e+00
8.674747474747461773e-01
8.470707070707076403e-01
2.438383838383836877e-01
0.000000000000000000e+00
9.999999999999948166e-03
5.881818181818176949e-01
4.886262626262622533e+00
8.349494949494956630e-01
1.437929292929294789e+01
6.902929292929298910e+00
3.274646464646468580e+00
6.403030303030292636e-01
0.000000000000000000e+00
8.474747474747477138e-01
6.007070707070715221e-01
0.000000000000000000e+00
2.396919191919189274e+01
4.632323232323243833e-01
4.878787878787889110e-01
7.166666666666661190e-01
1.013333333333332087e+00
7.476767676767670512e-01
1.037373737373737725e+00
1.355858585858587873e+00
0.000000000000000000e+00
0.000000000000000000e+00
1.189939393939393852e+01
6.273737373737382494e-01
1.375575757575758118e+01
1.490909090909092460e-01
7.626262626262642064e-01
0.000000000000000000e+00
7.050808080808081968e+00
0.000000000000000000e+00
3.021515151515151487e+00
0.000000000000000000e+00
4.160606060606051315e-01
7.242323232323221838e+00
7.586868686868694089e-01
9.219191919191926932e-01
2.137818181818181884e+01
1.204343434343433827e+00
1.218383838383838347e+00
0.000000000000000000e+00
8.350505050505068194e-01
0.000000000000000000e+00
1.069898989898987685e+00
4.868484848484849969e+00
2.939393939393942709e-02
6.778383838383834181e+00
3.073454545454546150e+01
8.735353535353518328e-01
0.000000000000000000e+00
8.685858585858581282e-01
1.361707070707071843e+01
1.251616161616163181e+00
6.213131313131300404e-01
1.137202020202020414e+01
0.000000000000000000e+00
4.880808080808070604e-01
0.000000000000000000e+00
1.131313131313131382e-01
1.779696969696969688e+01
1.490909090909092460e-01
2.933939393939391849e+00
1.663737373737372849e+00
1.053030303030304538e+00
4.291919191919197352e-01
2.160606060606057310e-01
1.457575757575757247e-01
5.211111111111105254e-01
2.019696969696968214e+00
8.863636363636373527e-01
8.195959595959599886e-01
3.878787878787880172e-02
3.844444444444445885e-01
3.559393939393936002e+00
1.051020202020202277e+01
6.600000000000000311e-01
6.640404040404035424e-01
1.207979797979795267e+00
9.999999999999984596e-03
2.405555555555558200e+01
5.918181818181824649e-01
4.820202020202012383e-01
1.455656565656566093e+00
5.780808080808076399e-01
7.118181818181811282e-01
1.560808080808078868e+00
7.434343434343430868e-02
3.433333333333329906e-01
0.000000000000000000e+00
3.873737373737370926e-01
1.091010101010100319e+00
2.063636363636365090e+01
2.057141414141414870e+01
7.647474747474748424e-01
2.516161616161619596e-01
8.891919191919188670e-01
7.173737373737391065e-01
1.175656565656563179e+00
2.297979797979792238e-01
1.260707070707072219e+00
0.000000000000000000e+00
1.266565656565654452e+00
8.477777777777788515e-01
7.881818181818187607e-01
5.993939393939387017e-01
1.061111111111112892e+00
2.521212121212118573e-01
2.896222222222220921e+01
6.756565656565653999e-01
2.573030303030300558e+00
8.147474747474744428e-01
9.568686868686858693e-01
5.218181818181821807e-01
8.377777777777772883e-01
6.266666666666652619e-01
4.126767676767672199e+00
7.662626262626265339e-01
8.953535353535364560e-01
8.257575757575768005e-01
0.000000000000000000e+00
5.207070707070717841e-01
5.854545454545443395e-01
1.264242424242421947e+00
8.650505050505050697e-01
1.273434343434339588e+00
1.675757575757576556e-01
0.000000000000000000e+00
1.675757575757577111e-01
0.000000000000000000e+00
5.484848484848491301e-01
0.000000000000000000e+00
1.910101010101010466e-01
6.837373737373730886e-01
1.038787878787880592e+00
2.939393939393943403e-02
1.425252525252529434e-01
2.170606060606060428e+00
6.680808080808090521e-01
4.179797979797986507e+00
0.000000000000000000e+00
0.000000000000000000e+00
8.132323232323231954e-01
3.878787878787880172e-02
0.000000000000000000e+00
6.284848484848473138e-01
1.584444444444446098e+00
0.000000000000000000e+00
9.149494949494959561e-01
8.709090909090898558e-01
1.145353535353534458e+00
9.999999999999975922e-03
1.979797979797979016e-02
