1.235858585858583547e+00
9.006060606060592999e-01
0.000000000000000000e+00
6.042424242424241365e-01
1.387676767676766509e+00
5.819191919191905038e-01
2.327272727272732267e-01
6.738383838383856794e-01
2.424242424242418481e-01
7.933333333333324466e-01
2.145888888888888602e+01
1.357575757575757991e-01
0.000000000000000000e+00
4.468686868686873037e-01
8.464646464646455870e-01
1.736868686868684675e+00
0.000000000000000000e+00
0.000000000000000000e+00
1.585121212121213041e+01
7.375757575757577733e-01
0.000000000000000000e+00
4.738383838383830593e-01
9.860606060606069700e-01
2.036363636363636709e-01
0.000000000000000000e+00
0.000000000000000000e+00
9.756565656565656663e-01
0.000000000000000000e+00
9.999999999999995004e-03
7.162626262626253792e-01
2.025252525252522862e+00
2.939393939393944444e-02
1.943434343434342904e-01
4.015151515151513251e-01
9.040404040404058650e-01
6.334343434343446821e-01
2.864555555555554989e+01
1.500393939393938858e+01
2.297979797979799177e-01
1.100404040404042272e+00
2.886464646464643291e+00
4.714141414141410635e-01
9.157575757575743269e-01
6.228282828282832861e-01
9.633333333333330417e-01
0.000000000000000000e+00
4.140404040404041530e-01
0.000000000000000000e+00
1.106464646464644153e+00
4.365959595959592932e+00
8.851515151515145785e-01
0.000000000000000000e+00
3.878787878787880172e-02
3.562626262626265583e-01
1.144646464646462913e+00
2.354545454545456662e-01
9.263636363636374993e-01
3.379797979797977137e-01
1.957979797979795489e+00
6.948484848484853815e-01
1.623101010101010289e+01
6.443434343434351064e-01
1.090444444444444017e+01
0.000000000000000000e+00
7.182828282828289668e-01
2.939393939393944097e-02
2.294545454545458885e+00
9.106060606060618623e-01
2.525252525252525415e-01
2.939393939393942709e-02
9.286868686868691158e-01
0.000000000000000000e+00
8.430303030303031298e-01
1.254040404040405177e+00
5.797979797979802702e-02
1.686383838383838807e+01
9.280808080808089500e-01
8.277777777777787227e-01
1.013727272727272322e+01
2.737373737373741123e-01
6.373737373737371481e-01
7.279797979797987262e-01
4.878787878787884530e-02
2.442727272727277299e+00
1.799797979797981951e+00
9.485858585858562009e-01
5.288888888888885198e-01
1.054747474747473213e+00
3.182828282828285005e-01
1.990909090909090684e-01
0.000000000000000000e+00
6.547474747474750778e-01
1.999999999999994837e-02
9.442424242424228842e-01
7.345454545454557227e-01
4.757575757575763231e-01
9.606060606060600193e-01
8.843434343434338762e-01
6.273737373737366951e-01
2.184999999999998721e+01
1.431414141414142360e+00
0.000000000000000000e+00
3.878787878787880172e-02
5.678686868686878775e+00
2.488888888888884654e-01
7.311111111111123773e-01
5.371717171717177441e-01
3.386868686868690359e-01
2.524242424242423843e-01
1.414848484848481691e+00
2.616161616161619130e-01
0.000000000000000000e+00
0.000000000000000000e+00
1.096060606060607512e+00
8.317171717171697454e-01
2.939393939393942362e-02
0.000000000000000000e+00
1.033737373737375398e+00
8.031313131313141396e-01
2.806060606060601703e+00
2.631212121212119559e+00
4.467676767676777572e-01
1.910101010101012964e-01
6.226262626262617506e-01
9.598989898989915837e-01
3.004040404040398404e-01
8.677777777777784252e-01
0.000000000000000000e+00
4.350707070707061419e+00
0.000000000000000000e+00
0.000000000000000000e+00
9.999999999999968983e-03
0.000000000000000000e+00
7.960606060606066903e-01
6.123232323232320473e-01
5.590505050505046647e+00
2.521212121212118573e-01
1.551010101010104281e+00
6.956565656565653066e-01
0.000000000000000000e+00
5.429292929292919290e-01
9.423232323232325625e-01
0.000000000000000000e+00
8.831313131313132114e-01
2.233333333333338278e-01
9.997979797979800187e-01
7.506060606060606100e-01
2.141414141414138828e-01
8.104040404040394607e-01
9.999999999999993269e-03
1.091313131313133233e+00
6.775757575757587192e-01
0.000000000000000000e+00
9.772727272727287362e-01
2.118282828282827879e+00
5.845454545454537021e-01
8.047474747474737677e-01
2.319090909090907537e+00
6.459595959595969550e-01
2.939393939393944444e-02
4.797979797979806671e-02
0.000000000000000000e+00
7.434343434343430868e-02
4.636161616161621701e+00
9.452525252525252331e-01
2.511050505050504356e+01
9.999999999999991535e-03
7.071717171717178951e-01
2.941818181818181888e+00
7.937373737373747407e-01
2.939393939393942362e-02
7.707070707070701188e-01
4.552525252525251864e-01
0.000000000000000000e+00
5.965656565656571875e-01
3.577373737373743978e+00
7.698989898989894165e-01
9.888888888888892892e-02
4.878787878787898408e-02
6.167676767676767424e-01
0.000000000000000000e+00
1.058787878787875281e+00
7.434343434343432255e-02
7.635353535353528454e-01
1.404040404040401979e-01
5.308080808080818391e-01
7.946464646464640458e-01
5.643434343434355904e-01
6.127272727272731201e-01
1.616161616161617132e-01
1.035353535353537247e+00
1.240707070707069759e+00
7.090909090909086609e-01
7.675757575757585771e-01
0.000000000000000000e+00
1.263333333333334085e+00
0.000000000000000000e+00
7.659595959595946191e-01
0.000000000000000000e+00
6.148585858585852826e+00
4.094444444444443221e+00
6.854545454545464267e-01
1.009090909090910732e-01
0.000000000000000000e+00
9.248484848484862519e-01
0.000000000000000000e+00
2.030303030303033385e+00
0.000000000000000000e+00
0.000000000000000000e+00
1.688888888888891715e-01
2.240424242424242252e+01
2.475757575757577267e-01
1.247474747474744960e-01
3.264646464646462354e-01
8.588888888888891460e-01
2.211090909090908596e+01
8.096767676767676392e+00
8.421313131313125311e+00
3.923232323232324070e-01
6.158585858585848838e-01
4.835353535353533738e-01
2.460606060606066181e-01
2.001515151515148361e+00
0.000000000000000000e+00
7.951111111111112351e+00
6.107070707070720861e-01
1.035050505050503666e+00
3.774747474747477405e-01
2.468787878787882306e+00
4.791919191919183918e-01
0.000000000000000000e+00
2.473737373737371903e-01
9.135353535353523124e-01
7.998989898989904423e-01
3.322626262626264815e+00
1.612727272727272787e+00
3.389090909090907378e+00
8.904040404040401979e-01
6.693939393939400961e-01
3.506060606060606988e-01
5.595959595959585364e-01
5.937373737373733418e-01
0.000000000000000000e+00
1.675757575757577111e-01
9.296969696969681340e-01
1.198484848484849596e+00
5.758585858585854034e+00
9.789898989898996318e-01
3.747474747474738854e-01
5.477777777777779189e-01
7.103030303030301029e-01
1.011818181818180618e+00
8.676767676767679904e-02
9.999999999999955105e-03
2.121212121212122381e-01
3.800606060606066094e+00
5.481818181818177704e-01
1.598787878787877093e+00
1.497272727272726867e+00
1.046868686868687170e+00
0.000000000000000000e+00
0.000000000000000000e+00
5.461616161616146270e-01
3.009292929292923358e+00
2.118777777777777516e+01
7.981818181818169933e-01
1.718989898989900400e+00
7.384848484848486327e-01
3.949494949494950502e-01
6.726262626262637934e-01
7.346464646464648807e-01
3.226161616161614898e+00
0.000000000000000000e+00
2.115656565656567345e+00
0.000000000000000000e+00
0.000000000000000000e+00
1.119090909090910912e+00
1.066666666666668400e-01
9.999999999999998473e-03
9.737373737373743454e-01
8.258585858585866246e-01
4.909393939393938311e+00
6.433333333333344228e-01
7.658585858585864603e-01
1.843939393939395766e+00
7.720202020202009408e-01
9.966767676767680939e+00
1.049898989898988333e+00
1.215454545454545343e+00
2.488888888888884654e-01
1.072626262626264149e+00
5.088383838383840896e+00
8.023232323232307728e-01
0.000000000000000000e+00
9.473737373737363132e-01
6.715151515151507322e-01
2.590101010101015344e+00
9.999999999999953371e-03
9.671717171717189032e-01
1.357575757575757991e-01
6.611111111111107608e-01
6.529292929292928038e-01
4.337373737373744764e-01
8.062626262626257923e-01
0.000000000000000000e+00
7.448484848484849818e-01
9.888888888888902606e-02
2.424242424242418481e-01
7.316161616161618308e-01
7.416161616161620618e-01
9.999999999999996739e-03
1.979797979797979363e-02
7.837373737373740656e-01
4.797979797979803895e-01
0.000000000000000000e+00
0.000000000000000000e+00
6.520202020202019444e-01
1.012929292929292124e+00
1.087979797979800045e+00
0.000000000000000000e+00
1.752121212121210414e+00
4.771717171717178574e-01
3.035151515151511159e+00
1.483838383838382846e+00
2.823333333333334583e+00
7.832323232323240569e-01
6.350606060606064140e+00
6.468686868686869262e-01
6.898989898989904557e-01
0.000000000000000000e+00
6.819191919191911477e-01
1.071616161616159690e+00
9.978787878787868104e-01
9.999999999999988065e-03
9.011111111111113070e-01
4.915151515151514050e-01
1.066666666666668400e-01
6.031313131313119635e-01
6.746464646464637172e-01
1.216161616161618442e-01
9.776767676767661452e-01
0.000000000000000000e+00
4.797979797979802508e-02
1.979797979797979016e-02
0.000000000000000000e+00
2.153848484848485256e+01
7.468686868686865710e-01
8.205858585858585741e+00
3.605050505050507170e-01
1.178484848484846470e+00
1.576767676767677928e+00
1.222020202020204005e+00
0.000000000000000000e+00
6.161616161616173537e-01
1.979797979797979016e-02
2.640101010101008505e+00
0.000000000000000000e+00
1.282323232323234974e+00
1.101818181818180475e+00
0.000000000000000000e+00
1.287878787878783127e-01
4.797979797979797650e-02
0.000000000000000000e+00
1.942424242424241887e-01
0.000000000000000000e+00
4.168686868686864444e-01
3.939393939393938671e-01
1.222626262626259619e+00
1.431444444444444031e+01
2.424242424242418481e-01
1.287878787878784514e-01
0.000000000000000000e+00
2.179797979797982732e-01
0.000000000000000000e+00
8.839393939393950239e-01
9.999999999999972453e-03
7.630303030303022815e-01
2.521212121212118573e-01
7.283838383838381336e-01
6.690909090909091805e-01
3.020606060606060961e+00
8.644444444444436826e-01
0.000000000000000000e+00
0.000000000000000000e+00
6.489898989898995607e-01
7.634343434343426882e-01
7.339393939393943356e-01
1.168787878787878043e+00
4.797979797979808059e-02
3.140505050505045137e+00
1.041757575757576681e+01
6.301010101010093845e-01
2.121212121212122381e-01
6.187878787878776654e-01
7.945454545454552209e-01
1.030606060606061858e+00
7.230303030303039113e-01
2.160606060606057865e-01
8.418181818181825760e-01
1.585555555555558715e+00
7.772727272727270043e-01
7.060606060606053891e-01
1.152424242424241285e+01
3.979797979797979890e-01
1.377242424242422736e+01
6.955555555555557046e-01
6.628282828282825445e-01
2.402727272727270158e+00
9.796969696969708430e-01
7.798989898989888703e-01
0.000000000000000000e+00
1.948585858585855757e+00
1.821212121212122115e-01
6.839393939393936250e-01
1.141363636363635869e+01
1.062828282828284232e+00
1.173515151515152155e+01
1.049595959595958528e+00
1.357575757575757991e-01
9.650505050505034932e-01
9.954545454545442595e-01
1.154141414141413691e+00
9.999999999999981126e-03
2.354545454545460270e-01
1.826888888888889184e+01
1.275454545454544508e+00
3.029696969696973330e+00
0.000000000000000000e+00
6.915151515151519712e-01
5.083838383838386044e-01
1.948484848484847154e+00
0.000000000000000000e+00
1.142424242424244785e-01
0.000000000000000000e+00
1.611717171717170327e+00
8.684848484848481931e-01
1.166666666666671265e-01
6.686363636363638285e+00
5.303030303030298320e-01
0.000000000000000000e+00
2.443434343434337519e-01
1.015252525252524629e+00
1.239898989898991166e+00
1.713161616161615797e+01
2.665353535353533587e+00
0.000000000000000000e+00
0.000000000000000000e+00
1.242424242424245012e-01
2.627676767676770275e+00
9.537373737373734395e-01
0.000000000000000000e+00
4.695959595959603994e-01
7.060606060606069434e-01
7.817171717171715883e-01
6.579797979797985530e-01
9.116161616161622128e-01
1.071010101010099191e+00
8.839393939393955790e-01
9.166666666666688501e-01
0.000000000000000000e+00
0.000000000000000000e+00
1.137575757575757240e+00
8.676767676767684068e-02
0.000000000000000000e+00
2.454545454545459526e-01
1.788888888888890139e-01
1.607070707070709370e-01
9.268686868686883962e-01
6.633333333333323312e-01
7.627272727272712549e-01
2.197979797979799643e-01
0.000000000000000000e+00
2.654545454545449990e-01
1.994242424242421485e+00
1.112525252525250474e+00
1.483030303030300923e+00
5.504040404040398959e-01
2.924242424242417537e-01
3.391919191919198773e-01
7.973737373737374012e-01
9.930303030303021528e-01
2.720585858585858574e+01
7.725252525252517266e-01
7.671717171717156170e-01
5.981818181818191471e-01
1.076969696969698687e+00
2.467272727272728616e+00
3.517171717171713730e-01
3.822222222222223520e-01
0.000000000000000000e+00
8.023232323232325491e-01
4.199999999999995404e-01
1.231313131313134024e+00
1.788888888888891249e-01
0.000000000000000000e+00
2.939393939393944791e-02
9.050505050505051052e-01
9.999999999999993269e-03
0.000000000000000000e+00
4.414141414141417030e-01
5.102020202020197459e+00
1.252727272727272245e+00
8.005757575757570521e+00
0.000000000000000000e+00
2.427272727272732078e-01
7.839393939393919375e-01
1.979797979797979710e-02
1.176464646464645547e+00
9.728282828282844852e-01
0.000000000000000000e+00
1.560808080808077980e+00
1.344848484848484738e+01
5.429292929292918179e-01
8.228282828282833528e-01
2.759797979797975920e+00
8.089898989898992587e-01
7.076767676767681259e-01
9.891919191919180676e-01
9.999999999999974187e-03
5.312121212121212466e-01
1.697070707070705842e+00
4.354545454545451499e-01
1.302020202020200301e+00
9.172727272727283498e-01
2.307979797979799130e+00
0.000000000000000000e+00
8.373737373737377698e-01
8.272727272727277426e-02
6.697979797979798366e-01
2.247171717171715599e+00
1.331666666666666821e+01
3.541717171717167822e+00
4.761616161616158971e-01
0.000000000000000000e+00
4.504646464646467230e+00
7.468686868686864599e-01
3.640404040404039421e-01
8.640303030303028820e+00
6.450505050505056515e-01
2.939393939393941321e-02
9.293939393939385507e-01
9.573737373737346568e-01
0.000000000000000000e+00
8.309090909090904864e-01
5.696969696969705899e-02
1.248585858585860686e+00
0.000000000000000000e+00
9.538383838383813762e-01
5.776767676767688986e-01
9.999999999999981126e-03
4.607474747474741505e+00
2.939393939393944097e-02
2.514949494949490383e+00
7.655555555555562108e-01
9.888888888888887341e-02
9.429292929292926173e-01
0.000000000000000000e+00
1.173636363636361812e+00
5.161616161616167098e-01
3.303666666666666174e+01
5.857575757575760322e-01
4.818383838383840434e+00
3.972828282828290369e+00
8.717171717171717793e-01
0.000000000000000000e+00
9.353535353535350483e-01
1.363636363636362869e+00
7.682828282828291222e-01
9.339393939393922928e-01
2.197979797979799643e-01
8.108080808080810442e+00
6.775757575757567208e-01
1.287878787878786180e-01
1.065656565656563970e+00
7.775757575757573647e-01
1.485858585858582659e-01
2.193444444444445196e+01
9.384848484848471450e-01
6.386868686868695244e-01
1.490000000000001101e+00
7.693939393939392968e-01
6.461010101010098872e+00
0.000000000000000000e+00
0.000000000000000000e+00
7.020202020202027660e-01
3.368686868686874836e-01
1.312989898989898130e+01
7.969696969696972166e-01
3.939393939393939781e-02
5.844444444444459874e-01
1.182323232323230666e+00
0.000000000000000000e+00
2.445959595959594779e+00
2.357474747474748966e+01
6.628282828282828776e-01
1.994949494949491420e-01
1.733333333333331450e-01
3.232929292929292764e+00
1.979797979797979363e-02
2.440656565656565036e+01
0.000000000000000000e+00
6.095959595959601351e-01
0.000000000000000000e+00
9.533333333333340320e-01
2.521212121212118573e-01
0.000000000000000000e+00
7.995959595959590827e-01
2.260606060606057399e-01
1.527454545454545709e+01
2.379797979797985685e-01
7.097979797979798722e-01
2.516161616161619596e-01
1.733333333333332282e-01
4.770707070707077557e-01
8.718181818181829357e-01
2.043434343434342437e-01
1.871515151515152908e+00
0.000000000000000000e+00
8.534343434343427681e-01
1.024040404040403196e+00
2.170707070707070585e+00
7.645454545454559714e-01
1.486262626262625730e+00
7.389898989898979753e-01
0.000000000000000000e+00
5.893939393939386928e-01
6.575757575757584794e-02
3.298989898989903025e-01
1.978454545454545865e+01
2.791474747474747531e+01
6.692929292929294949e-01
1.009090909090910176e-01
6.591919191919186627e-01
2.196222222222220921e+01
9.413131313131317679e-01
1.049090909090909740e+00
2.588888888888883910e-01
8.459595959595953563e-01
1.530303030303026834e-01
8.523232323232330376e-01
3.067353535353534255e+01
1.813131313131312594e-01
0.000000000000000000e+00
1.193737373737372431e+00
1.625303030303031093e+01
6.594949494949496893e-01
1.124141414141413220e+00
1.616161616161617132e-01
1.924343434343432468e+00
1.788888888888890416e-01
0.000000000000000000e+00
1.616161616161617132e-01
7.582525252525254444e+00
1.664141414141416142e+00
4.049323232323231991e+01
0.000000000000000000e+00
5.057575757575750730e-01
7.405050505050507770e-01
7.484848484848485306e-01
4.797979797979806671e-02
7.618181818181819498e-01
7.197979797979804362e-01
1.675757575757576556e-01
4.694242424242424327e+00
0.000000000000000000e+00
9.636363636363623475e-02
1.309696969696967361e+00
0.000000000000000000e+00
1.719191919191919993e-01
6.117171717171709933e-01
8.298989898989891367e-01
3.245454545454545592e+00
6.376767676767661763e-01
2.197979797979799643e-01
8.798989898989898473e-01
2.696969696969692687e-01
6.202020202020191997e-01
4.172727272727267400e-01
0.000000000000000000e+00
4.166666666666666963e+00
1.287878787878785070e-01
1.990909090909090406e-01
0.000000000000000000e+00
2.939393939393944444e-02
0.000000000000000000e+00
6.456565656565662614e-01
1.066666666666668678e-01
3.922222222222226939e-01
1.979797979797979016e-02
8.316161616161611425e-01
6.964646464646486734e-01
1.251515151515153024e+00
8.014141414141392472e-01
1.193434343434345291e+00
1.046262626262625339e+00
1.029939393939393533e+01
2.534080808080808467e+01
8.857575757575772979e-01
7.405050505050509990e-01
4.312626262626261919e+00
1.554545454545456229e-01
1.946464646464647785e+00
0.000000000000000000e+00
1.355757575757575939e+00
7.336363636363641971e-01
0.000000000000000000e+00
7.582828282828274480e-01
9.414141414141417863e-02
0.000000000000000000e+00
2.285050505050506331e+00
1.360393939393940421e+01
1.688888888888891993e-01
6.030303030303024725e-01
9.181818181818179880e-01
1.745555555555555527e+00
6.758585858585844930e-01
7.105050505050503062e-01
5.878787878787886112e-02
7.928282828282808836e-01
6.575757575757584794e-02
7.910101010101000529e-01
1.309393939393939332e+00
7.456565656565650180e-01
7.829292929292941405e-01
2.358585858585862671e-01
2.160606060606058143e-01
8.490909090909077861e-01
9.888888888888891504e-02
2.199393939393942787e+00
1.988585858585855126e+00
4.854545454545446947e-01
2.105757575757575939e+00
0.000000000000000000e+00
2.543434343434349820e-01
2.475757575757577267e-01
7.409090909090907395e-01
1.122727272727271464e+00
0.000000000000000000e+00
7.898989898989910996e-01
7.457575757575757303e-01
2.333636363636363242e+01
2.939393939393943403e-02
2.822222222222221522e+00
3.878787878787880172e-02
1.384848484848483774e-01
2.896262626262627649e+00
1.079494949494951728e+00
6.591919191919181076e-01
7.434343434343430868e-02
1.571111111111112635e+01
1.108484848484846630e+00
8.281818181818174640e-01
6.575757575757587570e-02
2.179797979797983287e-01
6.269696969696981759e-01
1.228181818181819152e+00
3.142828282828280972e+00
0.000000000000000000e+00
0.000000000000000000e+00
4.023232323232325824e-01
5.965656565656576316e-01
1.019292929292930694e+00
1.955454545454546444e+00
1.293939393939394833e+00
6.758585858585852701e-01
2.495959595959598987e-01
0.000000000000000000e+00
0.000000000000000000e+00
1.096363636363633765e+00
9.027272727272711572e-01
9.850505050505041771e-01
9.999999999999998473e-03
1.182424242424241490e+00
2.804040404040406553e+00
1.636363636363632468e-01
8.866565656565656539e+00
9.691919191919186050e-01
1.651616161616164202e+00
7.650505050505067572e-01
2.389292929292933909e+00
1.120707070707069875e+00
0.000000000000000000e+00
7.937373737373749627e-01
1.141919191919193999e+00
2.939393939393944444e-02
1.012020202020204263e+00
6.921212121212119150e-01
1.254858585858586473e+01
2.953434343434341525e+00
4.849494949494954077e-01
5.433333333333334458e-01
9.999999999999975922e-03
2.079797979797981811e-01
0.000000000000000000e+00
2.454545454545459526e-01
6.826262626262623590e-01
2.439393939393940669e-01
2.641414141414146766e-01
8.819191919191925466e-01
4.915353535353534475e+00
6.964242424242426566e+00
4.725252525252519598e-01
0.000000000000000000e+00
1.979797979797979016e-02
5.686666666666664760e+00
5.788888888888888973e-01
9.566666666666659991e-01
1.305353535353531269e+00
0.000000000000000000e+00
5.323232323232327534e-01
8.272727272727277426e-02
0.000000000000000000e+00
5.301111111111102225e+00
7.687878787878793529e-01
9.631313131313111731e-01
2.834343434343436496e-01
9.832323232323249007e-01
2.079797979797981811e-01
1.099090909090910229e+00
2.164242424242421858e+00
5.880808080808067606e-01
6.701010101010113074e-01
9.999999999999953371e-03
9.812121212121203140e-01
4.135656565656569583e+00
6.664646464646469814e-01
4.803030303030293435e-01
0.000000000000000000e+00
9.999999999999981126e-03
6.811111111111102234e-01
1.035858585858588032e+00
3.716161616161620107e-01
1.357575757575757991e-01
2.273838383838386434e+00
1.400333333333332853e+01
1.197878787878789986e+00
1.681414141414139474e+00
1.432121212121208353e+00
2.890909090909088985e-01
2.233333333333338000e-01
2.214969696969697210e+01
1.203545454545455229e+01
5.728282828282835748e-01
7.631313131313137710e-01
1.365656565656564458e+00
9.169696969696962130e-01
8.463636363636355409e-01
2.556565656565659150e-01
0.000000000000000000e+00
1.979797979797979016e-02
5.986868686868700440e-01
5.006666666666665044e+00
8.354545454545436733e-01
1.474515151515151778e+01
6.972222222222223209e+00
3.475858585858579097e+00
6.488888888888901807e-01
0.000000000000000000e+00
8.314141414141413833e-01
5.941414141414147476e-01
0.000000000000000000e+00
2.396707070707070031e+01
4.632323232323243833e-01
4.827272727272726716e-01
7.267676767676779503e-01
9.982828282828294375e-01
7.491919191919199639e-01
1.060808080808081533e+00
1.401919191919194896e+00
0.000000000000000000e+00
0.000000000000000000e+00
1.213888888888889639e+01
6.482828282828289046e-01
1.429434343434344434e+01
1.490909090909092460e-01
7.787878787878786957e-01
0.000000000000000000e+00
6.719797979797979437e+00
0.000000000000000000e+00
3.001111111111113505e+00
0.000000000000000000e+00
4.141414141414135885e-01
7.496464646464645831e+00
7.319191919191923024e-01
8.903030303030291526e-01
2.224838383838384459e+01
1.286363636363634377e+00
1.309393939393936668e+00
9.999999999999972453e-03
8.132323232323239726e-01
0.000000000000000000e+00
1.042828282828284214e+00
4.878989898989895657e+00
2.939393939393942709e-02
6.895353535353538454e+00
3.055818181818182566e+01
8.430303030303023526e-01
0.000000000000000000e+00
9.138383838383827840e-01
1.362858585858586125e+01
1.293939393939392168e+00
6.151515151515163371e-01
1.134020202020199974e+01
0.000000000000000000e+00
4.730303030303037448e-01
0.000000000000000000e+00
1.121212121212119411e-01
1.769333333333333513e+01
1.490909090909092460e-01
2.856767676767674846e+00
1.662020202020202175e+00
9.941414141414145478e-01
3.927272727272724806e-01
2.160606060606057310e-01
1.525252525252528968e-01
5.080808080808072447e-01
2.007979797979797976e+00
9.124242424242438032e-01
7.640404040404052965e-01
4.797979797979805283e-02
3.869696969696971300e-01
3.691515151515152304e+00
1.110818181818182282e+01
6.918181818181823317e-01
6.612121212121200298e-01
1.272525252525251949e+00
9.999999999999984596e-03
2.417686868686869417e+01
5.913131313131323452e-01
4.403030303030304737e-01
1.510505050505054347e+00
5.719191919191907170e-01
7.387878787878788822e-01
1.649595959595959949e+00
7.434343434343430868e-02
3.497979797979801075e-01
0.000000000000000000e+00
3.787878787878787290e-01
1.036666666666668624e+00
2.060868686868686694e+01
2.079828282828283648e+01
7.862626262626261076e-01
2.516161616161619596e-01
8.710101010101022334e-01
7.009090909090914812e-01
1.119797979797981125e+00
2.297979797979792238e-01
1.260808080808080822e+00
0.000000000000000000e+00
1.375151515151513681e+00
8.536363636363620833e-01
7.961616161616149601e-01
6.095959595959608013e-01
1.036666666666667735e+00
2.516161616161619596e-01
2.977606060606061078e+01
6.717171717171734890e-01
2.576363636363640186e+00
8.147474747474744428e-01
9.199999999999998179e-01
5.142424242424246117e-01
8.633333333333316206e-01
6.467676767676762140e-01
4.187272727272730144e+00
7.488888888888877160e-01
8.720202020202024729e-01
8.616161616161603920e-01
0.000000000000000000e+00
4.954545454545467020e-01
6.150505050505054028e-01
1.273030303030302290e+00
8.604040404040391721e-01
1.293636363636360143e+00
1.893939393939393923e-01
0.000000000000000000e+00
1.675757575757577666e-01
0.000000000000000000e+00
5.445454545454535555e-01
0.000000000000000000e+00
1.824242424242421556e-01
7.095959595959591137e-01
1.088686868686867371e+00
2.939393939393943403e-02
1.425252525252529434e-01
2.273232323232327268e+00
6.879797979797981355e-01
4.369898989898991282e+00
0.000000000000000000e+00
0.000000000000000000e+00
7.481818181818180591e-01
2.939393939393944791e-02
0.000000000000000000e+00
6.312121212121221125e-01
1.616464646464646382e+00
0.000000000000000000e+00
9.037373737373743943e-01
8.548484848484851906e-01
1.117676767676769378e+00
9.999999999999975922e-03
2.939393939393943403e-02
