4.690808080808084313e+00
2.026565656565658458e+00
0.000000000000000000e+00
1.042020202020200292e+00
4.684747474747471330e+00
8.219191919191929374e-01
2.460606060606065904e-01
2.867070707070701108e+00
2.379797979797985408e-01
2.838686868686867815e+00
8.405272727272725319e+01
2.713131313131317279e-01
1.979797979797979016e-02
1.457272727272725943e+00
2.462323232323238464e+00
5.706969696969697026e+00
9.999999999999981126e-03
9.888888888888902606e-02
4.771484848484848840e+01
1.124444444444442581e+00
0.000000000000000000e+00
9.364646464646469992e-01
2.793030303030306527e+00
2.354545454545460548e-01
0.000000000000000000e+00
4.797979797979805283e-02
2.343434343434346978e+00
4.939393939393937893e-02
2.979797979797975047e-02
1.444747474747477112e+00
6.346565656565649860e+00
1.357575757575757991e-01
3.574747474747477782e-01
1.079797979797980423e+00
2.104949494949497790e+00
1.789494949494952136e+00
8.269242424242423795e+01
4.126939393939396439e+01
2.622222222222224675e-01
3.273636363636363011e+00
1.158010101010101245e+01
1.007272727272728874e+00
2.206666666666664334e+00
1.294848484848481585e+00
2.450505050505054072e+00
2.939393939393941668e-02
3.478787878787873433e-01
0.000000000000000000e+00
3.302626262626261688e+00
1.958828282828282497e+01
2.307676767676766438e+00
0.000000000000000000e+00
1.675757575757577111e-01
8.969696969696953071e-01
2.835656565656568873e+00
7.589898989898991033e-01
1.782121212121215326e+00
6.336363636363629981e-01
4.822727272727272307e+00
1.829898989898989470e+00
5.332626262626261848e+01
1.775151515151516035e+00
3.675464646464647700e+01
0.000000000000000000e+00
2.141717171717168799e+00
1.581818181818182845e-01
5.809595959595953651e+00
2.412727272727269057e+00
2.516161616161619596e-01
1.216161616161617748e-01
3.137070707070706455e+00
5.696969696969712837e-02
2.193838383838388140e+00
3.531212121212117694e+00
1.959595959595960279e-01
5.266020202020202845e+01
2.502121212121211080e+00
2.133434343434346570e+00
4.167333333333335332e+01
3.459595959595956893e-01
1.248383838383838373e+00
1.697979797979798589e+00
1.109090909090911514e-01
6.973636363636362745e+00
6.584545454545452259e+00
2.872626262626259752e+00
1.058181818181820333e+00
2.966464646464646915e+00
1.040202020202023014e+00
2.503030303030308046e-01
1.816161616161617587e-01
1.745555555555553306e+00
3.959595959595958725e-02
2.662828282828285875e+00
1.899595959595955952e+00
4.919191919191923112e-01
2.832626262626265490e+00
2.071717171717167183e+00
1.853232323232322010e+00
8.321141414141411019e+01
3.908080808080804047e+00
9.999999999999960310e-03
1.581818181818181734e-01
1.653525252525250622e+01
2.600000000000000644e-01
1.618383838383838924e+00
1.162222222222221824e+00
1.001919191919191210e+00
2.524242424242423843e-01
3.453131313131317270e+00
3.425252525252530100e-01
8.272727272727276038e-02
9.888888888888922035e-02
3.269595959595962054e+00
2.403939393939393376e+00
3.793939393939393945e-01
0.000000000000000000e+00
3.554343434343434804e+00
1.721515151515154551e+00
9.255151515151522901e+00
7.639090909090910486e+00
1.400707070707071233e+00
3.537373737373738503e-01
1.630101010101010717e+00
3.090303030303032994e+00
4.534343434343435786e-01
1.689292929292928847e+00
1.142424242424244507e-01
1.026494949494950149e+01
1.999999999999992409e-02
9.999999999999965514e-03
3.878787878787880172e-02
8.898989898989900782e-02
2.150101010101006516e+00
1.391717171717171464e+00
2.264141414141413833e+01
2.509090909090911925e-01
4.505252525252528173e+00
1.597474747474750156e+00
0.000000000000000000e+00
1.449595959595960881e+00
1.911010101010103046e+00
5.878787878787886806e-02
2.258080808080807245e+00
2.379797979797985408e-01
2.860505050505049329e+00
1.575555555555555154e+00
3.658585858585864936e-01
2.305555555555561131e+00
2.979797979797979210e-02
3.410808080808081399e+00
1.279898989898988315e+00
0.000000000000000000e+00
2.740909090909093404e+00
5.230202020202023405e+00
1.139494949494949561e+00
1.668484848484847349e+00
6.402626262626257336e+00
1.450505050505050741e+00
1.376767676767675086e-01
1.216161616161618719e-01
0.000000000000000000e+00
1.775757575757578588e-01
1.929404040404038767e+01
2.735353535353539645e+00
8.449848484848484986e+01
1.357575757575757991e-01
1.689494949494952936e+00
1.281676767676767170e+01
1.555454545454546089e+00
9.888888888888890116e-02
2.013232323232325705e+00
1.532828282828284205e+00
0.000000000000000000e+00
1.082828282828283140e+00
9.858080808080805113e+00
2.256868686868683138e+00
2.458585858585862205e-01
1.905050505050502885e-01
1.369797979797980458e+00
1.137373737373739702e-01
1.645959595959593624e+00
1.247474747474748985e-01
2.911616161616166210e+00
9.950505050505064064e-01
1.136767676767678203e+00
2.315151515151515405e+00
1.567676767676769334e+00
1.843939393939395099e+00
2.379797979797985685e-01
3.004242424242422604e+00
2.326262626262623812e+00
1.631616161616158855e+00
1.781616161616162985e+00
2.979797979797977822e-02
3.080606060606064123e+00
0.000000000000000000e+00
2.126868686868685465e+00
6.797979797979801508e-02
2.398333333333333783e+01
1.291909090909090629e+01
1.292323232323234761e+00
2.224242424242427185e-01
0.000000000000000000e+00
2.042929292929290153e+00
0.000000000000000000e+00
4.212323232323226030e+00
6.777777777777767299e-02
1.216161616161617470e-01
4.736363636363628005e-01
8.359929292929297162e+01
2.521212121212118573e-01
7.864646464646468660e-01
4.277777777777773127e-01
2.695252525252525455e+00
6.044616161616163197e+01
2.604060606060607341e+01
2.787292929292927823e+01
1.270404040404042201e+00
1.922727272727276171e+00
6.123232323232314922e-01
3.470707070707074182e-01
6.223333333333330053e+00
0.000000000000000000e+00
2.752343434343434936e+01
1.250505050505048565e+00
2.868686868686869396e+00
7.695959595959608324e-01
8.586767676767678381e+00
1.203131313131314828e+00
0.000000000000000000e+00
1.208080808080807200e+00
2.583737373737371446e+00
3.208989898989903722e+00
7.537272727272736006e+00
4.276666666666666394e+00
1.049949494949493634e+01
2.114545454545449843e+00
1.983232323232323235e+00
1.521717171717171579e+00
1.357474747474749055e+00
1.135252525252525846e+00
1.979797979797979710e-02
2.221212121212121637e-01
2.378080808080804243e+00
2.635050505050509528e+00
2.519898989898989683e+01
2.493535353535358379e+00
1.022424242424243790e+00
1.053939393939392177e+00
1.403939393939393376e+00
3.259393939393938844e+00
2.543434343434339828e-01
1.340404040404039876e-01
2.638383838383838720e-01
1.154404040404041076e+01
1.699595959595958883e+00
4.092727272727279875e+00
4.490404040404037289e+00
2.879797979797976026e+00
0.000000000000000000e+00
0.000000000000000000e+00
1.906464646464641977e+00
7.568585858585858972e+00
5.205838383838383265e+01
2.035656565656569494e+00
5.856262626262624948e+00
1.726161616161617784e+00
8.111111111111112271e-01
1.946868686868688636e+00
2.176363636363631837e+00
8.091111111111109366e+00
9.999999999999949901e-03
7.865151515151513451e+00
5.040404040404038166e-02
2.939393939393943403e-02
3.038585858585865829e+00
1.554545454545456507e-01
6.696969696969704011e-02
2.660000000000002807e+00
2.273838383838388211e+00
1.947535353535353408e+01
1.106161616161618566e+00
1.567474747474746577e+00
6.736262626262621289e+00
2.283030303030308072e+00
2.688626262626262431e+01
2.554242424242427312e+00
1.891919191919190668e+00
2.488888888888884932e-01
2.522222222222218591e+00
1.727212121212121332e+01
2.359898989898990607e+00
0.000000000000000000e+00
2.413030303030310186e+00
1.151717171717169919e+00
7.528787878787883692e+00
2.115151515151512396e-01
2.361515151515156674e+00
1.788888888888890139e-01
1.294141414141417146e+00
1.330404040404039812e+00
7.468686868686875702e-01
2.073030303030301891e+00
1.999999999999998307e-02
1.380303030303029033e+00
2.448484848484847876e-01
2.379797979797985685e-01
1.206767676767675157e+00
1.780404040404038879e+00
9.090909090909086998e-02
6.696969696969705399e-02
1.434444444444443967e+00
4.775757575757578755e-01
0.000000000000000000e+00
0.000000000000000000e+00
1.409898989898987764e+00
3.187373737373735860e+00
2.952323232323230684e+00
3.878787878787880172e-02
5.587676767676764911e+00
1.187676767676770773e+00
7.271717171717178019e+00
5.471818181818182580e+00
8.451111111111110574e+00
2.211919191919188510e+00
1.714242424242424434e+01
9.464646464646448987e-01
2.220707070707069075e+00
0.000000000000000000e+00
1.953434343434345299e+00
2.280606060606066521e+00
2.800101010101013532e+00
4.919191919191923112e-02
2.510606060606056289e+00
1.153535353535354746e+00
1.990909090909092072e-01
1.263636363636361226e+00
1.737474747474747172e+00
1.943434343434342904e-01
3.219494949494950742e+00
7.434343434343430868e-02
1.490909090909092460e-01
1.066666666666668400e-01
0.000000000000000000e+00
8.791979797979797695e+01
1.202626262626261822e+00
2.927828282828282624e+01
4.346464646464644477e-01
3.296262626262625339e+00
4.707373737373734102e+00
2.569595959595960988e+00
8.434343434343453960e-02
1.033939393939392604e+00
1.163636363636361970e-01
8.201919191919188279e+00
1.979797979797979363e-02
3.956262626262628590e+00
3.567474747474745467e+00
1.979797979797979363e-02
2.090909090909090218e-01
2.187878787878788367e-01
1.979797979797979363e-02
2.721212121212117641e-01
0.000000000000000000e+00
4.693939393939405291e-01
1.221212121212119195e+00
4.006666666666665044e+00
5.258464646464646819e+01
2.560606060606065437e-01
1.675757575757576556e-01
0.000000000000000000e+00
3.010101010101003949e-01
5.696969696969703817e-02
2.356969696969702266e+00
5.878787878787884724e-02
1.650202020202021114e+00
2.896969696969698971e-01
1.781313131313130738e+00
1.318181818181817011e+00
1.104171717171718115e+01
2.756969696969699068e+00
9.999999999999972453e-03
1.066666666666667568e-01
1.371515151515148911e+00
1.792222222222218164e+00
1.782828282828281319e+00
2.872121212121215184e+00
1.357575757575757991e-01
1.356404040404040501e+01
3.505535353535353948e+01
1.365757575757577946e+00
2.955555555555558489e-01
1.316666666666664876e+00
2.198585858585857533e+00
3.228484848484847181e+00
1.362727272727271233e+00
2.233333333333339110e-01
1.879090909090905592e+00
4.588888888888890349e+00
1.835959595959598456e+00
2.604646464646461546e+00
3.892151515151515895e+01
1.504040404040402068e+00
4.718797979797976438e+01
1.514444444444443150e+00
1.713030303030305346e+00
7.880606060606059948e+00
2.228888888888887365e+00
1.235757575757573834e+00
0.000000000000000000e+00
5.650404040404040984e+00
3.978787878787877208e-01
1.210808080808078779e+00
3.179979797979796885e+01
2.879393939393939839e+00
4.523939393939395615e+01
2.566767676767679696e+00
2.803030303030298320e-01
2.569090909090907093e+00
2.377676767676764946e+00
3.800202020202018360e+00
1.107070707070704624e-01
2.624242424242423377e-01
6.048474747474746493e+01
4.508686868686870852e+00
8.431818181818181657e+00
9.888888888888890116e-02
8.875757575757594608e-01
1.249393939393938835e+00
6.355454545454541027e+00
7.434343434343430868e-02
1.867676767676764160e-01
0.000000000000000000e+00
4.905050505050503773e+00
2.068484848484848371e+00
2.737373737373742233e-01
1.890383838383838366e+01
8.835353535353546173e-01
1.728282828282828310e-01
2.443434343434336686e-01
2.002222222222223458e+00
3.205959595959598563e+00
4.942040404040406543e+01
7.197070707070706952e+00
6.575757575757587570e-02
0.000000000000000000e+00
2.751515151515147584e-01
8.367171717171714818e+00
2.246767676767675859e+00
0.000000000000000000e+00
5.738383838383833702e-01
2.670202020202018023e+00
2.215959595959597461e+00
1.548888888888886317e+00
2.472828282828287705e+00
3.599898989898985047e+00
2.387979797979796093e+00
2.000404040404037076e+00
3.878787878787880172e-02
0.000000000000000000e+00
2.406666666666660959e+00
4.128282828282824335e-01
0.000000000000000000e+00
3.614141414141415765e-01
2.090909090909089663e-01
3.311111111111107452e-01
3.482727272727274670e+00
1.591111111111113807e+00
1.430505050505051168e+00
2.790909090909095003e-01
0.000000000000000000e+00
3.833333333333325266e-01
4.350808080808082678e+00
2.645050505050502210e+00
3.977474747474744277e+00
1.529494949494950573e+00
9.428282828282844585e-01
1.255050505050506970e+00
1.648787878787877803e+00
3.049494949494950369e+00
6.795101010101011241e+01
1.790808080808076408e+00
1.715858585858588192e+00
6.632323232323221740e-01
3.449797979797977643e+00
7.176565656565654372e+00
1.201818181818183673e+00
5.441414141414149253e-01
0.000000000000000000e+00
1.830909090909093040e+00
1.125959595959594717e+00
3.478686868686871492e+00
2.327272727272731989e-01
5.696969696969706592e-02
9.090909090909086998e-02
2.460101010101015451e+00
3.878787878787879478e-02
9.999999999999951636e-03
1.208787878787876302e+00
1.232797979797978982e+01
2.855656565656569335e+00
2.559050505050503332e+01
0.000000000000000000e+00
2.696969696969692687e-01
2.392121212121215645e+00
1.622222222222219901e-01
2.834646464646461084e+00
2.754949494949495481e+00
0.000000000000000000e+00
3.927878787878790412e+00
3.853070707070706646e+01
8.933333333333318693e-01
1.951111111111113905e+00
9.262121212121201097e+00
2.646565656565658564e+00
1.755050505050505638e+00
2.873838383838387411e+00
4.797979797979805283e-02
7.905050505050499332e-01
5.530909090909094772e+00
4.888888888888885398e-01
3.972727272727275327e+00
2.186767676767680690e+00
6.074747474747477227e+00
1.999999999999995531e-02
1.898989898989902114e+00
2.063636363636363880e-01
5.562626262626269025e-01
6.100808080808080902e+00
3.368737373737373275e+01
1.207262626262625460e+01
8.307070707070715043e-01
3.959595959595959419e-02
1.449484848484848953e+01
1.762626262626264984e+00
3.232323232323227047e-01
2.639494949494949338e+01
1.311010101010100737e+00
1.166666666666669183e-01
1.887777777777774668e+00
2.562727272727268968e+00
7.434343434343430868e-02
1.701111111111114793e+00
7.434343434343430868e-02
3.747171717171722261e+00
0.000000000000000000e+00
2.046767676767677457e+00
1.119292929292929228e+00
9.888888888888892892e-02
1.416525252525252121e+01
1.287878787878786180e-01
9.047979797979799343e+00
1.303838383838386905e+00
1.893939393939393923e-01
3.013232323232319931e+00
0.000000000000000000e+00
3.131717171717172565e+00
8.905050505050504661e-01
8.840101010101011525e+01
2.188989898989897043e+00
1.639545454545454106e+01
1.109535353535353508e+01
1.636464646464644845e+00
3.878787878787880172e-02
2.180505050505054943e+00
4.320606060606059451e+00
1.938888888888886664e+00
2.308181818181816336e+00
2.354545454545460548e-01
2.696909090909090523e+01
1.144040404040403303e+00
1.842424242424241798e-01
2.789494949494946141e+00
1.833434343434342972e+00
3.409090909090905508e-01
7.578646464646460856e+01
2.865656565656562460e+00
1.714646464646463198e+00
5.284646464646458597e+00
2.044444444444443842e+00
2.235585858585857721e+01
0.000000000000000000e+00
6.777777777777771462e-02
1.719797979797979215e+00
1.504444444444440698e+00
5.404424242424239822e+01
2.196464646464650006e+00
1.837373737373736715e-01
1.775656565656564156e+00
3.338484848484851941e+00
0.000000000000000000e+00
6.090808080808076674e+00
7.303171717171716182e+01
1.205555555555553937e+00
3.518181818181817522e-01
3.030303030303025946e-01
1.018050505050505627e+01
1.788888888888890416e-01
9.646686868686867911e+01
5.797979797979803396e-02
5.872727272727281678e-01
1.999999999999998307e-02
2.393333333333331758e+00
2.600000000000000644e-01
1.979797979797979016e-02
1.295353535353536811e+00
3.351515151515160884e-01
5.595262626262626782e+01
2.616161616161619685e-01
2.009494949494952110e+00
2.876767676767673088e-01
2.260606060606056844e-01
1.350606060606059478e+00
2.652424242424241463e+00
3.412121212121208003e-01
5.853535353535354702e+00
9.272727272727272763e-02
2.234141414141410209e+00
2.071111111111106684e+00
5.780808080808080618e+00
2.304444444444447182e+00
5.262828282828278859e+00
1.105757575757574607e+00
3.878787878787880172e-02
1.036969696969694876e+00
2.040404040404039665e-01
5.453535353535362562e-01
7.269363636363634384e+01
5.882111111111110802e+01
1.385454545454546826e+00
2.798989898989903136e-01
1.356363636363637548e+00
6.058050505050503176e+01
3.528686868686869094e+00
3.044242424242419087e+00
3.756565656565660771e-01
1.840707070707074067e+00
3.659595959595953740e-01
2.177171717171717980e+00
9.583414141414141341e+01
3.300000000000005707e-01
9.737373737373705707e-02
3.087171717171714125e+00
5.716070707070706192e+01
1.425252525252526103e+00
3.717070707070713631e+00
2.036363636363636986e-01
5.417979797979791456e+00
2.197979797979799643e-01
0.000000000000000000e+00
2.327272727272731989e-01
2.948757575757574401e+01
5.673838383838386790e+00
1.109285858585858620e+02
2.939393939393944791e-02
6.160606060606054202e-01
2.250505050505049454e+00
1.741313131313132034e+00
1.733333333333332282e-01
1.777676767676769298e+00
1.716767676767672723e+00
3.110101010101013475e-01
1.231939393939393135e+01
3.878787878787880172e-02
3.440404040404036468e-01
3.287474747474750103e+00
4.797979797979809446e-02
3.553535353535356989e-01
1.348484848484847287e+00
2.087474747474742820e+00
1.474363636363636765e+01
1.238686868686867948e+00
3.101010101010094888e-01
2.623939393939391351e+00
2.975757575757583817e-01
1.583939393939392204e+00
8.064646464646448853e-01
0.000000000000000000e+00
1.738595959595959783e+01
2.233333333333338278e-01
2.379797979797985130e-01
0.000000000000000000e+00
1.425252525252529434e-01
2.939393939393943403e-02
1.643131313131312998e+00
2.027272727272723674e-01
5.733333333333336945e-01
1.142424242424244507e-01
2.236262626262629727e+00
1.777575757575754922e+00
3.391313131313132168e+00
2.320707070707069164e+00
4.232626262626258296e+00
3.074848484848485608e+00
3.522171717171717376e+01
9.002656565656566556e+01
2.481414141414144847e+00
1.746161616161618246e+00
1.524232323232323871e+01
2.197979797979799643e-01
5.078585858585849877e+00
0.000000000000000000e+00
3.867272727272722310e+00
1.417373737373734066e+00
0.000000000000000000e+00
1.935353535353536492e+00
2.443434343434341405e-01
3.878787878787880172e-02
5.084747474747475238e+00
5.362565656565652716e+01
3.291919191919196463e-01
1.290808080808080405e+00
2.227676767676764147e+00
5.375151515151519455e+00
1.423131313131312137e+00
1.580909090909093706e+00
3.106060606060601081e-01
1.797878787878786744e+00
1.425252525252528879e-01
1.750202020202023645e+00
3.972323232323231590e+00
1.431818181818182767e+00
2.284242424242419744e+00
4.970707070707059971e-01
2.427272727272731800e-01
2.660909090909086228e+00
2.770707070707079112e-01
7.289494949494948806e+00
6.038989898989900240e+00
1.501212121212120110e+00
6.574848484848488717e+00
8.272727272727277426e-02
3.291919191919185916e-01
2.719191919191925599e-01
1.892828282828279862e+00
3.448787878787880068e+00
9.090909090909080059e-02
2.580404040404043364e+00
1.999797979797978353e+00
9.421282828282825506e+01
1.490909090909092460e-01
1.104595959595959798e+01
1.585858585858583303e-01
3.595959595959602462e-01
1.105494949494949708e+01
3.639797979797980698e+00
1.738484848484848078e+00
2.686868686868692513e-01
5.761626262626261052e+01
3.149393939393944297e+00
2.515757575757572084e+00
2.446464646464644455e-01
3.207070707070699411e-01
8.891919191919200882e-01
3.057272727272732471e+00
1.059565656565655978e+01
0.000000000000000000e+00
6.575757575757588957e-02
1.338888888888890349e+00
1.483737373737370246e+00
3.152222222222221149e+00
6.976161616161613566e+00
4.116565656565654763e+00
1.866969696969700721e+00
3.508080808080805135e-01
0.000000000000000000e+00
0.000000000000000000e+00
3.444646464646464512e+00
2.362121212121210512e+00
3.002626262626265419e+00
1.166666666666667657e-01
3.064949494949493314e+00
1.063525252525253251e+01
3.922222222222225829e-01
2.720666666666668831e+01
2.654343434343438446e+00
4.073434343434343852e+00
1.495656565656565018e+00
5.833030303030296793e+00
2.551818181818185316e+00
9.999999999999953371e-03
1.692323232323230231e+00
3.604949494949499567e+00
1.387878787878791265e-01
2.165555555555551237e+00
1.156565656565654798e+00
2.585303030303029814e+01
6.201919191919196273e+00
1.628585858585858581e+00
1.212323232323232469e+00
4.919191919191923806e-02
2.327272727272732267e-01
5.696969696969712144e-02
2.011111111111110739e-01
1.971010101010104432e+00
4.179797979797985619e-01
5.315151515151522732e-01
1.855959595959600028e+00
1.552434343434343944e+01
2.254050505050506814e+01
1.405353535353539352e+00
0.000000000000000000e+00
1.287878787878784237e-01
1.625555555555556353e+01
1.136767676767675761e+00
2.975555555555552623e+00
3.200303030303030649e+00
1.999999999999999695e-02
1.237777777777778532e+00
1.357575757575757991e-01
2.979797979797977822e-02
1.634737373737371513e+01
2.441919191919189824e+00
2.134444444444442368e+00
3.915151515151510386e-01
2.825252525252524016e+00
3.037373737373739724e-01
3.079898989898991690e+00
7.273636363636359015e+00
1.775555555555550891e+00
1.918787878787881818e+00
6.575757575757588957e-02
2.091313131313127904e+00
1.168747474747474513e+01
2.018080808080805255e+00
9.210101010100989471e-01
9.999999999999956840e-03
2.132323232323233286e-01
1.604747474747470815e+00
3.075151515151512083e+00
1.126666666666666039e+00
1.842424242424241798e-01
7.085858585858589187e+00
4.633636363636365019e+01
3.565959595959594441e+00
3.831818181818178459e+00
4.392828282828279640e+00
1.137070707070709785e+00
2.379797979797985408e-01
6.856414141414140317e+01
4.780101010101009962e+01
1.657777777777778461e+00
1.756565656565658884e+00
3.676060606060605362e+00
2.571313131313136324e+00
2.523030303030308286e+00
9.134343434343425994e-01
0.000000000000000000e+00
1.142424242424244091e-01
2.180404040404045674e+00
1.846363636363636829e+01
3.416060606060605576e+00
4.054040404040403445e+01
1.976474747474748739e+01
1.166626262626261301e+01
1.274545454545453094e+00
1.347474747474750878e-01
2.882828282828279853e+00
1.587979797979800711e+00
0.000000000000000000e+00
6.779858585858590914e+01
7.739393939393918176e-01
8.301010101010112274e-01
1.152424242424243683e+00
3.426464646464645547e+00
1.385757575757577520e+00
2.485050505050501179e+00
3.304949494949493083e+00
6.696969696969706787e-02
0.000000000000000000e+00
4.285969696969697651e+01
1.889898989898992410e+00
4.136575757575757706e+01
2.777777777777772905e-01
1.791717171717172263e+00
0.000000000000000000e+00
2.658272727272729696e+01
0.000000000000000000e+00
9.976767676767682502e+00
0.000000000000000000e+00
5.032323232323233642e-01
1.996111111111111924e+01
2.103737373737373684e+00
2.154949494949498501e+00
5.929838383838382754e+01
2.714242424242427898e+00
3.318282828282823171e+00
1.131313131313129855e-01
2.332424242424239402e+00
4.878787878787885918e-02
2.832525252525248671e+00
1.816626262626263255e+01
1.478787878787877486e-01
2.441707070707071026e+01
9.386333333333332973e+01
1.819292929292931182e+00
0.000000000000000000e+00
2.964141414141416853e+00
4.257111111111112933e+01
3.488282828282831538e+00
1.256767676767679864e+00
4.046414141414142307e+01
2.939393939393944444e-02
1.043535353535353538e+00
2.979797979797979210e-02
2.891919191919197774e-01
5.395969696969695661e+01
1.990909090909090962e-01
8.644040404040403303e+00
5.504444444444445139e+00
2.917070707070704483e+00
1.200202020202018716e+00
3.123232323232331131e-01
3.040404040404046659e-01
1.209191919191921816e+00
6.268383838383842388e+00
2.255555555555552871e+00
2.321111111111112457e+00
9.888888888888902606e-02
8.850505050505040883e-01
1.158888888888888680e+01
3.694646464646465489e+01
1.666060606060609128e+00
9.788888888888896966e-01
3.113333333333335950e+00
6.575757575757587570e-02
6.666727272727271725e+01
1.861616161616159060e+00
1.154242424242426290e+00
4.720606060606059806e+00
1.212222222222222978e+00
1.933737373737372645e+00
3.985858585858587766e+00
1.788888888888890694e-01
4.416161616161619063e-01
0.000000000000000000e+00
4.978787878787874210e-01
3.651616161616161538e+00
7.642484848484851057e+01
4.953151515151516548e+01
2.463434343434338647e+00
2.609090909090912569e-01
2.167676767676764982e+00
1.836161616161618992e+00
2.627676767676772496e+00
2.560606060606065992e-01
3.465252525252526361e+00
0.000000000000000000e+00
4.986060606060613409e+00
1.927979797979793686e+00
1.651010101010098374e+00
1.570808080808082208e+00
3.652929292929288252e+00
3.383838383838386199e-01
7.514131313131311174e+01
2.394646464646467798e+00
8.862121212121214953e+00
1.795757575757576552e+00
2.718282828282831076e+00
1.532020202020203836e+00
2.040707070707072912e+00
1.235353535353537646e+00
1.228121212121213190e+01
1.308888888888886104e+00
2.016565656565658227e+00
2.429292929292931280e+00
5.878787878787888888e-02
6.423232323232315188e-01
9.478787878787870991e-01
3.156666666666668952e+00
2.101111111111111374e+00
3.664545454545450553e+00
2.121212121212122381e-01
6.575757575757587570e-02
2.358585858585862671e-01
9.999999999999991535e-03
8.227272727272718633e-01
9.999999999999977657e-03
4.201010101010100861e-01
2.284242424242421965e+00
2.591010101010097877e+00
1.733333333333330895e-01
1.943434343434342904e-01
7.797979797979799343e+00
1.482323232323231155e+00
1.247292929292928854e+01
6.575757575757583406e-02
9.999999999999967248e-03
2.262525252525254160e+00
1.436363636363637564e-01
9.999999999999989800e-03
1.348585858585860553e+00
4.679090909090907857e+00
9.999999999999979391e-03
2.065757575757579900e+00
2.745959595959593269e+00
3.333434343434343194e+00
1.242424242424245151e-01
2.161616161616163878e-01
