1.159898989898990873e+00
7.755555555555555536e-01
0.000000000000000000e+00
6.407070707070717797e-01
1.296767676767678124e+00
5.545454545454552298e-01
1.990909090909089574e-01
6.312121212121221125e-01
2.379797979797985408e-01
6.071717171717186945e-01
1.967545454545455286e+01
1.554545454545456507e-01
0.000000000000000000e+00
4.162626262626263896e-01
6.947474747474754464e-01
1.700101010101009003e+00
0.000000000000000000e+00
0.000000000000000000e+00
1.259737373737372756e+01
7.352525252525260457e-01
0.000000000000000000e+00
4.117171717171712597e-01
9.174747474747463327e-01
2.036363636363637541e-01
0.000000000000000000e+00
0.000000000000000000e+00
8.625252525252525837e-01
0.000000000000000000e+00
0.000000000000000000e+00
6.908080808080812041e-01
1.881818181818181390e+00
4.797979797979804589e-02
1.943434343434342904e-01
2.061616161616162679e-01
8.455555555555561709e-01
6.002020202020198480e-01
2.084858585858585656e+01
1.274939393939394705e+01
2.121212121212122381e-01
1.014747474747472733e+00
2.446363636363632299e+00
4.504040404040408618e-01
8.471717171717162431e-01
6.151515151515164481e-01
8.979797979797976559e-01
0.000000000000000000e+00
4.254545454545454741e-01
0.000000000000000000e+00
9.521212121212115909e-01
3.903333333333334654e+00
7.304040404040402779e-01
0.000000000000000000e+00
2.939393939393943056e-02
3.084848484848488059e-01
1.084646464646463082e+00
2.616161616161614689e-01
8.269696969696970212e-01
3.502020202020198480e-01
1.788585858585856281e+00
6.808080808080803070e-01
1.433878787878786909e+01
4.556565656565653155e-01
1.000545454545455826e+01
0.000000000000000000e+00
6.096969696969687380e-01
9.999999999999977657e-03
1.875050505050507299e+00
6.748484848484856968e-01
2.521212121212118573e-01
2.939393939393944097e-02
9.389898989899002624e-01
0.000000000000000000e+00
8.091919191919205723e-01
1.193333333333331137e+00
3.939393939393939781e-02
1.412909090909090892e+01
7.691919191919192045e-01
8.249494949494955431e-01
9.301717171717170274e+00
2.770707070707075781e-01
6.107070707070695326e-01
6.516161616161622039e-01
2.939393939393944097e-02
1.855252525252526929e+00
1.420909090909090233e+00
9.036363636363632379e-01
4.911111111111118865e-01
1.005151515151516461e+00
2.716161616161616443e-01
1.990909090909090962e-01
0.000000000000000000e+00
5.239393939393928168e-01
1.979797979797979363e-02
7.655555555555570990e-01
6.187878787878779985e-01
4.555555555555549363e-01
8.253535353535341734e-01
7.829292929292932524e-01
5.699999999999993960e-01
1.872757575757576021e+01
1.416363636363636269e+00
0.000000000000000000e+00
1.979797979797979363e-02
4.333737373737371890e+00
2.443434343434337797e-01
6.373737373737360379e-01
4.793939393939393168e-01
2.543434343434340383e-01
2.500000000000001110e-01
1.205757575757572697e+00
2.509090909090911925e-01
9.999999999999981126e-03
0.000000000000000000e+00
9.448484848484847154e-01
7.013131313131311106e-01
9.999999999999998473e-03
0.000000000000000000e+00
9.586868686868701417e-01
7.298989898989892700e-01
2.308989898989894041e+00
2.442323232323234450e+00
3.910101010101003083e-01
1.357575757575757991e-01
5.428282828282836592e-01
8.261616161616173182e-01
2.777777777777774015e-01
7.574747474747481890e-01
0.000000000000000000e+00
3.663333333333329112e+00
0.000000000000000000e+00
0.000000000000000000e+00
0.000000000000000000e+00
0.000000000000000000e+00
6.499999999999998002e-01
4.550505050505058713e-01
4.775656565656575481e+00
2.521212121212118573e-01
1.287474747474749881e+00
6.572727272727272307e-01
0.000000000000000000e+00
5.602020202020190354e-01
7.790909090909095003e-01
0.000000000000000000e+00
7.117171717171716372e-01
2.197979797979799643e-01
8.993939393939412996e-01
6.684848484848485706e-01
1.893939393939393923e-01
7.121212121212107116e-01
9.999999999999993269e-03
9.708080808080787882e-01
6.489898989898982284e-01
0.000000000000000000e+00
9.576767676767694581e-01
1.938686868686866127e+00
5.788888888888888973e-01
7.884848484848473449e-01
1.704343434343434271e+00
5.998989898989905978e-01
3.878787878787879478e-02
3.878787878787880172e-02
0.000000000000000000e+00
6.575757575757583406e-02
3.972727272727262449e+00
8.556565656565643385e-01
2.060959595959594992e+01
9.999999999999991535e-03
6.620202020202026194e-01
2.647979797979794991e+00
7.884848484848469008e-01
1.979797979797979710e-02
6.777777777777785895e-01
3.837373737373744875e-01
0.000000000000000000e+00
4.712121212121199720e-01
3.108181818181825040e+00
6.200000000000007727e-01
6.575757575757584794e-02
2.939393939393944791e-02
5.813131313131306710e-01
0.000000000000000000e+00
1.014040404040402077e+00
9.090909090909084223e-02
7.381818181818184943e-01
1.004040404040404677e-01
5.396969696969705632e-01
7.693939393939379645e-01
4.155555555555554004e-01
4.953535353535360453e-01
1.357575757575757991e-01
9.614141414141417208e-01
9.997979797979780203e-01
6.579797979797978869e-01
7.707070707070691196e-01
0.000000000000000000e+00
1.160606060606058421e+00
0.000000000000000000e+00
7.469696969696973943e-01
0.000000000000000000e+00
5.012727272727273586e+00
3.487777777777776755e+00
6.765656565656560373e-01
6.696969696969710950e-02
0.000000000000000000e+00
6.904040404040410195e-01
0.000000000000000000e+00
1.584242424242420233e+00
0.000000000000000000e+00
0.000000000000000000e+00
1.654545454545455485e-01
1.990969696969698433e+01
2.521212121212118573e-01
1.751515151515147528e-01
2.913131313131316902e-01
7.405050505050493337e-01
1.803696969696969532e+01
6.993737373737370255e+00
7.262525252525255048e+00
2.669696969696965239e-01
4.571717171717174510e-01
4.631313131313135600e-01
2.658585858585855166e-01
1.783030303030305408e+00
0.000000000000000000e+00
5.293131313131314464e+00
6.032323232323234530e-01
9.121212121212103341e-01
3.294949494949497293e-01
2.093939393939393323e+00
5.001010101010092690e-01
0.000000000000000000e+00
2.373737373737377088e-01
8.305050505050497467e-01
8.067676767676746907e-01
2.326666666666660888e+00
1.470202020202021842e+00
2.252323232323229618e+00
7.897979797979804983e-01
6.819191919191925910e-01
3.082828282828283251e-01
5.405050505050494891e-01
5.110101010101005814e-01
0.000000000000000000e+00
1.616161616161616854e-01
8.534343434343427681e-01
8.737373737373744786e-01
6.137575757575756796e+00
7.646464646464632420e-01
2.651515151515159152e-01
5.591919191919185739e-01
7.088888888888892348e-01
7.141414141414142991e-01
5.919191919191918450e-02
0.000000000000000000e+00
2.160606060606057310e-01
3.426060606060608915e+00
3.944444444444444864e-01
1.394141414141413016e+00
1.232525252525252801e+00
9.590909090909071066e-01
0.000000000000000000e+00
0.000000000000000000e+00
5.321212121212111068e-01
2.885757575757575299e+00
1.575585858585858468e+01
5.686868686868701284e-01
1.532323232323234308e+00
6.422222222222228050e-01
3.145454545454547945e-01
5.824242424242421778e-01
7.918181818181830867e-01
2.594040404040401260e+00
0.000000000000000000e+00
1.916868686868689942e+00
0.000000000000000000e+00
0.000000000000000000e+00
1.016868686868686478e+00
9.090909090909075896e-02
0.000000000000000000e+00
8.899999999999987921e-01
7.526262626262628652e-01
4.457171717171722669e+00
5.865656565656567345e-01
5.447474747474760903e-01
2.060808080808079534e+00
7.518181818181831622e-01
8.391414141414145433e+00
7.441414141414143257e-01
9.666666666666670071e-01
2.521212121212118573e-01
8.527272727272714459e-01
3.845050505050502831e+00
8.265656565656575028e-01
0.000000000000000000e+00
8.631313131313137488e-01
6.237373737373725913e-01
1.959595959595958226e+00
0.000000000000000000e+00
8.423232323232313634e-01
1.142424242424245201e-01
6.070707070707078712e-01
6.031313131313121856e-01
3.985858585858581549e-01
7.328282828282828287e-01
0.000000000000000000e+00
7.186868686868685963e-01
5.696969696969706592e-02
2.297979797979792516e-01
7.327272727272735597e-01
6.850505050505040217e-01
0.000000000000000000e+00
0.000000000000000000e+00
7.606060606060623952e-01
4.714141414141423403e-01
0.000000000000000000e+00
0.000000000000000000e+00
5.953535353535344132e-01
8.924242424242437854e-01
8.951515151515162527e-01
0.000000000000000000e+00
1.502020202020202477e+00
3.783838383838385999e-01
2.675353535353539147e+00
1.569090909090909092e+00
2.120606060606061494e+00
6.963636363636370730e-01
5.941010101010089528e+00
6.277777777777762136e-01
6.685858585858575065e-01
0.000000000000000000e+00
6.136363636363625362e-01
8.269696969696966882e-01
8.587878787878779896e-01
0.000000000000000000e+00
7.696969696969699903e-01
3.755555555555548097e-01
1.216161616161618719e-01
6.064646464646478163e-01
5.279797979797985485e-01
1.066666666666668400e-01
9.424242424242443850e-01
0.000000000000000000e+00
2.939393939393943403e-02
9.999999999999960310e-03
0.000000000000000000e+00
1.914757575757575125e+01
7.004040404040411394e-01
6.764444444444444926e+00
3.331313131313127229e-01
1.119292929292928118e+00
1.440606060606059780e+00
1.144141414141412794e+00
0.000000000000000000e+00
5.270707070707082442e-01
0.000000000000000000e+00
2.434646464646469166e+00
0.000000000000000000e+00
1.125050505050506855e+00
9.438383838383861413e-01
0.000000000000000000e+00
1.425252525252529434e-01
4.797979797979797650e-02
0.000000000000000000e+00
2.043434343434342715e-01
0.000000000000000000e+00
3.999999999999997446e-01
2.261616161616155640e-01
9.413131313131325451e-01
1.161353535353535094e+01
2.403030303030307957e-01
1.066666666666668400e-01
0.000000000000000000e+00
2.197979797979799643e-01
0.000000000000000000e+00
7.813131313131327360e-01
0.000000000000000000e+00
6.844444444444445219e-01
2.509090909090911925e-01
6.861616161616151954e-01
6.127272727272720099e-01
2.921414141414139909e+00
7.666666666666667185e-01
0.000000000000000000e+00
0.000000000000000000e+00
6.007070707070695237e-01
6.539393939393950417e-01
5.803030303030293213e-01
7.989898989898988058e-01
3.878787878787880172e-02
2.629494949494948663e+00
8.988080808080802342e+00
6.069696969696978250e-01
2.121212121212122381e-01
5.073737373737376988e-01
6.713131313131306399e-01
8.811111111111094019e-01
6.422222222222228050e-01
2.079797979797981533e-01
7.836363636363630203e-01
1.486767676767676072e+00
7.158585858585863049e-01
6.230303030303027123e-01
1.066858585858584973e+01
2.964646464646455981e-01
1.089676767676766644e+01
7.174747474747475984e-01
5.479797979797985663e-01
2.250101010101012822e+00
7.550505050505051940e-01
7.630303030303022815e-01
0.000000000000000000e+00
1.815959595959594886e+00
1.616161616161617132e-01
6.706060606060616491e-01
8.968181818181808040e+00
1.051111111111112661e+00
1.039292929292927958e+01
8.839393939393925814e-01
1.357575757575757991e-01
9.573737373737351009e-01
8.326262626262631583e-01
1.002929292929291449e+00
9.999999999999981126e-03
2.266666666666661833e-01
1.474161616161616628e+01
1.126565656565655216e+00
2.867272727272728083e+00
0.000000000000000000e+00
6.620202020202009541e-01
4.127272727272732200e-01
1.765959595959598394e+00
0.000000000000000000e+00
1.066666666666668400e-01
0.000000000000000000e+00
1.561010101010098072e+00
8.090909090909080836e-01
1.186868686868683825e-01
4.783636363636359690e+00
4.676767676767677462e-01
0.000000000000000000e+00
2.354545454545460548e-01
8.674747474747459552e-01
1.064949494949492648e+00
1.404292929292929770e+01
2.294444444444447839e+00
0.000000000000000000e+00
0.000000000000000000e+00
1.316161616161619918e-01
2.377777777777778212e+00
8.531313131313119635e-01
0.000000000000000000e+00
4.579797979797984309e-01
5.536363636363627050e-01
7.372727272727284120e-01
6.264646464646459467e-01
8.455555555555550606e-01
1.006161616161618477e+00
8.035353535353535470e-01
7.525252525252510427e-01
0.000000000000000000e+00
0.000000000000000000e+00
9.134343434343425994e-01
6.878787878787881449e-02
0.000000000000000000e+00
2.160606060606058976e-01
1.893939393939393923e-01
1.485858585858583214e-01
9.872727272727266357e-01
5.224242424242430127e-01
7.687878787878770215e-01
2.233333333333339110e-01
0.000000000000000000e+00
2.601010101010103326e-01
1.824747474747471898e+00
1.117777777777779757e+00
1.270909090909092765e+00
5.481818181818183255e-01
2.851515151515160440e-01
2.094949494949499003e-01
7.981818181818168823e-01
8.839393939393918043e-01
2.402818181818182808e+01
6.909090909090896959e-01
7.048484848484857235e-01
5.258585858585851369e-01
1.060808080808080200e+00
1.995757575757574731e+00
3.056565656565656819e-01
3.973737373737377121e-01
0.000000000000000000e+00
7.718181818181807374e-01
1.892929292929290130e-01
1.162222222222223156e+00
1.788888888888891249e-01
0.000000000000000000e+00
0.000000000000000000e+00
8.080808080808065119e-01
9.999999999999993269e-03
0.000000000000000000e+00
4.460606060606070455e-01
4.503333333333325861e+00
1.085656565656568207e+00
6.357777777777775086e+00
0.000000000000000000e+00
2.079797979797981533e-01
8.718181818181799381e-01
1.979797979797979710e-02
9.622222222222233112e-01
8.322222222222216415e-01
0.000000000000000000e+00
1.167575757575758821e+00
9.805050505050521892e+00
4.802020202020204631e-01
8.470707070707083064e-01
2.190101010101006107e+00
7.557575757575762943e-01
6.827272727272730712e-01
8.470707070707073072e-01
0.000000000000000000e+00
5.243434343434347777e-01
1.365757575757577946e+00
4.415151515151511386e-01
1.080303030303028988e+00
8.046464646464636106e-01
2.123838383838381638e+00
0.000000000000000000e+00
7.518181818181822740e-01
8.272727272727277426e-02
6.718181818181825360e-01
1.772323232323236075e+00
1.177484848484849067e+01
3.059292929292935614e+00
3.833333333333336368e-01
0.000000000000000000e+00
3.609090909090905797e+00
7.270707070707064235e-01
3.690909090909090806e-01
6.858888888888883706e+00
6.353535353535337826e-01
9.999999999999991535e-03
8.652525252525250510e-01
8.179797979797964746e-01
0.000000000000000000e+00
8.598989898989912728e-01
0.000000000000000000e+00
1.098787878787877537e+00
0.000000000000000000e+00
9.105050505050509280e-01
5.832323232323226581e-01
9.999999999999981126e-03
3.781818181818179081e+00
9.999999999999991535e-03
1.971212121212117641e+00
7.170707070707073028e-01
9.090909090909091161e-02
7.414141414141425246e-01
0.000000000000000000e+00
1.143333333333334423e+00
4.125252525252530722e-01
2.893898989898989527e+01
5.778787878787869925e-01
3.830404040404039812e+00
3.020505050505050360e+00
8.032323232323217432e-01
0.000000000000000000e+00
6.371717171717176109e-01
1.155454545454546178e+00
6.309090909090899757e-01
8.984848484848468875e-01
2.079797979797981811e-01
7.378888888888890385e+00
6.988888888888886708e-01
7.434343434343430868e-02
8.723232323232320562e-01
7.347474747474732615e-01
7.434343434343430868e-02
1.973737373737374412e+01
7.989898989898996939e-01
6.124242424242429816e-01
1.397474747474748202e+00
7.473737373737368017e-01
5.327474747474749250e+00
0.000000000000000000e+00
0.000000000000000000e+00
6.950505050505058069e-01
3.072727272727265313e-01
1.187242424242423589e+01
6.918181818181816656e-01
1.979797979797979016e-02
5.488888888888895368e-01
9.510101010100993069e-01
0.000000000000000000e+00
2.169999999999999929e+00
1.923373737373736247e+01
5.792929292929284157e-01
1.994949494949491697e-01
1.490909090909092460e-01
2.815555555555554701e+00
1.979797979797979710e-02
2.402525252525252597e+01
0.000000000000000000e+00
6.313131313131298272e-01
0.000000000000000000e+00
7.651515151515154711e-01
2.475757575757577267e-01
0.000000000000000000e+00
7.028282828282823580e-01
2.160606060606058421e-01
1.203292929292928903e+01
2.327272727272732267e-01
6.401010101010099484e-01
2.524242424242423843e-01
1.425252525252528046e-01
3.921212121212122037e-01
8.647474747474725998e-01
1.842424242424241798e-01
1.805353535353536376e+00
0.000000000000000000e+00
7.501010101010100461e-01
9.372727272727283676e-01
1.841010101010100319e+00
6.777777777777790336e-01
1.257676767676769058e+00
7.230303030303022460e-01
0.000000000000000000e+00
5.553535353535360430e-01
6.575757575757583406e-02
3.146464646464641191e-01
1.651777777777777700e+01
2.221363636363636473e+01
6.003030303030313375e-01
3.878787878787880172e-02
6.551515151515158175e-01
2.130818181818182566e+01
7.384848484848482997e-01
7.645454545454556383e-01
2.588888888888883910e-01
8.156565656565668565e-01
1.282828282828285538e-01
7.337373737373741323e-01
2.603747474747475366e+01
1.719191919191919438e-01
0.000000000000000000e+00
1.029393939393940416e+00
1.301666666666665684e+01
5.401010101010091935e-01
9.072727272727264536e-01
1.616161616161617132e-01
1.382020202020202815e+00
1.490909090909092460e-01
0.000000000000000000e+00
1.616161616161617132e-01
6.670202020202022908e+00
1.365252525252526938e+00
3.044505050505049937e+01
0.000000000000000000e+00
4.963636363636366733e-01
7.496969696969706387e-01
6.811111111111105565e-01
4.797979797979806671e-02
7.701010101010097308e-01
6.289898989898975445e-01
1.675757575757577666e-01
3.817575757575757400e+00
0.000000000000000000e+00
1.149494949494951346e-01
1.052424242424243594e+00
0.000000000000000000e+00
1.590909090909092272e-01
5.243434343434336675e-01
7.039393939393923105e-01
3.733434343434343550e+00
6.976767676767674509e-01
1.943434343434342904e-01
7.658585858585854611e-01
2.577777777777773838e-01
5.019191919191909879e-01
3.791919191919193022e-01
0.000000000000000000e+00
3.219292929292926875e+00
1.287878787878785070e-01
2.121212121212122381e-01
0.000000000000000000e+00
1.979797979797979016e-02
0.000000000000000000e+00
6.055555555555545144e-01
9.888888888888901219e-02
3.628282828282827221e-01
0.000000000000000000e+00
7.723232323232313012e-01
6.179797979797996277e-01
1.043434343434345601e+00
7.278787878787870147e-01
1.018484848484849659e+00
8.211111111111114580e-01
8.906161616161615058e+00
1.981505050505048615e+01
8.047474747474744339e-01
5.484848484848487971e-01
3.569090909090907537e+00
1.425252525252529434e-01
1.603434343434341214e+00
0.000000000000000000e+00
1.263434343434344687e+00
7.467676767676764138e-01
0.000000000000000000e+00
7.496969696969698616e-01
8.555555555555553748e-02
0.000000000000000000e+00
2.112424242424241871e+00
1.099505050505049830e+01
1.688888888888890882e-01
5.812121212121201808e-01
7.926262626262620126e-01
1.575151515151511639e+00
6.666666666666674068e-01
6.717171717171712686e-01
7.737373737373738625e-02
7.880808080808077154e-01
4.797979797979803201e-02
7.628282828282826333e-01
1.229494949494948752e+00
7.344444444444441222e-01
7.364646464646471546e-01
1.931313131313131815e-01
2.266666666666662111e-01
7.337373737373753535e-01
6.575757575757583406e-02
2.223232323232320340e+00
1.508484848484847873e+00
4.180808080808068872e-01
1.663232323232323395e+00
0.000000000000000000e+00
2.266666666666661833e-01
2.379797979797985408e-01
7.268686868686856650e-01
1.104040404040405488e+00
9.999999999999991535e-03
5.825252525252526681e-01
6.926262626262637001e-01
1.849636363636363967e+01
1.979797979797979710e-02
2.449494949494951612e+00
5.696969696969709368e-02
1.364646464646462054e-01
2.565555555555552925e+00
1.022020202020203161e+00
6.278787878787865928e-01
9.090909090909075896e-02
1.298888888888889603e+01
1.173535353535352543e+00
7.198989898989882619e-01
5.696969696969706592e-02
1.990909090909091239e-01
6.167676767676767424e-01
9.348484848484843734e-01
2.536868686868684275e+00
0.000000000000000000e+00
0.000000000000000000e+00
2.990909090909087409e-01
4.722222222222232091e-01
9.068686868686860469e-01
1.452121212121211924e+00
1.036666666666668180e+00
6.678787878787887378e-01
2.577777777777773838e-01
0.000000000000000000e+00
0.000000000000000000e+00
9.059595959595968528e-01
6.948484848484847154e-01
9.859595959595977011e-01
0.000000000000000000e+00
1.074545454545452916e+00
2.085555555555553386e+00
1.530303030303026834e-01
6.433434343434336178e+00
8.103030303030304138e-01
1.313838383838382251e+00
7.424242424242420979e-01
1.999898989898986068e+00
9.557575757575756947e-01
0.000000000000000000e+00
6.325252525252536007e-01
9.269696969696971101e-01
1.979797979797979363e-02
8.532323232323221207e-01
6.903030303030307513e-01
1.032494949494949665e+01
2.366666666666662699e+00
3.635353535353539334e-01
4.034343434343443668e-01
9.999999999999975922e-03
1.990909090909091239e-01
0.000000000000000000e+00
2.197979797979799643e-01
6.026262626262637312e-01
2.035353535353534860e-01
3.109090909090913013e-01
6.660606060606043544e-01
4.051515151515150848e+00
5.696262626262631912e+00
3.630303030303019818e-01
0.000000000000000000e+00
0.000000000000000000e+00
5.522222222222223920e+00
5.166666666666654972e-01
8.418181818181806886e-01
1.125959595959595605e+00
0.000000000000000000e+00
4.827272727272732822e-01
6.575757575757591733e-02
0.000000000000000000e+00
4.918282828282831254e+00
7.496969696969699726e-01
8.644444444444461251e-01
2.527272727272724118e-01
9.741414141414129757e-01
2.036363636363637541e-01
9.044444444444436071e-01
1.618484848484847749e+00
5.934343434343444246e-01
5.223232323232316343e-01
9.999999999999953371e-03
9.084848484848470074e-01
3.146868686868687259e+00
4.932323232323230777e-01
4.035353535353539689e-01
0.000000000000000000e+00
0.000000000000000000e+00
6.616161616161631009e-01
1.102424242424242973e+00
3.044444444444442954e-01
1.287878787878783127e-01
2.226363636363637877e+00
1.179070707070706625e+01
9.962626262626245177e-01
1.364141414141411657e+00
1.211717171717174857e+00
2.289898989898991044e-01
2.079797979797981811e-01
1.769161616161614958e+01
1.058272727272726321e+01
4.583838383838387820e-01
6.697979797979789485e-01
1.114646464646463331e+00
8.531313131313126297e-01
8.117171717171718370e-01
2.117171717171722201e-01
0.000000000000000000e+00
9.999999999999948166e-03
5.433333333333335569e-01
3.768686868686872860e+00
7.497979797979807959e-01
1.181797979797979181e+01
6.266161616161616266e+00
3.231414141414141739e+00
5.759595959595950054e-01
0.000000000000000000e+00
7.994949494949475932e-01
6.109090909090915122e-01
0.000000000000000000e+00
2.363313131313130100e+01
4.411111111111110650e-01
3.938383838383833768e-01
7.282828282828285316e-01
8.867676767676780925e-01
7.449494949494965823e-01
9.321212121212134605e-01
1.160303030303031724e+00
0.000000000000000000e+00
0.000000000000000000e+00
1.062898989898990720e+01
5.945454545454540440e-01
1.087616161616161214e+01
1.788888888888890694e-01
6.767676767676776839e-01
0.000000000000000000e+00
5.761818181818186169e+00
0.000000000000000000e+00
2.447777777777773167e+00
0.000000000000000000e+00
4.318181818181813791e-01
5.556666666666676413e+00
7.008080808080814350e-01
8.841414141414124517e-01
1.845757575757576419e+01
1.040101010101008638e+00
1.032222222222221486e+00
0.000000000000000000e+00
6.652525252525266497e-01
0.000000000000000000e+00
9.547474747474768986e-01
4.237171717171718477e+00
1.999999999999997266e-02
5.520707070707066677e+00
2.570404040404042689e+01
7.509090909090915256e-01
0.000000000000000000e+00
9.238383838383844582e-01
1.247070707070706597e+01
1.107272727272725410e+00
5.695959595959595445e-01
1.109939393939394314e+01
0.000000000000000000e+00
4.556565656565656486e-01
0.000000000000000000e+00
1.025252525252525332e-01
1.449494949494948592e+01
1.425252525252529157e-01
2.542626262626263234e+00
1.549191919191920119e+00
9.052525252525266408e-01
3.222222222222223542e-01
1.842424242424241798e-01
1.340404040404039321e-01
4.581818181818180791e-01
1.447474747474746248e+00
6.886868686868689027e-01
8.124242424242424931e-01
4.797979797979804589e-02
2.764646464646467461e-01
2.773939393939392151e+00
9.820909090909086814e+00
6.560606060606062329e-01
6.095959595959605792e-01
1.080000000000001403e+00
0.000000000000000000e+00
2.227676767676768321e+01
5.881818181818189162e-01
4.057575757575762609e-01
1.260909090909089647e+00
5.088888888888893902e-01
6.447474747474761791e-01
1.274545454545457090e+00
5.696969696969710062e-02
3.327272727272720387e-01
0.000000000000000000e+00
3.312121212121211244e-01
9.214141414141424624e-01
1.648383838383838551e+01
1.594272727272726797e+01
7.332323232323234574e-01
2.424242424242418481e-01
8.011111111111109961e-01
6.851515151515144009e-01
9.933333333333326243e-01
2.266666666666661278e-01
1.121111111111110503e+00
0.000000000000000000e+00
1.230101010101008141e+00
7.286868686868693823e-01
7.320202020202021265e-01
5.962626262626256057e-01
9.550505050505039284e-01
2.509090909090912480e-01
2.638090909090908198e+01
6.206060606060622709e-01
2.496363636363633454e+00
7.548484848484853238e-01
8.236363636363631668e-01
4.127272727272729425e-01
6.024242424242429728e-01
5.659595959595967729e-01
3.626161616161621915e+00
7.639393939393920308e-01
7.957575757575766628e-01
7.959595959595949788e-01
0.000000000000000000e+00
5.048484848484842136e-01
6.112121212121225389e-01
9.399999999999987255e-01
8.212121212121206160e-01
9.357575757575752329e-01
1.675757575757576556e-01
0.000000000000000000e+00
1.554545454545456229e-01
0.000000000000000000e+00
5.452525252525247668e-01
0.000000000000000000e+00
1.893939393939389204e-01
6.802020202020213624e-01
8.374747474747477050e-01
3.878787878787880172e-02
1.287878787878785625e-01
2.020505050505046363e+00
6.514141414141423336e-01
3.459292929292929752e+00
0.000000000000000000e+00
0.000000000000000000e+00
7.351515151515165547e-01
0.000000000000000000e+00
0.000000000000000000e+00
5.576767676767669935e-01
1.357979797979797176e+00
0.000000000000000000e+00
8.051515151515138413e-01
6.527272727272726005e-01
1.094040404040405701e+00
0.000000000000000000e+00
9.999999999999962044e-03
