1.075858585858586958e+00
7.013131313131315547e-01
0.000000000000000000e+00
6.247474747474753842e-01
1.347676767676769805e+00
5.417171717171717082e-01
2.036363636363638097e-01
5.934343434343443136e-01
2.354545454545460548e-01
6.132323232323220186e-01
1.913646464646464551e+01
1.357575757575757991e-01
0.000000000000000000e+00
3.721212121212125745e-01
6.426262626262615463e-01
1.685454545454546205e+00
0.000000000000000000e+00
0.000000000000000000e+00
1.205040404040403601e+01
7.198989898989891500e-01
0.000000000000000000e+00
3.736363636363639329e-01
8.791919191919207455e-01
1.990909090909091239e-01
0.000000000000000000e+00
0.000000000000000000e+00
8.555555555555544034e-01
0.000000000000000000e+00
0.000000000000000000e+00
7.272727272727275150e-01
1.789393939393940203e+00
3.878787878787880172e-02
1.893939393939393923e-01
1.867676767676766936e-01
8.163636363636359583e-01
6.046464646464638770e-01
1.939868686868683767e+01
1.268848484848485114e+01
2.160606060606058143e-01
1.010707070707069111e+00
2.463232323232320109e+00
4.302020202020206407e-01
7.751515151515162572e-01
6.278787878787868149e-01
8.075757575757576134e-01
0.000000000000000000e+00
4.313131313131314259e-01
0.000000000000000000e+00
9.687878787878773101e-01
3.896666666666668721e+00
7.304040404040396117e-01
0.000000000000000000e+00
1.979797979797979363e-02
3.417171717171715306e-01
1.068080808080809074e+00
2.610101010101015251e-01
7.954545454545438599e-01
3.448484848484850152e-01
1.622828282828282731e+00
6.583838383838386266e-01
1.335898989898990408e+01
4.843434343434335765e-01
9.548989898989901803e+00
0.000000000000000000e+00
5.439393939393944999e-01
1.979797979797979016e-02
1.865959595959592043e+00
7.158585858585856387e-01
2.521212121212118573e-01
3.878787878787880172e-02
9.343434343434348088e-01
0.000000000000000000e+00
7.906060606060610896e-01
1.082222222222220198e+00
3.939393939393939781e-02
1.381000000000000938e+01
8.054545454545436467e-01
7.753535353535340180e-01
8.881616161616152638e+00
2.945454545454548323e-01
6.196969696969709673e-01
6.136363636363643126e-01
2.939393939393944097e-02
1.850101010101011134e+00
1.406363636363634484e+00
8.843434343434357636e-01
4.951515151515152313e-01
9.969696969696978384e-01
2.648484848484845000e-01
1.990909090909090962e-01
0.000000000000000000e+00
5.627272727272734087e-01
3.939393939393939087e-02
8.002020202020201367e-01
6.555555555555545588e-01
4.642424242424246783e-01
8.050505050505067928e-01
7.852525252525267563e-01
5.585858585858597403e-01
1.730616161616162074e+01
1.479696969696968845e+00
0.000000000000000000e+00
9.999999999999970718e-03
4.022929292929288358e+00
2.475757575757577267e-01
6.249494949494955875e-01
4.873737373737380141e-01
2.522222222222225141e-01
2.500000000000001110e-01
1.072121212121210032e+00
2.524242424242423843e-01
1.979797979797979016e-02
9.999999999999953371e-03
9.254545454545465288e-01
7.163636363636357585e-01
9.999999999999998473e-03
0.000000000000000000e+00
9.691919191919186050e-01
7.597979797979799166e-01
2.182020202020199751e+00
2.375252525252524283e+00
3.763636363636355675e-01
1.387878787878790987e-01
4.916161616161622283e-01
8.143434343434351463e-01
2.621212121212124213e-01
7.153535353535345198e-01
0.000000000000000000e+00
3.328383838383843329e+00
0.000000000000000000e+00
0.000000000000000000e+00
0.000000000000000000e+00
0.000000000000000000e+00
6.815151515151505190e-01
4.531313131313123299e-01
4.982020202020192912e+00
2.516161616161619596e-01
1.296060606060603471e+00
6.046464646464638770e-01
0.000000000000000000e+00
5.125252525252537161e-01
7.610101010100995822e-01
0.000000000000000000e+00
7.346464646464648807e-01
2.160606060606058976e-01
8.192929292929282958e-01
6.403030303030309289e-01
1.943434343434342904e-01
6.745454545454545592e-01
9.999999999999993269e-03
8.745454545454558470e-01
6.268686868686875746e-01
0.000000000000000000e+00
8.298989898989895808e-01
1.809090909090906640e+00
5.679797979797975849e-01
8.415151515151515493e-01
1.583838383838385155e+00
6.071717171717180284e-01
4.797979797979805283e-02
4.797979797979801814e-02
0.000000000000000000e+00
4.797979797979801814e-02
3.869292929292928118e+00
8.722222222222220100e-01
2.079090909090909634e+01
9.999999999999991535e-03
6.690909090909087364e-01
2.729898989898987605e+00
8.238383838383832591e-01
1.979797979797979710e-02
6.823232323232318874e-01
4.256565656565659550e-01
0.000000000000000000e+00
4.317171717171711665e-01
3.098585858585855668e+00
6.822222222222213972e-01
7.434343434343430868e-02
2.939393939393944791e-02
5.720202020202032056e-01
0.000000000000000000e+00
1.034747474747473195e+00
9.090909090909084223e-02
7.630303030303030587e-01
1.002020202020204726e-01
5.418181818181823095e-01
7.844444444444447218e-01
4.736363636363635776e-01
4.275757575757575535e-01
1.490909090909092460e-01
9.455555555555561487e-01
1.069696969696969813e+00
6.648484848484843557e-01
7.982828282828268174e-01
0.000000000000000000e+00
1.221313131313133571e+00
0.000000000000000000e+00
7.465656565656565435e-01
0.000000000000000000e+00
4.726262626262628608e+00
3.430606060606061547e+00
7.005050505050507414e-01
6.696969696969710950e-02
0.000000000000000000e+00
6.979797979797978114e-01
0.000000000000000000e+00
1.532424242424246241e+00
0.000000000000000000e+00
0.000000000000000000e+00
1.590909090909091717e-01
1.783464646464648595e+01
2.500000000000001110e-01
1.343434343434340705e-01
2.904040404040397760e-01
7.319191919191935236e-01
1.926767676767676463e+01
6.801111111111111995e+00
7.337272727272726947e+00
2.625252525252521618e-01
4.571717171717173400e-01
4.452525252525246779e-01
2.454545454545460081e-01
1.761818181818183060e+00
0.000000000000000000e+00
5.029393939393936641e+00
6.188888888888883777e-01
8.034343434343426127e-01
3.473737373737371126e-01
2.136060606060611100e+00
5.072727272727262093e-01
0.000000000000000000e+00
2.200000000000003064e-01
8.479797979797986107e-01
7.969696969696947741e-01
2.269292929292926697e+00
1.425656565656564068e+00
2.358686868686866500e+00
8.081818181818183344e-01
6.564646464646459734e-01
3.278787878787874366e-01
4.804040404040404444e-01
4.722222222222220989e-01
0.000000000000000000e+00
1.490909090909092460e-01
8.601010101010109210e-01
9.089898989898977932e-01
6.049898989898988333e+00
7.517171717171727829e-01
2.953535353535350350e-01
5.881818181818191382e-01
7.247474747474739187e-01
6.948484848484858256e-01
4.959595959595954062e-02
0.000000000000000000e+00
2.036363636363638097e-01
3.465151515151516204e+00
3.664646464646467150e-01
1.352626262626263509e+00
1.294141414141418256e+00
9.413131313131307687e-01
0.000000000000000000e+00
0.000000000000000000e+00
5.111111111111101835e-01
2.792626262626262346e+00
1.546868686868688059e+01
6.276767676767690540e-01
1.487070707070705877e+00
6.233333333333341830e-01
3.161616161616164766e-01
5.909090909090917165e-01
7.979797979797991214e-01
2.428585858585857959e+00
0.000000000000000000e+00
1.948888888888886006e+00
0.000000000000000000e+00
0.000000000000000000e+00
1.115757575757577946e+00
8.272727272727277426e-02
0.000000000000000000e+00
8.657575757575758368e-01
7.476767676767670512e-01
4.304545454545452010e+00
5.698989898989904601e-01
5.541414141414150452e-01
1.947070707070706064e+00
7.016161616161626924e-01
7.953131313131316382e+00
8.074747474747483444e-01
9.309090909090924626e-01
2.524242424242423843e-01
8.666666666666676955e-01
3.764646464646465240e+00
7.780808080808073735e-01
0.000000000000000000e+00
7.960606060606064682e-01
6.229292929292921110e-01
2.008787878787882786e+00
0.000000000000000000e+00
8.455555555555545055e-01
9.090909090909075896e-02
6.094949494949500890e-01
5.947474747474753576e-01
3.514141414141404574e-01
7.102020202020205009e-01
0.000000000000000000e+00
7.165656565656570720e-01
6.575757575757583406e-02
2.327272727272732267e-01
7.279797979797979490e-01
6.628282828282827666e-01
0.000000000000000000e+00
9.999999999999974187e-03
7.571717171717171624e-01
4.823232323232315988e-01
0.000000000000000000e+00
0.000000000000000000e+00
5.948484848484854037e-01
9.279797979798000140e-01
8.806060606060595042e-01
0.000000000000000000e+00
1.459595959595962222e+00
3.324242424242425109e-01
2.655656565656568713e+00
1.571818181818182003e+00
2.120707070707069875e+00
6.438383838383845426e-01
5.924747474747486642e+00
6.350505050505061977e-01
6.911111111111115646e-01
0.000000000000000000e+00
6.245454545454555140e-01
8.167676767676784744e-01
8.447474747474744694e-01
9.999999999999995004e-03
8.051515151515169499e-01
4.257575757575756126e-01
9.888888888888902606e-02
6.039393939393946642e-01
5.447474747474744250e-01
1.216161616161618442e-01
9.858585858585875439e-01
0.000000000000000000e+00
3.878787878787880172e-02
1.979797979797979016e-02
0.000000000000000000e+00
1.971898989898990351e+01
6.915151515151508610e-01
6.606969696969702710e+00
3.300000000000002931e-01
1.121818181818180937e+00
1.397373737373739599e+00
1.174040404040406660e+00
0.000000000000000000e+00
5.117171717171722367e-01
0.000000000000000000e+00
2.271717171717168693e+00
0.000000000000000000e+00
1.149090909090911383e+00
8.975757575757578044e-01
0.000000000000000000e+00
1.357575757575757991e-01
4.797979797979797650e-02
0.000000000000000000e+00
1.675757575757577666e-01
0.000000000000000000e+00
4.143434343434339584e-01
1.671717171717170269e-01
8.936363636363652274e-01
1.139505050505048800e+01
2.379797979797985685e-01
1.142424242424245201e-01
0.000000000000000000e+00
2.079797979797982643e-01
0.000000000000000000e+00
7.540404040404030672e-01
0.000000000000000000e+00
6.959595959595965553e-01
2.509090909090911925e-01
6.641414141414146988e-01
5.775757575757580753e-01
2.605555555555554736e+00
7.500000000000008882e-01
0.000000000000000000e+00
0.000000000000000000e+00
5.852525252525263566e-01
5.872727272727279457e-01
5.113131313131310529e-01
8.217171717171728451e-01
2.939393939393944444e-02
2.805151515151511621e+00
9.030404040404045318e+00
5.776767676767691206e-01
1.893939393939393923e-01
4.842424242424250291e-01
7.081818181818165803e-01
8.136363636363649343e-01
6.212121212121201053e-01
2.079797979797981533e-01
7.566666666666650443e-01
1.351111111111109597e+00
7.084848484848473849e-01
5.555555555555564684e-01
9.988787878787880103e+00
2.992929292929296659e-01
1.129474747474747964e+01
7.101010101010103437e-01
5.700000000000011724e-01
2.164646464646467372e+00
7.578787878787885957e-01
7.590909090909105927e-01
0.000000000000000000e+00
1.740404040404041064e+00
1.675757575757576834e-01
6.734343434343432744e-01
8.347373737373736446e+00
1.011010101010102913e+00
1.024979797979796992e+01
9.420202020202012028e-01
1.357575757575757991e-01
9.873737373737385692e-01
8.616161616161602810e-01
1.016868686868684479e+00
9.999999999999981126e-03
2.266666666666661833e-01
1.367333333333333911e+01
1.151616161616158873e+00
2.835757575757574589e+00
0.000000000000000000e+00
6.625252525252534053e-01
4.329292929292934411e-01
1.835959595959597790e+00
0.000000000000000000e+00
9.888888888888898443e-02
0.000000000000000000e+00
1.475050505050503613e+00
8.176767676767674464e-01
1.009090909090914201e-01
4.543737373737372742e+00
4.485858585858589209e-01
0.000000000000000000e+00
2.379797979797985685e-01
8.581818181818161584e-01
1.027676767676768632e+00
1.413474747474746884e+01
2.296363636363638605e+00
0.000000000000000000e+00
0.000000000000000000e+00
1.166666666666670155e-01
2.362020202020203907e+00
7.744444444444431586e-01
0.000000000000000000e+00
4.636363636363645679e-01
5.170707070707080133e-01
7.529292929292945580e-01
6.252525252525237276e-01
8.091919191919192400e-01
9.862626262626247309e-01
7.678787878787868282e-01
6.971717171717164430e-01
0.000000000000000000e+00
0.000000000000000000e+00
9.488888888888898920e-01
5.919191919191918450e-02
0.000000000000000000e+00
2.233333333333338278e-01
1.788888888888890139e-01
1.581818181818183400e-01
9.563636363636349724e-01
4.938383838383836877e-01
7.642424242424239456e-01
2.197979797979799643e-01
0.000000000000000000e+00
2.516161616161620707e-01
1.736666666666663916e+00
1.154545454545452543e+00
1.251212121212123218e+00
5.122222222222212462e-01
2.769696969696974764e-01
2.374747474747470610e-01
7.993939393939399896e-01
8.152525252525258948e-01
2.363828282828281857e+01
6.711111111111102145e-01
6.773737373737374057e-01
5.325252525252530678e-01
1.034141414141414916e+00
1.934141414141413939e+00
3.032323232323232975e-01
4.019191919191925089e-01
0.000000000000000000e+00
7.537373737373745941e-01
1.615151515151517225e-01
1.099191919191920164e+00
1.842424242424241798e-01
0.000000000000000000e+00
0.000000000000000000e+00
8.146464646464627313e-01
9.999999999999993269e-03
0.000000000000000000e+00
4.366666666666668695e-01
4.430909090909096015e+00
1.079393939393938018e+00
5.866868686868696336e+00
0.000000000000000000e+00
1.990909090909091239e-01
8.733333333333315185e-01
1.979797979797979710e-02
9.509090909090914812e-01
8.314141414141428266e-01
0.000000000000000000e+00
1.177272727272725250e+00
9.984444444444454447e+00
4.718181818181814147e-01
8.059595959595967640e-01
2.183333333333329573e+00
7.308080808080817947e-01
6.894949494949483837e-01
7.990909090909099621e-01
0.000000000000000000e+00
5.206060606060612939e-01
1.349595959595961236e+00
4.354545454545450389e-01
1.098383838383836686e+00
8.201010101010098863e-01
2.026161616161615164e+00
0.000000000000000000e+00
7.603030303030303694e-01
7.434343434343430868e-02
6.638383838383845603e-01
1.994444444444442022e+00
1.120101010101009464e+01
2.969292929292927319e+00
3.893939393939389593e-01
0.000000000000000000e+00
3.718686868686866376e+00
7.154545454545455652e-01
3.763636363636359006e-01
6.361010101010101891e+00
6.107070707070715310e-01
9.999999999999991535e-03
8.498989898989874892e-01
7.639393939393941402e-01
0.000000000000000000e+00
8.641414141414136552e-01
1.979797979797979016e-02
1.124242424242425376e+00
0.000000000000000000e+00
8.812121212121200031e-01
5.793939393939393501e-01
9.999999999999981126e-03
3.740101010101012147e+00
9.999999999999991535e-03
1.841515151515154658e+00
7.052525252525259081e-01
9.090909090909091161e-02
7.079797979797974872e-01
0.000000000000000000e+00
1.143030303030304617e+00
3.812121212121211133e-01
2.693020202020201381e+01
5.392929292929289353e-01
3.602525252525254018e+00
3.289595959595964736e+00
7.990909090909104062e-01
0.000000000000000000e+00
6.172727272727270842e-01
1.197474747474746470e+00
6.276767676767684989e-01
8.559595959595955872e-01
2.079797979797981811e-01
7.333636363636364841e+00
6.968686868686866376e-01
7.434343434343430868e-02
8.665656565656553179e-01
7.368686868686863400e-01
9.272727272727272763e-02
2.064787878787881326e+01
7.943434343434337963e-01
5.932323232323233331e-01
1.305656565656569068e+00
7.347474747474747048e-01
5.259595959595965375e+00
0.000000000000000000e+00
0.000000000000000000e+00
6.974747474747471365e-01
2.796969696969689445e-01
1.126333333333333186e+01
6.943434343434351508e-01
1.979797979797979016e-02
6.247474747474757173e-01
9.332323232323238571e-01
0.000000000000000000e+00
2.105151515151519881e+00
1.946585858585858730e+01
5.848484848484837295e-01
1.857575757575757325e-01
1.490909090909092460e-01
2.784444444444444500e+00
9.999999999999993269e-03
2.332181818181817690e+01
0.000000000000000000e+00
6.248484848484839871e-01
0.000000000000000000e+00
7.574747474747475229e-01
2.475757575757577267e-01
0.000000000000000000e+00
6.984848484848468209e-01
2.233333333333338278e-01
1.122777777777777253e+01
2.379797979797985685e-01
6.195959595959603661e-01
2.524242424242423843e-01
1.287878787878785070e-01
3.997979797979801520e-01
8.737373737373735905e-01
1.893939393939393923e-01
1.774343434343433668e+00
0.000000000000000000e+00
7.837373737373747318e-01
8.576767676767680371e-01
1.787070707070708142e+00
7.097979797979800942e-01
1.226767676767675175e+00
7.262626262626251661e-01
0.000000000000000000e+00
5.445454545454533335e-01
5.696969696969703817e-02
2.940404040404042685e-01
1.608202020202020677e+01
2.135949494949495175e+01
5.993939393939400340e-01
3.878787878787880172e-02
6.431313131313118880e-01
2.127181818181817974e+01
7.523232323232320606e-01
7.618181818181815057e-01
2.621212121212118107e-01
7.703030303030309334e-01
1.186868686868685907e-01
7.238383838383828373e-01
2.489555555555556410e+01
1.485858585858583769e-01
0.000000000000000000e+00
9.626262626262618305e-01
1.287131313131314414e+01
5.461616161616148490e-01
9.019191919191928974e-01
1.216161616161618025e-01
1.367171717171717704e+00
1.357575757575757991e-01
0.000000000000000000e+00
1.554545454545456229e-01
6.632525252525247161e+00
1.305454545454546755e+00
2.971171717171715798e+01
0.000000000000000000e+00
4.888888888888898165e-01
6.732323232323241813e-01
6.838383838383836899e-01
4.797979797979808059e-02
7.985858585858585101e-01
6.152525252525239408e-01
1.833333333333331261e-01
3.916969696969692105e+00
0.000000000000000000e+00
9.595959595959613342e-02
1.055656565656566626e+00
0.000000000000000000e+00
1.166666666666667518e-01
5.207070707070712290e-01
6.693939393939390969e-01
3.665353535353537584e+00
6.850505050505040217e-01
1.990909090909090406e-01
8.000000000000000444e-01
2.454545454545460359e-01
5.093939393939385107e-01
3.403030303030299408e-01
0.000000000000000000e+00
3.304444444444447182e+00
1.287878787878785347e-01
2.121212121212122381e-01
0.000000000000000000e+00
9.999999999999951636e-03
0.000000000000000000e+00
6.182828282828271016e-01
9.090909090909073120e-02
3.637373737373740812e-01
9.999999999999970718e-03
7.845454545454554340e-01
6.389898989898991077e-01
1.043333333333332336e+00
7.510101010101002394e-01
1.034242424242426406e+00
8.991919191919184318e-01
9.035050505050497449e+00
2.062292929292928534e+01
7.879797979797974472e-01
5.589898989898997028e-01
3.828888888888892783e+00
1.554545454545456229e-01
1.535959595959595081e+00
0.000000000000000000e+00
1.268484848484848770e+00
7.276767676767691428e-01
0.000000000000000000e+00
7.700000000000009059e-01
8.555555555555556524e-02
0.000000000000000000e+00
2.025353535353534351e+00
1.126575757575758452e+01
1.848484848484847065e-01
5.755555555555559311e-01
8.266666666666655505e-01
1.582828282828281363e+00
6.717171717171728229e-01
6.742424242424251979e-01
5.797979797979804784e-02
7.440404040404031694e-01
4.797979797979803201e-02
7.563636363636359050e-01
1.189797979797977190e+00
7.166666666666662300e-01
7.214141414141411746e-01
2.082828282828283195e-01
2.297979797979792238e-01
6.992929292929288554e-01
4.797979797979797650e-02
2.096868686868686105e+00
1.523434343434341587e+00
4.334343434343426171e-01
1.717474747474745822e+00
0.000000000000000000e+00
2.266666666666661833e-01
2.403030303030307957e-01
7.281818181818189295e-01
1.113535353535355599e+00
9.999999999999991535e-03
5.429292929292917069e-01
6.587878787878799214e-01
1.802585858585859313e+01
9.999999999999991535e-03
2.454848484848484613e+00
5.696969696969709368e-02
1.188888888888891548e-01
2.430202020202022251e+00
9.679797979797991614e-01
5.820202020202013271e-01
8.272727272727277426e-02
1.225949494949494145e+01
1.164646464646465818e+00
6.686868686868676637e-01
4.797979797979804589e-02
2.121212121212122381e-01
6.231313131313122033e-01
9.358585858585879436e-01
2.491414141414137529e+00
0.000000000000000000e+00
0.000000000000000000e+00
3.546464646464646542e-01
4.907070707070700921e-01
8.639393939393946731e-01
1.476565656565659523e+00
1.010000000000002007e+00
6.612121212121208069e-01
2.577777777777773838e-01
0.000000000000000000e+00
0.000000000000000000e+00
9.121212121212132207e-01
6.955555555555553715e-01
9.884848484848500760e-01
0.000000000000000000e+00
1.093535353535354027e+00
2.076868686868690084e+00
1.436363636363638674e-01
6.269393939393932413e+00
7.953535353535373664e-01
1.322727272727274528e+00
7.072727272727283854e-01
1.902121212121208327e+00
8.765656565656575472e-01
0.000000000000000000e+00
6.257575757575760678e-01
8.930303030303026190e-01
1.979797979797979363e-02
8.979797979797992102e-01
6.785858585858585146e-01
1.008737373737373488e+01
2.334040404040403693e+00
3.717171717171723344e-01
3.607070707070708093e-01
0.000000000000000000e+00
1.943434343434342904e-01
0.000000000000000000e+00
2.233333333333338555e-01
6.418181818181825093e-01
1.954545454545454919e-01
3.109090909090913013e-01
6.722222222222237198e-01
3.797070707070706597e+00
5.846565656565660518e+00
3.540404040404043773e-01
0.000000000000000000e+00
0.000000000000000000e+00
5.359090909090912902e+00
5.073737373737365886e-01
8.228282828282832417e-01
1.113838383838385404e+00
0.000000000000000000e+00
4.903030303030310733e-01
6.575757575757593121e-02
0.000000000000000000e+00
4.807979797979805348e+00
7.256565656565666655e-01
8.089898989898997028e-01
2.464646464646467749e-01
9.817171717171725431e-01
1.943434343434342904e-01
9.775757575757555440e-01
1.585757575757577253e+00
5.950505050505041638e-01
5.614141414141408104e-01
0.000000000000000000e+00
9.275757575757588302e-01
3.114242424242424256e+00
5.061616161616171450e-01
4.034343434343438672e-01
0.000000000000000000e+00
0.000000000000000000e+00
6.520202020202019444e-01
1.056464646464644108e+00
3.016161616161621151e-01
1.287878787878783127e-01
2.303232323232328405e+00
1.202282828282828042e+01
1.003232323232323253e+00
1.333737373737371890e+00
1.173232323232324292e+00
2.261616161616158416e-01
2.036363636363638097e-01
1.690565656565657093e+01
1.022424242424244056e+01
4.954545454545450922e-01
6.595959595959588473e-01
1.069494949494950831e+00
8.095959595959592026e-01
7.682828282828265687e-01
1.921212121212126922e-01
0.000000000000000000e+00
9.999999999999948166e-03
5.509090909090911259e-01
3.832727272727272094e+00
6.902020202020200390e-01
1.117232323232324021e+01
6.089595959595956565e+00
3.115353535353535985e+00
5.603030303030308579e-01
0.000000000000000000e+00
7.838383838383844449e-01
6.635353535353526455e-01
0.000000000000000000e+00
2.177282828282827154e+01
4.403030303030307513e-01
4.252525252525254373e-01
7.218181818181820253e-01
9.125252525252505187e-01
7.413131313131317013e-01
9.034343434343419244e-01
1.143333333333331980e+00
0.000000000000000000e+00
0.000000000000000000e+00
1.033393939393938865e+01
5.843434343434350531e-01
1.119707070707070429e+01
1.788888888888890694e-01
6.757575757575745579e-01
0.000000000000000000e+00
6.207272727272731494e+00
0.000000000000000000e+00
2.295252525252523323e+00
0.000000000000000000e+00
4.151515151515148272e-01
5.603939393939402436e+00
6.939393939393943000e-01
8.878787878787894883e-01
1.821111111111111569e+01
1.046262626262624451e+00
1.001919191919191210e+00
0.000000000000000000e+00
6.734343434343431634e-01
0.000000000000000000e+00
9.480808080808094118e-01
4.231717171717174431e+00
2.979797979797979557e-02
5.533030303030291641e+00
2.505484848484849181e+01
7.278787878787863486e-01
0.000000000000000000e+00
8.894949494949501156e-01
1.260131313131311082e+01
1.109393939393939821e+00
5.711111111111122352e-01
1.085818181818182104e+01
0.000000000000000000e+00
4.224242424242419247e-01
0.000000000000000000e+00
8.555555555555541258e-02
1.450747474747474364e+01
1.357575757575757991e-01
2.525959595959594850e+00
1.530808080808079952e+00
8.560606060606057444e-01
3.655555555555555225e-01
1.788888888888890139e-01
1.316161616161618253e-01
4.806060606060595930e-01
1.559090909090909305e+00
6.908080808080819812e-01
7.655555555555570990e-01
3.878787878787880172e-02
2.802020202020199524e-01
2.922121212121215894e+00
9.725858585858583538e+00
6.514141414141423336e-01
5.809090909090902644e-01
1.146565656565657676e+00
0.000000000000000000e+00
1.948797979797979352e+01
6.132323232323224627e-01
4.025252525252518976e-01
1.222121212121214606e+00
5.150505050505047588e-01
6.051515151515139967e-01
1.300000000000002265e+00
3.878787878787880172e-02
3.270707070707071229e-01
0.000000000000000000e+00
3.333333333333325377e-01
1.012020202020200932e+00
1.618565656565656141e+01
1.601999999999999957e+01
7.445454545454545103e-01
2.443434343434337797e-01
7.966666666666687435e-01
6.312121212121205582e-01
9.610101010101022023e-01
2.327272727272732267e-01
1.069797979797980858e+00
0.000000000000000000e+00
1.235858585858586434e+00
7.158585858585871931e-01
6.903030303030301962e-01
6.032323232323234530e-01
9.880808080808070049e-01
2.516161616161619596e-01
2.628626262626263355e+01
5.731313131313141573e-01
2.394242424242425837e+00
6.939393939393933008e-01
8.424242424242430749e-01
4.136363636363638574e-01
5.680808080808074090e-01
5.489898989898982506e-01
3.272828282828278645e+00
7.297979797979811112e-01
7.848484848484861276e-01
7.627272727272720321e-01
0.000000000000000000e+00
5.016161616161626258e-01
5.914141414141408370e-01
8.498989898989904868e-01
8.289898989898984993e-01
9.985858585858599090e-01
1.554545454545456229e-01
0.000000000000000000e+00
1.490909090909092460e-01
0.000000000000000000e+00
5.355555555555548963e-01
0.000000000000000000e+00
1.566666666666665098e-01
6.826262626262634692e-01
8.679797979797986285e-01
3.878787878787880172e-02
1.287878787878784514e-01
2.020909090909090544e+00
6.434343434343443580e-01
3.159393939393934314e+00
0.000000000000000000e+00
0.000000000000000000e+00
7.597979797979784733e-01
0.000000000000000000e+00
0.000000000000000000e+00
5.759595959595961157e-01
1.357676767676768259e+00
0.000000000000000000e+00
7.453535353535344354e-01
5.480808080808065030e-01
1.010303030303030924e+00
0.000000000000000000e+00
9.999999999999962044e-03
