1.386262626262628306e+00
9.334343434343447266e-01
0.000000000000000000e+00
6.240404040404048391e-01
1.473434343434345095e+00
5.472727272727273551e-01
2.233333333333339110e-01
7.457575757575770625e-01
2.403030303030307957e-01
7.498989898989908420e-01
2.568636363636363740e+01
1.675757575757578499e-01
0.000000000000000000e+00
5.630303030303041023e-01
8.602020202020181916e-01
1.678181818181819107e+00
0.000000000000000000e+00
0.000000000000000000e+00
1.593363636363636360e+01
7.364646464646453783e-01
0.000000000000000000e+00
5.376767676767671977e-01
9.921212121212132917e-01
2.197979797979799643e-01
0.000000000000000000e+00
0.000000000000000000e+00
1.080505050505049969e+00
0.000000000000000000e+00
9.999999999999995004e-03
7.176767676767684678e-01
2.215151515151513983e+00
2.939393939393944444e-02
1.893939393939393923e-01
4.090909090909095047e-01
8.608080808080801338e-01
6.595959595959587363e-01
3.246252525252525345e+01
1.624181818181817860e+01
2.454545454545459526e-01
1.121515151515153574e+00
3.411616161616166654e+00
4.711111111111114802e-01
1.008787878787877901e+00
6.494949494949502355e-01
9.048484848484837917e-01
0.000000000000000000e+00
4.249494949494951879e-01
0.000000000000000000e+00
1.198383838383839661e+00
5.035454545454551400e+00
8.886868686868696354e-01
0.000000000000000000e+00
6.575757575757587570e-02
4.201010101010102527e-01
1.167070707070706703e+00
2.601010101010104436e-01
9.258585858585854922e-01
3.619191919191915296e-01
2.057474747474743904e+00
6.879797979797992458e-01
1.803050505050505592e+01
6.393939393939398474e-01
1.028181818181818308e+01
0.000000000000000000e+00
7.258585858585847594e-01
9.999999999999977657e-03
2.241818181818183042e+00
9.106060606060597529e-01
2.516161616161619596e-01
1.979797979797979363e-02
1.043535353535352872e+00
0.000000000000000000e+00
9.229292929292941539e-01
1.343333333333333490e+00
5.797979797979805477e-02
1.672787878787878313e+01
9.664646464646476920e-01
8.555555555555557357e-01
1.131656565656566116e+01
3.227272727272723074e-01
6.559595959595964088e-01
7.793939393939385285e-01
6.696969696969709562e-02
2.407979797979794334e+00
1.730909090909088954e+00
1.059292929292930951e+00
5.137373737373747140e-01
1.159090909090910948e+00
4.050505050505047167e-01
1.990909090909090406e-01
0.000000000000000000e+00
6.661616161616165099e-01
1.999999999999994837e-02
9.640404040404029207e-01
7.485858585858603531e-01
4.646464646464634751e-01
1.091818181818179800e+00
8.847474747474735057e-01
6.520202020202018334e-01
2.196545454545456266e+01
1.381212121212119781e+00
0.000000000000000000e+00
4.797979797979799732e-02
5.023434343434345806e+00
2.488888888888884654e-01
7.289898989898992987e-01
5.172727272727263292e-01
3.363636363636359206e-01
2.524242424242423843e-01
1.380505050505048681e+00
2.722222222222218102e-01
0.000000000000000000e+00
0.000000000000000000e+00
1.038787878787879260e+00
7.888888888888884177e-01
2.939393939393942362e-02
0.000000000000000000e+00
1.227373737373738782e+00
8.636363636363647567e-01
2.800101010101010868e+00
2.725858585858591088e+00
5.478787878787890753e-01
1.775757575757578866e-01
5.792929292929299701e-01
9.327272727272715169e-01
2.984848484848487971e-01
8.831313131313145437e-01
0.000000000000000000e+00
4.666868686868685501e+00
0.000000000000000000e+00
0.000000000000000000e+00
9.999999999999968983e-03
0.000000000000000000e+00
8.347474747474760148e-01
6.204040404040404022e-01
5.611212121212125759e+00
2.524242424242423843e-01
1.570707070707073827e+00
7.493939393939388349e-01
0.000000000000000000e+00
5.282828282828297972e-01
9.302020202020218065e-01
9.999999999999975922e-03
8.479797979797963903e-01
2.233333333333338278e-01
9.555555555555536040e-01
7.489898989898973181e-01
2.527272727272723007e-01
8.547474747474734791e-01
9.999999999999993269e-03
1.118686868686866731e+00
7.327272727272723385e-01
0.000000000000000000e+00
1.080404040404038701e+00
2.124747474747477494e+00
6.012121212121199765e-01
7.713131313131315059e-01
2.503636363636363882e+00
6.943434343434354838e-01
3.939393939393939781e-02
6.575757575757588957e-02
0.000000000000000000e+00
8.272727272727277426e-02
5.097171717171711691e+00
1.044343434343433019e+00
2.741515151515151771e+01
1.979797979797979363e-02
7.473737373737364686e-01
3.330909090909090153e+00
8.049494949494964136e-01
3.878787878787880172e-02
7.788888888888901851e-01
4.306060606060596041e-01
0.000000000000000000e+00
5.743434343434341560e-01
3.730404040404042831e+00
8.192929292929306273e-01
9.888888888888897055e-02
2.939393939393944791e-02
6.524242424242430172e-01
0.000000000000000000e+00
1.187777777777775823e+00
7.434343434343432255e-02
8.455555555555555047e-01
1.687878787878789311e-01
5.704040404040412460e-01
8.159595959595952186e-01
6.798989898989923342e-01
6.628282828282827666e-01
1.554545454545456229e-01
1.125959595959594273e+00
1.326666666666665328e+00
7.110101010101022023e-01
8.337373737373753313e-01
0.000000000000000000e+00
1.245050505050504297e+00
0.000000000000000000e+00
7.792929292929292595e-01
0.000000000000000000e+00
6.596161616161614560e+00
4.559797979797978407e+00
7.014141414141409347e-01
1.088888888888889378e-01
0.000000000000000000e+00
9.663636363636352034e-01
0.000000000000000000e+00
2.084242424242424452e+00
0.000000000000000000e+00
0.000000000000000000e+00
2.176767676767672188e-01
2.257686868686870696e+01
2.460606060606065904e-01
1.057575757575753700e-01
3.397979797979800431e-01
9.501010101010087805e-01
2.303454545454547997e+01
8.666161616161621950e+00
9.314040404040399679e+00
4.161616161616165654e-01
7.115151515151503236e-01
4.849494949494944085e-01
2.722222222222217547e-01
2.102828282828286266e+00
0.000000000000000000e+00
7.950101010101015220e+00
6.094949494949502000e-01
8.890909090909101531e-01
3.950505050505048743e-01
2.618383838383835815e+00
5.228282828282821981e-01
0.000000000000000000e+00
3.235353535353531207e-01
9.833333333333351689e-01
9.558585858585848527e-01
3.296868686868688503e+00
1.610707070707068977e+00
3.685151515151511514e+00
9.405050505050523979e-01
7.176767676767678017e-01
3.812121212121216129e-01
5.973737373737382228e-01
6.062626262626257256e-01
0.000000000000000000e+00
1.490909090909092460e-01
9.861616161616160170e-01
1.227575757575758431e+00
6.474545454545455492e+00
9.262626262626250107e-01
4.242424242424240877e-01
5.864646464646464663e-01
7.223232323232323671e-01
1.017272727272727550e+00
8.676767676767679904e-02
9.999999999999955105e-03
2.121212121212122381e-01
3.870202020202021309e+00
5.604040404040399048e-01
1.858080808080809332e+00
1.428181818181814222e+00
1.077171717171715004e+00
0.000000000000000000e+00
0.000000000000000000e+00
5.687878787878797304e-01
3.039090909090901071e+00
2.171737373737375520e+01
8.583838383838378050e-01
2.028989898989903118e+00
7.808080808080807289e-01
4.480808080808081351e-01
6.963636363636376281e-01
7.782828282828283539e-01
3.299191919191918121e+00
0.000000000000000000e+00
2.253232323232321921e+00
0.000000000000000000e+00
0.000000000000000000e+00
1.168787878787880485e+00
1.216161616161618025e-01
0.000000000000000000e+00
1.125959595959594717e+00
9.227272727272723962e-01
6.112525252525259134e+00
6.821212121212121282e-01
8.155555555555564773e-01
2.226565656565655971e+00
8.237373737373729909e-01
1.036474747474747815e+01
1.061616161616162346e+00
1.253131313131310876e+00
2.516161616161619596e-01
1.042020202020200736e+00
4.977878787878787570e+00
9.484848484848495964e-01
0.000000000000000000e+00
1.009494949494948113e+00
6.912121212121199454e-01
2.626565656565662099e+00
1.979797979797979016e-02
9.877777777777763113e-01
1.425252525252529434e-01
6.673737373737363976e-01
6.208080808080819191e-01
4.104040404040409928e-01
8.617171717171728806e-01
0.000000000000000000e+00
7.607070707070705540e-01
1.142424242424244091e-01
2.327272727272732267e-01
7.440404040404038355e-01
7.809090909090908861e-01
1.979797979797979710e-02
1.979797979797979363e-02
8.033333333333326776e-01
4.754545454545461292e-01
0.000000000000000000e+00
0.000000000000000000e+00
7.136363636363649565e-01
1.042323232323230986e+00
1.140404040404039421e+00
0.000000000000000000e+00
1.726363636363639209e+00
5.368686868686871616e-01
3.635454545454550157e+00
1.683030303030305097e+00
2.966363636363633649e+00
8.364646464646454671e-01
7.647070707070700024e+00
6.815151515151524064e-01
7.274747474747461640e-01
0.000000000000000000e+00
6.580808080808066007e-01
1.083131313131313833e+00
1.079090909090908434e+00
9.999999999999988065e-03
9.133333333333341075e-01
4.765656565656569699e-01
1.066666666666668400e-01
6.220202020202032500e-01
7.117171717171710821e-01
1.425252525252528324e-01
1.027272727272729114e+00
0.000000000000000000e+00
2.939393939393943403e-02
2.939393939393943403e-02
0.000000000000000000e+00
2.430333333333332746e+01
7.248484848484842979e-01
8.803131313131324021e+00
3.468686868686872704e-01
1.233838383838384622e+00
1.588888888888888129e+00
1.198383838383839439e+00
0.000000000000000000e+00
6.411111111111098548e-01
1.979797979797979016e-02
2.850707070707071189e+00
0.000000000000000000e+00
1.397474747474748868e+00
1.157777777777775130e+00
0.000000000000000000e+00
1.287878787878784514e-01
5.696969696969703817e-02
0.000000000000000000e+00
2.043434343434342437e-01
0.000000000000000000e+00
4.393939393939389482e-01
4.065656565656575738e-01
1.315858585858586061e+00
1.391505050505049468e+01
2.475757575757577267e-01
1.287878787878784514e-01
0.000000000000000000e+00
2.297979797979799177e-01
0.000000000000000000e+00
9.182828282828267019e-01
9.999999999999972453e-03
8.483838383838389063e-01
2.521212121212118573e-01
7.556565656565666922e-01
6.490909090909082746e-01
3.356969696969699157e+00
9.239393939393946154e-01
0.000000000000000000e+00
0.000000000000000000e+00
6.899999999999995026e-01
7.249494949494952323e-01
7.622222222222223564e-01
1.292323232323232762e+00
4.797979797979808059e-02
3.253636363636366546e+00
1.146646464646464914e+01
7.150505050505049365e-01
2.079797979797981533e-01
6.099999999999992095e-01
7.671717171717161721e-01
1.114646464646466439e+00
7.565656565656549981e-01
2.233333333333338278e-01
9.974747474747460707e-01
1.670101010101007644e+00
7.974747474747468923e-01
8.227272727272736397e-01
1.346242424242423752e+01
5.156565656565664790e-01
1.427090909090909321e+01
6.943434343434345957e-01
6.813131313131303157e-01
2.354646464646461990e+00
9.270707070707052688e-01
7.984848484848480199e-01
0.000000000000000000e+00
2.048484848484847909e+00
1.886868686868686251e-01
6.973737373737369794e-01
1.273151515151515767e+01
1.179292929292931058e+00
1.208232323232324390e+01
1.152121212121210325e+00
1.425252525252527769e-01
9.679797979797992724e-01
1.093939393939395543e+00
1.233434343434341995e+00
9.999999999999981126e-03
2.233333333333338555e-01
2.015464646464645426e+01
1.422121212121211231e+00
3.165050505050501339e+00
0.000000000000000000e+00
6.812121212121224900e-01
5.146464646464655734e-01
2.019191919191919649e+00
0.000000000000000000e+00
1.142424242424244785e-01
0.000000000000000000e+00
1.781313131313129627e+00
9.206060606060617602e-01
1.360606060606063261e-01
7.462929292929284308e+00
5.541414141414141570e-01
0.000000000000000000e+00
2.443434343434337519e-01
1.050808080808083300e+00
1.215252525252523919e+00
2.000898989898989200e+01
2.647373737373730940e+00
0.000000000000000000e+00
0.000000000000000000e+00
1.216161616161620801e-01
2.750000000000000000e+00
9.864646464646452673e-01
0.000000000000000000e+00
4.519191919191928863e-01
7.080808080808072003e-01
7.844444444444444997e-01
6.858585858585865003e-01
8.959595959595945125e-01
1.166363636363639378e+00
9.641414141414148542e-01
9.358585858585876105e-01
0.000000000000000000e+00
0.000000000000000000e+00
1.204343434343434049e+00
9.555555555555560188e-02
0.000000000000000000e+00
2.260606060606057399e-01
1.733333333333330895e-01
1.712121212121213432e-01
1.000707070707071322e+00
6.798989898989903358e-01
8.839393939393930255e-01
2.379797979797985408e-01
0.000000000000000000e+00
2.640404040404037422e-01
2.072323232323230346e+00
1.130404040404041632e+00
1.545656565656564396e+00
5.478787878787872989e-01
3.474747474747474363e-01
3.488888888888886375e-01
8.616161616161631676e-01
1.087979797979796714e+00
2.810646464646465503e+01
7.787878787878800280e-01
7.740404040404054165e-01
5.557575757575754505e-01
1.150808080808078504e+00
2.407474747474748877e+00
3.726262626262626942e-01
3.975757575757569162e-01
0.000000000000000000e+00
8.314141414141422715e-01
4.256565656565655109e-01
1.277171717171718512e+00
1.842424242424241798e-01
0.000000000000000000e+00
1.979797979797979016e-02
8.689898989898989790e-01
9.999999999999993269e-03
0.000000000000000000e+00
4.505050505050505194e-01
5.561616161616157683e+00
1.290606060606063865e+00
8.474949494949504114e+00
0.000000000000000000e+00
2.233333333333338555e-01
8.870707070707076758e-01
1.979797979797979710e-02
1.074242424242422889e+00
9.888888888888890394e-01
0.000000000000000000e+00
1.712525252525249897e+00
1.456828282828282894e+01
5.562626262626264584e-01
8.778787878787883692e-01
2.553131313131316915e+00
8.176767676767678905e-01
7.367676767676780702e-01
1.067676767676768890e+00
9.999999999999974187e-03
5.355555555555545633e-01
1.622020202020200141e+00
4.354545454545452610e-01
1.492929292929292995e+00
9.327272727272742925e-01
2.467171717171718015e+00
0.000000000000000000e+00
7.885858585858593894e-01
8.272727272727277426e-02
6.621212121212121104e-01
2.506767676767681863e+00
1.452373737373736873e+01
3.483838383838385511e+00
4.697979797979788263e-01
0.000000000000000000e+00
4.734343434343427859e+00
7.839393939393942690e-01
3.510101010101004393e-01
8.803434343434338061e+00
7.077777777777778390e-01
2.939393939393940280e-02
9.577777777777769508e-01
1.049090909090909740e+00
0.000000000000000000e+00
8.641414141414138772e-01
5.696969696969705899e-02
1.219595959595961787e+00
0.000000000000000000e+00
8.807070707070692173e-01
5.843434343434331657e-01
0.000000000000000000e+00
5.066565656565663822e+00
5.696969696969707980e-02
2.713030303030301571e+00
7.868686868686882718e-01
9.090909090909091161e-02
9.987878787878800013e-01
0.000000000000000000e+00
1.291919191919191023e+00
5.631313131313140374e-01
3.446454545454547258e+01
5.950505050505040527e-01
5.193434343434334188e+00
4.050404040404036898e+00
8.453535353535343022e-01
0.000000000000000000e+00
8.250505050505042570e-01
1.427979797979798349e+00
6.949494949494950946e-01
9.982828282828291044e-01
2.197979797979799643e-01
9.205454545454546889e+00
6.718181818181807596e-01
1.216161616161617470e-01
1.058080808080809287e+00
7.674747474747477538e-01
1.581818181818183677e-01
2.392828282828284614e+01
9.157575757575764364e-01
6.481818181818185254e-01
1.651616161616163536e+00
8.264646464646477897e-01
6.327272727272726272e+00
0.000000000000000000e+00
0.000000000000000000e+00
7.309090909090915078e-01
3.090909090909089163e-01
1.440434343434343489e+01
8.348484848484861720e-01
2.939393939393944444e-02
6.532323232323228313e-01
1.066464646464648114e+00
0.000000000000000000e+00
2.426868686868686620e+00
2.434494949494949267e+01
6.685858585858589498e-01
1.905050505050504273e-01
1.842424242424241798e-01
3.400707070707075452e+00
5.696969696969713531e-02
2.782292929292929529e+01
0.000000000000000000e+00
6.237373737373724802e-01
0.000000000000000000e+00
9.506060606060620088e-01
2.509090909090911925e-01
9.999999999999962044e-03
7.670707070707062369e-01
2.415151515151518768e-01
1.668121212121211627e+01
2.443434343434337519e-01
7.413131313131311462e-01
2.521212121212118573e-01
1.675757575757577666e-01
4.709090909090901667e-01
9.602020202020218331e-01
1.888888888888889117e-01
1.935454545454547093e+00
0.000000000000000000e+00
8.598989898989889413e-01
1.055656565656568180e+00
2.409797979797979828e+00
8.281818181818184632e-01
1.544545454545457108e+00
7.370707070707064323e-01
0.000000000000000000e+00
5.925252525252517888e-01
7.434343434343432255e-02
3.630303030303033140e-01
2.166777777777779335e+01
2.864555555555553923e+01
6.974747474747461373e-01
1.166666666666667795e-01
6.947474747474762236e-01
2.350131313131314315e+01
9.359595959595957693e-01
1.083939393939393314e+00
2.686868686868690848e-01
8.251515151515140811e-01
1.695959595959591337e-01
8.755555555555556424e-01
3.162282828282830138e+01
2.063636363636363324e-01
0.000000000000000000e+00
1.287373737373738614e+00
1.598333333333333428e+01
6.832323232323224138e-01
1.162222222222222046e+00
1.616161616161617132e-01
1.944646464646463624e+00
1.616161616161617132e-01
0.000000000000000000e+00
1.733333333333332282e-01
7.891818181818183398e+00
1.560505050505047508e+00
4.059545454545452259e+01
0.000000000000000000e+00
5.368686868686858293e-01
7.405050505050505549e-01
7.573737373737365886e-01
5.696969696969712144e-02
8.262626262626268092e-01
7.767676767676779948e-01
1.888888888888890505e-01
5.132020202020194155e+00
0.000000000000000000e+00
1.247474747474750512e-01
1.294646464646467487e+00
0.000000000000000000e+00
1.767676767676762961e-01
7.249494949494939000e-01
9.748484848484842979e-01
3.594646464646463979e+00
6.350505050505047544e-01
2.221212121212121637e-01
1.010707070707069333e+00
2.648484848484843890e-01
6.031313131313121856e-01
3.965656565656573429e-01
0.000000000000000000e+00
4.180808080808080973e+00
1.142424242424244091e-01
1.990909090909090684e-01
0.000000000000000000e+00
3.878787878787880172e-02
0.000000000000000000e+00
6.309090909090900867e-01
1.357575757575757991e-01
3.922222222222226939e-01
1.979797979797979016e-02
8.511111111111105965e-01
6.992929292929286333e-01
1.253636363636364104e+00
8.499999999999986455e-01
1.275555555555557774e+00
1.082727272727270318e+00
1.113686868686869147e+01
2.602737373737374327e+01
8.847474747474760592e-01
7.690909090909094914e-01
4.289292929292930268e+00
1.554545454545456229e-01
1.770303030303027159e+00
0.000000000000000000e+00
1.466969696969694814e+00
7.834343434343432611e-01
0.000000000000000000e+00
7.646464646464635750e-01
9.515151515151504258e-02
0.000000000000000000e+00
2.170505050505051603e+00
1.635414141414142364e+01
1.623232323232320085e-01
6.282828282828274435e-01
9.110101010101021579e-01
1.793030303030305195e+00
6.632323232323235063e-01
7.174747474747478204e-01
7.737373737373738625e-02
8.324242424242415117e-01
7.434343434343432255e-02
8.203030303030294235e-01
1.370707070707069208e+00
7.176767676767674686e-01
8.901010101010110587e-01
2.470707070707068298e-01
2.266666666666661278e-01
1.049595959595958528e+00
9.888888888888898443e-02
2.415353535353537584e+00
2.115757575757574838e+00
5.146464646464661286e-01
2.281111111111108869e+00
0.000000000000000000e+00
2.427272727272731245e-01
2.460606060606066181e-01
7.473737373737374678e-01
1.199090909090907431e+00
0.000000000000000000e+00
8.798989898989908465e-01
7.323232323232314878e-01
2.416242424242425457e+01
3.878787878787880172e-02
2.953737373737371108e+00
2.939393939393943056e-02
1.329292929292928971e-01
2.934343434343436474e+00
1.196565656565658609e+00
6.205050505050488940e-01
6.575757575757583406e-02
1.553393939393939505e+01
1.192626262626260036e+00
9.367676767676780258e-01
5.696969696969710062e-02
2.221212121212121637e-01
6.392929292929288021e-01
1.277373737373739049e+00
3.648787878787878025e+00
0.000000000000000000e+00
0.000000000000000000e+00
4.550505050505053162e-01
5.825252525252512248e-01
1.111010101010100337e+00
2.193030303030300665e+00
1.308484848484846585e+00
7.989898989898992498e-01
2.531313131313128184e-01
0.000000000000000000e+00
0.000000000000000000e+00
1.167474747474746444e+00
9.214141414141397979e-01
9.639393939393953170e-01
9.999999999999998473e-03
1.183939393939392515e+00
2.905353535353538685e+00
1.712121212121207048e-01
8.964444444444451321e+00
1.028181818181815643e+00
1.758686868686867300e+00
7.643434343434341027e-01
2.538888888888885642e+00
1.091818181818179800e+00
0.000000000000000000e+00
7.660606060606053314e-01
1.245555555555556859e+00
2.939393939393944444e-02
9.707070707070715176e-01
6.763636363636353899e-01
1.258222222222222975e+01
2.985858585858587322e+00
5.327272727272721609e-01
5.897979797979788774e-01
9.999999999999975922e-03
2.233333333333338555e-01
0.000000000000000000e+00
2.427272727272731800e-01
7.362626262626269513e-01
2.281818181818177915e-01
2.916161616161619952e-01
9.153535353535358077e-01
4.978787878787873211e+00
7.489898989898996717e+00
5.135353535353528454e-01
0.000000000000000000e+00
9.999999999999984596e-03
5.825353535353545276e+00
5.902020202020211714e-01
9.105050505050507059e-01
1.312121212121209801e+00
0.000000000000000000e+00
5.517171717171708289e-01
7.434343434343430868e-02
0.000000000000000000e+00
5.694848484848476389e+00
8.104040404040396828e-01
9.990909090909100287e-01
2.648484848484845000e-01
9.763636363636358784e-01
2.090909090909089108e-01
1.065757575757577014e+00
2.002424242424241552e+00
5.827272727272732045e-01
6.828282828282834505e-01
9.999999999999953371e-03
1.070505050505049516e+00
4.723131313131315956e+00
6.774747474747476739e-01
5.647474747474736656e-01
0.000000000000000000e+00
9.999999999999981126e-03
7.013131313131305555e-01
1.173636363636366031e+00
3.990909090909092738e-01
1.216161616161617470e-01
2.500909090909085641e+00
1.556151515151515596e+01
1.240202020202018085e+00
1.884343434343435986e+00
1.660505050505048041e+00
3.309090909090912636e-01
2.327272727272731434e-01
2.168929292929290753e+01
1.256030303030302875e+01
6.403030303030294856e-01
7.760606060606063394e-01
1.455656565656565427e+00
9.836363636363633089e-01
8.285858585858587588e-01
3.428282828282829264e-01
0.000000000000000000e+00
0.000000000000000000e+00
6.641414141414128114e-01
5.308080808080804402e+00
7.982828282828282607e-01
1.561727272727272009e+01
7.369797979797979792e+00
3.715858585858580643e+00
6.645454545454559936e-01
9.999999999999977657e-03
9.586868686868694756e-01
6.901010101010099929e-01
0.000000000000000000e+00
2.611161616161615839e+01
4.574747474747468678e-01
4.951515151515145097e-01
7.227272727272734398e-01
1.085353535353534626e+00
8.033333333333323445e-01
1.012525252525253494e+00
1.472929292929294531e+00
0.000000000000000000e+00
0.000000000000000000e+00
1.302212121212119911e+01
6.923232323232317853e-01
1.526565656565656504e+01
1.554545454545456229e-01
8.212121212121205049e-01
0.000000000000000000e+00
6.526161616161617829e+00
0.000000000000000000e+00
3.548383838383833311e+00
0.000000000000000000e+00
4.054545454545446792e-01
8.537676767676748213e+00
7.869696969696970967e-01
9.687878787878783093e-01
2.350636363636363413e+01
1.341212121212120412e+00
1.136565656565659221e+00
1.999999999999995184e-02
9.246464646464660486e-01
0.000000000000000000e+00
1.088484848484847722e+00
5.211212121212128956e+00
6.777777777777771462e-02
7.323737373737366774e+00
3.207060606060604613e+01
8.346464646464653026e-01
0.000000000000000000e+00
9.390909090909097534e-01
1.431151515151515241e+01
1.393434343434341915e+00
6.005050505050498755e-01
1.346464646464646542e+01
0.000000000000000000e+00
5.867676767676772709e-01
0.000000000000000000e+00
1.045454545454547052e-01
1.867868686868686723e+01
1.733333333333331172e-01
2.753030303030300718e+00
1.748989898989897318e+00
9.478787878787887644e-01
4.224242424242429794e-01
2.233333333333338555e-01
1.837373737373736438e-01
5.052525252525247312e-01
2.168181818181820653e+00
9.416161616161633496e-01
7.728282828282834194e-01
2.939393939393942362e-02
3.683838383838377029e-01
3.659595959595960402e+00
1.117717171717171887e+01
6.527272727272731556e-01
6.685858585858592829e-01
1.337979797979799823e+00
0.000000000000000000e+00
2.500292929292929855e+01
6.160606060606067524e-01
4.317171717171724432e-01
1.485454545454545805e+00
6.163636363636358917e-01
7.041414141414151784e-01
1.599595959595961459e+00
5.696969696969712144e-02
3.430303030303034073e-01
0.000000000000000000e+00
3.663636363636359472e-01
1.075656565656564423e+00
2.084545454545454746e+01
2.281454545454544913e+01
8.140404040404037866e-01
2.509090909090911925e-01
9.379797979797972474e-01
7.120202020202024418e-01
1.176161616161618628e+00
2.354545454545460548e-01
1.290303030303032727e+00
0.000000000000000000e+00
1.493434343434340894e+00
8.369696969696953648e-01
8.431313131313145082e-01
6.213131313131329270e-01
1.183434343434341729e+00
2.524242424242423843e-01
2.885848484848484929e+01
6.942424242424257708e-01
2.917272727272727462e+00
9.106060606060601970e-01
9.626262626262627187e-01
5.825252525252531122e-01
9.783838383838391328e-01
6.349494949494934870e-01
4.134747474747483942e+00
7.607070707070723303e-01
9.364646464646484425e-01
8.628282828282836103e-01
0.000000000000000000e+00
4.930303030303030409e-01
6.330303030303019440e-01
1.419595959595959522e+00
9.033333333333329884e-01
1.220909090909091388e+00
1.788888888888889028e-01
0.000000000000000000e+00
1.842424242424241798e-01
0.000000000000000000e+00
5.416161616161614401e-01
0.000000000000000000e+00
1.654545454545455763e-01
7.622222222222231336e-01
1.129090909090908035e+00
5.696969696969705899e-02
1.616161616161617132e-01
2.421818181818184090e+00
6.900000000000008349e-01
4.428888888888891984e+00
0.000000000000000000e+00
0.000000000000000000e+00
8.091919191919202392e-01
2.939393939393944791e-02
0.000000000000000000e+00
6.245454545454557360e-01
1.638181818181815963e+00
0.000000000000000000e+00
9.146464646464635972e-01
8.404040404040402645e-01
1.257474747474749854e+00
2.939393939393944444e-02
2.939393939393943403e-02
