5.145353535353537566e+00
2.643333333333330426e+00
0.000000000000000000e+00
1.186464646464644890e+00
5.118686868686869396e+00
8.398989898989893677e-01
2.609090909090912569e-01
2.811515151515154631e+00
2.379797979797985685e-01
3.015959595959595063e+00
1.211273737373737021e+02
2.867676767676772265e-01
9.999999999999949901e-03
1.723131313131311515e+00
2.816262626262629798e+00
8.503232323232323253e+00
1.999999999999996919e-02
1.066666666666669094e-01
5.491969696969696457e+01
1.087777777777776622e+00
0.000000000000000000e+00
9.933333333333315140e-01
3.111212121212121762e+00
2.297979797979792238e-01
0.000000000000000000e+00
3.878787878787880172e-02
2.992323232323230719e+00
7.696969696969699348e-02
6.898989898989868474e-02
1.634545454545453413e+00
7.536060606060608791e+00
1.931313131313131815e-01
3.928282828282834704e-01
1.658181818181815759e+00
2.404646464646461368e+00
2.456363636363633418e+00
1.052333333333333059e+02
4.863575757575758018e+01
2.812121212121209135e-01
3.508080808080807245e+00
1.466575757575757954e+01
1.143030303030300399e+00
2.976868686868691771e+00
1.538484848484849010e+00
3.033333333333338544e+00
6.696969696969699848e-02
3.909090909090904287e-01
0.000000000000000000e+00
4.268686868686873304e+00
2.341747474747473845e+01
2.775555555555554665e+00
9.999999999999967248e-03
1.675757575757576834e-01
1.112626262626260631e+00
3.369898989898995723e+00
8.414141414141406150e-01
2.172727272727268844e+00
8.083838383838389818e-01
5.497474747474753620e+00
1.863030303030299484e+00
5.922030303030306442e+01
2.083131313131314943e+00
4.339989898989896489e+01
9.999999999999949901e-03
2.342525252525256896e+00
1.767676767676764349e-01
7.026363636363632814e+00
2.686262626262625020e+00
2.525252525252525415e-01
1.554545454545456229e-01
3.672626262626265792e+00
7.434343434343430868e-02
2.187777777777771160e+00
4.587373737373741100e+00
2.491919191919193255e-01
6.641959595959598062e+01
2.979292929292933767e+00
2.132727272727275469e+00
5.046525252525250949e+01
4.307070707070710935e-01
1.784444444444443834e+00
1.848686868686872486e+00
1.166666666666669461e-01
7.289797979797977945e+00
8.144444444444445708e+00
3.694848484848489711e+00
1.154242424242423404e+00
3.641111111111109633e+00
1.247474747474745849e+00
2.656565656565662015e-01
2.414141414141417197e-01
1.583131313131313389e+00
1.999999999999994491e-02
2.642626262626258438e+00
2.132828282828284738e+00
4.976767676767668291e-01
3.313232323232323751e+00
2.470404040404046153e+00
2.267474747474745644e+00
8.353292929292925351e+01
4.236969696969702603e+00
9.999999999999960310e-03
1.910101010101010743e-01
1.955727272727273558e+01
2.616161616161620240e-01
1.968484848484848504e+00
1.379696969696965647e+00
1.179898989898990003e+00
2.524242424242423843e-01
4.215555555555557277e+00
4.537373737373733285e-01
9.888888888888891504e-02
7.434343434343430868e-02
3.659292929292932595e+00
3.250808080808079481e+00
3.631313131313125275e-01
0.000000000000000000e+00
4.657979797979795222e+00
1.864848484848484311e+00
1.084616161616162522e+01
9.135151515151509471e+00
1.752929292929296778e+00
4.928282828282823380e-01
2.555454545454542981e+00
3.358282828282831645e+00
4.637373737373748361e-01
2.059595959595957204e+00
1.287878787878783682e-01
1.445959595959594424e+01
3.939393939393939781e-02
9.999999999999965514e-03
5.696969696969710062e-02
1.351515151515151336e-01
2.344949494949490898e+00
1.587777777777775956e+00
2.715828282828282880e+01
2.525252525252525415e-01
5.351818181818186915e+00
1.807676767676766882e+00
0.000000000000000000e+00
1.384545454545452747e+00
2.044747474747472538e+00
6.777777777777771462e-02
2.879898989898995953e+00
2.297979797979792238e-01
2.725858585858588867e+00
2.272121212121217759e+00
4.164646464646463708e-01
2.160000000000001030e+00
2.979797979797979210e-02
4.419494949494955804e+00
1.567878787878786540e+00
9.999999999999962044e-03
4.058080808080815949e+00
6.652525252525254729e+00
1.060303030303029637e+00
2.166767676767680229e+00
8.406767676767676889e+00
1.987272727272722417e+00
1.785858585858582648e-01
1.287878787878785070e-01
0.000000000000000000e+00
1.993939393939393456e-01
2.224808080808079680e+01
3.238282828282829762e+00
9.742232323232320823e+01
1.554545454545456507e-01
2.029696969696971998e+00
1.600252525252525260e+01
1.892424242424244341e+00
1.927272727272729136e-01
2.287979797979802665e+00
2.061414141414143586e+00
0.000000000000000000e+00
1.290808080808077518e+00
1.413121212121212977e+01
2.522727272727274705e+00
2.648484848484845555e-01
2.185858585858584391e-01
1.555050505050504350e+00
1.045454545454546080e-01
2.030808080808085059e+00
1.243434343434341033e-01
3.180808080808080085e+00
1.148585858585856601e+00
1.395353535353533792e+00
3.031313131313131404e+00
1.870505050505048006e+00
2.251616161616160294e+00
2.588888888888882800e-01
3.426868686868688396e+00
2.444444444444448639e+00
2.035151515151516932e+00
2.046363636363639049e+00
6.696969696969702623e-02
3.538383838383834856e+00
0.000000000000000000e+00
2.667373737373740283e+00
9.676767676767680793e-02
2.599050505050507454e+01
1.448707070707070699e+01
1.528282828282826911e+00
2.376767676767675419e-01
0.000000000000000000e+00
2.504141414141410227e+00
0.000000000000000000e+00
5.322727272727282077e+00
7.676767676767673465e-02
1.216161616161617331e-01
5.187878787878796860e-01
9.948959595959598801e+01
2.516161616161619596e-01
8.960606060606041146e-01
4.342424242424242631e-01
3.064646464646465951e+00
8.035737373737370604e+01
3.182161616161616635e+01
3.325808080808081968e+01
1.541313131313130746e+00
1.843939393939395543e+00
6.870707070707067210e-01
3.375757575757584728e-01
6.847979797979793837e+00
0.000000000000000000e+00
3.669909090909089144e+01
1.716565656565654185e+00
3.353030303030302139e+00
1.206565656565658617e+00
1.025878787878787790e+01
1.324646464646464405e+00
0.000000000000000000e+00
1.298383838383839972e+00
2.717878787878786007e+00
3.900101010101011845e+00
1.082010101010101266e+01
4.443838383838384587e+00
1.268707070707070983e+01
2.634747474747475504e+00
2.204040404040406020e+00
1.824141414141416284e+00
1.662828282828285653e+00
1.506666666666663490e+00
2.939393939393942362e-02
2.577777777777773838e-01
2.784646464646463926e+00
3.473333333333338491e+00
2.965919191919191178e+01
2.971212121212122081e+00
1.056161616161617856e+00
1.195050505050504253e+00
1.815050505050502361e+00
3.862222222222220669e+00
2.222222222222219601e-01
1.745454545454545592e-01
2.948484848484841936e-01
1.384828282828282120e+01
1.924343434343433579e+00
5.488787878787889873e+00
5.281515151515153050e+00
3.570707070707071829e+00
9.999999999999972453e-03
0.000000000000000000e+00
2.452727272727266428e+00
8.614848484848469212e+00
6.051050505050505279e+01
2.318585858585854531e+00
7.572626262626261706e+00
1.930303030303028633e+00
8.331313131313128340e-01
2.126262626262623634e+00
2.252828282828285733e+00
8.429797979797976737e+00
3.878787878787880172e-02
8.638989898989901661e+00
9.838383838383843449e-02
5.919191919191918450e-02
4.092525252525249790e+00
1.943434343434342904e-01
7.434343434343430868e-02
3.780000000000003357e+00
2.896060606060602449e+00
2.137040404040405406e+01
1.524646464646465249e+00
2.228585858585861335e+00
8.363737373737377467e+00
3.106464646464646595e+00
2.899060606060604428e+01
3.037373737373735061e+00
2.676262626262622124e+00
2.525252525252525415e-01
2.676161616161611523e+00
1.790777777777777757e+01
3.224444444444443558e+00
0.000000000000000000e+00
2.948181818181814684e+00
1.485353535353538312e+00
9.771616161616162088e+00
2.051515151515151680e-01
2.770202020202021220e+00
2.036363636363637541e-01
1.326363636363634635e+00
1.781717171717174475e+00
9.094949494949491342e-01
2.307979797979793801e+00
2.999999999999997807e-02
1.866868686868686789e+00
2.835353535353529741e-01
2.403030303030307957e-01
1.170303030303031511e+00
2.028989898989902230e+00
9.090909090909075896e-02
8.434343434343431756e-02
1.847676767676763809e+00
4.870707070707074871e-01
0.000000000000000000e+00
0.000000000000000000e+00
1.663636363636361581e+00
3.880606060606058172e+00
3.901818181818183628e+00
6.575757575757590345e-02
6.601818181818191356e+00
1.304949494949496858e+00
9.219595959595960011e+00
6.000606060606060055e+00
9.638989898989898109e+00
2.236666666666670356e+00
1.885686868686869744e+01
1.067575757575756512e+00
2.711010101010102424e+00
0.000000000000000000e+00
2.189898989898986681e+00
2.779898989898988759e+00
3.501313131313132487e+00
1.137373737373739563e-01
2.924545454545456113e+00
1.612323232323231270e+00
1.943434343434342904e-01
1.228888888888886255e+00
1.808787878787880388e+00
2.297979797979792516e-01
3.247979797979797301e+00
9.090909090909075896e-02
1.833333333333332094e-01
1.554545454545456507e-01
0.000000000000000000e+00
1.152607070707070278e+02
1.455656565656565871e+00
3.599121212121212210e+01
4.512121212121221747e-01
4.334444444444442546e+00
5.487070707070712317e+00
3.097272727272729398e+00
1.581818181818184510e-01
1.116262626262624513e+00
8.818181818181818066e-02
1.063656565656566499e+01
5.696969696969705899e-02
4.648484848484843113e+00
4.392121212121212537e+00
5.797979797979805477e-02
2.233333333333338555e-01
2.082828282828283195e-01
1.979797979797979363e-02
3.149494949494944240e-01
0.000000000000000000e+00
4.621212121212125989e-01
1.485858585858585323e+00
4.677777777777777146e+00
6.420181818181819722e+01
2.560606060606065992e-01
1.990909090909089851e-01
0.000000000000000000e+00
3.230303030303026124e-01
6.575757575757583406e-02
2.658181818181815093e+00
8.676767676767667414e-02
1.833434343434342972e+00
3.093939393939387217e-01
2.369595959595960366e+00
1.759494949494948113e+00
1.379080808080808218e+01
3.741515151515154791e+00
9.999999999999972453e-03
1.142424242424244091e-01
1.876666666666662486e+00
2.332727272727277867e+00
2.577070707070702849e+00
3.390606060606060179e+00
1.675757575757576556e-01
1.713323232323232403e+01
4.638777777777779932e+01
1.853838383838380066e+00
2.963636363636367732e-01
1.639494949494947118e+00
3.306565656565658706e+00
3.357575757575754327e+00
1.456464646464646906e+00
2.379797979797985685e-01
2.129494949494949552e+00
5.617070707070705105e+00
2.124646464646468669e+00
3.471313131313130018e+00
5.237969696969695121e+01
1.913737373737373293e+00
5.950808080808082678e+01
1.916868686868683724e+00
1.915252525252525206e+00
9.445050505050510026e+00
2.800202020202019693e+00
1.878282828282831218e+00
0.000000000000000000e+00
7.653131313131309454e+00
3.685858585858587388e-01
1.361010101010102336e+00
4.113191919191918799e+01
3.996262626262627293e+00
4.739131313131314727e+01
3.038989898989895799e+00
3.041414141414141570e-01
3.593434343434342093e+00
2.883939393939398244e+00
4.080101010101010672e+00
1.574747474747473786e-01
2.609090909090912569e-01
7.136656565656566897e+01
5.783232323232324390e+00
1.022060606060605892e+01
1.142424242424244507e-01
1.065656565656567745e+00
1.420505050505054490e+00
7.904141414141419908e+00
7.434343434343430868e-02
2.337373737373740212e-01
0.000000000000000000e+00
5.925050505050506899e+00
2.609090909090907129e+00
3.010101010101003394e-01
2.122373737373737868e+01
1.111818181818180706e+00
2.961616161616159038e-01
2.521212121212118573e-01
2.394545454545454533e+00
4.072929292929297951e+00
5.987898989898989299e+01
8.986565656565648652e+00
5.797979797979805477e-02
9.999999999999955105e-03
2.669696969696977451e-01
1.003494949494949928e+01
3.003939393939386804e+00
0.000000000000000000e+00
6.115151515151516781e-01
3.094848484848485182e+00
2.419292929292935490e+00
1.656666666666665622e+00
3.384848484848483885e+00
4.475353535353536749e+00
2.708989898989898837e+00
2.751616161616166956e+00
2.939393939393944791e-02
0.000000000000000000e+00
2.938383838383832991e+00
4.991919191919189092e-01
0.000000000000000000e+00
3.638383838383831281e-01
2.397979797979796768e-01
4.015151515151511030e-01
4.247575757575761557e+00
2.139595959595956387e+00
1.679797979797980290e+00
2.923232323232315966e-01
0.000000000000000000e+00
3.941414141414134598e-01
6.001414141414143977e+00
3.373737373737371037e+00
4.887575757575760349e+00
1.877171717171716603e+00
1.132323232323235063e+00
1.450404040404037920e+00
2.004242424242423937e+00
3.851616161616166600e+00
7.542292929292929671e+01
2.431111111111112777e+00
1.939393939393937449e+00
6.657575757575759923e-01
3.674747474747466214e+00
8.816363636363625744e+00
1.555050505050506571e+00
5.722222222222235199e-01
0.000000000000000000e+00
2.333636363636367506e+00
1.289595959595959407e+00
3.830303030303026546e+00
2.495959595959598432e-01
2.939393939393943056e-02
9.090909090909086998e-02
3.203434343434345077e+00
6.696969696969704011e-02
9.999999999999951636e-03
1.465656565656567212e+00
1.357434343434343127e+01
3.685959595959594548e+00
2.669232323232322202e+01
2.979797979797976781e-02
2.677777777777774482e-01
2.679494949494948042e+00
1.767676767676764904e-01
3.556161616161615413e+00
3.145252525252528297e+00
0.000000000000000000e+00
4.115858585858585883e+00
4.694737373737373076e+01
1.070000000000001172e+00
2.275353535353531687e+00
1.177606060606061078e+01
3.238282828282827985e+00
1.599797979797979552e+00
3.751717171717170007e+00
3.878787878787880172e-02
8.640404040404054964e-01
6.932626262626257585e+00
4.903030303030298520e-01
4.661010101010098161e+00
2.117878787878782365e+00
7.894747474747470406e+00
0.000000000000000000e+00
2.185757575757570237e+00
2.040404040404040775e-01
5.612121212121197189e-01
7.358282828282827204e+00
4.517111111111110944e+01
1.533202020202019433e+01
9.551515151515143076e-01
3.939393939393939781e-02
1.941919191919191690e+01
1.937777777777779820e+00
3.542424242424246916e-01
3.242919191919192912e+01
1.691919191919192489e+00
1.623232323232321472e-01
2.417171717171713308e+00
2.855050505050504395e+00
9.090909090909075896e-02
2.101212121212125084e+00
1.216161616161618025e-01
4.001919191919190766e+00
0.000000000000000000e+00
2.633838383838379649e+00
1.177171717171720644e+00
1.066666666666667984e-01
1.818050505050504384e+01
1.216161616161618442e-01
1.030202020202020563e+01
1.699393939393940345e+00
2.036363636363636431e-01
3.734242424242424807e+00
0.000000000000000000e+00
3.967474747474751151e+00
1.033030303030302521e+00
1.179149494949494255e+02
2.356464646464642154e+00
2.098929292929292956e+01
1.152434343434343234e+01
2.069393939393937565e+00
8.555555555555556524e-02
2.844343434343430843e+00
5.213131313131314393e+00
2.790202020202017685e+00
2.904848484848485679e+00
2.624242424242423377e-01
3.550161616161614830e+01
1.267070707070705682e+00
2.121212121212122381e-01
3.668787878787880263e+00
2.266868686868684701e+00
3.010101010101015606e-01
9.587424242424246756e+01
3.145454545454550388e+00
2.051616161616160117e+00
5.850707070707066748e+00
2.700505050505047411e+00
3.253989898989902230e+01
3.878787878787880172e-02
5.797979797979806171e-02
2.333232323232326433e+00
1.597373737373738001e+00
7.504878787878786284e+01
2.625757575757573736e+00
1.784848484848483852e-01
1.915252525252527427e+00
4.222121212121208167e+00
9.999999999999984596e-03
7.449191919191922473e+00
8.901444444444445026e+01
1.265757575757574527e+00
3.546464646464649317e-01
3.387878787878783604e-01
1.288929292929291925e+01
1.990909090909089851e-01
1.233207070707070727e+02
4.797979797979803201e-02
6.393939393939386262e-01
2.979797979797974006e-02
2.936767676767670476e+00
2.722222222222218657e-01
1.979797979797979016e-02
1.353737373737372351e+00
3.348484848484849508e-01
6.914888888888886243e+01
2.719191919191925044e-01
2.329595959595962551e+00
2.863636363636367643e-01
2.654545454545450545e-01
1.519393939393941073e+00
3.299696969696969351e+00
3.838383838383831459e-01
6.468080808080807209e+00
1.323232323232318430e-01
2.974141414141420636e+00
2.339595959595959229e+00
7.517676767676767291e+00
2.356464646464651036e+00
6.528282828282823580e+00
1.107373737373738010e+00
4.797979797979805977e-02
1.416666666666666297e+00
2.463636363636358961e-01
5.547474747474754331e-01
8.106080808080810129e+01
7.511818181818181017e+01
1.447878787878785545e+00
3.052525252525258304e-01
1.669090909090906960e+00
7.268515151515148887e+01
4.412020202020211279e+00
3.868484848484849969e+00
4.421212121212115265e-01
2.391010101010096367e+00
4.063636363636355386e-01
3.154949494949497613e+00
1.079949494949494522e+02
3.514141414141413455e-01
1.251515151515154023e-01
3.986565656565658422e+00
7.107989898989897881e+01
1.855757575757574829e+00
4.481717171717172654e+00
2.197979797979799643e-01
6.486767676767682289e+00
2.297979797979792238e-01
0.000000000000000000e+00
2.354545454545459715e-01
4.029999999999997584e+01
7.087272727272731387e+00
1.425324242424242982e+02
3.878787878787880172e-02
6.467676767676773242e-01
2.542929292929289709e+00
2.301515151515152180e+00
1.490909090909092460e-01
2.289090909090910841e+00
2.168383838383831197e+00
3.068686868686874014e-01
1.400666666666667837e+01
3.878787878787880172e-02
3.543434343434346823e-01
3.655252525252527640e+00
1.979797979797979363e-02
3.998989898989903091e-01
1.880505050505051345e+00
2.790101010101011525e+00
1.822161616161616493e+01
1.124141414141413220e+00
3.333333333333325932e-01
2.461212121212125403e+00
3.488888888888890816e-01
1.810404040404039128e+00
8.426262626262636113e-01
0.000000000000000000e+00
2.075373737373737271e+01
2.233333333333338555e-01
2.366666666666672469e-01
0.000000000000000000e+00
1.852525252525254740e-01
1.979797979797979016e-02
2.024141414141416462e+00
1.986868686868689116e-01
5.686868686868695733e-01
1.425252525252529157e-01
2.420808080808078078e+00
2.001212121212124995e+00
3.565252525252526894e+00
2.658484848484847785e+00
4.603939393939388225e+00
3.582424242424240735e+00
4.552111111111111086e+01
9.429727272727276954e+01
2.683939393939395401e+00
2.194242424242427880e+00
1.975121212121211300e+01
2.160606060606058143e-01
5.838383838383839120e+00
9.999999999999965514e-03
4.630909090909084647e+00
1.452020202020204653e+00
0.000000000000000000e+00
2.650606060606056857e+00
2.984848484848490746e-01
3.878787878787880172e-02
6.866464646464648602e+00
5.601242424242423112e+01
3.021212121212124568e-01
1.481919191919192524e+00
2.622525252525255812e+00
5.245252525252525722e+00
1.477373737373736340e+00
1.918484848484846905e+00
3.158585858585851169e-01
1.859696969696968960e+00
1.616161616161617132e-01
1.651212121212124906e+00
4.955050505050508036e+00
1.804646464646462389e+00
2.853535353535347596e+00
5.005050505050498977e-01
2.497979797979797412e-01
2.934040404040400674e+00
2.584848484848482064e-01
9.072121212121208700e+00
7.965050505050498053e+00
2.032424242424244021e+00
7.182525252525254089e+00
1.287878787878785625e-01
3.651515151515150603e-01
2.754545454545450078e-01
2.294040404040403658e+00
3.512222222222221024e+00
9.888888888888903994e-02
3.155757575757575317e+00
2.689494949494946496e+00
1.068143434343434564e+02
1.986868686868689116e-01
1.459393939393940798e+01
1.788888888888890694e-01
4.124242424242429150e-01
1.337474747474747616e+01
4.239292929292935774e+00
1.961919191919196059e+00
2.722222222222218657e-01
6.452272727272725206e+01
4.292424242424242919e+00
2.914545454545454106e+00
2.585858585858590852e-01
3.469696969696978717e-01
9.691919191919179388e-01
3.693131313131308158e+00
1.201333333333333009e+01
0.000000000000000000e+00
9.888888888888901219e-02
1.223636363636365187e+00
1.698080808080807413e+00
3.226767676767672732e+00
7.451313131313131777e+00
4.842222222222228645e+00
2.070404040404045354e+00
4.062626262626271023e-01
0.000000000000000000e+00
1.979797979797979363e-02
3.437777777777774713e+00
2.743434343434347777e+00
3.776363636363637255e+00
1.264646464646466684e-01
3.076262626262628253e+00
1.289848484848485199e+01
3.755555555555559755e-01
3.541414141414141170e+01
3.029797979797983043e+00
4.644343434343434218e+00
1.970808080808079010e+00
7.928383838383838089e+00
2.594040404040401260e+00
9.999999999999953371e-03
2.032323232323228979e+00
3.919797979797980947e+00
1.873737373737368039e-01
2.647070707070710682e+00
1.145252525252526521e+00
3.457414141414140829e+01
7.084343434343438162e+00
1.849494949494946194e+00
1.633838383838384756e+00
8.676767676767674353e-02
2.160606060606058143e-01
7.434343434343430868e-02
2.201010101010101583e-01
2.127171717171719045e+00
4.652525252525252508e-01
6.264646464646476121e-01
1.975151515151517545e+00
1.827747474747475209e+01
2.809232323232322770e+01
1.832727272727269652e+00
9.999999999999998473e-03
1.554545454545456507e-01
2.162171717171715812e+01
1.372121212121212741e+00
2.827676767676763792e+00
3.565353535353530834e+00
3.959595959595958725e-02
1.438585858585858857e+00
1.942424242424241887e-01
8.434343434343431756e-02
2.006242424242424605e+01
3.075050505050506811e+00
2.073333333333337247e+00
4.015151515151518802e-01
3.670909090909090899e+00
3.186868686868682410e-01
3.779696969696968445e+00
8.059191919191922793e+00
2.110202020202023743e+00
2.379292929292924352e+00
9.888888888888897055e-02
2.474545454545453715e+00
1.455929292929292984e+01
2.398484848484849774e+00
1.248787878787881223e+00
0.000000000000000000e+00
2.643434343434349909e-01
1.745757575757575397e+00
3.896363636363634253e+00
1.311010101010099405e+00
1.842424242424241798e-01
8.962323232323228694e+00
5.255090909090908013e+01
4.420101010101014083e+00
4.786868686868690048e+00
5.098080808080808879e+00
1.215656565656563215e+00
2.327272727272731989e-01
8.042010101010102119e+01
6.796626262626261905e+01
1.852424242424242085e+00
2.324141414141418949e+00
4.256464646464648283e+00
3.268181818181818965e+00
2.907676767676764307e+00
1.279595959595957622e+00
0.000000000000000000e+00
1.357575757575757991e-01
2.246767676767681632e+00
1.950121212121212011e+01
3.893535353535349852e+00
5.719656565656564595e+01
2.388797979797980275e+01
1.298858585858585535e+01
1.308989898989898704e+00
1.517171717171719170e-01
3.448181818181818237e+00
1.975252525252522151e+00
0.000000000000000000e+00
9.099737373737377766e+01
1.137878787878785269e+00
8.961616161616164922e-01
1.068888888888890332e+00
3.185252525252526112e+00
1.680202020202021584e+00
2.673333333333334227e+00
4.412020202020202397e+00
5.696969696969710756e-02
0.000000000000000000e+00
4.719898989898991459e+01
2.072020202020199875e+00
5.440434343434343134e+01
3.041414141414141570e-01
1.977575757575756654e+00
0.000000000000000000e+00
3.412050505050505933e+01
0.000000000000000000e+00
1.252585858585859135e+01
0.000000000000000000e+00
5.157575757575753039e-01
2.903393939393939505e+01
2.472626262626257621e+00
2.734949494949498128e+00
8.100020202020201054e+01
3.520101010101010175e+00
4.257070707070707449e+00
1.724242424242423133e-01
2.622929292929293776e+00
3.939393939393939781e-02
3.708888888888883351e+00
2.578606060606060169e+01
1.927272727272728858e-01
3.172363636363635919e+01
1.180302020202020117e+02
1.814040404040407894e+00
0.000000000000000000e+00
3.581616161616168359e+00
5.046474747474747602e+01
4.601010101010108322e+00
1.411515151515152500e+00
5.474676767676766787e+01
1.979797979797979016e-02
1.530606060606060970e+00
3.939393939393939781e-02
2.963636363636360516e-01
7.060555555555555429e+01
2.121212121212122381e-01
1.152636363636363548e+01
7.176868686868687064e+00
2.999696969696972193e+00
1.465151515151517536e+00
3.731313131313130915e-01
3.311111111111116889e-01
1.086363636363638419e+00
6.948585858585849984e+00
2.753333333333332966e+00
2.752121212121217297e+00
1.425252525252529434e-01
9.859595959595974790e-01
1.282858585858585165e+01
4.946494949494950077e+01
2.020606060606060073e+00
9.892929292929277807e-01
3.565858585858590057e+00
8.272727272727276038e-02
9.542939393939394677e+01
2.513838383838387536e+00
1.352121212121213167e+00
5.708585858585859540e+00
1.491616161616161840e+00
2.398787878787878913e+00
4.352626262626261955e+00
2.043434343434342437e-01
4.555555555555550473e-01
1.979797979797979016e-02
5.270707070707060238e-01
4.339595959595952124e+00
9.907272727272729185e+01
7.529323232323234549e+01
2.761010101010094253e+00
3.252525252525257926e-01
2.456868686868689089e+00
1.956464646464642465e+00
3.096767676767675948e+00
2.686868686868690848e-01
4.303636363636360151e+00
0.000000000000000000e+00
6.088383838383829350e+00
2.786969696969695320e+00
2.010707070707074884e+00
2.144141414141412127e+00
4.636565656565652560e+00
3.286868686868689160e-01
9.726959595959600335e+01
2.610000000000001208e+00
8.687878787878794640e+00
2.470606060606059806e+00
3.445454545454546658e+00
1.657979797979796110e+00
2.290909090909096779e+00
1.684343434343433810e+00
1.288878787878787691e+01
1.583131313131312501e+00
2.703434343434339748e+00
2.873131313131314979e+00
8.676767676767686843e-02
6.228282828282818429e-01
8.574747474747462794e-01
3.559898989898987232e+00
2.294040404040402326e+00
4.666565656565657250e+00
2.266666666666662944e-01
9.888888888888905382e-02
2.807070707070707938e-01
0.000000000000000000e+00
9.001010101010098463e-01
2.939393939393942362e-02
4.622222222222222565e-01
2.466868686868682214e+00
3.118282828282829211e+00
1.842424242424241798e-01
1.788888888888890416e-01
1.060050505050504555e+01
1.965959595959596573e+00
1.413686868686868436e+01
4.797979797979799732e-02
9.999999999999989800e-03
2.748080808080803905e+00
1.695959595959591615e-01
2.939393939393943403e-02
1.592020202020205222e+00
5.954646464646469184e+00
1.999999999999996225e-02
2.389696969696970985e+00
2.700808080808084100e+00
4.064949494949494202e+00
1.655555555555558445e-01
2.160606060606057033e-01
