2.968282828282831076e+00
1.482929292929291210e+00
0.000000000000000000e+00
7.929292929292935943e-01
3.011212121212120785e+00
6.822222222222218413e-01
2.403030303030307679e-01
1.715353535353535186e+00
2.403030303030307679e-01
1.503333333333334298e+00
5.598646464646465404e+01
1.931313131313131815e-01
9.999999999999953371e-03
1.172020202020201962e+00
1.691212121212121833e+00
3.507777777777779882e+00
1.979797979797979710e-02
6.575757575757586182e-02
3.240272727272729725e+01
1.109797979797979117e+00
0.000000000000000000e+00
6.568686868686869351e-01
1.822828282828279800e+00
2.266666666666661001e-01
0.000000000000000000e+00
1.979797979797979363e-02
1.600202020202017295e+00
2.979797979797977822e-02
1.979797979797979016e-02
1.147474747474748202e+00
4.259595959595958270e+00
9.888888888888895667e-02
2.532323232323229201e-01
8.373737373737375478e-01
1.262525252525255048e+00
1.443636363636364939e+00
7.620212121212125567e+01
2.576353535353535662e+01
2.503030303030306936e-01
1.926262626262623456e+00
7.494848484848485981e+00
8.462626262626246065e-01
1.662525252525256292e+00
8.211111111111100147e-01
1.569191919191916584e+00
0.000000000000000000e+00
4.086868686868688205e-01
0.000000000000000000e+00
2.115555555555557632e+00
1.143070707070706860e+01
1.920606060606061094e+00
0.000000000000000000e+00
1.216161616161617887e-01
6.791919191919202348e-01
2.140808080808080049e+00
5.125252525252531610e-01
1.245959595959599042e+00
5.865656565656557353e-01
3.414747474747476641e+00
1.083131313131310502e+00
3.505070707070707670e+01
1.277474747474746097e+00
2.608848484848486038e+01
0.000000000000000000e+00
1.306262626262623572e+00
9.272727272727272763e-02
4.298383838383840860e+00
1.715454545454547342e+00
2.500000000000001110e-01
8.272727272727277426e-02
2.122323232323230613e+00
3.878787878787880172e-02
1.558585858585859851e+00
2.510202020202016993e+00
1.401010101010099762e-01
3.203626262626262644e+01
1.680101010101008319e+00
1.721919191919193848e+00
2.305393939393938041e+01
3.836363636363635532e-01
7.574747474747485221e-01
1.241313131313129592e+00
8.555555555555563463e-02
3.692525252525254320e+00
3.696868686868682197e+00
1.881818181818185609e+00
7.445454545454546214e-01
2.141212121212117570e+00
8.057575757575746733e-01
2.366666666666671082e-01
9.414141414141422026e-02
1.105656565656564672e+00
4.959595959595955450e-02
1.624848484848486097e+00
1.556161616161616079e+00
5.001010101010102682e-01
1.917474747474744223e+00
1.532929292929295917e+00
1.563434343434342955e+00
4.859383838383840981e+01
2.443535353535358112e+00
0.000000000000000000e+00
1.316161616161616588e-01
1.147222222222223742e+01
2.424242424242418481e-01
1.116868686868688565e+00
8.563636363636367710e-01
6.713131313131308620e-01
2.525252525252525415e-01
2.227979797979803500e+00
3.203030303030297565e-01
6.575757575757583406e-02
2.939393939393944444e-02
2.341919191919187515e+00
1.913333333333328889e+00
2.047474747474744838e-01
0.000000000000000000e+00
2.612626262626265738e+00
1.428686868686868117e+00
5.717777777777784287e+00
4.983232323232321015e+00
1.057373737373735301e+00
3.378787878787873900e-01
1.129898989898992179e+00
1.952424242424245504e+00
3.973737373737377121e-01
1.067676767676766891e+00
7.434343434343430868e-02
9.623636363636345337e+00
0.000000000000000000e+00
1.979797979797979363e-02
3.878787878787880172e-02
3.878787878787880172e-02
1.525959595959597515e+00
1.100808080808079348e+00
1.444828282828280841e+01
2.516161616161619596e-01
3.125757575757578621e+00
1.187474747474746684e+00
0.000000000000000000e+00
1.159090909090911170e+00
1.533636363636364353e+00
3.959595959595958725e-02
1.508080808080807689e+00
2.160606060606059253e-01
1.898383838383839173e+00
1.183636363636365818e+00
3.335353535353539067e-01
1.292727272727273835e+00
9.999999999999993269e-03
1.992626262626258526e+00
8.978787878787884980e-01
0.000000000000000000e+00
1.932828282828279232e+00
3.955656565656566315e+00
8.463636363636380944e-01
1.421818181818180094e+00
4.841515151515156212e+00
1.380505050505048681e+00
1.166666666666667934e-01
9.090909090909075896e-02
0.000000000000000000e+00
1.616161616161617132e-01
9.562222222222233725e+00
2.067979797979794920e+00
5.279737373737373929e+01
9.888888888888898443e-02
1.383232323232323813e+00
8.068585858585862525e+00
1.212727272727270211e+00
1.066666666666667984e-01
1.276666666666668171e+00
1.099696969696971838e+00
0.000000000000000000e+00
7.949494949494945173e-01
6.954949494949494770e+00
1.637878787878787712e+00
1.942424242424241887e-01
1.166666666666667795e-01
1.034343434343434787e+00
6.818181818181823228e-02
1.409494949494948024e+00
8.636363636363629526e-02
1.839898989898989035e+00
3.865656565656568899e-01
9.860606060606044165e-01
1.509292929292930685e+00
1.111111111111109828e+00
1.208484848484850271e+00
2.079797979797982366e-01
2.019494949494951896e+00
2.012727272727270478e+00
1.157878787878784843e+00
1.532222222222222152e+00
9.999999999999981126e-03
2.300101010101007759e+00
0.000000000000000000e+00
1.445757575757576241e+00
1.979797979797979016e-02
1.585303030303031235e+01
8.800606060606064318e+00
1.111919191919194416e+00
1.775757575757575257e-01
0.000000000000000000e+00
1.631010101010102797e+00
0.000000000000000000e+00
2.883636363636365108e+00
4.878787878787876203e-02
7.434343434343430868e-02
4.317171717171717216e-01
5.825232323232323495e+01
2.500000000000001110e-01
4.625252525252524505e-01
4.070707070707069719e-01
1.954141414141418842e+00
4.319535353535351163e+01
1.686282828282828206e+01
1.941909090909090096e+01
7.836363636363639085e-01
1.411212121212118475e+00
6.190909090909098023e-01
3.085858585858584635e-01
4.633939393939389362e+00
0.000000000000000000e+00
1.740757575757575992e+01
1.035050505050503666e+00
1.851111111111110485e+00
5.283838383838378450e-01
4.751818181818186382e+00
8.278787878787876586e-01
0.000000000000000000e+00
9.455555555555565928e-01
1.879898989898990624e+00
1.976868686868688885e+00
6.045555555555563565e+00
3.484747474747477813e+00
7.232626262626256519e+00
1.524949494949498163e+00
1.376767676767677751e+00
9.133333333333351067e-01
1.077878787878785882e+00
1.049595959595959194e+00
0.000000000000000000e+00
2.179797979797982732e-01
1.607272727272724522e+00
2.005151515151514019e+00
1.597878787878787321e+01
1.976565656565658635e+00
8.155555555555566993e-01
7.647474747474747314e-01
1.171313131313129752e+00
2.045353535353533037e+00
1.505050505050508081e-01
1.264646464646463631e-01
2.319191919191917195e-01
8.886565656565656113e+00
1.083232323232324879e+00
2.896060606060604670e+00
3.024949494949499051e+00
2.082424242424239846e+00
0.000000000000000000e+00
0.000000000000000000e+00
1.154646464646465809e+00
5.066767676767665485e+00
3.664747474747475309e+01
1.348787878787877759e+00
4.253939393939394797e+00
1.154141414141415689e+00
7.712121212121220148e-01
1.308080808080810176e+00
1.690101010101007439e+00
7.046363636363634164e+00
9.999999999999949901e-03
4.929393939393938773e+00
4.959595959595958226e-02
2.939393939393943403e-02
2.068989898989900933e+00
1.554545454545456507e-01
9.999999999999960310e-03
2.011414141414140655e+00
1.845555555555557392e+00
1.311232323232322372e+01
7.939393939393936117e-01
1.119090909090906694e+00
4.054848484848486478e+00
1.646161616161615049e+00
1.869636363636364251e+01
1.753636363636362105e+00
1.719494949494951186e+00
2.524242424242423843e-01
1.460404040404040593e+00
1.259888888888888836e+01
1.806666666666668197e+00
0.000000000000000000e+00
2.144949494949497382e+00
9.448484848484840493e-01
4.358282828282830756e+00
1.388888888888888951e-01
2.045353535353536145e+00
1.616161616161617132e-01
9.829292929292944292e-01
9.096969696969690045e-01
5.805050505050517451e-01
1.521111111111110636e+00
0.000000000000000000e+00
1.101515151515149782e+00
1.692929292929294394e-01
2.379797979797985685e-01
9.064646464646475277e-01
1.298787878787879713e+00
3.878787878787880172e-02
3.878787878787880172e-02
1.083838383838381603e+00
4.940404040404044461e-01
0.000000000000000000e+00
0.000000000000000000e+00
9.130303030303053013e-01
1.999494949494947438e+00
2.000202020202018982e+00
1.979797979797979016e-02
3.495555555555549976e+00
7.812121212121223568e-01
5.433030303030308872e+00
3.988585858585858013e+00
5.480202020202025182e+00
1.554242424242427756e+00
1.186373737373735970e+01
7.456565656565663502e-01
1.381111111111110068e+00
0.000000000000000000e+00
1.160303030303028171e+00
1.571515151515148867e+00
1.925959595959596315e+00
5.797979797979803396e-02
1.681515151515149409e+00
9.945454545454537332e-01
1.893939393939393923e-01
1.019393939393939075e+00
1.237474747474746950e+00
1.675757575757576001e-01
2.247070707070709883e+00
5.696969696969707286e-02
1.142424242424244091e-01
8.272727272727277426e-02
0.000000000000000000e+00
5.531646464646462391e+01
1.173232323232321184e+00
2.334292929292928775e+01
4.221212121212127855e-01
2.367070707070709989e+00
3.043232323232321068e+00
2.125151515151519899e+00
1.979797979797979016e-02
9.182828282828261468e-01
1.594949494949497448e-01
4.121414141414148524e+00
0.000000000000000000e+00
2.434646464646468278e+00
2.326868686868690972e+00
0.000000000000000000e+00
1.788888888888890416e-01
1.142424242424244091e-01
9.999999999999991535e-03
2.463636363636357296e-01
0.000000000000000000e+00
4.727272727272732178e-01
7.718181818181817366e-01
2.707272727272725721e+00
3.030323232323233640e+01
2.403030303030307957e-01
1.554545454545456507e-01
0.000000000000000000e+00
2.767676767676761629e-01
2.939393939393940974e-02
1.490303030303032461e+00
3.959595959595958725e-02
1.393535353535352961e+00
2.524242424242423843e-01
1.519494949494948344e+00
9.908080808080815816e-01
8.473737373737371570e+00
2.005858585858585563e+00
0.000000000000000000e+00
7.434343434343430868e-02
1.148181818181818858e+00
1.133333333333334414e+00
1.434242424242424541e+00
2.037474747474748327e+00
1.066666666666668400e-01
8.334040404040411687e+00
2.163303030303029928e+01
1.049797979797981506e+00
2.043434343434342437e-01
1.136868686868685474e+00
1.743939393939393678e+00
2.011111111111109739e+00
1.037171717171718299e+00
2.160606060606058143e-01
1.755151515151515573e+00
3.442222222222222072e+00
1.438282828282827053e+00
1.875757575757572848e+00
2.347464646464646876e+01
1.038282828282827808e+00
2.828222222222223081e+01
8.980808080808065919e-01
1.300404040404041561e+00
4.680707070707072148e+00
1.616161616161613912e+00
8.612121212121205405e-01
0.000000000000000000e+00
4.034646464646465702e+00
3.460606060606059575e-01
7.796969696969711094e-01
2.713010101010100072e+01
1.888282828282829451e+00
2.768666666666665677e+01
2.020101010101011507e+00
1.990909090909091794e-01
1.466060606060604732e+00
1.860202020202021300e+00
2.086262626262628928e+00
4.797979797979804589e-02
2.516161616161619596e-01
3.871202020202020577e+01
3.068585858585858084e+00
5.984444444444444677e+00
4.797979797979808753e-02
8.590909090909100154e-01
7.720202020202020510e-01
4.547979797979799343e+00
3.878787878787880172e-02
1.216161616161618164e-01
0.000000000000000000e+00
3.003939393939393021e+00
1.516262626262627311e+00
2.424242424242417648e-01
1.347161616161615783e+01
7.796969696969692221e-01
6.878787878787881449e-02
2.424242424242418481e-01
1.590505050505051976e+00
2.136060606060606215e+00
3.653282828282829087e+01
4.904040404040405754e+00
0.000000000000000000e+00
9.999999999999967248e-03
2.333333333333338089e-01
5.439393939393938560e+00
1.583737373737373666e+00
0.000000000000000000e+00
5.412121212121224767e-01
1.766060606060608107e+00
1.399797979797979375e+00
1.093535353535352028e+00
1.586565656565653404e+00
2.751818181818178832e+00
1.589595959595959673e+00
1.281717171717172921e+00
0.000000000000000000e+00
0.000000000000000000e+00
2.099191919191916167e+00
3.097979797979803496e-01
0.000000000000000000e+00
3.012121212121214309e-01
2.043434343434342437e-01
2.777777777777779011e-01
2.226969696969700596e+00
1.108484848484850183e+00
1.148989898989900782e+00
2.397979797979796768e-01
0.000000000000000000e+00
3.522222222222232690e-01
3.339191919191919489e+00
1.950606060606063563e+00
2.762727272727276251e+00
1.054747474747473213e+00
6.529292929292928038e-01
8.159595959595951076e-01
1.233737373737372245e+00
2.110606060606058154e+00
5.670414141414140374e+01
1.386464646464646844e+00
1.466060606060604288e+00
5.970707070707060860e-01
2.043535353535348875e+00
4.544949494949490187e+00
8.031313131313125853e-01
4.712121212121214708e-01
0.000000000000000000e+00
1.215353535353536074e+00
7.864646464646470880e-01
2.385656565656570471e+00
2.266666666666662111e-01
3.878787878787880172e-02
6.575757575757587570e-02
1.447575757575757516e+00
1.979797979797979363e-02
0.000000000000000000e+00
9.566666666666686636e-01
1.066939393939393632e+01
2.447676767676763454e+00
1.790040404040404454e+01
0.000000000000000000e+00
2.433333333333337900e-01
1.409494949494949356e+00
1.121212121212119966e-01
1.609696969696972735e+00
1.927474747474748229e+00
0.000000000000000000e+00
2.787777777777780130e+00
2.694575757575757535e+01
8.733333333333320736e-01
1.261515151515148814e+00
6.142525252525254054e+00
1.536060606060607237e+00
1.170707070707069253e+00
2.146161616161617935e+00
0.000000000000000000e+00
5.980808080808071026e-01
2.950909090909094257e+00
4.709090909090903887e-01
2.717474747474750263e+00
1.508585858585858475e+00
3.928383838383843862e+00
1.999999999999995531e-02
1.813131313131316480e+00
1.066666666666668400e-01
5.974747474747470477e-01
4.208686868686871030e+00
2.483333333333333925e+01
9.270909090909089656e+00
8.206060606060611162e-01
0.000000000000000000e+00
9.194747474747485327e+00
1.071818181818183113e+00
3.186868686868682965e-01
1.824101010101010090e+01
9.662626262626249352e-01
9.272727272727274150e-02
1.480505050505053655e+00
1.631111111111110734e+00
4.797979797979804589e-02
1.418585858585857506e+00
1.287878787878785347e-01
2.445454545454547102e+00
0.000000000000000000e+00
1.346464646464648585e+00
9.485858585858560899e-01
4.797979797979799038e-02
1.117838383838384075e+01
1.425252525252529434e-01
5.428181818181821328e+00
1.054040404040401890e+00
1.425252525252528879e-01
2.160101010101007635e+00
0.000000000000000000e+00
2.255959595959593500e+00
7.759595959595962933e-01
6.235666666666665492e+01
1.395454545454542838e+00
1.123161616161616649e+01
6.113333333333333286e+00
1.383030303030305497e+00
1.979797979797979363e-02
1.657777777777777795e+00
2.881717171717176562e+00
1.566767676767680584e+00
1.935454545454542652e+00
2.160606060606058143e-01
1.580212121212120913e+01
8.751515151515163460e-01
1.357575757575757991e-01
2.500101010101007049e+00
1.308383838383840203e+00
2.124242424242427651e-01
5.700232323232322074e+01
2.180505050505055387e+00
1.368282828282830099e+00
3.685151515151519952e+00
1.563838383838383583e+00
1.587494949494949559e+01
0.000000000000000000e+00
3.878787878787879478e-02
1.427777777777779811e+00
1.060000000000002052e+00
4.665121212121211158e+01
1.926262626262627897e+00
8.434343434343428980e-02
1.169292929292931715e+00
2.397171717171713734e+00
0.000000000000000000e+00
4.778282828282825356e+00
4.502969696969699243e+01
9.706060606060593621e-01
3.478787878787873433e-01
2.297979797979799177e-01
7.423838383838382349e+00
1.490909090909092460e-01
5.897151515151514189e+01
9.999999999999967248e-03
6.457575757575757525e-01
9.999999999999991535e-03
1.795757575757571667e+00
2.443434343434337519e-01
9.999999999999955105e-03
1.052424242424240930e+00
2.940404040404043795e-01
3.820030303030302576e+01
2.443434343434337519e-01
1.426969696969698553e+00
2.707070707070701188e-01
2.036363636363638652e-01
8.326262626262611599e-01
1.827171717171717003e+00
2.297979797979799177e-01
3.703232323232327428e+00
2.939393939393944097e-02
1.614747474747477263e+00
1.482020202020202682e+00
3.879898989898986628e+00
1.525454545454546507e+00
3.211414141414137280e+00
9.678787878787895593e-01
9.999999999999956840e-03
6.944444444444449749e-01
1.733333333333332005e-01
4.625252525252533942e-01
4.732545454545454788e+01
4.344737373737373076e+01
1.016868686868684923e+00
1.681818181818182656e-01
1.178181818181815999e+00
4.145515151515152041e+01
2.303434343434340725e+00
2.025959595959594850e+00
2.903030303030298409e-01
1.348282828282828083e+00
2.875757575757569851e-01
1.615555555555555634e+00
5.762272727272727479e+01
3.110101010101012919e-01
3.979797979797973506e-02
1.986565656565656202e+00
3.835232323232322216e+01
1.192525252525253876e+00
1.950000000000002398e+00
1.943434343434342904e-01
3.200909090909092036e+00
2.197979797979799643e-01
0.000000000000000000e+00
2.354545454545460270e-01
1.677020202020201722e+01
3.682727272727275736e+00
7.833464646464645398e+01
0.000000000000000000e+00
5.651515151515142943e-01
1.519797979797980814e+00
1.235353535353536758e+00
1.357575757575757991e-01
1.379292929292927905e+00
1.270101010101006844e+00
2.601010101010102771e-01
8.428585858585861956e+00
1.979797979797979016e-02
2.648484848484852772e-01
2.098787878787876870e+00
1.979797979797979016e-02
3.582828282828277588e-01
8.793939393939385063e-01
1.429595959595960419e+00
8.811919191919191263e+00
8.991919191919207632e-01
3.070707070707075492e-01
1.763939393939390810e+00
2.571717171717165518e-01
9.808080808080795743e-01
6.107070707070701987e-01
0.000000000000000000e+00
9.826565656565657392e+00
2.197979797979799643e-01
2.424242424242418759e-01
0.000000000000000000e+00
1.287878787878786180e-01
9.999999999999955105e-03
1.005959595959597275e+00
1.733333333333333115e-01
5.084848484848483174e-01
9.090909090909084223e-02
1.499191919191919631e+00
1.086363636363639085e+00
2.342525252525252011e+00
1.391616161616158642e+00
2.125858585858589223e+00
2.479191919191921833e+00
2.626454545454546974e+01
7.072808080808077591e+01
1.772727272727274705e+00
1.401010101010101483e+00
9.330404040404038923e+00
1.943434343434342904e-01
4.182020202020199307e+00
0.000000000000000000e+00
2.933939393939395401e+00
9.697979797979805472e-01
0.000000000000000000e+00
1.291515151515149729e+00
1.942424242424244940e-01
0.000000000000000000e+00
3.832222222222229746e+00
3.836464646464645512e+01
2.322222222222223020e-01
9.808080808080819057e-01
1.621313131313129485e+00
3.720303030303036440e+00
1.103434343434344544e+00
1.201414141414140158e+00
1.785858585858580150e-01
1.453232323232323209e+00
9.090909090909075896e-02
1.459797979797981426e+00
3.231010101010105107e+00
1.006161616161618255e+00
1.525151515151511150e+00
3.983838383838376185e-01
2.327272727272732544e-01
1.823333333333331030e+00
1.986868686868691336e-01
4.724242424242422800e+00
4.619090909090910024e+00
9.989898989899000936e-01
4.719494949494952074e+00
8.272727272727277426e-02
3.084848484848491390e-01
2.707070707070700633e-01
1.034747474747472529e+00
2.267575757575753581e+00
3.878787878787880172e-02
1.501717171717171118e+00
1.351313131313129245e+00
6.283303030303030567e+01
1.287878787878785625e-01
7.218383838383838125e+00
1.623232323232321195e-01
2.403030303030299075e-01
6.676969696969700330e+00
2.371616161616157736e+00
1.206868686868684870e+00
1.905050505050504273e-01
3.412959595959595305e+01
2.276666666666667282e+00
1.974040404040402708e+00
1.623232323232321472e-01
2.640404040404036312e-01
7.167676767676777194e-01
2.363131313131310751e+00
7.377575757575756121e+00
0.000000000000000000e+00
0.000000000000000000e+00
8.434343434343434254e-01
9.277777777777772572e-01
1.983737373737377574e+00
4.363838383838385404e+00
2.633737373737371712e+00
1.391111111111110743e+00
3.225252525252516045e-01
0.000000000000000000e+00
0.000000000000000000e+00
1.947575757575757072e+00
1.629292929292926573e+00
2.140808080808075609e+00
8.272727272727277426e-02
2.357474747474749943e+00
7.931414141414137475e+00
3.251515151515144697e-01
1.865434343434342779e+01
1.927575757575758608e+00
2.817676767676767113e+00
1.215656565656563659e+00
4.461010101010090878e+00
1.895252525252520970e+00
0.000000000000000000e+00
1.286262626262628661e+00
2.365656565656569121e+00
1.216161616161619968e-01
1.804444444444442519e+00
9.413131313131293254e-01
2.034131313131310748e+01
5.361818181818188478e+00
9.898989898989890568e-01
1.032828282828284205e+00
4.939393939393948996e-02
2.197979797979799643e-01
0.000000000000000000e+00
2.479797979797974117e-01
1.508888888888890056e+00
3.650505050505056248e-01
4.785858585858577263e-01
1.271212121212119683e+00
1.044909090909090743e+01
1.308474747474747346e+01
1.081414141414140273e+00
0.000000000000000000e+00
1.142424242424244091e-01
1.139262626262625844e+01
9.216161616161626657e-01
2.277878787878790945e+00
2.371010101010105675e+00
0.000000000000000000e+00
8.369696969696969191e-01
1.425252525252529157e-01
9.999999999999977657e-03
1.155303030303028677e+01
1.187676767676769218e+00
1.348989898989897185e+00
3.619191919191927509e-01
2.045151515151514054e+00
2.696969696969693242e-01
1.706464646464646462e+00
4.826464646464645902e+00
9.973737373737369127e-01
1.438686868686871900e+00
3.878787878787880172e-02
2.115454545454541702e+00
8.548080808080804616e+00
1.224141414141412865e+00
7.133333333333332638e-01
0.000000000000000000e+00
7.434343434343430868e-02
1.046060606060605469e+00
2.178080808080811615e+00
8.956565656565658173e-01
1.733333333333332282e-01
4.870606060606063714e+00
3.159020202020202461e+01
2.655959595959596076e+00
2.638989898989898109e+00
3.012929292929292568e+00
7.695959595959606103e-01
2.443434343434337797e-01
4.759262626262627549e+01
3.203737373737373417e+01
9.811111111111130434e-01
1.360909090909092178e+00
2.473434343434348204e+00
1.471818181818179694e+00
1.771212121212123458e+00
5.291919191919186582e-01
0.000000000000000000e+00
7.434343434343430868e-02
1.431414141414142360e+00
1.001555555555556154e+01
1.905757575757571098e+00
2.707161616161616280e+01
1.288272727272726925e+01
7.133636363636366440e+00
1.129090909090908257e+00
9.636363636363623475e-02
1.815656565656563748e+00
1.079393939393938684e+00
0.000000000000000000e+00
5.693686868686868507e+01
6.101010101010109210e-01
8.010101010101007279e-01
8.404040404040415968e-01
2.192121212121216356e+00
1.110101010101007812e+00
1.632626262626263980e+00
2.431313131313132203e+00
2.939393939393943403e-02
0.000000000000000000e+00
2.679090909090908212e+01
1.524646464646465693e+00
3.023525252525252327e+01
1.943434343434342904e-01
1.328383838383840221e+00
0.000000000000000000e+00
1.299888888888888516e+01
0.000000000000000000e+00
6.077373737373736873e+00
0.000000000000000000e+00
4.707070707070700744e-01
1.722595959595959414e+01
1.350101010101006915e+00
1.563434343434342955e+00
4.540313131313130413e+01
2.373131313131314979e+00
2.554242424242427312e+00
8.636363636363623975e-02
1.121717171717169892e+00
9.999999999999977657e-03
1.682626262626262248e+00
1.372727272727272663e+01
8.555555555555553748e-02
1.269040404040402770e+01
6.417797979797977348e+01
1.360707070707068977e+00
0.000000000000000000e+00
1.685959595959594992e+00
3.175464646464646634e+01
2.255555555555552427e+00
9.231313131313138021e-01
2.571555555555557149e+01
0.000000000000000000e+00
1.020101010101011285e+00
1.999999999999998654e-02
2.131313131313134213e-01
3.836909090909091447e+01
2.160606060606058976e-01
4.926969696969696777e+00
4.587373737373735771e+00
1.937070707070705833e+00
7.024242424242429506e-01
2.696969696969693242e-01
2.599999999999997868e-01
9.121212121212111112e-01
4.226666666666667460e+00
1.640808080808080271e+00
1.751111111111108842e+00
9.090909090909066181e-02
5.838383838383834901e-01
6.330404040404033594e+00
2.054202020202019696e+01
1.042828282828281550e+00
7.894949494949480284e-01
1.999090909090907697e+00
5.696969696969710756e-02
4.675959595959595561e+01
1.197070707070706064e+00
8.717171717171701140e-01
3.071717171717170292e+00
8.968686868686884806e-01
1.305252525252528217e+00
3.256767676767681419e+00
1.675757575757577666e-01
4.222222222222221100e-01
0.000000000000000000e+00
4.733333333333338278e-01
2.299595959595959194e+00
4.569494949494949765e+01
3.469808080808081030e+01
1.795656565656567283e+00
2.624242424242423377e-01
1.485858585858585768e+00
1.456363636363634972e+00
2.011919191919187444e+00
2.354545454545460548e-01
2.575252525252528901e+00
0.000000000000000000e+00
3.184242424242427205e+00
1.247878787878786477e+00
1.139292929292927470e+00
1.020404040404041979e+00
2.621717171717167894e+00
2.723232323232320229e-01
5.080242424242427290e+01
1.826666666666662886e+00
6.308080808080807067e+00
1.312626262626264806e+00
1.799797979797977288e+00
1.244848484848486425e+00
1.529090909090908834e+00
9.794949494949506397e-01
8.237373737373740568e+00
9.762626262626276086e-01
1.537272727272730455e+00
1.889595959595954833e+00
3.959595959595958031e-02
5.748484848484856080e-01
7.783838383838398434e-01
2.033838383838380004e+00
1.299595959595960970e+00
2.239292929292927337e+00
2.160606060606058143e-01
4.797979797979808753e-02
2.297979797979792516e-01
9.999999999999963779e-03
6.373737373737380363e-01
0.000000000000000000e+00
3.209090909090912547e-01
1.426565656565653262e+00
1.932020202020201305e+00
9.090909090909086998e-02
1.675757575757577111e-01
5.870606060606064602e+00
1.136363636363635132e+00
8.458080808080804758e+00
1.979797979797979710e-02
0.000000000000000000e+00
1.332626262626261271e+00
5.797979797979802702e-02
9.999999999999979391e-03
9.715151515151527750e-01
3.241010101010102229e+00
1.979797979797979016e-02
1.490707070707072868e+00
1.823737373737371881e+00
2.926666666666666750e+00
4.797979797979805283e-02
1.449494949494952445e-01
