1.940808080808081870e+00
8.218181818181832243e-01
0.000000000000000000e+00
6.672727272727256853e-01
1.794646464646465489e+00
5.923232323232321406e-01
2.403030303030307957e-01
8.677777777777783141e-01
2.424242424242418759e-01
8.842424242424256065e-01
2.954202020202019696e+01
1.616161616161617132e-01
0.000000000000000000e+00
6.701010101010108633e-01
1.143636363636362674e+00
2.519090909090909047e+00
0.000000000000000000e+00
0.000000000000000000e+00
2.006737373737374242e+01
8.277777777777778345e-01
0.000000000000000000e+00
5.062626262626254148e-01
1.143535353535354515e+00
2.233333333333338278e-01
0.000000000000000000e+00
9.999999999999974187e-03
1.105050505050506393e+00
0.000000000000000000e+00
0.000000000000000000e+00
8.112121212121199409e-01
2.529595959595954735e+00
3.878787878787880172e-02
1.993939393939393456e-01
5.343434343434332323e-01
9.717171717171730894e-01
9.557575757575754727e-01
4.190262626262627066e+01
1.807939393939394890e+01
2.403030303030307679e-01
1.124040404040402619e+00
4.128383838383832938e+00
5.948484848484859588e-01
1.034545454545455767e+00
7.711111111111111915e-01
1.033434343434344704e+00
0.000000000000000000e+00
4.209090909090917876e-01
0.000000000000000000e+00
1.389797979797980920e+00
6.491616161616160952e+00
1.154040404040405088e+00
0.000000000000000000e+00
8.272727272727277426e-02
4.676767676767666915e-01
1.500505050505049454e+00
3.113131313131317635e-01
1.051111111111111107e+00
4.140404040404047636e-01
2.229393939393943036e+00
8.122222222222230670e-01
2.195666666666665279e+01
7.701010101010092868e-01
1.506626262626260804e+01
0.000000000000000000e+00
8.577777777777775281e-01
2.939393939393942709e-02
2.531111111111117751e+00
9.395959595959609834e-01
2.509090909090912480e-01
3.878787878787880172e-02
1.398585858585856601e+00
1.979797979797979016e-02
1.217171717171715351e+00
1.457878787878789550e+00
9.515151515151500095e-02
2.220989898989900624e+01
1.194949494949492541e+00
9.085858585858579417e-01
1.385686868686869033e+01
4.878787878787890775e-01
6.790909090909089674e-01
8.710101010101004571e-01
9.595959595959610566e-02
3.012828282828282855e+00
2.088989898989901395e+00
1.229797979797981000e+00
5.735353535353537868e-01
1.422020202020201074e+00
4.685858585858581615e-01
2.036363636363637541e-01
2.979797979797977128e-02
8.249494949494934337e-01
1.999999999999994837e-02
1.082222222222222863e+00
1.037373737373737725e+00
4.901010101010097042e-01
1.295959595959597310e+00
9.932323232323218010e-01
1.077474747474746142e+00
2.957282828282830778e+01
1.603333333333335498e+00
0.000000000000000000e+00
6.575757575757583406e-02
6.266969696969700188e+00
2.424242424242418481e-01
7.751515151515168123e-01
5.100000000000005640e-01
3.910101010101005303e-01
2.525252525252525415e-01
1.423333333333332229e+00
2.616161616161619130e-01
1.979797979797979363e-02
9.999999999999953371e-03
1.229090909090910344e+00
1.068383838383835327e+00
8.717171717171727507e-02
0.000000000000000000e+00
1.673333333333335116e+00
9.837373737373734661e-01
3.822121212121212697e+00
3.262929292929292124e+00
6.645454545454549944e-01
1.986868686868690503e-01
7.564646464646469504e-01
1.037777777777779686e+00
3.643434343434348022e-01
8.369696969696972522e-01
1.979797979797979016e-02
5.882929292929295784e+00
0.000000000000000000e+00
0.000000000000000000e+00
0.000000000000000000e+00
9.999999999999977657e-03
1.074242424242425109e+00
7.448484848484847598e-01
6.889494949494949338e+00
2.524242424242423843e-01
2.145353535353534014e+00
8.308080808080817725e-01
0.000000000000000000e+00
8.170707070707066144e-01
9.610101010101029795e-01
9.999999999999975922e-03
1.037474747474746772e+00
2.266666666666662944e-01
1.219595959595962009e+00
9.908080808080788060e-01
2.668686868686871994e-01
9.873737373737364598e-01
9.999999999999993269e-03
1.217171717171718681e+00
7.107070707070713977e-01
0.000000000000000000e+00
1.228989898989900631e+00
2.693939393939395188e+00
6.047474747474739232e-01
1.013939393939392364e+00
3.080606060606059238e+00
9.142424242424248559e-01
3.878787878787879478e-02
7.434343434343430868e-02
0.000000000000000000e+00
1.287878787878785070e-01
6.457575757575759745e+00
1.414545454545455883e+00
3.340949494949494181e+01
1.979797979797979363e-02
9.298989898989898917e-01
4.370303030303029246e+00
9.624242424242427374e-01
1.066666666666667984e-01
9.703030303030300008e-01
6.252525252525260591e-01
0.000000000000000000e+00
6.596969696969693375e-01
4.390101010101016499e+00
1.205151515151516861e+00
1.357575757575757991e-01
1.979797979797979016e-02
7.304040404040403889e-01
1.979797979797979363e-02
1.043939393939392613e+00
7.434343434343432255e-02
1.024141414141412687e+00
2.455555555555553604e-01
7.235353535353534760e-01
9.134343434343424883e-01
7.828282828282830952e-01
8.180808080808092964e-01
1.893939393939393923e-01
1.234545454545453058e+00
1.234848484848486638e+00
8.269696969696979094e-01
1.039595959595958519e+00
0.000000000000000000e+00
1.543030303030302308e+00
0.000000000000000000e+00
8.875757575757573514e-01
9.999999999999975922e-03
8.481818181818182367e+00
5.763030303030293844e+00
7.274747474747462750e-01
1.286868686868683220e-01
0.000000000000000000e+00
1.096868686868686993e+00
0.000000000000000000e+00
2.465656565656562549e+00
0.000000000000000000e+00
9.999999999999968983e-03
2.810101010101005992e-01
2.984424242424243801e+01
2.500000000000001110e-01
1.658585858585860107e-01
3.505050505050502641e-01
1.034545454545456211e+00
2.536808080808079069e+01
1.051808080808081769e+01
1.044434343434344115e+01
6.374747474747487486e-01
8.863636363636347992e-01
5.166666666666657193e-01
2.624242424242423377e-01
2.862929292929291769e+00
0.000000000000000000e+00
1.070363636363636139e+01
6.818181818181829890e-01
1.185353535353533605e+00
4.403030303030310288e-01
3.067272727272728705e+00
5.938383838383824997e-01
0.000000000000000000e+00
5.413131313131321898e-01
1.266161616161616266e+00
1.249494949494952767e+00
3.740101010101010370e+00
1.912828282828282322e+00
4.827777777777767731e+00
1.054646464646465498e+00
9.384848484848470340e-01
5.523232323232319940e-01
7.623232323232316254e-01
5.892929292929298679e-01
0.000000000000000000e+00
1.842424242424241798e-01
9.449494949494942064e-01
1.226565656565656193e+00
9.085858585858581193e+00
1.147777777777776231e+00
5.420202020202017357e-01
5.603030303030305248e-01
7.529292929292936698e-01
1.054949494949494193e+00
1.027272727272726671e-01
2.939393939393944444e-02
2.160606060606058143e-01
4.416969696969695214e+00
6.358585858585851236e-01
2.306464646464648105e+00
2.025151515151519366e+00
1.273333333333331874e+00
0.000000000000000000e+00
0.000000000000000000e+00
8.862626262626266405e-01
3.570707070707065611e+00
2.481161616161615768e+01
9.477777777777787183e-01
2.387777777777771782e+00
8.994949494949485702e-01
4.636363636363626806e-01
9.021212121212106583e-01
1.134848484848483441e+00
4.196262626262628359e+00
0.000000000000000000e+00
2.548787878787876604e+00
0.000000000000000000e+00
0.000000000000000000e+00
1.221717171717169537e+00
1.216161616161617748e-01
0.000000000000000000e+00
1.307676767676765994e+00
1.173636363636362479e+00
6.786464646464640538e+00
6.680808080808090521e-01
9.956565656565650180e-01
2.262424242424242671e+00
9.732323232323230044e-01
1.155484848484848115e+01
1.198585858585860642e+00
1.394545454545454533e+00
2.516161616161619596e-01
1.288888888888886752e+00
6.216161616161614667e+00
1.229292929292931547e+00
0.000000000000000000e+00
1.188181818181815785e+00
7.134343434343426438e-01
3.250909090909090526e+00
7.575757575757587070e-02
1.228080808080807440e+00
1.490909090909092460e-01
8.388888888888870188e-01
6.822222222222217303e-01
4.203030303030302339e-01
1.056767676767675912e+00
0.000000000000000000e+00
8.236363636363627228e-01
9.888888888888902606e-02
2.424242424242418481e-01
7.428282828282836148e-01
8.823232323232308438e-01
1.979797979797979710e-02
4.797979797979805283e-02
8.629292929292915471e-01
4.757575757575763231e-01
0.000000000000000000e+00
0.000000000000000000e+00
7.913131313131323008e-01
1.163535353535352312e+00
1.397878787878789275e+00
0.000000000000000000e+00
2.201111111111115015e+00
6.079797979797966212e-01
4.377777777777770218e+00
2.162525252525250075e+00
3.919595959595962853e+00
9.305050505050509457e-01
7.033737373737377396e+00
6.918181818181833309e-01
8.706060606060624929e-01
0.000000000000000000e+00
7.727272727272720410e-01
1.157979797979799219e+00
1.242222222222223449e+00
9.999999999999988065e-03
1.047070707070705931e+00
6.205050505050516696e-01
1.287878787878785070e-01
7.036363636363627272e-01
9.252525252525237720e-01
1.675757575757576556e-01
1.247272727272727533e+00
9.999999999999975922e-03
6.575757575757584794e-02
3.878787878787880172e-02
0.000000000000000000e+00
3.037202020202022368e+01
7.605050505050505727e-01
1.091868686868687632e+01
3.646464646464647186e-01
1.476262626262624389e+00
1.895555555555555882e+00
1.401919191919193564e+00
0.000000000000000000e+00
6.773737373737370726e-01
2.979797979797979904e-02
3.066767676767674811e+00
0.000000000000000000e+00
1.683434343434343727e+00
1.405050505050502885e+00
0.000000000000000000e+00
1.893939393939393923e-01
7.434343434343430868e-02
0.000000000000000000e+00
2.090909090909089108e-01
0.000000000000000000e+00
4.127272727272726649e-01
5.575757575757580575e-01
1.700202020202024045e+00
1.804060606060606631e+01
2.500000000000001110e-01
1.554545454545456507e-01
0.000000000000000000e+00
2.197979797979799643e-01
0.000000000000000000e+00
1.077474747474749028e+00
9.999999999999972453e-03
9.363636363636373972e-01
2.516161616161619596e-01
8.645454545454551720e-01
7.585858585858576975e-01
4.597070707070709084e+00
1.157878787878785731e+00
0.000000000000000000e+00
0.000000000000000000e+00
7.804040404040389900e-01
8.535353535353543686e-01
9.046464646464636994e-01
1.539494949494951692e+00
7.434343434343430868e-02
4.319898989898987907e+00
1.367666666666666941e+01
7.893939393939394256e-01
2.079797979797982366e-01
7.575757575757581241e-01
9.682828282828302990e-01
1.387676767676768508e+00
8.510101010101007724e-01
1.788888888888890139e-01
1.165151515151513717e+00
2.471313131313133127e+00
8.678787878787865839e-01
1.178080808080806507e+00
1.694212121212121858e+01
7.278787878787869037e-01
1.588434343434343354e+01
7.805050505050499243e-01
8.014141414141414677e-01
2.711717171717176633e+00
1.094545454545456487e+00
9.283838383838395325e-01
0.000000000000000000e+00
2.479292929292932435e+00
2.748484848484850640e-01
7.012121212121200653e-01
1.762454545454544430e+01
1.287979797979797558e+00
1.522030303030301823e+01
1.460000000000001741e+00
1.616161616161617132e-01
1.051111111111111773e+00
1.289191919191922331e+00
1.294848484848486470e+00
1.979797979797979363e-02
2.266666666666661001e-01
2.768787878787880530e+01
1.860808080808082021e+00
3.599898989898992596e+00
9.999999999999998473e-03
6.935353535353532273e-01
6.070707070707084263e-01
2.507676767676767948e+00
9.999999999999995004e-03
1.142424242424244091e-01
0.000000000000000000e+00
1.864141414141415654e+00
8.881818181818169622e-01
1.654545454545455485e-01
8.338484848484840839e+00
5.979797979797973895e-01
9.636363636363619312e-02
2.475757575757577267e-01
1.186363636363638951e+00
1.740909090909088519e+00
2.298252525252526723e+01
2.896868686868685483e+00
0.000000000000000000e+00
0.000000000000000000e+00
1.166666666666671959e-01
3.362222222222220225e+00
1.060101010101011765e+00
0.000000000000000000e+00
4.688888888888885220e-01
8.812121212121227787e-01
9.694949494949504087e-01
7.009090909090913701e-01
1.068989898989900267e+00
1.625656565656568020e+00
1.075656565656564423e+00
1.062929292929292391e+00
0.000000000000000000e+00
0.000000000000000000e+00
1.663636363636361803e+00
2.038383838383837632e-01
0.000000000000000000e+00
2.358585858585862394e-01
1.788888888888889306e-01
1.638383838383839219e-01
1.450707070707070390e+00
8.812121212121235558e-01
8.909090909090912058e-01
2.354545454545460270e-01
0.000000000000000000e+00
2.713131313131314504e-01
2.220101010101012573e+00
1.227373737373735896e+00
2.029292929292926484e+00
7.644444444444450371e-01
3.724242424242428240e-01
5.090909090909104817e-01
8.826262626262633137e-01
1.250909090909090082e+00
3.768676767676765138e+01
9.675757575757593099e-01
8.601010101010115871e-01
5.848484848484852838e-01
1.319595959595960100e+00
2.835858585858584746e+00
4.944444444444437425e-01
3.963636363636363069e-01
0.000000000000000000e+00
1.031212121212119470e+00
5.506060606060616536e-01
1.448989898989899272e+00
1.943434343434342904e-01
0.000000000000000000e+00
4.797979797979809446e-02
1.188484848484850920e+00
1.979797979797979363e-02
0.000000000000000000e+00
5.688888888888880002e-01
6.039898989898991211e+00
1.515858585858583574e+00
9.825757575757581463e+00
9.999999999999948166e-03
2.543434343434349820e-01
1.230505050505051212e+00
4.878787878787880367e-02
1.058484848484847030e+00
1.340909090909093271e+00
0.000000000000000000e+00
1.477979797979799947e+00
1.679505050505050434e+01
5.776767676767663451e-01
9.375757575757566187e-01
3.318282828282823615e+00
8.855555555555558733e-01
8.240404040404036845e-01
1.334242424242423120e+00
0.000000000000000000e+00
5.512121212121203762e-01
2.089898989898986592e+00
4.515151515151517025e-01
1.624141414141416329e+00
1.054444444444442963e+00
3.137777777777782440e+00
0.000000000000000000e+00
1.063232323232322196e+00
9.888888888888897055e-02
6.621212121212119994e-01
2.839595959595963670e+00
1.615101010101009749e+01
4.848787878787879535e+00
5.431313131313124654e-01
0.000000000000000000e+00
5.395454545454553497e+00
7.683838383838376140e-01
3.352525252525255239e-01
1.095595959595959989e+01
7.315151515151521178e-01
2.939393939393940280e-02
1.019090909090909047e+00
1.201111111111109020e+00
0.000000000000000000e+00
1.150808080808078726e+00
9.090909090909075896e-02
1.474747474747474252e+00
0.000000000000000000e+00
1.061818181818181772e+00
6.425252525252538316e-01
9.999999999999974187e-03
7.452323232323230684e+00
7.434343434343430868e-02
3.431818181818180769e+00
7.153535353535345198e-01
1.287878787878783959e-01
1.214848484848482180e+00
0.000000000000000000e+00
1.866262626262629398e+00
6.110101010101022245e-01
4.156262626262625304e+01
7.690909090909079371e-01
6.381313131313136822e+00
4.378484848484838210e+00
1.037878787878787845e+00
9.999999999999984596e-03
1.006464646464644952e+00
1.815858585858582286e+00
9.828282828282836059e-01
1.162222222222223156e+00
2.197979797979799643e-01
1.012454545454545141e+01
7.526262626262611999e-01
9.090909090909086998e-02
1.207474747474744481e+00
9.105050505050503729e-01
1.376767676767674808e-01
3.131262626262625304e+01
1.127070707070708444e+00
6.117171717171717704e-01
2.321111111111113789e+00
1.199898989898988022e+00
9.034747474747469198e+00
0.000000000000000000e+00
0.000000000000000000e+00
8.492929292929289886e-01
5.969696969696978162e-01
1.550050505050506011e+01
9.568686868686878677e-01
3.939393939393939781e-02
8.430303030303017975e-01
1.382929292929292009e+00
0.000000000000000000e+00
2.867676767676771377e+00
2.734393939393940087e+01
7.736363636363627894e-01
2.543434343434338718e-01
1.842424242424241798e-01
4.348383838383840683e+00
7.434343434343430868e-02
3.311707070707070244e+01
0.000000000000000000e+00
5.849494949494944418e-01
0.000000000000000000e+00
1.283232323232325056e+00
2.525252525252525415e-01
9.999999999999962044e-03
7.974747474747478915e-01
2.767676767676770511e-01
2.204555555555554847e+01
2.424242424242418481e-01
8.927272727272717034e-01
2.521212121212118573e-01
1.893939393939393923e-01
6.217171717171724454e-01
1.251818181818179054e+00
2.160606060606058421e-01
2.422929292929297151e+00
0.000000000000000000e+00
9.865656565656579779e-01
1.045757575757575220e+00
3.017474747474750529e+00
1.182424242424240379e+00
1.710808080808081222e+00
7.413131313131315903e-01
0.000000000000000000e+00
5.773737373737364287e-01
9.090909090909075896e-02
4.026262626262621103e-01
2.421242424242424107e+01
3.499808080808080035e+01
7.307070707070706383e-01
9.090909090909091161e-02
8.555555555555572900e-01
2.352141414141414089e+01
1.179898989898989115e+00
1.449494949494948060e+00
2.707070707070701188e-01
1.014949494949497266e+00
2.034343434343430790e-01
1.139292929292926582e+00
3.911878787878788444e+01
2.095959595959598076e-01
9.999999999999948166e-03
1.536464646464646533e+00
1.966414141414142591e+01
8.002020202020199147e-01
1.185656565656566297e+00
1.675757575757577111e-01
2.174040404040406216e+00
1.733333333333331450e-01
0.000000000000000000e+00
2.036363636363636431e-01
9.794242424242428413e+00
1.826969696969693580e+00
4.089373737373737328e+01
0.000000000000000000e+00
5.461616161616164034e-01
9.465656565656560550e-01
7.887878787878784825e-01
7.434343434343430868e-02
8.595959595959586919e-01
8.074747474747495657e-01
2.091919191919190957e-01
6.490909090909091184e+00
0.000000000000000000e+00
1.323232323232320928e-01
1.663232323232324061e+00
0.000000000000000000e+00
1.942424242424244385e-01
7.672727272727275505e-01
1.051313131313128313e+00
5.300909090909094346e+00
7.130303030303026812e-01
2.427272727272731800e-01
1.284343434343436119e+00
2.358585858585862671e-01
7.538383838383836411e-01
4.766666666666662389e-01
0.000000000000000000e+00
5.528484848484849223e+00
1.357575757575757991e-01
2.233333333333338000e-01
0.000000000000000000e+00
8.272727272727277426e-02
0.000000000000000000e+00
7.787878787878794729e-01
1.425252525252529989e-01
4.091919191919200505e-01
3.878787878787880172e-02
1.022929292929293243e+00
8.908080808080808266e-01
1.489090909090909465e+00
9.057575757575772046e-01
1.441010101010104183e+00
1.199090909090907209e+00
1.457494949494949310e+01
3.115898989898990123e+01
1.167575757575755269e+00
1.011515151515150146e+00
5.792929292929297702e+00
1.733333333333332560e-01
2.231818181818184588e+00
0.000000000000000000e+00
1.655959595959596742e+00
8.006060606060610985e-01
0.000000000000000000e+00
8.076767676767672155e-01
1.282828282828284983e-01
0.000000000000000000e+00
2.659595959595959069e+00
2.027141414141413378e+01
2.176767676767672188e-01
6.714141414141416853e-01
1.232222222222222774e+00
2.364848484848481647e+00
7.231313131313130693e-01
8.016161616161622261e-01
6.575757575757587570e-02
1.078080808080808195e+00
5.696969696969707286e-02
8.833333333333323045e-01
2.031818181818178637e+00
7.677777777777765600e-01
1.044646464646465489e+00
2.467676767676769412e-01
2.403030303030308235e-01
1.203232323232324541e+00
1.142424242424244507e-01
3.230505050505051656e+00
2.966767676767677830e+00
6.179797979797969631e-01
2.688282828282826387e+00
9.999999999999948166e-03
2.552525252525248423e-01
2.509090909090911925e-01
8.373737373737375478e-01
1.713737373737371783e+00
1.979797979797979016e-02
1.080303030303027212e+00
8.544444444444444509e-01
3.174616161616161492e+01
4.797979797979799732e-02
3.837777777777780841e+00
7.434343434343430868e-02
1.421212121212118706e-01
3.769999999999995133e+00
1.478181818181817819e+00
6.066666666666665764e-01
8.272727272727276038e-02
2.191787878787877730e+01
1.508080808080807245e+00
1.258383838383839715e+00
1.025252525252526303e-01
2.464646464646467472e-01
6.650505050505038929e-01
1.540303030303027620e+00
4.371515151515149356e+00
0.000000000000000000e+00
0.000000000000000000e+00
5.730303030303031120e-01
7.919191919191934659e-01
1.213838383838384827e+00
2.702121212121209037e+00
1.379595959595956822e+00
9.151515151515140500e-01
2.715151515151519868e-01
0.000000000000000000e+00
0.000000000000000000e+00
1.419090909090911179e+00
1.065656565656566634e+00
1.269494949494951230e+00
0.000000000000000000e+00
1.403434343434341036e+00
3.909292929292933483e+00
1.945454545454540218e-01
1.194171717171718150e+01
1.276363636363634146e+00
1.660808080808078291e+00
7.525252525252513758e-01
2.995454545454539819e+00
1.246666666666669032e+00
0.000000000000000000e+00
8.564646464646468171e-01
1.430606060606058216e+00
3.878787878787880172e-02
1.054141414141415156e+00
8.337373737373752203e-01
1.487464646464647267e+01
3.352222222222221770e+00
7.931313131313116882e-01
7.816161616161623193e-01
3.959595959595958725e-02
2.266666666666662944e-01
0.000000000000000000e+00
2.397979797979796490e-01
8.587878787878797660e-01
2.753535353535355168e-01
3.676767676767678239e-01
1.021616161616162088e+00
6.527575757575754700e+00
9.074343434343433046e+00
5.808080808080817725e-01
0.000000000000000000e+00
3.878787878787880172e-02
6.725050505050506722e+00
8.296969696969693775e-01
1.225757575757578488e+00
1.545858585858585821e+00
0.000000000000000000e+00
6.326262626262633137e-01
9.888888888888892892e-02
0.000000000000000000e+00
7.460101010101023000e+00
1.358686868686869387e+00
9.538383838383829305e-01
2.993939393939397675e-01
1.159595959595958625e+00
2.136363636363637353e-01
1.296060606060604581e+00
3.103939393939391334e+00
7.993939393939385463e-01
7.344444444444441222e-01
1.979797979797979016e-02
1.479090909090908790e+00
5.343939393939394655e+00
7.428282828282820605e-01
5.692929292929289620e-01
0.000000000000000000e+00
2.939393939393941321e-02
7.098989898989895853e-01
1.346868686868688325e+00
5.867676767676760496e-01
1.675757575757577944e-01
2.960303030303032656e+00
2.058353535353534980e+01
1.504848484848488210e+00
2.041010101010099831e+00
1.938686868686865905e+00
4.820202020202010718e-01
2.403030303030307679e-01
2.634525252525250849e+01
1.656101010101009408e+01
7.048484848484838361e-01
9.408080808080807600e-01
1.668585858585858839e+00
1.087777777777776844e+00
9.501010101010090025e-01
2.804040404040402668e-01
0.000000000000000000e+00
1.979797979797979016e-02
8.688888888888902651e-01
6.372828282828280955e+00
1.018080808080810140e+00
1.861989898989900283e+01
9.389797979797984695e+00
4.628484848484840875e+00
7.735353535353517440e-01
1.999999999999997266e-02
1.079696969696970932e+00
7.661616161616172649e-01
0.000000000000000000e+00
3.232171717171716807e+01
5.379797979797990015e-01
5.264646464646463020e-01
7.428282828282820605e-01
1.484646464646465214e+00
9.582828282828275146e-01
1.082424242424244953e+00
1.750101010101009491e+00
0.000000000000000000e+00
0.000000000000000000e+00
1.745363636363637028e+01
7.822222222222210419e-01
1.842616161616160397e+01
1.788888888888890694e-01
9.538383838383841518e-01
0.000000000000000000e+00
8.299393939393924668e+00
0.000000000000000000e+00
4.161919191919190908e+00
0.000000000000000000e+00
4.285858585858588476e-01
9.584444444444434552e+00
9.594949494949488455e-01
1.066969696969696679e+00
2.982565656565656198e+01
1.453333333333332478e+00
1.607979797979799397e+00
9.999999999999972453e-03
9.025252525252530633e-01
0.000000000000000000e+00
1.256161616161614258e+00
6.322626262626261706e+00
2.939393939393942709e-02
8.456767676767677600e+00
3.923585858585855846e+01
1.048080808080809945e+00
0.000000000000000000e+00
1.140303030303031706e+00
1.838575757575754821e+01
1.607676767676764484e+00
7.064646464646476831e-01
1.578737373737373950e+01
0.000000000000000000e+00
6.680808080808084970e-01
0.000000000000000000e+00
1.313131313131309652e-01
2.244151515151516207e+01
1.788888888888891526e-01
3.162727272727271277e+00
2.477373737373738116e+00
1.012626262626264095e+00
5.583838383838386488e-01
2.233333333333338555e-01
1.681818181818183766e-01
5.801010101010107833e-01
2.442929292929297169e+00
1.118181818181820386e+00
1.039393939393938204e+00
3.878787878787880172e-02
4.394949494949492719e-01
3.757474747474748078e+00
1.301252525252525416e+01
7.126262626262639399e-01
6.748484848484844756e-01
1.538787878787880814e+00
9.999999999999977657e-03
2.982626262626264335e+01
9.355555555555566949e-01
7.411111111111117200e-01
1.784040404040402761e+00
7.312121212121209801e-01
7.933333333333340009e-01
2.065656565656569299e+00
1.142424242424244091e-01
3.737373737373733684e-01
0.000000000000000000e+00
3.934343434343441359e-01
1.305454545454544313e+00
2.538050505050505024e+01
2.683858585858586210e+01
1.089494949494950848e+00
2.524242424242423843e-01
1.037474747474748771e+00
7.056565656565642053e-01
1.264949494949496822e+00
2.354545454545460548e-01
1.496666666666665035e+00
0.000000000000000000e+00
1.868989898989896092e+00
8.706060606060610496e-01
8.881818181818198488e-01
7.485858585858579106e-01
1.614646464646465995e+00
2.600000000000000644e-01
3.531939393939395444e+01
9.534343434343417467e-01
3.463030303030302015e+00
9.845454545454548345e-01
1.214848484848484178e+00
8.050505050505046833e-01
1.135555555555558094e+00
8.035353535353543242e-01
5.280404040404030219e+00
1.016868686868687810e+00
1.056767676767678799e+00
9.337373737373727556e-01
0.000000000000000000e+00
5.504040404040400070e-01
6.680808080808088301e-01
1.462121212121211489e+00
1.056868686868688734e+00
1.551818181818182429e+00
1.893939393939393923e-01
1.979797979797979016e-02
2.079797979797982643e-01
0.000000000000000000e+00
5.413131313131318567e-01
0.000000000000000000e+00
1.975757575757575990e-01
8.540404040404042663e-01
1.011616161616160525e+00
2.939393939393943056e-02
1.788888888888889583e-01
3.166363636363640488e+00
7.076767676767676818e-01
6.378888888888890385e+00
0.000000000000000000e+00
0.000000000000000000e+00
9.129292929292943670e-01
4.878787878787887999e-02
0.000000000000000000e+00
6.829292929292931635e-01
2.123434343434341010e+00
0.000000000000000000e+00
1.292727272727273169e+00
1.221111111111111036e+00
1.593434343434344536e+00
1.979797979797979363e-02
3.878787878787880172e-02
