1.150606060606062186e+00
6.681818181818194313e-01
0.000000000000000000e+00
6.407070707070702253e-01
1.282525252525251735e+00
5.283838383838388442e-01
2.036363636363638652e-01
6.269696969696956224e-01
2.297979797979792238e-01
5.554545454545469774e-01
1.922767676767676193e+01
1.287878787878784237e-01
0.000000000000000000e+00
3.567676767676769001e-01
6.924242424242423866e-01
1.593737373737371454e+00
0.000000000000000000e+00
0.000000000000000000e+00
1.136404040404040749e+01
7.274747474747473852e-01
0.000000000000000000e+00
3.909090909090909838e-01
8.414141414141399489e-01
1.893939393939393923e-01
0.000000000000000000e+00
0.000000000000000000e+00
8.753535353535357721e-01
0.000000000000000000e+00
0.000000000000000000e+00
7.376767676767669313e-01
1.777575757575757143e+00
2.939393939393944444e-02
1.893939393939393923e-01
1.287878787878788123e-01
8.450505050505037197e-01
6.171717171717181483e-01
1.906484848484849337e+01
1.153121212121212658e+01
1.990909090909090962e-01
1.028080808080809483e+00
2.437878787878785758e+00
4.079797979797977758e-01
7.647474747474758416e-01
6.253535353535338848e-01
7.675757575757579110e-01
0.000000000000000000e+00
4.191919191919181720e-01
0.000000000000000000e+00
9.544444444444435405e-01
3.642727272727268151e+00
6.982828282828299482e-01
0.000000000000000000e+00
9.999999999999965514e-03
3.013131313131315325e-01
1.007070707070707449e+00
2.314141414141411002e-01
7.710101010101007013e-01
3.301010101010093956e-01
1.692323232323230897e+00
6.527272727272724895e-01
1.303171717171715294e+01
4.769696969696977651e-01
9.346060606060609288e+00
0.000000000000000000e+00
5.760606060606046075e-01
1.979797979797979016e-02
1.788484848484848122e+00
7.425252525252520330e-01
2.509090909090911925e-01
2.939393939393944097e-02
9.137373737373745142e-01
0.000000000000000000e+00
7.975757575757573825e-01
1.065656565656567301e+00
2.979797979797976781e-02
1.306040404040404468e+01
7.711111111111114136e-01
7.895959595959610722e-01
8.891616161616154201e+00
2.852525252525252020e-01
6.333333333333337478e-01
5.986868686868682676e-01
4.797979797979809446e-02
1.981717171717174208e+00
1.394848484848485448e+00
8.955555555555565483e-01
4.671717171717179040e-01
8.742424242424238212e-01
2.478787878787885868e-01
2.036363636363636986e-01
0.000000000000000000e+00
4.963636363636374504e-01
3.939393939393939087e-02
7.324242424242412008e-01
6.232323232323215834e-01
4.545454545454534756e-01
7.844444444444438336e-01
7.929292929292914849e-01
4.993939393939406668e-01
1.771434343434343361e+01
1.405151515151513486e+00
0.000000000000000000e+00
9.999999999999970718e-03
4.100000000000001421e+00
2.460606060606065904e-01
6.382828282828273414e-01
4.797979797979800010e-01
2.166666666666664520e-01
2.516161616161619596e-01
1.074646464646463073e+00
2.516161616161619041e-01
9.999999999999981126e-03
9.999999999999953371e-03
9.068686868686857139e-01
6.846464646464648363e-01
9.999999999999998473e-03
0.000000000000000000e+00
9.223232323232314345e-01
7.893939393939393145e-01
2.204646464646461634e+00
2.233030303030304697e+00
3.626262626262624633e-01
1.525252525252528690e-01
4.992929292929283447e-01
8.262626262626278084e-01
2.746464646464641945e-01
7.170707070707081909e-01
0.000000000000000000e+00
3.422424242424243701e+00
0.000000000000000000e+00
0.000000000000000000e+00
0.000000000000000000e+00
0.000000000000000000e+00
6.637373737373744031e-01
4.301010101010107056e-01
5.180808080808077420e+00
2.516161616161619596e-01
1.142424242424241454e+00
5.739393939393926392e-01
0.000000000000000000e+00
5.335353535353528631e-01
7.569696969696979583e-01
0.000000000000000000e+00
7.284848484848490680e-01
1.990909090909091794e-01
8.466666666666654573e-01
6.330303030303018330e-01
1.943434343434342904e-01
6.564646464646478607e-01
9.999999999999993269e-03
8.777777777777772128e-01
6.463636363636372506e-01
0.000000000000000000e+00
8.526262626262616218e-01
1.657272727272727231e+00
5.137373737373726046e-01
8.042424242424239811e-01
1.520606060606060517e+00
5.858585858585865225e-01
2.939393939393944444e-02
3.878787878787880172e-02
0.000000000000000000e+00
1.979797979797979016e-02
3.919393939393938542e+00
8.422222222222237598e-01
1.967252525252526496e+01
9.999999999999991535e-03
6.917171717171716194e-01
2.494848484848482872e+00
7.721212121212122081e-01
9.999999999999993269e-03
6.333333333333323045e-01
4.047474747474744117e-01
0.000000000000000000e+00
4.615151515151521555e-01
3.047575757575761379e+00
6.651515151515144941e-01
7.434343434343430868e-02
2.939393939393944791e-02
5.618181818181816611e-01
0.000000000000000000e+00
1.075656565656566865e+00
9.888888888888895667e-02
7.226262626262623945e-01
9.040404040404052821e-02
5.433333333333344450e-01
7.650505050505053140e-01
3.921212121212118151e-01
4.014141414141415010e-01
1.425252525252528324e-01
8.871717171717177219e-01
1.024545454545454648e+00
6.799999999999996048e-01
7.896969696969684538e-01
0.000000000000000000e+00
1.094848484848483627e+00
0.000000000000000000e+00
6.745454545454536710e-01
0.000000000000000000e+00
4.827373737373733320e+00
3.394242424242423173e+00
6.814141414141422493e-01
7.575757575757587070e-02
0.000000000000000000e+00
7.134343434343426438e-01
0.000000000000000000e+00
1.428585858585858626e+00
0.000000000000000000e+00
0.000000000000000000e+00
1.387878787878790432e-01
1.814989898989899686e+01
2.475757575757577267e-01
1.425252525252522495e-01
2.818181818181822451e-01
7.448484848484854259e-01
1.807454545454545425e+01
6.681414141414135699e+00
7.306767676767674580e+00
2.233333333333335502e-01
4.310101010101010099e-01
4.267676767676765737e-01
2.495959595959599264e-01
1.951414141414137049e+00
0.000000000000000000e+00
5.060505050505054392e+00
5.977777777777785184e-01
8.373737373737368817e-01
2.995959595959602484e-01
2.100303030303028784e+00
4.668686868686859892e-01
0.000000000000000000e+00
2.346464646464644088e-01
7.800000000000006928e-01
7.131313131313130604e-01
2.287171717171712970e+00
1.508989898989901768e+00
2.252525252525247712e+00
8.219191919191918272e-01
7.142424242424244563e-01
2.874747474747469944e-01
5.262626262626248774e-01
4.690909090909091139e-01
0.000000000000000000e+00
1.490909090909092460e-01
8.615151515151524553e-01
9.101010101010112985e-01
6.208080808080807422e+00
7.287878787878786513e-01
2.185858585858580783e-01
5.636363636363648233e-01
7.231313131313137355e-01
6.832323232323234130e-01
4.959595959595954062e-02
9.999999999999955105e-03
1.990909090909089851e-01
3.150606060606063519e+00
3.631313131313139708e-01
1.260808080808082154e+00
1.229797979797982110e+00
9.461616161616170917e-01
0.000000000000000000e+00
0.000000000000000000e+00
5.210101010100997021e-01
2.521818181818177074e+00
1.457959595959596300e+01
5.615151515151503014e-01
1.546262626262623563e+00
6.439393939393950328e-01
3.024242424242425398e-01
5.735353535353546750e-01
8.006060606060593221e-01
2.372424242424240326e+00
0.000000000000000000e+00
1.869292929292931671e+00
0.000000000000000000e+00
0.000000000000000000e+00
1.067676767676770222e+00
8.272727272727277426e-02
0.000000000000000000e+00
8.882828282828297839e-01
7.383838383838394748e-01
4.165959595959595418e+00
5.840404040404035824e-01
4.895959595959589183e-01
1.947373737373738090e+00
7.387878787878792153e-01
8.133636363636364663e+00
7.529292929292934478e-01
8.461616161616161147e-01
2.521212121212118573e-01
8.469696969696954847e-01
3.623737373737372369e+00
7.856565656565644984e-01
0.000000000000000000e+00
7.475757575757594475e-01
6.102020202020191908e-01
1.848383838383838684e+00
0.000000000000000000e+00
7.942424242424238612e-01
1.142424242424246311e-01
6.225252525252520375e-01
5.608080808080800894e-01
3.610101010101015584e-01
6.677777777777761381e-01
0.000000000000000000e+00
7.263636363636348792e-01
7.434343434343430868e-02
2.160606060606057310e-01
7.387878787878792153e-01
6.741414141414152628e-01
0.000000000000000000e+00
0.000000000000000000e+00
7.456565656565646849e-01
4.719191919191912388e-01
0.000000000000000000e+00
0.000000000000000000e+00
6.144444444444437936e-01
9.228282828282811101e-01
8.515151515151523354e-01
0.000000000000000000e+00
1.290404040404038888e+00
3.483838383838384622e-01
2.571111111111114234e+00
1.412424242424243914e+00
2.003636363636362550e+00
5.695959595959585453e-01
5.743030303030306705e+00
6.181818181818197200e-01
6.310101010101000218e-01
0.000000000000000000e+00
6.051515151515156621e-01
8.375757575757591944e-01
7.938383838383844537e-01
9.999999999999995004e-03
7.372727272727266357e-01
4.551515151515143076e-01
1.142424242424244507e-01
6.008080808080809021e-01
5.690909090909084256e-01
1.066666666666668400e-01
9.695959595959587896e-01
0.000000000000000000e+00
1.979797979797979016e-02
9.999999999999960310e-03
0.000000000000000000e+00
1.880343434343434694e+01
7.251515151515151025e-01
6.742525252525253698e+00
3.084848484848490280e-01
1.119494949494948655e+00
1.362626262626264184e+00
1.101616161616163936e+00
0.000000000000000000e+00
4.963636363636362292e-01
0.000000000000000000e+00
2.249595959595963812e+00
0.000000000000000000e+00
1.035454545454544295e+00
8.454545454545450145e-01
0.000000000000000000e+00
1.425252525252529989e-01
5.696969696969703817e-02
0.000000000000000000e+00
1.675757575757576834e-01
0.000000000000000000e+00
4.136363636363636909e-01
1.577777777777776558e-01
9.170707070707048159e-01
1.144434343434343226e+01
2.354545454545460548e-01
8.272727272727277426e-02
0.000000000000000000e+00
2.121212121212122381e-01
0.000000000000000000e+00
7.489898989898993165e-01
0.000000000000000000e+00
6.910101010101000751e-01
2.516161616161619041e-01
6.498989898989905312e-01
5.886868686868694800e-01
2.537979797979800445e+00
7.768686868686858205e-01
0.000000000000000000e+00
0.000000000000000000e+00
5.906060606060594687e-01
5.433333333333331128e-01
5.165656565656574495e-01
8.583838383838386932e-01
2.939393939393944444e-02
2.649595959595965500e+00
8.472121212121219713e+00
5.546464646464637216e-01
1.893939393939393923e-01
5.096969696969686492e-01
6.813131313131325362e-01
7.872727272727286785e-01
6.168686868686870106e-01
2.079797979797981811e-01
7.679797979797995389e-01
1.423131313131315245e+00
7.070707070707077380e-01
5.934343434343444246e-01
9.040909090909096335e+00
2.692929292929296947e-01
1.136646464646465127e+01
6.983838383838389952e-01
5.526262626262629096e-01
2.253030303030299830e+00
7.375757575757579954e-01
7.459595959595960446e-01
0.000000000000000000e+00
1.803030303030300985e+00
1.733333333333332282e-01
6.667676767676775640e-01
8.127676767676772940e+00
9.740404040404027075e-01
9.677373737373727636e+00
9.271717171717150929e-01
1.357575757575757991e-01
1.014343434343434103e+00
7.705050505050518028e-01
9.793939393939379290e-01
1.979797979797979363e-02
2.354545454545460548e-01
1.396828282828283463e+01
1.103131313131314739e+00
2.815656565656567967e+00
0.000000000000000000e+00
6.588888888888876361e-01
4.696969696969688357e-01
1.801414141414142689e+00
0.000000000000000000e+00
9.090909090909080059e-02
0.000000000000000000e+00
1.378989898989896989e+00
7.976767676767667625e-01
1.009090909090914201e-01
4.265959595959599504e+00
4.516161616161609715e-01
0.000000000000000000e+00
2.424242424242418481e-01
8.512121212121213087e-01
1.052323232323234770e+00
1.300909090909090615e+01
2.417171717171719969e+00
0.000000000000000000e+00
0.000000000000000000e+00
1.242424242424246261e-01
2.156262626262630544e+00
7.823232323232333085e-01
0.000000000000000000e+00
4.607070707070713422e-01
5.308080808080797297e-01
7.344444444444431230e-01
6.349494949494954854e-01
8.455555555555540614e-01
9.812121212121223124e-01
7.954545454545451921e-01
7.493939393939375027e-01
0.000000000000000000e+00
0.000000000000000000e+00
8.631313131313117504e-01
4.939393939393944138e-02
0.000000000000000000e+00
2.121212121212122381e-01
1.616161616161617132e-01
1.414141414141412700e-01
1.005656565656564805e+00
5.211111111111121907e-01
7.624242424242420046e-01
2.197979797979799643e-01
0.000000000000000000e+00
2.467676767676769689e-01
1.714242424242427010e+00
1.068585858585860526e+00
1.262323232323234290e+00
5.181818181818189650e-01
2.567676767676764227e-01
2.021212121212123403e-01
7.880808080808090477e-01
8.600000000000013189e-01
2.192222222222222072e+01
6.716161616161611114e-01
6.411111111111100769e-01
5.356565656565649425e-01
9.690909090909106682e-01
1.830404040404038257e+00
3.191919191919187493e-01
4.030303030303039047e-01
0.000000000000000000e+00
7.232323232323238926e-01
1.690909090909089030e-01
1.094444444444444997e+00
1.788888888888891249e-01
0.000000000000000000e+00
0.000000000000000000e+00
8.248484848484847198e-01
0.000000000000000000e+00
0.000000000000000000e+00
4.498989898989904646e-01
4.436767676767683355e+00
1.115050505050506402e+00
5.891919191919191334e+00
0.000000000000000000e+00
2.121212121212122381e-01
9.173737373737381740e-01
1.979797979797979710e-02
9.261616161616148535e-01
7.880808080808071603e-01
0.000000000000000000e+00
1.136161616161618371e+00
8.890505050505042917e+00
4.688888888888879669e-01
7.923232323232324292e-01
2.253838383838386861e+00
7.376767676767675974e-01
6.635353535353546439e-01
8.060606060606061440e-01
0.000000000000000000e+00
5.137373737373733817e-01
1.317070707070706614e+00
4.337373737373727001e-01
1.091313131313133011e+00
7.621212121212133095e-01
1.928787878787878052e+00
0.000000000000000000e+00
7.231313131313127363e-01
6.575757575757590345e-02
6.737373737373743010e-01
1.953232323232323209e+00
1.109686868686867989e+01
2.958484848484847163e+00
3.686868686868684519e-01
0.000000000000000000e+00
3.392626262626259770e+00
7.315151515151517847e-01
3.690909090909090806e-01
6.434545454545454568e+00
6.121212121212128432e-01
9.999999999999991535e-03
7.960606060606058021e-01
7.659595959595960624e-01
0.000000000000000000e+00
8.455555555555541725e-01
9.999999999999989800e-03
1.108080808080810220e+00
0.000000000000000000e+00
8.463636363636383164e-01
5.881818181818183611e-01
9.999999999999981126e-03
3.603131313131317626e+00
9.999999999999991535e-03
1.855656565656563783e+00
7.021212121212112578e-01
6.575757575757590345e-02
7.186868686868681522e-01
0.000000000000000000e+00
1.065151515151515849e+00
3.844444444444447551e-01
2.640464646464648624e+01
5.557575757575758946e-01
3.698888888888885340e+00
3.155858585858589471e+00
8.117171717171701717e-01
0.000000000000000000e+00
6.500000000000004663e-01
1.140101010101010726e+00
6.264646464646458357e-01
8.568686868686870017e-01
2.079797979797981811e-01
7.502323232323231395e+00
6.749494949494937446e-01
6.575757575757590345e-02
8.372727272727269465e-01
7.141414141414141881e-01
8.434343434343434531e-02
1.936101010101009479e+01
7.877777777777771329e-01
5.891919191919182675e-01
1.348484848484849730e+00
6.939393939393936339e-01
5.302121212121207350e+00
0.000000000000000000e+00
0.000000000000000000e+00
6.854545454545469818e-01
2.629292929292934566e-01
1.210747474747474151e+01
7.144444444444442155e-01
2.939393939393943403e-02
5.821212121212118173e-01
8.802020202020205408e-01
0.000000000000000000e+00
1.992626262626257638e+00
1.909111111111109693e+01
5.953535353535346353e-01
1.530303030303027945e-01
1.425252525252528879e-01
2.612121212121218061e+00
9.999999999999993269e-03
2.319292929292928918e+01
0.000000000000000000e+00
6.451515151515144764e-01
0.000000000000000000e+00
7.429292929292916625e-01
2.500000000000001110e-01
0.000000000000000000e+00
6.984848484848473760e-01
2.266666666666662389e-01
1.138161616161616330e+01
2.403030303030307957e-01
6.088888888888881468e-01
2.524242424242423843e-01
1.425252525252528324e-01
3.906060606060610674e-01
8.712121212121216596e-01
1.893939393939393923e-01
1.704646464646461634e+00
0.000000000000000000e+00
7.847474747474749712e-01
8.542424242424259129e-01
1.792121212121213114e+00
6.827272727272715169e-01
1.224545454545455936e+00
7.235353535353515886e-01
0.000000000000000000e+00
5.590909090909094159e-01
7.434343434343430868e-02
2.904040404040398871e-01
1.510616161616161612e+01
1.996797979797980105e+01
5.743434343434337119e-01
4.797979797979801814e-02
5.901010101010097930e-01
2.174525252525251062e+01
7.122222222222216459e-01
7.424242424242414318e-01
2.621212121212118107e-01
7.667676767676764316e-01
1.360606060606062706e-01
7.343434343434351863e-01
2.341959595959597351e+01
1.485858585858583769e-01
0.000000000000000000e+00
9.267676767676757965e-01
1.207333333333333591e+01
4.959595959595965442e-01
9.291919191919174592e-01
1.287878787878783682e-01
1.335555555555554719e+00
1.216161616161617887e-01
0.000000000000000000e+00
1.675757575757577111e-01
6.256262626262632409e+00
1.252727272727271579e+00
2.884696969696970115e+01
0.000000000000000000e+00
4.693939393939400295e-01
6.381818181818178504e-01
5.885858585858593228e-01
1.979797979797979016e-02
7.727272727272734842e-01
5.707070707070718285e-01
1.775757575757579143e-01
3.579696969696967823e+00
0.000000000000000000e+00
6.818181818181823228e-02
9.290909090909102996e-01
0.000000000000000000e+00
1.316161616161617143e-01
5.738383838383832591e-01
6.981818181818186808e-01
3.719595959595963119e+00
6.743434343434332456e-01
1.943434343434342904e-01
7.984848484848476868e-01
2.479797979797985497e-01
4.540404040404044106e-01
3.179797979797975849e-01
0.000000000000000000e+00
3.417171717171724854e+00
1.554545454545456229e-01
2.121212121212122381e-01
0.000000000000000000e+00
1.979797979797979016e-02
0.000000000000000000e+00
5.954545454545445704e-01
9.888888888888901219e-02
3.647474747474745982e-01
0.000000000000000000e+00
7.266666666666683483e-01
6.657575757575749931e-01
1.014040404040404963e+00
7.557575757575748510e-01
1.031414141414143337e+00
8.273737373737358736e-01
8.985757575757567395e+00
2.053272727272727138e+01
8.048484848484848131e-01
5.711111111111117911e-01
3.971919191919190073e+00
1.490909090909092460e-01
1.436262626262627462e+00
0.000000000000000000e+00
1.283535353535352197e+00
7.375757575757575513e-01
0.000000000000000000e+00
7.265656565656559707e-01
8.555555555555559299e-02
0.000000000000000000e+00
1.964848484848485732e+00
1.141898989898990102e+01
1.873737373737367484e-01
5.876767676767681303e-01
8.316161616161625858e-01
1.624141414141411666e+00
6.294949494949488855e-01
6.548484848484854570e-01
6.777777777777772850e-02
7.421212121212110713e-01
4.797979797979803201e-02
7.865656565656549137e-01
1.124747474747473053e+00
7.278787878787879029e-01
6.915151515151507500e-01
1.969696969696967670e-01
2.197979797979799643e-01
6.725252525252516378e-01
4.797979797979797650e-02
2.117272727272723642e+00
1.538383838383837743e+00
3.909090909090905952e-01
1.656868686868685492e+00
0.000000000000000000e+00
2.266666666666661833e-01
2.354545454545460548e-01
7.257575757575762676e-01
1.090707070707072512e+00
9.999999999999991535e-03
5.705050505050510701e-01
6.386868686868681921e-01
1.886252525252525203e+01
9.999999999999984596e-03
2.449191919191920697e+00
5.696969696969709368e-02
1.109090909090913318e-01
2.468888888888884914e+00
9.357575757575764541e-01
5.541414141414153782e-01
6.575757575757591733e-02
1.296101010101010509e+01
1.200303030303033980e+00
6.940404040404031250e-01
4.797979797979804589e-02
2.036363636363636431e-01
6.264646464646477231e-01
8.403030303030304404e-01
2.568080808080807742e+00
0.000000000000000000e+00
0.000000000000000000e+00
3.600000000000008749e-01
4.726262626262630606e-01
8.076767676767677706e-01
1.519090909090909713e+00
9.973737373737385781e-01
6.564646464646475277e-01
2.525252525252521529e-01
0.000000000000000000e+00
0.000000000000000000e+00
9.445454545454563533e-01
6.559595959595960757e-01
9.275757575757582751e-01
0.000000000000000000e+00
9.470707070707065078e-01
1.981212121212120980e+00
1.360606060606062151e-01
6.127676767676766723e+00
7.814141414141416719e-01
1.295555555555554905e+00
7.039393939393950861e-01
1.973434343434338212e+00
8.374747474747467058e-01
0.000000000000000000e+00
6.543434343434331169e-01
8.852525252525235144e-01
1.979797979797979363e-02
8.564646464646477053e-01
6.742424242424250869e-01
1.010484848484849607e+01
2.248282828282824219e+00
3.631313131313135822e-01
3.356565656565653200e-01
0.000000000000000000e+00
1.943434343434342904e-01
0.000000000000000000e+00
2.197979797979799643e-01
6.252525252525238386e-01
2.016161616161612768e-01
3.045454545454538975e-01
6.171717171717158168e-01
3.778080808080805930e+00
5.657272727272726343e+00
3.554545454545454120e-01
0.000000000000000000e+00
0.000000000000000000e+00
5.434747474747467777e+00
5.319191919191923468e-01
8.027272727272721786e-01
1.098585858585855890e+00
0.000000000000000000e+00
4.841414141414132066e-01
6.575757575757593121e-02
0.000000000000000000e+00
4.686969696969704557e+00
7.150505050505051585e-01
7.226262626262632827e-01
2.395959595959593624e-01
9.680808080808074312e-01
2.079797979797981533e-01
9.254545454545467509e-01
1.492626262626264078e+00
5.958585858585854211e-01
5.114141414141410991e-01
0.000000000000000000e+00
8.482828282828293043e-01
3.122222222222221788e+00
4.960606060606054801e-01
3.554545454545448568e-01
0.000000000000000000e+00
0.000000000000000000e+00
6.473737373737379341e-01
1.056868686868685403e+00
2.758585858585864692e-01
1.287878787878785070e-01
1.971212121212117196e+00
1.132151515151515753e+01
1.016868686868689586e+00
1.246969696969695063e+00
1.129090909090907813e+00
2.071717171717170070e-01
1.990909090909089574e-01
1.640151515151515227e+01
9.924646464646462718e+00
5.080808080808082439e-01
6.830303030303025436e-01
1.010404040404041526e+00
7.805050505050497023e-01
7.631313131313141040e-01
2.031313131313130516e-01
0.000000000000000000e+00
9.999999999999984596e-03
5.203030303030313775e-01
3.935959595959594992e+00
6.684848484848495698e-01
1.136969696969695676e+01
6.330404040404043364e+00
2.942424242424239722e+00
5.573737373737380763e-01
0.000000000000000000e+00
7.578787878787880405e-01
6.414141414141422137e-01
0.000000000000000000e+00
2.126323232323230883e+01
4.317171717171718326e-01
4.219191919191913054e-01
7.170707070707078579e-01
8.471717171717172423e-01
7.378787878787880228e-01
9.256565656565666211e-01
1.188080808080806072e+00
0.000000000000000000e+00
0.000000000000000000e+00
9.492828282828277509e+00
5.631313131313127052e-01
9.993030303030307593e+00
1.733333333333331450e-01
6.419191919191932216e-01
0.000000000000000000e+00
5.957070707070712068e+00
0.000000000000000000e+00
2.340909090909088164e+00
0.000000000000000000e+00
4.023232323232326380e-01
5.682323232323224005e+00
6.685858585858575065e-01
8.665656565656566501e-01
1.679626262626261735e+01
9.365656565656549359e-01
1.001919191919190100e+00
0.000000000000000000e+00
7.058585858585858519e-01
0.000000000000000000e+00
9.102020202020193462e-01
4.074747474747474563e+00
1.979797979797979363e-02
5.343131313131320503e+00
2.338525252525253606e+01
7.352525252525251576e-01
0.000000000000000000e+00
8.268686868686874192e-01
1.307181818181817690e+01
1.111010101010102114e+00
5.926262626262631672e-01
1.074363636363637475e+01
0.000000000000000000e+00
3.847474747474746160e-01
0.000000000000000000e+00
6.696969696969708175e-02
1.413040404040402720e+01
1.490909090909092460e-01
2.497272727272728421e+00
1.500404040404039518e+00
8.779797979797967500e-01
3.611111111111112715e-01
1.842424242424241798e-01
1.216161616161618164e-01
4.903030303030307957e-01
1.429595959595959087e+00
6.643434343434335698e-01
7.830303030303025213e-01
3.878787878787880172e-02
2.895959595959600175e-01
2.891515151515151594e+00
9.813636363636366156e+00
6.554545454545444017e-01
5.965656565656569654e-01
1.070202020202017934e+00
0.000000000000000000e+00
1.975989898989897853e+01
5.109090909090907573e-01
4.151515151515151603e-01
1.215959595959597905e+00
4.809090909090900645e-01
6.328282828282818517e-01
1.221919191919191627e+00
5.696969696969710062e-02
3.270707070707071229e-01
0.000000000000000000e+00
3.207070707070700522e-01
1.041818181818183309e+00
1.547272727272726556e+01
1.614585858585856926e+01
7.009090909090914812e-01
2.424242424242418481e-01
8.014141414141415787e-01
6.196969696969709673e-01
9.286868686868668954e-01
2.327272727272732267e-01
1.029393939393940416e+00
0.000000000000000000e+00
1.135555555555556762e+00
6.882828282828283850e-01
7.044444444444450948e-01
5.886868686868680367e-01
9.791919191919202792e-01
2.500000000000001110e-01
2.549171717171719465e+01
5.949494949494962270e-01
2.436969696969702781e+00
7.087878787878785225e-01
7.982828282828282607e-01
4.034343434343430346e-01
5.886868686868687028e-01
5.444444444444453968e-01
3.344949494949499780e+00
7.500000000000013323e-01
7.804040404040408774e-01
7.692929292929282514e-01
0.000000000000000000e+00
5.005050505050500087e-01
5.922222222222228716e-01
8.357575757575761433e-01
8.022222222222209487e-01
1.022121212121214207e+00
1.554545454545456229e-01
0.000000000000000000e+00
1.490909090909092460e-01
0.000000000000000000e+00
5.331313131313126785e-01
0.000000000000000000e+00
1.732323232323232653e-01
6.343434343434349865e-01
7.860606060606060153e-01
3.878787878787880172e-02
1.216161616161618719e-01
1.835454545454548336e+00
6.317171717171726764e-01
3.454343434343436936e+00
0.000000000000000000e+00
0.000000000000000000e+00
7.425252525252524771e-01
9.999999999999974187e-03
0.000000000000000000e+00
5.628282828282819006e-01
1.266060606060608329e+00
0.000000000000000000e+00
7.117171717171720813e-01
5.986868686868677125e-01
9.768686868686856650e-01
0.000000000000000000e+00
9.999999999999962044e-03
