6.177878787878785971e+00
3.479696969696967290e+00
9.999999999999953371e-03
1.432222222222222507e+00
6.053939393939396396e+00
1.160303030303031058e+00
2.625252525252524949e-01
3.495353535353537655e+00
2.379797979797985685e-01
4.009696969696969759e+00
1.551013131313131339e+02
3.097979797979807937e-01
2.939393939393944791e-02
2.056868686868685181e+00
3.433737373737372423e+00
1.016828282828282859e+01
3.939393939393939781e-02
1.216161616161618442e-01
7.577646464646461766e+01
1.386464646464644623e+00
1.979797979797979363e-02
1.158181818181819756e+00
3.532828282828278876e+00
2.354545454545460548e-01
5.797979797979802702e-02
7.434343434343430868e-02
3.907777777777781125e+00
1.027272727272726671e-01
1.187878787878786091e-01
2.022424242424239349e+00
1.012555555555556630e+01
2.121212121212118218e-01
4.652525252525241961e-01
2.097171717171712579e+00
2.930303030303030631e+00
3.120303030303035019e+00
1.470515151515151899e+02
6.688151515151517401e+01
3.079797979797981866e-01
4.690404040404039243e+00
1.930686868686868252e+01
1.275353535353538348e+00
4.059090909090914856e+00
1.665555555555556566e+00
4.307070707070701943e+00
1.468686868686867875e-01
4.649494949494956120e-01
0.000000000000000000e+00
4.868080808080808453e+00
2.687505050505050264e+01
3.747373737373742131e+00
2.939393939393944097e-02
1.990909090909090962e-01
1.318080808080808186e+00
4.924848484848475039e+00
1.025050505050505212e+00
2.854545454545454941e+00
9.875757575757584394e-01
8.416767676767676676e+00
2.359999999999998099e+00
7.355747474747477099e+01
2.828484848484849934e+00
6.168181818181817988e+01
9.999999999999949901e-03
2.795757575757572777e+00
2.148484848484850940e-01
8.916464646464648425e+00
2.919797979797979615e+00
2.524242424242423843e-01
1.675757575757576001e-01
4.729191919191914728e+00
8.272727272727277426e-02
2.952626262626264264e+00
5.962323232323233135e+00
2.842424242424245739e-01
8.833878787878785488e+01
3.572424242424249385e+00
2.360303030303029459e+00
6.447666666666667368e+01
3.809090909090904198e-01
2.017272727272725774e+00
2.603030303030307469e+00
1.585858585858583025e-01
9.369090909090910912e+00
8.907575757575749265e+00
5.175959595959597870e+00
1.411010101010101270e+00
4.573030303030304111e+00
1.354141414141411870e+00
3.033333333333337878e-01
2.818181818181822451e-01
3.400707070707073232e+00
2.999999999999991562e-02
3.282727272727272716e+00
3.236969696969697274e+00
4.842424242424245295e-01
3.732727272727270229e+00
3.408686868686872540e+00
2.954343434343430719e+00
9.811010101010101891e+01
4.228484848484853842e+00
1.979797979797979016e-02
2.338383838383839564e-01
2.112414141414141966e+01
2.721212121212117641e-01
2.634949494949492266e+00
1.530404040404041766e+00
1.417272727272727240e+00
2.500000000000001110e-01
5.204242424242414344e+00
4.369696969696964528e-01
1.066666666666667290e-01
1.142424242424245895e-01
5.216464646464645583e+00
4.286969696969701538e+00
5.106060606060596196e-01
0.000000000000000000e+00
5.686767676767678026e+00
2.664545454545451442e+00
1.345515151515151153e+01
1.325969696969697154e+01
2.301010101010107611e+00
7.129292929292933012e-01
3.174444444444449065e+00
4.765555555555557099e+00
5.631313131313119280e-01
2.521313131313127620e+00
1.287878787878784237e-01
1.807636363636363797e+01
3.939393939393939781e-02
0.000000000000000000e+00
7.434343434343430868e-02
2.483838383838383179e-01
2.890404040404040753e+00
1.937575757575754842e+00
3.827494949494951015e+01
2.524242424242423843e-01
8.085555555555549390e+00
2.483434343434347102e+00
1.999999999999999695e-02
1.685050505050505576e+00
2.467777777777779402e+00
1.037373737373737115e-01
4.078282828282826955e+00
2.327272727272732267e-01
3.350505050505057980e+00
2.388181818181814631e+00
5.797979797979808669e-01
2.858383838383837361e+00
6.797979797979801508e-02
6.229393939393933266e+00
1.614949494949496245e+00
9.999999999999962044e-03
5.006060606060611207e+00
9.196161616161614205e+00
1.175555555555552578e+00
3.120202020202020421e+00
1.137646464646464217e+01
2.708686868686874583e+00
2.641414141414145100e-01
1.142424242424245479e-01
0.000000000000000000e+00
2.333333333333337811e-01
3.100151515151517145e+01
3.857171717171719472e+00
1.344091919191918407e+02
1.943434343434342904e-01
3.326666666666665328e+00
2.104828282828282937e+01
2.524343434343433223e+00
2.503030303030300829e-01
3.179898989898990003e+00
2.418686868686866109e+00
0.000000000000000000e+00
1.618787878787879775e+00
1.925353535353536572e+01
3.306060606060601703e+00
2.907070707070712468e-01
2.882828282828288624e-01
1.841515151515152882e+00
2.333333333333332815e-01
2.651616161616169531e+00
1.431313131313130815e-01
3.937171717171719099e+00
1.387676767676768508e+00
1.485555555555555518e+00
4.115050505050502849e+00
2.346666666666662682e+00
2.655454545454545734e+00
2.802020202020202855e-01
4.372323232323232389e+00
3.807878787878790305e+00
2.400606060606064407e+00
3.280202020202021007e+00
4.797979797979801814e-02
5.188888888888884665e+00
1.979797979797979363e-02
3.806666666666664423e+00
1.447474747474745416e-01
3.034212121212122781e+01
1.690323232323232006e+01
1.811818181818181550e+00
3.076767676767677151e-01
0.000000000000000000e+00
3.345454545454548345e+00
0.000000000000000000e+00
6.948888888888883564e+00
8.636363636363626750e-02
1.186868686868684658e-01
6.156565656565664568e-01
1.210448484848484583e+02
2.524242424242423843e-01
1.424848484848486585e+00
4.157575757575761588e-01
3.700909090909092924e+00
9.752868686868683312e+01
4.266161616161615910e+01
5.038858585858586281e+01
1.627272727272725428e+00
2.759191919191922526e+00
7.294949494949490854e-01
3.620202020202020754e-01
9.011616161616156973e+00
0.000000000000000000e+00
4.577555555555557021e+01
1.923535353535351877e+00
4.064040404040400567e+00
1.389393939393938737e+00
1.127252525252524862e+01
2.085959595959597124e+00
9.999999999999988065e-03
1.638787878787876906e+00
2.744949494949497026e+00
5.115858585858594765e+00
1.344737373737373431e+01
6.666060606060605132e+00
1.572141414141412774e+01
3.413535353535352534e+00
2.872626262626261529e+00
1.954141414141411737e+00
2.167474747474749996e+00
1.834646464646465525e+00
4.797979797979804589e-02
2.790909090909095558e-01
3.564747474747475664e+00
4.198080808080808524e+00
3.570323232323233498e+01
3.818888888888894773e+00
1.668787878787877377e+00
1.331616161616159921e+00
2.240101010101008594e+00
5.323131313131314712e+00
3.719191919191919271e-01
1.688888888888891160e-01
3.397979797979801542e-01
1.724939393939392573e+01
2.541010101010105160e+00
6.315252525252527782e+00
8.041010101010112265e+00
4.170606060606058207e+00
9.999999999999986330e-03
0.000000000000000000e+00
2.783131313131315121e+00
1.267262626262626668e+01
8.077323232323234947e+01
2.764242424242426388e+00
1.094323232323232276e+01
2.426464646464643327e+00
1.051616161616162337e+00
2.719898989898993591e+00
2.523030303030298516e+00
1.242787878787878952e+01
1.468686868686865099e-01
1.240555555555554967e+01
1.614141414141413433e-01
5.939393939393962374e-02
5.567070707070698177e+00
2.082828282828283195e-01
1.264646464646463075e-01
4.530808080808078842e+00
3.840404040404033825e+00
3.095212121212122014e+01
1.717272727272726618e+00
2.783636363636361022e+00
1.081515151515151274e+01
3.712222222222216317e+00
3.670444444444445509e+01
3.555757575757572564e+00
3.701616161616163581e+00
2.516161616161619596e-01
4.319090909090909314e+00
2.031626262626263113e+01
3.982424242424244198e+00
9.999999999999979391e-03
5.033333333333333215e+00
1.829393939393934687e+00
1.181565656565655864e+01
2.963636363636360516e-01
3.654040404040403089e+00
1.943434343434342904e-01
2.031010101010102709e+00
2.331919191919190393e+00
1.388989898989899219e+00
2.522626262626268101e+00
7.838383838383845836e-02
2.512929292929296565e+00
3.761616161616165299e-01
2.673737373737369305e-01
1.410808080808080733e+00
2.472121212121215716e+00
1.216161616161619136e-01
1.186868686868687295e-01
2.445050505050511358e+00
4.988888888888896589e-01
9.999999999999963779e-03
0.000000000000000000e+00
1.989494949494947207e+00
4.639090909090914927e+00
5.325555555555556708e+00
7.434343434343430868e-02
8.948989898989896830e+00
1.565454545454544766e+00
1.119737373737374142e+01
7.865757575757575282e+00
1.102656565656566912e+01
2.981111111111112599e+00
2.290343434343434481e+01
1.062121212121213576e+00
3.350606060606065473e+00
0.000000000000000000e+00
2.696060606060604048e+00
3.871010101010097681e+00
3.441414141414142591e+00
1.736363636363633389e-01
3.073737373737371659e+00
1.868080808080805566e+00
2.292929292929292429e-01
1.795555555555554017e+00
2.392828282828288078e+00
1.943434343434342904e-01
4.052020202020200301e+00
1.066666666666670066e-01
2.331313131313134390e-01
1.616161616161617132e-01
0.000000000000000000e+00
1.567966666666665958e+02
1.832828282828284472e+00
4.134323232323229291e+01
4.391919191919187448e-01
4.537272727272723571e+00
7.080202020202019497e+00
4.196969696969699903e+00
2.082828282828283195e-01
1.343232323232324887e+00
1.487878787878793851e-01
1.281656565656566471e+01
5.696969696969707286e-02
6.094343434343433508e+00
5.639494949494950227e+00
5.696969696969712144e-02
2.297979797979792516e-01
2.412121212121207947e-01
1.979797979797979363e-02
3.146464646464651183e-01
1.979797979797979016e-02
4.669696969696963129e-01
1.830909090909090597e+00
6.652525252525253840e+00
8.248494949494950390e+01
2.673737373737370970e-01
1.842424242424241798e-01
0.000000000000000000e+00
3.752525252525252264e-01
1.142424242424245895e-01
3.327676767676768232e+00
1.137373737373739008e-01
2.067171717171714995e+00
3.667676767676773530e-01
2.850707070707071189e+00
2.008888888888887170e+00
1.911848484848485796e+01
4.049191919191921230e+00
9.999999999999972453e-03
1.616161616161616854e-01
2.508888888888895163e+00
3.069696969696968480e+00
2.637777777777779331e+00
4.859393939393934936e+00
1.893939393939393923e-01
2.109090909090908283e+01
5.775656565656566244e+01
2.328282828282826955e+00
3.197979797979802474e-01
2.218888888888894684e+00
3.273333333333326323e+00
4.671313131313127087e+00
2.006767676767679198e+00
2.424242424242418759e-01
2.572424242424246721e+00
6.180808080808075644e+00
2.701818181818186559e+00
3.777171717171717180e+00
6.705292929292927795e+01
2.188585858585856858e+00
9.148696969696970882e+01
2.654040404040406198e+00
2.191010101010099742e+00
1.188373737373737171e+01
3.091515151515152215e+00
2.260101010101012609e+00
0.000000000000000000e+00
9.128181818181822393e+00
2.675757575757571338e-01
1.368383838383840478e+00
5.769595959595960011e+01
4.323838383838383592e+00
7.336949494949493555e+01
3.514545454545450642e+00
3.369696969696970856e-01
4.893939393939398030e+00
4.113535353535350936e+00
4.785656565656565498e+00
1.681818181818183766e-01
2.624242424242423377e-01
9.366282828282831474e+01
6.561111111111114447e+00
1.609373737373736901e+01
1.216161616161617748e-01
1.263232323232325482e+00
1.895555555555560323e+00
9.072626262626263483e+00
1.142424242424244785e-01
2.317171717171716550e-01
0.000000000000000000e+00
7.313737373737374092e+00
2.913737373737374181e+00
3.070707070707076047e-01
2.941959595959597351e+01
1.095959595959596911e+00
3.078787878787875298e-01
2.521212121212118573e-01
3.699494949494950280e+00
5.340606060606064354e+00
8.831626262626264179e+01
1.009646464646464459e+01
9.272727272727272763e-02
9.999999999999974187e-03
3.337373737373737770e-01
1.267242424242424015e+01
3.384444444444447697e+00
0.000000000000000000e+00
6.232323232323240259e-01
3.881010101010104574e+00
3.145353535353535346e+00
2.578686868686871581e+00
4.131212121212117339e+00
5.344141414141413193e+00
3.440707070707069715e+00
3.320202020202021931e+00
8.676767676767668802e-02
0.000000000000000000e+00
3.814040404040399679e+00
5.412121212121203673e-01
0.000000000000000000e+00
4.286868686868681166e-01
2.577777777777773838e-01
6.362626262626244200e-01
5.452222222222224524e+00
2.934747474747476659e+00
2.233737373737378018e+00
3.513131313131307443e-01
0.000000000000000000e+00
4.410101010101017405e-01
6.630606060606059060e+00
3.680303030303028411e+00
6.167171717171721745e+00
2.626161616161621026e+00
1.190101010101012546e+00
1.951111111111112129e+00
2.764747474747470957e+00
4.041414141414135131e+00
1.021568686868686342e+02
3.034545454545450216e+00
2.616464646464649491e+00
7.304040404040398338e-01
4.621717171717167894e+00
1.195323232323231544e+01
1.762626262626260987e+00
6.214141414141417519e-01
0.000000000000000000e+00
2.432525252525249204e+00
1.543232323232322178e+00
5.309191919191923681e+00
2.627272727272724762e-01
1.216161616161617748e-01
1.510101010101013164e-01
3.923434343434341720e+00
6.696969696969705399e-02
9.999999999999951636e-03
1.522323232323230302e+00
1.799575757575757962e+01
4.093030303030295691e+00
3.576555555555553667e+01
7.737373737373726135e-02
3.715151515151509654e-01
3.908585858585860162e+00
2.443434343434340017e-01
4.342525252525254231e+00
3.734444444444448674e+00
0.000000000000000000e+00
5.341313131313136786e+00
6.563676767676763291e+01
1.373030303030303489e+00
2.814545454545455350e+00
1.548303030303030781e+01
3.442626262626255151e+00
2.574444444444440538e+00
3.978888888888883368e+00
8.272727272727277426e-02
1.066868686868686522e+00
7.324646464646465738e+00
4.960606060606066459e-01
6.939696969696965922e+00
2.502424242424244216e+00
1.171222222222222165e+01
6.777777777777767299e-02
2.979696969696967290e+00
2.782828282828277433e-01
5.484848484848476868e-01
1.124131313131312027e+01
6.397191919191917719e+01
1.764232323232322486e+01
1.107777777777779304e+00
9.777777777777779677e-02
2.205696969696970910e+01
2.383333333333328419e+00
3.566666666666669094e-01
3.975010101010100527e+01
2.146060606060605114e+00
2.213131313131316003e-01
3.497474747474744738e+00
3.617979797979796963e+00
1.066666666666668400e-01
3.105757575757578159e+00
1.893939393939393923e-01
5.123838383838381638e+00
9.999999999999967248e-03
3.095555555555557614e+00
1.407575757575759257e+00
1.752525252525255484e-01
1.985808080808081399e+01
1.554545454545456229e-01
1.195565656565655743e+01
2.147878787878781726e+00
2.319191919191916362e-01
4.562525252525246877e+00
0.000000000000000000e+00
5.431010101010106617e+00
1.365858585858587881e+00
1.607048484848484975e+02
3.193838383838383255e+00
2.777797979797981753e+01
1.652101010101010203e+01
3.082929292929292853e+00
1.712121212121210378e-01
3.836969696969695587e+00
6.161818181818187412e+00
2.805555555555559355e+00
4.343535353535357579e+00
2.479797979797985219e-01
4.507333333333335190e+01
1.885959595959594504e+00
2.233333333333339110e-01
4.114242424242417151e+00
2.945353535353542718e+00
3.110101010101014585e-01
1.133980808080807492e+02
3.798383838383838196e+00
2.044444444444440734e+00
7.284242424242431291e+00
3.384141414141411452e+00
4.026333333333332831e+01
1.347474747474747547e-01
9.515151515151504258e-02
2.540101010101009305e+00
2.055656565656560186e+00
9.454050505050500419e+01
3.669595959595960188e+00
1.767676767676765182e-01
2.928787878787882715e+00
4.669696969696962796e+00
9.999999999999984596e-03
1.001454545454545730e+01
9.999737373737377766e+01
1.674747474747478648e+00
3.545454545454547746e-01
3.316161616161617531e-01
1.583555555555554939e+01
2.160606060606058143e-01
1.595346464646464426e+02
8.272727272727276038e-02
6.511111111111123062e-01
4.878787878787881754e-02
4.248989898989896652e+00
2.707070707070701188e-01
1.979797979797979363e-02
1.724646464646464095e+00
3.587878787878784337e-01
9.809787878787876991e+01
2.995959595959601929e-01
3.178787878787879162e+00
2.810101010101004881e-01
2.812121212121209135e-01
2.069797979797984411e+00
3.699191919191918476e+00
3.961616161616166032e-01
7.827979797979796928e+00
9.555555555555547698e-02
4.505252525252521068e+00
2.530202020202024560e+00
1.087444444444443725e+01
3.351212121212127304e+00
6.818585858585857196e+00
1.473030303030303134e+00
5.696969696969712144e-02
1.838484848484847278e+00
2.390909090909094370e-01
6.167676767676778526e-01
1.241882828282828228e+02
1.078803030303030823e+02
1.627878787878788147e+00
3.662626262626259566e-01
1.903232323232323164e+00
8.321050505050509116e+01
5.614646464646470214e+00
4.924646464646461830e+00
5.006060606060599438e-01
3.326363636363636189e+00
4.186868686868694955e-01
3.614040404040402610e+00
1.327256565656565215e+02
3.667676767676767979e-01
2.148484848484854548e-01
5.394040404040401526e+00
8.589757575757579389e+01
2.616161616161613690e+00
5.511010101010096918e+00
2.233333333333338555e-01
8.042222222222218164e+00
2.454545454545460081e-01
9.999999999999991535e-03
2.297979797979793071e-01
5.518373737373735821e+01
8.220808080808083673e+00
1.874619191919192360e+02
5.696969696969703817e-02
6.440404040404035246e-01
3.229191919191916949e+00
2.396161616161617047e+00
1.788888888888890139e-01
2.748888888888890047e+00
3.091919191919195065e+00
3.414141414141417252e-01
1.897919191919192272e+01
6.575757575757590345e-02
4.319191919191922024e-01
4.225757575757582707e+00
2.939393939393944791e-02
3.513131313131316880e-01
2.249999999999996003e+00
3.461313131313129343e+00
2.099595959595960437e+01
1.318888888888884559e+00
3.482828282828280275e-01
3.399090909090900947e+00
3.533333333333334436e-01
2.488686868686870834e+00
1.166767676767678674e+00
0.000000000000000000e+00
2.332484848484848428e+01
2.266666666666662389e-01
2.543434343434349820e-01
0.000000000000000000e+00
2.601010101010096109e-01
1.979797979797979016e-02
2.432222222222217400e+00
2.234343434343434853e-01
3.732323232323224160e-01
1.425252525252529434e-01
3.330000000000001403e+00
2.915454545454544633e+00
4.542020202020209396e+00
3.534747474747475415e+00
5.086969696969702248e+00
4.609292929292924335e+00
4.893454545454545723e+01
1.178339393939393744e+02
3.834949494949496440e+00
2.547979797979802452e+00
2.316222222222222271e+01
2.621212121212118107e-01
7.496363636363632565e+00
9.999999999999986330e-03
6.668585858585856840e+00
2.065353535353538383e+00
1.999999999999999001e-02
3.384040404040402183e+00
3.448484848484850707e-01
4.797979797979804589e-02
9.620303030303023917e+00
8.198747474747469255e+01
3.634343434343433876e-01
1.921515151515150510e+00
3.272020202020200941e+00
5.967777777777773629e+00
2.080303030303031431e+00
2.658080808080804935e+00
3.437373737373730087e-01
2.149393939393938080e+00
1.554545454545455951e-01
2.345252525252526254e+00
5.750101010101017707e+00
1.876464646464644614e+00
3.783232323232317729e+00
5.032323232323244744e-01
2.397979797979797045e-01
3.562020202020199644e+00
3.025252525252518088e-01
1.066595959595959719e+01
1.134070707070706874e+01
2.198080808080804083e+00
8.803030303030308090e+00
1.142424242424244091e-01
4.540404040404048547e-01
3.030303030303025391e-01
2.531919191919195455e+00
4.342828282828283371e+00
1.440404040404038577e-01
4.471515151515149888e+00
3.370606060606062826e+00
1.276834343434343992e+02
1.752525252525255206e-01
1.666141414141413790e+01
2.403030303030301018e-01
3.880808080808076932e-01
1.653101010101009649e+01
5.570202020202015269e+00
2.355858585858588761e+00
3.267676767676773730e-01
7.742535353535353693e+01
6.267272727272734656e+00
3.738989898989902194e+00
3.252525252525246269e-01
3.925252525252529434e-01
1.222020202020200008e+00
4.693535353535348342e+00
1.220525252525252746e+01
3.878787878787880172e-02
1.264646464646463353e-01
1.399898989898988200e+00
1.919292929292932159e+00
3.846464646464644144e+00
1.066808080808080739e+01
5.678686868686869005e+00
2.675151515151510395e+00
5.054545454545448235e-01
0.000000000000000000e+00
7.676767676767669302e-02
4.702020202020205097e+00
3.580707070707073836e+00
4.841414141414138506e+00
1.814141414141414999e-01
4.897171717171721284e+00
1.654686868686867740e+01
4.334343434343438384e-01
4.957393939393939775e+01
4.107777777777780415e+00
6.686262626262623243e+00
3.030202020202020119e+00
9.219393939393912163e+00
3.883434343434343017e+00
9.999999999999953371e-03
2.426969696969701218e+00
5.761515151515161470e+00
2.473737373737368572e-01
2.918080808080807387e+00
1.621818181818180937e+00
3.856343434343434495e+01
8.777272727272729114e+00
2.248787878787882111e+00
1.832929292929291520e+00
1.566666666666661489e-01
2.503030303030307491e-01
9.090909090909080059e-02
2.093939393939394378e-01
2.458484848484848051e+00
5.010101010101021268e-01
6.974747474747484688e-01
2.797474747474746781e+00
2.549676767676767852e+01
3.101828282828282823e+01
2.031717171717168036e+00
1.979797979797979016e-02
1.490909090909092738e-01
2.953080808080809305e+01
1.785757575757574767e+00
2.838686868686869591e+00
4.957474747474746479e+00
3.959595959595958725e-02
1.691111111111109899e+00
2.234343434343434853e-01
8.555555555555549585e-02
2.630494949494948287e+01
3.882222222222223795e+00
3.530707070707067352e+00
4.078787878787876742e-01
4.890101010101010282e+00
3.659595959595956516e-01
4.351616161616169265e+00
1.092111111111110766e+01
2.535959595959593749e+00
3.164646464646458046e+00
1.590909090909091994e-01
3.388585858585862365e+00
2.246252525252523213e+01
3.439494949494954490e+00
1.622525252525250261e+00
0.000000000000000000e+00
2.629292929292925685e-01
2.486363636363632335e+00
5.196262626262623030e+00
1.593838383838383388e+00
2.197979797979799643e-01
1.203575757575757699e+01
8.857777777777779704e+01
5.725454545454549127e+00
5.306161616161610972e+00
7.726161616161617118e+00
1.568888888888885003e+00
2.673737373737370970e-01
1.071564646464646273e+02
9.621131313131313334e+01
2.184343434343436030e+00
2.465252525252521920e+00
4.765151515151513806e+00
3.678181818181817331e+00
3.734747474747475593e+00
1.562727272727275185e+00
0.000000000000000000e+00
1.888888888888889672e-01
3.058383838383839315e+00
2.578424242424241797e+01
4.535151515151513379e+00
7.481525252525250380e+01
2.968060606060608109e+01
1.576636363636364280e+01
1.607979797979800507e+00
1.916161616161616288e-01
4.816464646464644339e+00
2.510202020202022766e+00
0.000000000000000000e+00
1.080832323232323233e+02
1.238686868686866394e+00
1.443333333333334689e+00
1.220505050505049871e+00
4.085050505050499936e+00
2.090000000000003855e+00
3.302020202020201634e+00
6.028080808080808595e+00
1.037373737373739613e-01
0.000000000000000000e+00
5.779030303030300786e+01
2.122626262626267302e+00
7.018838383838382811e+01
3.475757575757583151e-01
2.760303030303030258e+00
0.000000000000000000e+00
3.747111111111112081e+01
0.000000000000000000e+00
1.423171717171716821e+01
9.999999999999956840e-03
5.585858585858579639e-01
4.117030303030303884e+01
2.993131313131308868e+00
3.689999999999998170e+00
1.072011111111110608e+02
4.202323232323227131e+00
5.933939393939398066e+00
1.652525252525252342e-01
3.548585858585863395e+00
1.131313131313131798e-01
4.345050505050514822e+00
2.915666666666665208e+01
2.621212121212116997e-01
4.091515151515149284e+01
1.431192929292928966e+02
2.255959595959596165e+00
0.000000000000000000e+00
4.391818181818193167e+00
7.192878787878788671e+01
5.099090909090917556e+00
1.831717171717167636e+00
8.021151515151517231e+01
2.939393939393944444e-02
1.989797979797984118e+00
9.515151515151502870e-02
3.141414141414144989e-01
8.085393939393939888e+01
2.403030303030307957e-01
1.674737373737373147e+01
1.008797979797979316e+01
3.622626262626266413e+00
1.670606060606060206e+00
3.540404040404044328e-01
5.041414141414133354e-01
1.367070707070708213e+00
7.889999999999997016e+00
4.113232323232327126e+00
3.506666666666669041e+00
1.990909090909089851e-01
1.205959595959594344e+00
1.898888888888889070e+01
5.718474747474747488e+01
2.817979797979798917e+00
1.453535353535353680e+00
4.364444444444449900e+00
1.316161616161617698e-01
1.188935353535353414e+02
3.089696969696968942e+00
1.812424242424238940e+00
7.318282828282822727e+00
2.193737373737369989e+00
3.518585858585852488e+00
5.871414141414136978e+00
2.415151515151520434e-01
4.313131313131314259e-01
1.979797979797979016e-02
5.121212121212129764e-01
5.394949494949494273e+00
1.349407070707070773e+02
1.112660606060605915e+02
3.855656565656571111e+00
3.268686868686874192e-01
3.109393939393937600e+00
2.397070707070700912e+00
3.892626262626263323e+00
3.157575757575760145e-01
5.582424242424242067e+00
9.999999999999967248e-03
6.396565656565655011e+00
3.011313131313134051e+00
2.805555555555558911e+00
2.645151515151518140e+00
5.990505050505052331e+00
3.611111111111110494e-01
1.273759595959596282e+02
3.655656565656562051e+00
1.257686868686868564e+01
2.859191919191924391e+00
4.232121212121213283e+00
2.256767676767672981e+00
2.981111111111106382e+00
2.218080808080803656e+00
1.531252525252526020e+01
2.244444444444442244e+00
3.631313131313135489e+00
3.489393939393937938e+00
1.215151515151515621e-01
6.379797979797974250e-01
1.247878787878790474e+00
4.677777777777777146e+00
2.629696969696972531e+00
5.317878787878791869e+00
2.366666666666671637e-01
1.066666666666668678e-01
3.219191919191922713e-01
9.999999999999972453e-03
1.006969696969695960e+00
1.121212121212120105e-01
5.004040404040397405e-01
2.669797979797977394e+00
4.001010101010099795e+00
1.931313131313131815e-01
2.121212121212122381e-01
1.488222222222223223e+01
2.172222222222224275e+00
1.828131313131313007e+01
7.575757575757581519e-02
2.939393939393941321e-02
3.192323232323231341e+00
2.155555555555558334e-01
4.797979797979802508e-02
2.002020202020199147e+00
7.456161616161615768e+00
2.979797979797979557e-02
3.198282828282827506e+00
3.591414141414139394e+00
5.368888888888893263e+00
1.655555555555558445e-01
2.524242424242424954e-01
