2.224040404040406926e+00
1.023333333333334982e+00
0.000000000000000000e+00
7.146464646464657511e-01
2.076262626262624700e+00
6.151515151515158930e-01
2.354545454545460270e-01
1.119797979797981791e+00
2.424242424242418759e-01
1.132323232323231066e+00
3.733525252525254956e+01
1.775757575757578866e-01
9.999999999999953371e-03
8.167676767676764760e-01
1.205858585858582632e+00
3.315959595959596662e+00
0.000000000000000000e+00
2.939393939393944791e-02
2.472595959595959769e+01
8.879797979797977581e-01
0.000000000000000000e+00
5.541414141414154892e-01
1.299292929292927834e+00
2.233333333333338555e-01
0.000000000000000000e+00
0.000000000000000000e+00
1.196868686868683751e+00
2.000000000000000042e-02
0.000000000000000000e+00
8.646464646464641080e-01
3.148282828282824131e+00
7.434343434343430868e-02
2.358585858585862671e-01
5.418181818181825316e-01
1.091717171717170531e+00
1.051616161616163225e+00
5.867545454545452799e+01
2.224878787878785857e+01
2.443434343434337797e-01
1.498080808080810788e+00
5.080808080808073335e+00
6.861616161616149734e-01
1.398585858585858377e+00
7.874747474747486597e-01
1.171616161616163998e+00
0.000000000000000000e+00
4.451515151515157420e-01
0.000000000000000000e+00
1.849494949494945528e+00
8.272626262626257443e+00
1.190505050505049622e+00
0.000000000000000000e+00
8.272727272727276038e-02
4.595959595959588917e-01
1.770707070707073783e+00
3.983838383838376185e-01
1.241313131313128260e+00
4.508080808080809909e-01
2.619595959595963475e+00
8.552525252525255972e-01
2.383393939393939220e+01
8.737373737373747007e-01
1.782151515151514687e+01
0.000000000000000000e+00
1.032525252525253734e+00
4.878787878787894938e-02
3.025555555555557774e+00
1.222828282828281488e+00
2.509090909090911925e-01
4.797979797979796956e-02
1.525151515151518034e+00
1.979797979797979016e-02
1.304343434343438357e+00
1.710808080808084553e+00
9.595959595959611954e-02
2.775393939393940812e+01
1.413535353535355421e+00
1.193131313131315485e+00
1.541313131313130924e+01
4.495959595959589383e-01
6.993939393939394567e-01
9.993939393939370586e-01
1.049494949494951396e-01
3.186262626262627240e+00
2.504545454545451744e+00
1.366262626262625623e+00
6.567676767676763339e-01
1.527474747474748096e+00
5.073737373737375878e-01
2.197979797979799643e-01
2.979797979797977128e-02
9.649494949494941132e-01
7.676767676767672077e-02
1.155454545454545956e+00
1.100808080808079348e+00
4.924242424242419869e-01
1.453131313131313274e+00
1.274343434343435444e+00
9.797979797979811112e-01
3.180676767676768790e+01
2.047070707070705708e+00
0.000000000000000000e+00
9.888888888888890116e-02
8.227979797979786625e+00
2.460606060606066181e-01
9.521212121212114798e-01
5.902020202020207273e-01
5.009090909090916366e-01
2.525252525252525415e-01
2.032929292929292142e+00
2.810101010101004881e-01
9.999999999999995004e-03
3.878787878787880172e-02
1.746969696969694619e+00
1.222121212121213274e+00
1.484848484848484418e-01
0.000000000000000000e+00
1.972626262626263616e+00
1.163434343434342821e+00
5.191010101010093969e+00
3.949393939393934350e+00
7.069696969696963595e-01
2.330303030303033096e-01
7.120202020202014426e-01
1.340909090909092827e+00
3.645454545454549500e-01
8.391919191919179344e-01
2.939393939393944444e-02
7.089494949494944187e+00
0.000000000000000000e+00
1.979797979797979363e-02
9.999999999999948166e-03
9.999999999999977657e-03
1.153030303030304404e+00
8.749494949494937002e-01
9.249898989898982293e+00
2.521212121212118573e-01
2.301212121212117712e+00
9.999999999999993339e-01
0.000000000000000000e+00
8.418181818181824649e-01
1.028080808080808817e+00
9.999999999999975922e-03
1.345353535353533525e+00
2.233333333333338278e-01
1.324343434343436599e+00
9.927272727272720143e-01
2.749494949494945550e-01
1.001414141414140424e+00
9.999999999999993269e-03
1.444040404040404013e+00
7.997979797979789529e-01
0.000000000000000000e+00
1.274242424242426397e+00
3.269595959595960277e+00
7.255555555555567304e-01
1.257272727272727320e+00
3.558282828282829158e+00
8.928282828282837480e-01
9.272727272727272763e-02
6.575757575757588957e-02
0.000000000000000000e+00
1.216161616161619136e-01
7.568585858585853643e+00
1.720202020202022508e+00
3.668545454545455442e+01
2.939393939393944444e-02
9.668686868686887648e-01
5.675959595959598758e+00
9.864646464646451562e-01
9.888888888888890116e-02
1.253737373737374261e+00
8.314141414141416053e-01
0.000000000000000000e+00
8.418181818181832421e-01
5.328282828282834060e+00
1.130808080808079152e+00
1.425252525252527769e-01
5.696969696969707286e-02
7.799999999999990274e-01
9.999999999999988065e-03
1.143535353535356291e+00
6.696969696969706787e-02
1.238686868686871279e+00
3.121212121212126323e-01
7.631313131313136600e-01
1.094747474747471916e+00
9.526262626262601563e-01
1.049898989898990997e+00
1.842424242424241798e-01
1.340909090909090828e+00
1.283232323232321281e+00
9.736363636363660756e-01
1.252626262626265197e+00
0.000000000000000000e+00
1.698484848484846710e+00
0.000000000000000000e+00
9.857575757575758324e-01
9.999999999999975922e-03
9.287272727272734230e+00
6.536464646464646755e+00
8.224242424242447225e-01
1.775757575757574425e-01
0.000000000000000000e+00
1.171818181818181204e+00
0.000000000000000000e+00
2.533333333333330994e+00
0.000000000000000000e+00
3.878787878787880172e-02
3.339393939393937027e-01
4.721676767676770226e+01
2.509090909090912480e-01
3.787878787878779518e-01
3.946464646464650228e-01
1.405959595959594965e+00
3.045929292929292131e+01
1.185606060606059664e+01
1.250494949494949104e+01
6.357575757575767428e-01
1.088383838383841118e+00
5.607070707070708204e-01
2.819191919191924023e-01
3.318787878787876622e+00
0.000000000000000000e+00
1.225929292929293268e+01
7.242424242424236880e-01
1.518383838383840390e+00
4.682828282828275790e-01
3.251111111111114838e+00
6.571717171717165185e-01
0.000000000000000000e+00
6.090909090909080170e-01
1.468181818181819365e+00
1.643939393939394478e+00
4.478484848484850289e+00
1.986464646464646044e+00
5.928181818181821328e+00
1.176161616161616630e+00
1.133535353535351620e+00
7.291919191919182808e-01
8.655555555555546343e-01
8.447474747474745804e-01
0.000000000000000000e+00
1.733333333333331450e-01
1.404747474747474634e+00
1.647171717171713956e+00
1.120232323232322713e+01
1.213535353535356354e+00
6.099999999999984324e-01
6.685858585858596159e-01
8.626262626262628519e-01
1.403434343434345033e+00
1.666666666666663799e-01
7.434343434343430868e-02
2.333333333333338089e-01
5.858383838383829811e+00
7.429292929292943271e-01
2.423737373737371747e+00
2.136868686868686140e+00
1.544848484848483583e+00
0.000000000000000000e+00
0.000000000000000000e+00
9.226262626262642375e-01
3.870505050505054445e+00
2.933969696969696628e+01
1.083838383838384045e+00
3.210101010101007457e+00
9.193939393939395410e-01
5.683838383838381025e-01
9.818181818181805909e-01
1.281010101010099600e+00
4.551313131313133198e+00
0.000000000000000000e+00
3.405959595959596076e+00
0.000000000000000000e+00
2.939393939393943403e-02
1.557070707070707494e+00
1.554545454545456507e-01
9.999999999999998473e-03
1.407575757575756148e+00
1.378484848484848868e+00
9.064949494949503972e+00
7.139393939393944288e-01
1.221717171717169537e+00
3.012727272727272698e+00
1.287171717171714747e+00
1.234565656565654912e+01
1.256363636363636349e+00
1.455656565656564316e+00
2.521212121212118573e-01
1.392525252525253165e+00
7.677777777777770041e+00
1.314545454545455572e+00
0.000000000000000000e+00
1.409191919191915110e+00
7.667676767676758764e-01
3.568787878787879286e+00
8.636363636363621199e-02
1.437373737373737415e+00
1.675757575757576834e-01
8.403030303030288861e-01
7.367676767676771821e-01
5.262626262626273199e-01
1.231414141414139962e+00
0.000000000000000000e+00
9.469696969696991262e-01
1.387878787878791265e-01
2.403030303030307957e-01
7.855555555555561176e-01
1.077777777777779278e+00
9.999999999999996739e-03
9.999999999999970718e-03
9.219191919191930262e-01
4.787878787878781517e-01
0.000000000000000000e+00
0.000000000000000000e+00
9.259595959595956494e-01
1.415555555555553902e+00
1.520606060606062071e+00
1.979797979797979016e-02
2.578181818181823903e+00
6.877777777777760448e-01
4.313737373737373204e+00
2.929898989898991779e+00
4.390606060606058847e+00
1.226161616161613788e+00
7.542929292929295038e+00
6.890909090909087542e-01
1.057070707070704607e+00
0.000000000000000000e+00
9.886868686868691691e-01
1.212323232323233801e+00
1.569898989898989683e+00
2.939393939393943056e-02
1.201010101010099529e+00
6.991919191919180321e-01
1.616161616161617132e-01
7.784848484848471140e-01
9.574747474747467013e-01
1.675757575757576556e-01
1.585353535353534848e+00
2.939393939393944791e-02
9.090909090909075896e-02
4.797979797979808753e-02
0.000000000000000000e+00
3.352222222222219017e+01
9.845454545454562778e-01
1.369242424242423972e+01
4.009090909090909371e-01
1.894343434343436883e+00
2.567575757575754736e+00
1.769292929292933580e+00
1.979797979797979016e-02
8.014141414141423558e-01
9.555555555555565739e-02
3.306969696969699335e+00
0.000000000000000000e+00
2.123939393939397124e+00
1.936868686868685741e+00
0.000000000000000000e+00
1.943434343434342904e-01
1.066666666666667568e-01
0.000000000000000000e+00
2.424242424242418481e-01
0.000000000000000000e+00
4.641414141414132999e-01
6.314141414141407616e-01
2.131515151515155360e+00
2.197272727272726911e+01
2.516161616161619596e-01
1.490909090909092738e-01
0.000000000000000000e+00
2.464646464646468027e-01
0.000000000000000000e+00
1.202222222222222525e+00
9.999999999999972453e-03
1.091313131313129903e+00
2.624242424242423377e-01
1.069696969696970701e+00
8.265656565656558374e-01
4.866868686868685678e+00
1.363535353535353822e+00
0.000000000000000000e+00
9.999999999999960310e-03
9.756565656565669986e-01
9.639393939393943178e-01
1.018282828282826902e+00
1.698686868686869245e+00
9.090909090909080059e-02
5.493939393939395011e+00
1.450686868686869069e+01
9.203030303030299564e-01
2.121212121212122381e-01
8.318181818181832332e-01
1.065353535353534387e+00
1.422020202020200852e+00
9.137373737373730709e-01
2.121212121212122381e-01
1.310101010101010210e+00
2.657676767676768304e+00
1.201010101010098641e+00
1.455151515151515751e+00
1.811424242424242692e+01
8.164646464646474477e-01
2.027909090909091816e+01
8.445454545454551543e-01
9.102020202020217887e-01
3.559191919191916575e+00
1.176464646464645991e+00
8.834343434343449042e-01
0.000000000000000000e+00
3.194141414141414614e+00
3.065656565656570964e-01
7.503030303030295833e-01
2.128515151515151871e+01
1.361919191919190641e+00
2.152505050505050477e+01
1.594747474747475247e+00
1.775757575757578866e-01
1.402727272727271934e+00
1.510303030303031369e+00
1.389494949494950671e+00
3.878787878787880172e-02
2.424242424242418481e-01
3.117565656565655630e+01
2.059292929292926289e+00
4.684747474747473994e+00
9.999999999999998473e-03
8.216161616161606895e-01
6.213131313131301514e-01
2.689393939393941224e+00
2.939393939393943403e-02
9.888888888888901219e-02
0.000000000000000000e+00
2.479292929292927106e+00
9.981818181818198354e-01
2.091919191919190124e-01
1.067787878787879663e+01
7.506060606060590557e-01
7.777777777777769574e-02
2.354545454545460825e-01
1.136464646464645956e+00
1.809090909090912414e+00
2.759626262626261806e+01
3.513030303030301393e+00
0.000000000000000000e+00
0.000000000000000000e+00
1.716161616161616943e-01
3.847575757575761202e+00
1.403030303030305070e+00
0.000000000000000000e+00
4.637373737373743365e-01
9.789898989898987436e-01
1.154848484848484791e+00
8.374747474747462617e-01
1.154949494949492950e+00
2.012222222222221024e+00
1.313030303030300772e+00
1.111414141414139189e+00
0.000000000000000000e+00
0.000000000000000000e+00
1.624949494949497364e+00
2.128282828282831163e-01
0.000000000000000000e+00
2.277777777777776347e-01
1.943434343434342904e-01
2.034343434343434676e-01
1.678787878787878496e+00
9.501010101010116671e-01
9.678787878787890042e-01
2.525252525252522084e-01
0.000000000000000000e+00
3.263636363636364113e-01
2.408383838383834519e+00
1.593030303030303463e+00
2.521313131313136502e+00
9.227272727272713970e-01
4.358585858585852235e-01
6.976767676767683390e-01
1.101616161616160383e+00
1.507878787878787596e+00
4.386757575757575012e+01
1.132222222222220465e+00
1.056565656565654709e+00
6.003030303030293391e-01
1.487171717171718033e+00
3.634040404040402628e+00
6.179797979797974072e-01
4.381818181818187830e-01
0.000000000000000000e+00
1.077878787878786326e+00
6.043434343434336276e-01
1.707474747474750032e+00
2.160606060606058976e-01
2.939393939393944791e-02
3.878787878787880172e-02
1.199797979797980751e+00
2.939393939393942362e-02
0.000000000000000000e+00
5.744444444444443132e-01
8.189393939393948330e+00
1.736666666666667913e+00
1.161272727272727856e+01
9.999999999999948166e-03
2.560606060606065437e-01
1.140101010101009393e+00
6.696969696969705399e-02
1.304848484848484702e+00
1.482727272727273560e+00
0.000000000000000000e+00
1.838282828282830295e+00
1.950404040404040629e+01
6.353535353535366692e-01
1.089999999999997637e+00
4.409090909090909172e+00
1.150303030303029495e+00
9.856565656565654532e-01
1.691616161616163128e+00
0.000000000000000000e+00
6.144444444444457920e-01
2.182727272727269519e+00
4.524242424242420624e-01
1.956565656565658839e+00
1.253939393939391689e+00
3.579292929292925418e+00
0.000000000000000000e+00
1.282525252525252180e+00
8.272727272727277426e-02
6.288888888888883866e-01
3.348181818181821701e+00
1.879070707070707158e+01
5.643535353535344967e+00
6.236363636363632112e-01
0.000000000000000000e+00
6.014747474747478506e+00
8.773737373737354739e-01
3.123232323232328911e-01
1.366151515151515383e+01
8.191919191919198040e-01
5.696969696969703817e-02
1.150909090909093546e+00
1.453131313131312607e+00
2.939393939393943403e-02
1.129898989898992179e+00
1.066666666666668400e-01
1.726262626262628386e+00
0.000000000000000000e+00
1.083434343434345859e+00
7.511111111111108407e-01
2.939393939393942362e-02
9.397878787878786611e+00
9.888888888888903994e-02
4.407070707070707805e+00
7.433333333333331794e-01
1.287878787878784514e-01
1.373838383838382082e+00
0.000000000000000000e+00
2.036565656565659577e+00
6.361616161616151510e-01
5.081888888888886413e+01
1.068383838383840434e+00
7.575858585858587624e+00
4.895252525252514531e+00
1.199898989898991575e+00
2.939393939393943056e-02
1.131212121212123334e+00
2.005757575757573186e+00
1.170707070707069697e+00
1.364949494949493136e+00
2.233333333333338278e-01
1.207838383838384111e+01
8.206060606060600060e-01
1.066666666666667290e-01
1.679090909090909189e+00
1.041010101010102273e+00
1.388888888888886453e-01
4.132363636363633219e+01
1.244343434343435639e+00
6.979797979797969232e-01
2.885555555555553209e+00
1.288989898989900906e+00
1.055212121212122867e+01
0.000000000000000000e+00
0.000000000000000000e+00
1.069393939393941118e+00
7.239393939393926614e-01
1.898525252525251972e+01
1.055656565656564627e+00
9.414141414141427577e-02
9.481818181818205682e-01
1.708080808080806978e+00
0.000000000000000000e+00
3.544343434343433685e+00
3.274121212121212210e+01
8.503030303030311154e-01
2.882828282828288069e-01
2.160606060606058421e-01
5.165454545454543300e+00
1.066666666666669788e-01
3.997838383838382725e+01
0.000000000000000000e+00
7.076767676767672377e-01
0.000000000000000000e+00
1.444848484848487047e+00
2.525252525252525415e-01
9.999999999999962044e-03
8.534343434343446555e-01
2.696969696969692687e-01
2.634434343434343972e+01
2.424242424242418481e-01
1.106060606060606855e+00
2.525252525252525415e-01
1.943434343434342904e-01
6.006060606060615870e-01
1.446565656565657498e+00
2.121212121212122381e-01
2.860202020202025075e+00
0.000000000000000000e+00
1.061313131313132097e+00
1.073434343434342297e+00
3.290606060606059646e+00
1.174343434343436021e+00
2.593737373737375673e+00
7.351515151515153335e-01
9.999999999999960310e-03
6.418181818181828424e-01
1.216161616161618164e-01
4.367676767676769156e-01
3.361939393939395160e+01
3.415747474747475110e+01
7.627272727272740305e-01
1.107070707070706012e-01
9.765656565656561927e-01
3.401717171717171340e+01
1.567575757575759621e+00
1.845757575757576152e+00
2.987878787878791020e-01
1.050606060606062986e+00
2.722222222222215882e-01
1.300505050505051052e+00
4.455737373737373019e+01
2.443434343434338074e-01
9.999999999999955105e-03
1.700909090909088484e+00
2.784828282828280521e+01
9.396969696969698083e-01
1.440707070707072157e+00
1.490909090909092738e-01
2.597474747474750600e+00
1.893939393939393923e-01
0.000000000000000000e+00
1.943434343434342904e-01
1.306121212121212238e+01
2.867979797979801848e+00
5.475424242424241328e+01
0.000000000000000000e+00
5.170707070707065700e-01
1.018080808080808808e+00
9.945454545454560646e-01
1.066666666666669372e-01
9.542424242424246694e-01
9.247474747474753176e-01
2.373737373737369316e-01
7.282727272727275825e+00
0.000000000000000000e+00
1.930303030303032463e-01
1.653434343434345033e+00
1.979797979797979016e-02
2.337373737373741323e-01
7.441414141414147698e-01
1.319494949494949498e+00
6.156161616161616834e+00
7.158585858585840844e-01
2.621212121212118107e-01
1.399393939393937858e+00
2.509090909090913035e-01
9.189898989898974691e-01
4.227272727272722852e-01
0.000000000000000000e+00
6.892323232323238180e+00
1.554545454545455951e-01
2.297979797979793071e-01
0.000000000000000000e+00
8.272727272727277426e-02
0.000000000000000000e+00
7.718181818181814036e-01
1.216161616161619552e-01
4.710101010101017671e-01
4.797979797979804589e-02
1.162323232323231093e+00
9.828282828282814965e-01
1.670606060606062204e+00
1.180808080808078531e+00
1.523838383838384880e+00
1.684242424242425429e+00
1.591666666666666963e+01
4.501717171717170629e+01
1.318080808080806188e+00
1.100707070707071855e+00
7.771111111111109970e+00
2.197979797979799643e-01
2.626262626262629851e+00
0.000000000000000000e+00
2.010404040404037751e+00
7.973737373737384004e-01
0.000000000000000000e+00
1.055454545454543203e+00
1.131313131313131243e-01
0.000000000000000000e+00
3.453636363636365392e+00
2.685313131313132118e+01
2.213131313131316835e-01
7.934343434343449353e-01
1.375656565656567576e+00
3.200606060606061121e+00
9.327272727272708508e-01
8.511111111111111516e-01
7.757575757575760345e-02
1.203939393939396307e+00
9.888888888888903994e-02
1.150606060606058634e+00
2.336565656565660287e+00
8.498989898989904868e-01
1.291313131313130969e+00
2.900000000000004796e-01
2.327272727272732267e-01
1.495555555555555527e+00
1.425252525252527214e-01
3.724343434343432513e+00
2.947070707070710949e+00
7.655555555555547675e-01
3.225656565656565888e+00
1.979797979797979016e-02
2.693939393939394078e-01
2.600000000000000644e-01
9.631313131313140596e-01
1.852121212121211169e+00
1.979797979797979363e-02
1.345353535353535968e+00
1.077777777777776391e+00
4.222090909090909605e+01
6.575757575757583406e-02
5.068989898989897824e+00
9.272727272727272763e-02
1.840404040404038377e-01
4.747272727272725312e+00
1.834242424242422453e+00
7.403030303030299075e-01
1.107070707070705873e-01
2.786979797979797979e+01
1.840909090909092605e+00
1.770909090909086547e+00
1.142424242424245201e-01
2.373737373737368761e-01
7.125252525252531166e-01
1.574949494949494433e+00
5.233838383838379293e+00
0.000000000000000000e+00
0.000000000000000000e+00
6.596969696969690045e-01
7.533333333333334103e-01
1.602222222222221770e+00
2.915757575757577325e+00
1.685959595959598767e+00
9.747474747474726975e-01
2.875757575757569851e-01
0.000000000000000000e+00
0.000000000000000000e+00
1.652828282828283424e+00
1.308989898989901812e+00
1.517777777777775672e+00
2.939393939393944444e-02
1.723434343434345983e+00
5.015555555555554434e+00
2.414141414141420527e-01
1.496393939393939831e+01
1.537373737373735727e+00
1.960303030303026439e+00
8.415151515151499950e-01
3.280202020202025448e+00
1.393838383838380102e+00
0.000000000000000000e+00
9.130303030303031919e-01
1.817777777777777048e+00
8.272727272727277426e-02
1.320707070707072051e+00
8.480808080808087679e-01
1.727505050505051187e+01
4.179292929292929948e+00
8.277777777777769463e-01
8.261616161616159859e-01
3.979797979797971424e-02
2.121212121212122381e-01
0.000000000000000000e+00
2.495959595959598432e-01
1.001515151515149471e+00
3.045454545454549522e-01
3.564646464646460400e-01
1.058484848484850360e+00
7.746868686868684684e+00
9.762020202020206483e+00
7.141414141414156314e-01
0.000000000000000000e+00
7.434343434343430868e-02
7.953030303030294235e+00
8.156565656565649691e-01
1.652525252525251398e+00
1.554545454545456895e+00
0.000000000000000000e+00
6.658585858585855943e-01
9.888888888888892892e-02
9.999999999999953371e-03
8.039595959595954966e+00
1.317474747474748131e+00
1.087979797979799157e+00
3.352525252525253574e-01
1.472323232323232478e+00
2.366666666666671082e-01
1.444040404040404013e+00
3.896060606060602893e+00
8.317171717171704115e-01
8.275757575757555218e-01
4.797979797979806671e-02
1.637777777777776889e+00
6.910808080808084064e+00
9.100000000000010303e-01
5.946464646464638681e-01
0.000000000000000000e+00
3.959595959595958031e-02
7.784848484848476691e-01
1.528181818181818086e+00
7.678787878787868282e-01
1.788888888888890139e-01
3.531919191919192791e+00
2.469808080808080319e+01
1.914545454545453218e+00
2.221616161616159157e+00
2.073636363636359725e+00
5.975757575757565387e-01
2.354545454545460270e-01
3.331949494949493840e+01
1.970000000000000995e+01
7.247474747474746959e-01
9.985858585858580216e-01
2.094343434343433064e+00
1.291919191919190801e+00
1.148585858585862374e+00
3.368686868686869285e-01
0.000000000000000000e+00
4.797979797979803201e-02
1.143636363636362230e+00
6.633434343434340796e+00
1.352626262626261733e+00
1.769858585858587929e+01
1.111101010101009834e+01
6.015454545454548274e+00
8.160606060606052647e-01
7.676767676767673465e-02
1.283838383838385555e+00
8.476767676767682502e-01
0.000000000000000000e+00
3.948505050505050207e+01
6.067676767676762895e-01
6.054545454545459116e-01
7.561616161616181442e-01
1.699595959595958661e+00
9.488888888888874495e-01
1.179696969696967246e+00
2.042727272727274279e+00
1.979797979797979363e-02
0.000000000000000000e+00
2.079424242424242664e+01
9.983838383838397057e-01
2.205393939393940173e+01
1.842424242424241798e-01
1.114949494949492026e+00
0.000000000000000000e+00
1.018949494949494827e+01
0.000000000000000000e+00
4.742525252525252810e+00
0.000000000000000000e+00
4.254545454545454741e-01
1.167494949494951229e+01
1.166262626262628332e+00
1.074848484848484276e+00
3.759979797979799798e+01
1.700505050505048521e+00
1.942424242424245051e+00
1.979797979797979363e-02
1.102121212121211613e+00
0.000000000000000000e+00
1.345252525252524700e+00
9.374141414141414330e+00
1.979797979797979363e-02
1.046444444444445132e+01
4.941393939393941537e+01
1.089494949494947518e+00
0.000000000000000000e+00
1.337979797979796937e+00
2.075868686868686552e+01
1.827979797979800036e+00
7.961616161616149601e-01
1.921393939393939831e+01
0.000000000000000000e+00
8.886868686868681921e-01
0.000000000000000000e+00
1.296969696969695052e-01
2.940303030303031662e+01
1.990909090909090684e-01
4.435757575757577342e+00
3.134444444444445033e+00
1.320303030303031866e+00
5.934343434343444246e-01
2.327272727272732267e-01
2.155555555555553338e-01
6.463636363636355853e-01
2.878181818181814844e+00
1.430303030303029299e+00
1.162222222222224266e+00
9.090909090909066181e-02
3.937373737373737193e-01
4.517272727272731103e+00
1.756353535353535023e+01
8.322222222222226407e-01
7.135353535353523569e-01
1.626565656565656326e+00
1.979797979797979363e-02
3.136282828282825008e+01
9.924242424242430971e-01
8.389898989898973980e-01
2.235252525252528155e+00
7.882828282828278077e-01
1.012323232323230959e+00
2.290303030303034060e+00
1.425252525252529434e-01
3.737373737373733129e-01
0.000000000000000000e+00
4.201010101010096420e-01
1.557777777777776151e+00
3.099262626262627762e+01
2.890111111111113473e+01
1.359090909090908905e+00
2.525252525252525415e-01
1.176868686868685954e+00
9.649494949494957785e-01
1.518989898989899778e+00
2.403030303030307957e-01
1.846464646464644588e+00
0.000000000000000000e+00
2.132424242424244110e+00
9.460606060606048251e-01
1.146969696969694974e+00
7.275757575757583195e-01
1.885959595959599167e+00
2.722222222222218657e-01
4.271272727272727820e+01
1.196969696969695462e+00
3.784949494949495730e+00
1.133535353535355616e+00
1.558686868686869564e+00
9.495959595959574395e-01
1.280202020202023228e+00
8.357575757575768094e-01
5.687878787878789311e+00
8.912121212121221214e-01
1.122323232323232833e+00
1.403434343434342368e+00
9.999999999999951636e-03
5.695959595959589894e-01
7.671717171717163941e-01
1.944545454545459240e+00
1.138989898989898553e+00
1.687070707070708941e+00
2.197979797979799643e-01
1.979797979797979016e-02
2.160606060606058421e-01
9.999999999999963779e-03
5.787878787878795173e-01
0.000000000000000000e+00
2.682828282828286781e-01
1.154646464646466475e+00
1.416464646464646648e+00
7.434343434343432255e-02
1.554545454545456507e-01
4.105151515151518105e+00
9.188888888888896433e-01
6.896363636363641803e+00
0.000000000000000000e+00
0.000000000000000000e+00
1.191919191919192711e+00
6.575757575757584794e-02
0.000000000000000000e+00
7.460606060606052026e-01
2.505656565656569246e+00
0.000000000000000000e+00
1.288989898989900906e+00
1.366767676767677298e+00
1.999393939393941277e+00
3.878787878787880172e-02
7.818181818181825504e-02
