1.121616161616161067e+00
8.258585858585855144e-01
0.000000000000000000e+00
6.334343434343421286e-01
1.340404040404042041e+00
5.512121212121205982e-01
2.121212121212122381e-01
6.111111111111123817e-01
2.403030303030307957e-01
7.094949494949503999e-01
2.219161616161614603e+01
1.357575757575757991e-01
0.000000000000000000e+00
4.130303030303030254e-01
7.206060606060612495e-01
1.673838383838380794e+00
0.000000000000000000e+00
0.000000000000000000e+00
1.359838383838384601e+01
7.259595959595964709e-01
0.000000000000000000e+00
4.209090909090905663e-01
9.432323232323220896e-01
2.121212121212122381e-01
0.000000000000000000e+00
0.000000000000000000e+00
9.186868686868689959e-01
0.000000000000000000e+00
0.000000000000000000e+00
6.818181818181834331e-01
1.975858585858586203e+00
2.939393939393944444e-02
1.943434343434342904e-01
3.607070707070709203e-01
8.676767676767661586e-01
6.430303030303027301e-01
2.300040404040403885e+01
1.361959595959595148e+01
1.990909090909090962e-01
1.070303030303031866e+00
2.818585858585856307e+00
5.084848484848473182e-01
8.333333333333335924e-01
6.069696969696960487e-01
9.250505050505044569e-01
0.000000000000000000e+00
4.015151515151508810e-01
0.000000000000000000e+00
1.090808080808082670e+00
4.169898989898991992e+00
8.404040404040414858e-01
0.000000000000000000e+00
3.878787878787880172e-02
3.744444444444448017e-01
1.173636363636362479e+00
2.516161616161612935e-01
8.621212121212129542e-01
3.751515151515154578e-01
1.776363636363638587e+00
6.871717171717167671e-01
1.554292929292928171e+01
5.247474747474739631e-01
9.673838383838379684e+00
0.000000000000000000e+00
6.137373737373732485e-01
2.939393939393944097e-02
2.182121212121209464e+00
7.868686868686849412e-01
2.524242424242423843e-01
2.939393939393944097e-02
9.801010101010110276e-01
0.000000000000000000e+00
8.587878787878775455e-01
1.145858585858584799e+00
3.939393939393939781e-02
1.576474747474747318e+01
8.870707070707064545e-01
8.479797979797972785e-01
8.590202020202019284e+00
2.513131313131308220e-01
6.074747474747479448e-01
6.614141414141404551e-01
3.878787878787880172e-02
2.131111111111112510e+00
1.718080808080810318e+00
8.624242424242437588e-01
4.968686868686876812e-01
1.051919191919193031e+00
3.096969696969694708e-01
1.943434343434342904e-01
1.979797979797979363e-02
6.786868686868695599e-01
9.999999999999972453e-03
9.655555555555547231e-01
6.273737373737386935e-01
4.686868686868679301e-01
7.802020202020214512e-01
8.333333333333343695e-01
5.973737373737375567e-01
2.073484848484848087e+01
1.427777777777776924e+00
0.000000000000000000e+00
1.979797979797979363e-02
4.819595959595951662e+00
2.424242424242418759e-01
6.624242424242422489e-01
5.000000000000006661e-01
2.972727272727265779e-01
2.516161616161619596e-01
1.264545454545452197e+00
2.524242424242423843e-01
0.000000000000000000e+00
9.999999999999953371e-03
9.667676767676756100e-01
8.120202020202004212e-01
9.999999999999998473e-03
0.000000000000000000e+00
1.021717171717173356e+00
7.662626262626258677e-01
2.360202020202015749e+00
2.487171717171721586e+00
4.322222222222229515e-01
1.688888888888888662e-01
5.763636363636369664e-01
8.665656565656556509e-01
2.904040404040398871e-01
7.933333333333336679e-01
0.000000000000000000e+00
4.037474747474756320e+00
0.000000000000000000e+00
0.000000000000000000e+00
0.000000000000000000e+00
0.000000000000000000e+00
7.469696969696963951e-01
5.670707070707059483e-01
5.018080808080803479e+00
2.521212121212118573e-01
1.451919191919190277e+00
6.691919191919203369e-01
0.000000000000000000e+00
5.114141414141407660e-01
8.871717171717172779e-01
0.000000000000000000e+00
7.848484848484843512e-01
2.160606060606058976e-01
9.206060606060597618e-01
6.866666666666663144e-01
2.179797979797982732e-01
7.089898989898970605e-01
9.999999999999993269e-03
9.471717171717172201e-01
6.434343434343448020e-01
0.000000000000000000e+00
8.975757575757590256e-01
1.998989898989895542e+00
5.755555555555550429e-01
7.801010101010111830e-01
1.935252525252524114e+00
6.212121212121223257e-01
5.696969696969707286e-02
2.939393939393944444e-02
0.000000000000000000e+00
6.575757575757584794e-02
4.179393939393932556e+00
9.355555555555569169e-01
2.264878787878790689e+01
1.979797979797979363e-02
6.747474747474755397e-01
2.705353535353534067e+00
7.570707070707067832e-01
4.797979797979797650e-02
7.263636363636357673e-01
3.854545454545449945e-01
0.000000000000000000e+00
5.001010101010111564e-01
3.358181818181817935e+00
6.960606060606050471e-01
8.272727272727277426e-02
2.939393939393944791e-02
5.897979797979804317e-01
0.000000000000000000e+00
1.079898989898987027e+00
8.272727272727276038e-02
7.304040404040403889e-01
1.395959595959597177e-01
5.647474747474752199e-01
8.001010101010098685e-01
5.560606060606081424e-01
4.803030303030311199e-01
1.490909090909092460e-01
1.021818181818183513e+00
1.105757575757574385e+00
6.433333333333337567e-01
7.728282828282823091e-01
0.000000000000000000e+00
1.174343434343432913e+00
0.000000000000000000e+00
7.751515151515142588e-01
0.000000000000000000e+00
5.309696969696969582e+00
3.801010101010096065e+00
6.657575757575749931e-01
6.696969696969710950e-02
0.000000000000000000e+00
7.505050505050522291e-01
0.000000000000000000e+00
1.510303030303034477e+00
0.000000000000000000e+00
0.000000000000000000e+00
1.873737373737367762e-01
2.056515151515151274e+01
2.488888888888884654e-01
2.103030303030302417e-01
3.243434343434347111e-01
7.985858585858567338e-01
1.992808080808079296e+01
6.964242424242425678e+00
8.425252525252529878e+00
3.349494949494957186e-01
5.929292929292940828e-01
4.595959595959598354e-01
2.658585858585855166e-01
1.811313131313128322e+00
0.000000000000000000e+00
6.176464646464645547e+00
6.252525252525255040e-01
8.952525252525235233e-01
3.369696969696975852e-01
2.373535353535352055e+00
5.069696969696974032e-01
0.000000000000000000e+00
2.883838383838386310e-01
8.939393939393949218e-01
6.915151515151513051e-01
2.792828282828280440e+00
1.519494949494949010e+00
2.954949494949496103e+00
8.366666666666667806e-01
7.128282828282820338e-01
3.304040404040397561e-01
6.031313131313134068e-01
5.218181818181810705e-01
0.000000000000000000e+00
1.554545454545456507e-01
9.105050505050503729e-01
9.617171717171734135e-01
5.566161616161614312e+00
8.297979797979808669e-01
3.077777777777784274e-01
5.375757575757565965e-01
7.032323232323218765e-01
9.527272727272732000e-01
5.919191919191918450e-02
0.000000000000000000e+00
2.036363636363637541e-01
3.519393939393937298e+00
4.507070707070699456e-01
1.547575757575760047e+00
1.423131313131315467e+00
9.885858585858594560e-01
0.000000000000000000e+00
0.000000000000000000e+00
6.084848484848499606e-01
2.845454545454543460e+00
1.823262626262626185e+01
6.660606060606065748e-01
1.544141414141415369e+00
7.045454545454552520e-01
3.525252525252525748e-01
6.393939393939409577e-01
8.559595959595961423e-01
2.714646464646465862e+00
0.000000000000000000e+00
2.127070707070708444e+00
0.000000000000000000e+00
0.000000000000000000e+00
1.049191919191919009e+00
9.888888888888897055e-02
0.000000000000000000e+00
8.826262626262605382e-01
8.956565656565662614e-01
4.654747474747471081e+00
5.891919191919202659e-01
5.719191919191914941e-01
1.805555555555554470e+00
8.180808080808072980e-01
9.452525252525257216e+00
8.294949494949499513e-01
1.088282828282825854e+00
2.475757575757577267e-01
1.029292929292927150e+00
4.647575757575755695e+00
8.730303030303020462e-01
0.000000000000000000e+00
9.197979797979813910e-01
6.253535353535357721e-01
2.180808080808084526e+00
9.999999999999970718e-03
8.693939393939407179e-01
1.142424242424244507e-01
6.207070707070722060e-01
6.495959595959587274e-01
4.073737373737364442e-01
7.457575757575746200e-01
0.000000000000000000e+00
7.379797979797965146e-01
8.272727272727277426e-02
2.354545454545460548e-01
7.404040404040405088e-01
6.675757575757562678e-01
0.000000000000000000e+00
0.000000000000000000e+00
7.881818181818188718e-01
4.697979797979789374e-01
0.000000000000000000e+00
0.000000000000000000e+00
6.458585858585847994e-01
9.382828282828281630e-01
9.180808080808089411e-01
0.000000000000000000e+00
1.660000000000001252e+00
3.929292929292924064e-01
2.578989898989902496e+00
1.725959595959595916e+00
2.480000000000000426e+00
7.591919191919189736e-01
6.025151515151511816e+00
6.403030303030299297e-01
6.968686868686861935e-01
0.000000000000000000e+00
6.132323232323221296e-01
8.236363636363625007e-01
8.612121212121218727e-01
0.000000000000000000e+00
8.330303030303025658e-01
4.107070707070697990e-01
9.090909090909084223e-02
6.111111111111098282e-01
6.273737373737364731e-01
1.216161616161618442e-01
9.432323232323214235e-01
0.000000000000000000e+00
3.878787878787880172e-02
1.979797979797979016e-02
0.000000000000000000e+00
2.028111111111112308e+01
7.781818181818198621e-01
7.182424242424241712e+00
3.246464646464650161e-01
1.204242424242425447e+00
1.575555555555555820e+00
1.177979797979800347e+00
0.000000000000000000e+00
5.577777777777772616e-01
9.999999999999977657e-03
2.414848484848481025e+00
0.000000000000000000e+00
1.249494949494947882e+00
1.064848484848486487e+00
0.000000000000000000e+00
1.216161616161617331e-01
4.797979797979797650e-02
0.000000000000000000e+00
1.833333333333332094e-01
0.000000000000000000e+00
4.113131313131314637e-01
2.753535353535352392e-01
1.123333333333331741e+00
1.218373737373737953e+01
2.424242424242418481e-01
1.216161616161618164e-01
0.000000000000000000e+00
2.297979797979792238e-01
0.000000000000000000e+00
8.111111111111111160e-01
9.999999999999972453e-03
7.719191919191921158e-01
2.524242424242423843e-01
7.006060606060618978e-01
6.529292929292933589e-01
3.068888888888885003e+00
8.132323232323237505e-01
0.000000000000000000e+00
0.000000000000000000e+00
6.327272727272719166e-01
6.362626262626259743e-01
6.184848484848478600e-01
9.715151515151501105e-01
4.797979797979808059e-02
2.781414141414141117e+00
9.512929292929294789e+00
5.893939393939400251e-01
1.990909090909091794e-01
5.215151515151508210e-01
7.280808080808086613e-01
9.169696969696989886e-01
6.094949494949502000e-01
2.121212121212122381e-01
7.837373737373730664e-01
1.566767676767675255e+00
7.884848484848488992e-01
6.486868686868676459e-01
1.228101010101010715e+01
3.615151515151515116e-01
1.261929292929291258e+01
7.210101010101015451e-01
5.978787878787891197e-01
2.239797979797977234e+00
9.585858585858570979e-01
7.675757575757568008e-01
0.000000000000000000e+00
1.954141414141415733e+00
1.914141414141414532e-01
6.564646464646470836e-01
9.898080808080814919e+00
1.005555555555556646e+00
1.043404040404040956e+01
8.647474747474759305e-01
1.425252525252528324e-01
1.009494949494951443e+00
9.594949494949507329e-01
1.069696969696968925e+00
9.999999999999981126e-03
2.327272727272732267e-01
1.542444444444443974e+01
1.166262626262627888e+00
2.569090909090910202e+00
0.000000000000000000e+00
6.882828282828278299e-01
4.526262626262622102e-01
1.707373737373739653e+00
0.000000000000000000e+00
1.066666666666668400e-01
0.000000000000000000e+00
1.642929292929294238e+00
8.726262626262639710e-01
1.316161616161619918e-01
5.208282828282825960e+00
4.765656565656566368e-01
0.000000000000000000e+00
2.488888888888884654e-01
9.242424242424261971e-01
1.133636363636365330e+00
1.553565656565656106e+01
2.411212121212122472e+00
0.000000000000000000e+00
0.000000000000000000e+00
1.242424242424245012e-01
2.572828282828281576e+00
9.157575757575768804e-01
0.000000000000000000e+00
4.596969696969699370e-01
6.588888888888886353e-01
7.663636363636353588e-01
6.668686868686867220e-01
8.373737373737377698e-01
1.096363636363637317e+00
8.355555555555549407e-01
8.428282828282823713e-01
0.000000000000000000e+00
0.000000000000000000e+00
1.087171717171715013e+00
6.898989898989892067e-02
0.000000000000000000e+00
2.260606060606057399e-01
1.733333333333332560e-01
1.546464646464643100e-01
9.526262626262615996e-01
5.611111111111097838e-01
7.846464646464633708e-01
2.297979797979792516e-01
0.000000000000000000e+00
2.867676767676772265e-01
2.021717171717175354e+00
1.105252525252527374e+00
1.292828282828284436e+00
5.025252525252531521e-01
3.057575757575754505e-01
2.151515151515157320e-01
7.802020202020211181e-01
9.869696969696957201e-01
2.525797979797980375e+01
7.085858585858596514e-01
7.166666666666651198e-01
5.612121212121202740e-01
1.125050505050507077e+00
2.186262626262622355e+00
3.242424242424237768e-01
3.772727272727274261e-01
0.000000000000000000e+00
7.768686868686869307e-01
2.993939393939398785e-01
1.236161616161618682e+00
1.733333333333331172e-01
0.000000000000000000e+00
0.000000000000000000e+00
8.487878787878782028e-01
9.999999999999993269e-03
0.000000000000000000e+00
5.182828282828283450e-01
5.249292929292934673e+00
1.273434343434341143e+00
7.026161616161617829e+00
0.000000000000000000e+00
2.121212121212122381e-01
9.011111111111110850e-01
1.979797979797979710e-02
1.055151515151513841e+00
8.509090909090909483e-01
0.000000000000000000e+00
1.339595959595961450e+00
1.126747474747475231e+01
5.026262626262619770e-01
7.700000000000014611e-01
2.441818181818184996e+00
7.776767676767682991e-01
6.721212121212120083e-01
9.084848484848498940e-01
0.000000000000000000e+00
5.261616161616171627e-01
1.410707070707072130e+00
4.354545454545450944e-01
1.252424242424241108e+00
9.485858585858593095e-01
2.206161616161617989e+00
0.000000000000000000e+00
8.980808080808090343e-01
9.888888888888890116e-02
6.758585858585861583e-01
2.188484848484844036e+00
1.267050505050505116e+01
3.379595959595964594e+00
4.107070707070704096e-01
0.000000000000000000e+00
4.076666666666668881e+00
7.273737373737368950e-01
3.640404040404039421e-01
7.229797979797983665e+00
6.180808080808096738e-01
1.979797979797979710e-02
8.726262626262643041e-01
8.646464646464653292e-01
0.000000000000000000e+00
8.397979797979797656e-01
4.797979797979801814e-02
1.036262626262626219e+00
0.000000000000000000e+00
8.609090909090901800e-01
6.039393939393945532e-01
9.999999999999981126e-03
3.841818181818182687e+00
4.797979797979802508e-02
2.153434343434340370e+00
7.436363636363632068e-01
7.434343434343430868e-02
8.334343434343416401e-01
0.000000000000000000e+00
1.165050505050502894e+00
4.621212121212127655e-01
2.969484848484847817e+01
6.536363636363625718e-01
3.883838383838386754e+00
3.702121212121216587e+00
8.256565656565667544e-01
0.000000000000000000e+00
7.748484848484847864e-01
1.220303030303031555e+00
7.181818181818180324e-01
9.635353535353522458e-01
2.121212121212122381e-01
8.456464646464647572e+00
6.871717171717156569e-01
9.888888888888897055e-02
9.202020202020209094e-01
7.404040404040406198e-01
1.264646464646464463e-01
2.096575757575758203e+01
7.774747474747474296e-01
6.124242424242429816e-01
1.493131313131310867e+00
7.351515151515150004e-01
5.753737373737373595e+00
0.000000000000000000e+00
0.000000000000000000e+00
6.726262626262641264e-01
3.166666666666659857e-01
1.204909090909091240e+01
7.050505050505055937e-01
2.939393939393944444e-02
5.727272727272738617e-01
1.112020202020200133e+00
0.000000000000000000e+00
2.227777777777782742e+00
2.163494949494948827e+01
6.475757575757576934e-01
1.905050505050505660e-01
1.490909090909092738e-01
3.292323232323232762e+00
4.797979797979799732e-02
2.528121212121212125e+01
0.000000000000000000e+00
6.489898989898978954e-01
0.000000000000000000e+00
8.144444444444430831e-01
2.524242424242423843e-01
0.000000000000000000e+00
6.955555555555558156e-01
2.297979797979793071e-01
1.272414141414142641e+01
2.354545454545460270e-01
6.179797979797989615e-01
2.516161616161619596e-01
1.357575757575757991e-01
4.216161616161620551e-01
9.262626262626246776e-01
1.943434343434342904e-01
1.736666666666669911e+00
0.000000000000000000e+00
7.912121212121218106e-01
1.038989898989898464e+00
1.824747474747472564e+00
7.577777777777772172e-01
1.379696969696968978e+00
7.289898989898996318e-01
0.000000000000000000e+00
5.910101010100994312e-01
3.878787878787879478e-02
3.233333333333335835e-01
1.758656565656563942e+01
2.323222222222221589e+01
6.653535353535346974e-01
6.696969696969701236e-02
6.393939393939387372e-01
2.142161616161616422e+01
9.024242424242413518e-01
8.581818181818186009e-01
2.500000000000001110e-01
8.341414141414155159e-01
1.712121212121208158e-01
6.830303030303027656e-01
2.913010101010102559e+01
1.745454545454545869e-01
0.000000000000000000e+00
1.125555555555556531e+00
1.445090909090908937e+01
5.812121212121219571e-01
9.727272727272712194e-01
1.554545454545456507e-01
1.690303030303029974e+00
1.788888888888890139e-01
0.000000000000000000e+00
1.554545454545456229e-01
8.128787878787878896e+00
1.630808080808080041e+00
3.467959595959595021e+01
0.000000000000000000e+00
4.775757575757569318e-01
7.206060606060609164e-01
6.793939393939403271e-01
5.696969696969712144e-02
7.922222222222211618e-01
7.136363636363627361e-01
1.788888888888891249e-01
3.936060606060610922e+00
0.000000000000000000e+00
9.636363636363623475e-02
1.288787878787877039e+00
0.000000000000000000e+00
1.490909090909092460e-01
6.233333333333325177e-01
7.685858585858565961e-01
3.653939393939391156e+00
6.730303030303019796e-01
2.197979797979799643e-01
7.828282828282819850e-01
2.718181818181821807e-01
5.623232323232333352e-01
3.876767676767668980e-01
0.000000000000000000e+00
3.913333333333335773e+00
1.216161616161618164e-01
2.036363636363636431e-01
0.000000000000000000e+00
2.939393939393944444e-02
0.000000000000000000e+00
6.063636363636375481e-01
1.066666666666669372e-01
3.698989898989905045e-01
1.979797979797979016e-02
8.120202020202019755e-01
6.450505050505056515e-01
1.067272727272728039e+00
6.924242424242413874e-01
1.079090909090909767e+00
9.105050505050490406e-01
9.444444444444449971e+00
2.195161616161615115e+01
8.334343434343418622e-01
6.457575757575764186e-01
4.139191919191920199e+00
1.357575757575757991e-01
1.838989898989896954e+00
0.000000000000000000e+00
1.324343434343435044e+00
7.351515151515153335e-01
0.000000000000000000e+00
7.776767676767681881e-01
1.121212121212118856e-01
0.000000000000000000e+00
2.169191919191923112e+00
1.186101010101009834e+01
1.555555555555556968e-01
5.930303030303017975e-01
8.375757575757583062e-01
1.621818181818181603e+00
6.479797979797989882e-01
6.919191919191930440e-01
6.818181818181823228e-02
7.756565656565646005e-01
5.696969696969705899e-02
7.862626262626258855e-01
1.251919191919193652e+00
7.771717171717181794e-01
8.031313131313144726e-01
2.245454545454546313e-01
2.160606060606057310e-01
7.921212121212118928e-01
9.090909090909084223e-02
2.507575757575754682e+00
1.707777777777776285e+00
4.468686868686882474e-01
1.858888888888891255e+00
0.000000000000000000e+00
2.503030303030307491e-01
2.403030303030307957e-01
7.298989898989892700e-01
1.149696969696968551e+00
9.999999999999991535e-03
6.224242424242428795e-01
7.413131313131300359e-01
2.068595959595959854e+01
1.979797979797979710e-02
2.411212121212119364e+00
5.696969696969709368e-02
1.460606060606063905e-01
2.919090909090907626e+00
1.167878787878785518e+00
5.971717171717176864e-01
5.696969696969712837e-02
1.358494949494950355e+01
1.146464646464644632e+00
7.227272727272721076e-01
6.575757575757587570e-02
2.090909090909090495e-01
6.045454545454557183e-01
9.998989898989892877e-01
2.886565656565653004e+00
0.000000000000000000e+00
0.000000000000000000e+00
3.157575757575759590e-01
5.665656565656572718e-01
9.250505050505060112e-01
1.694141414141411506e+00
1.123131313131314091e+00
6.847474747474737722e-01
2.722222222222225874e-01
0.000000000000000000e+00
0.000000000000000000e+00
9.543434343434353817e-01
8.185858585858606373e-01
9.417171717171695100e-01
0.000000000000000000e+00
1.327979797979800036e+00
2.369898989898989505e+00
1.622222222222218235e-01
6.754141414141412447e+00
9.436363636363650498e-01
1.473232323232323449e+00
7.514141414141414232e-01
2.276666666666660621e+00
1.045959595959598420e+00
0.000000000000000000e+00
7.710101010101014785e-01
1.058484848484848362e+00
9.999999999999965514e-03
9.089898989898983483e-01
6.926262626262622568e-01
1.208898989898989385e+01
2.789898989898986770e+00
3.297979797979799232e-01
4.096969696969690045e-01
9.999999999999975922e-03
1.943434343434342904e-01
0.000000000000000000e+00
2.354545454545460270e-01
5.975757575757567608e-01
2.230303030303026068e-01
2.645454545454547501e-01
8.920202020202026016e-01
4.580909090909086601e+00
6.218888888888892907e+00
3.793939393939393390e-01
0.000000000000000000e+00
9.999999999999951636e-03
5.851414141414145398e+00
5.211111111111104144e-01
8.461616161616175580e-01
1.277373737373740381e+00
0.000000000000000000e+00
5.302020202020212292e-01
9.090909090909075896e-02
0.000000000000000000e+00
4.616464646464637944e+00
7.540404040404018460e-01
9.286868686868663403e-01
2.777777777777772350e-01
9.009090909090895494e-01
2.179797979797983287e-01
1.085959595959595347e+00
2.027070707070706135e+00
5.938383838383840541e-01
5.989898989898984061e-01
1.979797979797979016e-02
9.092929292929291529e-01
3.510202020202021878e+00
5.606060606060612184e-01
4.645454545454551498e-01
0.000000000000000000e+00
9.999999999999981126e-03
6.004040404040413836e-01
1.144848484848487669e+00
3.424242424242432969e-01
1.490909090909092738e-01
2.108383838383834696e+00
1.444959595959597287e+01
1.131212121212122002e+00
1.467676767676767691e+00
1.338787878787880414e+00
2.807070707070709048e-01
2.266666666666661278e-01
2.202464646464646236e+01
1.128222222222222193e+01
5.694949494949507196e-01
6.543434343434342271e-01
1.275353535353534795e+00
8.630303030303025924e-01
8.301010101010088960e-01
2.394949494949494273e-01
0.000000000000000000e+00
0.000000000000000000e+00
5.537373737373739724e-01
4.410707070707070798e+00
8.063636363636376148e-01
1.248393939393939966e+01
6.948888888888890669e+00
3.430707070707065487e+00
6.610101010101018248e-01
0.000000000000000000e+00
8.519191919191925200e-01
6.095959595959588029e-01
0.000000000000000000e+00
2.292909090909090963e+01
4.807070707070718041e-01
4.467676767676768690e-01
7.273737373737361178e-01
9.827272727272738928e-01
8.065656565656554866e-01
9.343434343434330325e-01
1.367171717171718370e+00
0.000000000000000000e+00
0.000000000000000000e+00
1.121323232323233121e+01
6.208080808080815860e-01
1.287060606060606816e+01
1.733333333333332005e-01
6.991919191919181431e-01
0.000000000000000000e+00
6.749797979797976133e+00
0.000000000000000000e+00
2.820808080808079765e+00
0.000000000000000000e+00
4.269696969696963329e-01
6.065050505050511020e+00
7.210101010101016561e-01
8.992929292929281448e-01
1.938252525252524094e+01
1.060303030303029637e+00
1.073232323232321983e+00
0.000000000000000000e+00
6.933333333333334680e-01
0.000000000000000000e+00
9.672727272727267289e-01
4.477070707070704536e+00
2.979797979797979557e-02
5.901313131313129290e+00
2.691575757575757777e+01
8.058585858585876061e-01
0.000000000000000000e+00
9.215151515151505102e-01
1.333121212121211130e+01
1.130505050505048903e+00
6.312121212121225566e-01
1.102292929292929813e+01
0.000000000000000000e+00
4.334343434343438384e-01
0.000000000000000000e+00
9.515151515151500095e-02
1.615454545454545965e+01
1.554545454545456507e-01
2.825757575757574802e+00
1.693030303030301997e+00
9.259595959595948722e-01
3.631313131313140263e-01
2.079797979797982366e-01
1.357575757575757991e-01
4.576767676767669046e-01
1.900808080808083833e+00
7.137373737373734484e-01
8.334343434343418622e-01
2.939393939393942362e-02
3.372727272727277792e-01
2.893939393939392257e+00
1.039353535353535385e+01
6.241414141414156624e-01
6.241414141414128869e-01
1.116060606060603755e+00
0.000000000000000000e+00
2.305515151515152539e+01
6.317171717171723433e-01
4.592929292929286422e-01
1.423131313131313913e+00
5.589898989898982595e-01
6.223232323232315011e-01
1.412828282828281656e+00
7.434343434343430868e-02
3.497979797979801075e-01
0.000000000000000000e+00
3.642424242424242009e-01
1.090303030303030996e+00
1.863818181818182040e+01
1.866656565656565547e+01
7.274747474747466081e-01
2.488888888888884654e-01
8.427272727272716590e-01
6.656565656565638367e-01
1.125757575757574180e+00
2.197979797979799643e-01
1.125151515151513015e+00
0.000000000000000000e+00
1.370808080808078921e+00
7.813131313131322919e-01
8.665656565656557619e-01
6.297979797979788019e-01
9.472727272727285985e-01
2.516161616161619596e-01
2.801535353535353678e+01
7.012121212121215086e-01
2.421212121212124924e+00
7.486868686868696221e-01
7.987878787878786024e-01
5.065656565656576626e-01
7.569696969696976252e-01
5.982828282828291933e-01
3.866464646464640609e+00
7.529292929292922265e-01
8.137373737373740923e-01
8.612121212121198743e-01
0.000000000000000000e+00
4.943434343434349731e-01
6.084848484848490724e-01
1.164646464646461821e+00
7.628282828282836325e-01
1.214949494949498332e+00
1.554545454545456507e-01
0.000000000000000000e+00
1.554545454545456229e-01
0.000000000000000000e+00
5.455555555555567926e-01
0.000000000000000000e+00
1.832323232323231910e-01
7.094949494949502888e-01
9.290909090909094115e-01
1.979797979797979016e-02
1.357575757575757991e-01
2.144949494949490720e+00
6.820202020202023041e-01
3.722020202020207780e+00
0.000000000000000000e+00
0.000000000000000000e+00
7.801010101010101838e-01
9.999999999999970718e-03
0.000000000000000000e+00
5.821212121212118173e-01
1.355858585858587206e+00
0.000000000000000000e+00
9.103030303030318349e-01
7.708080808080808310e-01
1.002626262626261200e+00
2.939393939393944444e-02
9.999999999999962044e-03
