2.107676767676768481e+00
9.487878787878762932e-01
0.000000000000000000e+00
7.068686868686873126e-01
2.134242424242426939e+00
6.120202020202022419e-01
2.379797979797985408e-01
1.076666666666665106e+00
2.424242424242418759e-01
1.184040404040406003e+00
3.383040404040404781e+01
1.888888888888888007e-01
9.999999999999953371e-03
7.561616161616160348e-01
1.256868686868689577e+00
3.286363636363634821e+00
0.000000000000000000e+00
2.939393939393944791e-02
2.469606060606060538e+01
8.461616161616152265e-01
0.000000000000000000e+00
5.517171717171708289e-01
1.271111111111108638e+00
2.297979797979792516e-01
0.000000000000000000e+00
9.999999999999974187e-03
1.254040404040402734e+00
2.000000000000000042e-02
0.000000000000000000e+00
8.296969696969698216e-01
3.122525252525255368e+00
6.575757575757587570e-02
2.358585858585862949e-01
5.829292929292938519e-01
1.082020202020204325e+00
9.727272727272736619e-01
5.467939393939392545e+01
2.326969696969695534e+01
2.460606060606065904e-01
1.428585858585854407e+00
4.914949494949504505e+00
6.702020202020192441e-01
1.346060606060605958e+00
7.707070707070695637e-01
1.151313131313132621e+00
0.000000000000000000e+00
4.552525252525257415e-01
0.000000000000000000e+00
1.869191919191921514e+00
7.923636363636358482e+00
1.226868686868688441e+00
0.000000000000000000e+00
8.272727272727276038e-02
5.177777777777772261e-01
1.681111111111110334e+00
3.728282828282835637e-01
1.144444444444445708e+00
4.353535353535347707e-01
2.516464646464641408e+00
8.291919191919184806e-01
2.425444444444445935e+01
8.938383838383833213e-01
1.757595959595959911e+01
0.000000000000000000e+00
1.048282828282826928e+00
3.939393939393939781e-02
2.985151515151512225e+00
1.232929292929291432e+00
2.500000000000001110e-01
2.939393939393943403e-02
1.552626262626263243e+00
1.979797979797979016e-02
1.239494949494951204e+00
1.655858585858587695e+00
1.049494949494951673e-01
2.865919191919191178e+01
1.365151515151513228e+00
1.092828282828281594e+00
1.504101010101011049e+01
4.566666666666666097e-01
7.125252525252527835e-01
9.142424242424259662e-01
1.049494949494951396e-01
3.282222222222217489e+00
2.395353535353538899e+00
1.429090909090910966e+00
6.196969696969704122e-01
1.649999999999999467e+00
4.657575757575752595e-01
2.036363636363637541e-01
2.979797979797977128e-02
9.412121212121201674e-01
8.555555555555562075e-02
1.086969696969698917e+00
1.021010101010099369e+00
4.924242424242419869e-01
1.321515151515149533e+00
1.326666666666664218e+00
9.577777777777797263e-01
3.266424242424241697e+01
2.083131313131315832e+00
0.000000000000000000e+00
1.066666666666668400e-01
7.729898989898981831e+00
2.488888888888884654e-01
9.883838383838388086e-01
5.902020202020207273e-01
4.789898989898994652e-01
2.525252525252525415e-01
1.921717171717168826e+00
2.904040404040396650e-01
1.979797979797979363e-02
9.999999999999953371e-03
1.721818181818183691e+00
1.198989898989901270e+00
1.484848484848484695e-01
0.000000000000000000e+00
1.760303030303030924e+00
1.146565656565655233e+00
4.524747474747472076e+00
3.773636363636359459e+00
7.168686868686865443e-01
2.276767676767675885e-01
6.927272727272724140e-01
1.325050505050506366e+00
3.491919191919196086e-01
8.656565656565651246e-01
2.939393939393944444e-02
7.166262626262626334e+00
0.000000000000000000e+00
9.999999999999965514e-03
0.000000000000000000e+00
9.999999999999977657e-03
1.127979797979795862e+00
8.620202020202033522e-01
9.126262626262617417e+00
2.521212121212118573e-01
2.326868686868686975e+00
9.850505050505028448e-01
0.000000000000000000e+00
8.261616161616177623e-01
1.014040404040405186e+00
9.999999999999975922e-03
1.277070707070704803e+00
2.197979797979799643e-01
1.314646464646463064e+00
1.015151515151513584e+00
2.644444444444448150e-01
1.029393939393940416e+00
9.999999999999993269e-03
1.597878787878785012e+00
8.104040404040413481e-01
0.000000000000000000e+00
1.234747474747475593e+00
3.365050505050509955e+00
6.990909090909083190e-01
1.167575757575755935e+00
3.235050505050507841e+00
9.044444444444460496e-01
6.696969696969704011e-02
7.434343434343430868e-02
0.000000000000000000e+00
1.142424242424244785e-01
7.439999999999999503e+00
1.705757575757576472e+00
3.557757575757575808e+01
2.939393939393944444e-02
9.973737373737365797e-01
5.508181818181816070e+00
1.001515151515149915e+00
9.888888888888890116e-02
1.195858585858586398e+00
8.706060606060590512e-01
0.000000000000000000e+00
7.677777777777765600e-01
5.255959595959602382e+00
1.116565656565657427e+00
1.357575757575757991e-01
5.696969696969707286e-02
7.251515151515158797e-01
9.999999999999998473e-03
1.048383838383839306e+00
6.696969696969702623e-02
1.155454545454546844e+00
3.380808080808086480e-01
7.895959595959605171e-01
1.071313131313128997e+00
8.983838383838393948e-01
1.047575757575758937e+00
1.943434343434342904e-01
1.314545454545453573e+00
1.192020202020201536e+00
9.913131313131338107e-01
1.242323232323230497e+00
0.000000000000000000e+00
1.568484848484847038e+00
0.000000000000000000e+00
1.024242424242425287e+00
1.979797979797979016e-02
8.511717171717180008e+00
6.296060606060603249e+00
8.527272727272739994e-01
1.722222222222220267e-01
0.000000000000000000e+00
1.237575757575760216e+00
0.000000000000000000e+00
2.652323232323236635e+00
0.000000000000000000e+00
3.878787878787880172e-02
3.053535353535349883e-01
4.455313131313129560e+01
2.516161616161619596e-01
3.836363636363638308e-01
3.873737373737370926e-01
1.288989898989901350e+00
2.985474747474749080e+01
1.219020202020201893e+01
1.201464646464646435e+01
6.486868686868686451e-01
1.082222222222219976e+00
5.410101010101007191e-01
2.625252525252524949e-01
3.474747474747475362e+00
0.000000000000000000e+00
1.142080808080808474e+01
7.639393939393936961e-01
1.485252525252524824e+00
4.648484848484842336e-01
3.148686868686866536e+00
6.280808080808089056e-01
0.000000000000000000e+00
6.307070707070721038e-01
1.411717171717171038e+00
1.563030303030304546e+00
4.348484848484848619e+00
1.943737373737371321e+00
5.855353535353540195e+00
1.270909090909092320e+00
1.093434343434345202e+00
6.794949494949495961e-01
8.637373737373732485e-01
8.155555555555563663e-01
0.000000000000000000e+00
1.675757575757577666e-01
1.363131313131313194e+00
1.558585858585860739e+00
1.071707070707070564e+01
1.245555555555556415e+00
6.326262626262634248e-01
6.354545454545440508e-01
8.650505050505039595e-01
1.400606060606057746e+00
1.494949494949495417e-01
7.434343434343430868e-02
2.366666666666671637e-01
5.703535353535354346e+00
7.752525252525248600e-01
2.456363636363632530e+00
2.202929292929295180e+00
1.512929292929291236e+00
0.000000000000000000e+00
0.000000000000000000e+00
8.909090909090897625e-01
3.624949494949486262e+00
2.807848484848484460e+01
1.055454545454547644e+00
2.912424242424237253e+00
8.943434343434348843e-01
5.884848484848472783e-01
1.031818181818181079e+00
1.261414141414144208e+00
4.602727272727269003e+00
0.000000000000000000e+00
3.499595959595958927e+00
9.999999999999962044e-03
2.939393939393943403e-02
1.477272727272728181e+00
1.490909090909092738e-01
0.000000000000000000e+00
1.374343434343437309e+00
1.238181818181819160e+00
8.870505050505054001e+00
7.228282828282817096e-01
1.250000000000003109e+00
2.870404040404037183e+00
1.308989898989898260e+00
1.175848484848484254e+01
1.252323232323230284e+00
1.365757575757574616e+00
2.516161616161619596e-01
1.375151515151518788e+00
7.398989898989902336e+00
1.379292929292930348e+00
0.000000000000000000e+00
1.347070707070705975e+00
8.019191919191908102e-01
3.744545454545459950e+00
8.272727272727277426e-02
1.355353535353536643e+00
1.616161616161617132e-01
8.242424242424238878e-01
7.483838383838381514e-01
4.830303030303032541e-01
1.172020202020203072e+00
0.000000000000000000e+00
9.036363636363625718e-01
1.242424242424244180e-01
2.475757575757577267e-01
7.426262626262617461e-01
1.038989898989898020e+00
9.999999999999996739e-03
1.979797979797979363e-02
9.363636363636363980e-01
4.754545454545461847e-01
0.000000000000000000e+00
0.000000000000000000e+00
8.734343434343424528e-01
1.381919191919192214e+00
1.543838383838383344e+00
2.939393939393944444e-02
2.489494949494944986e+00
7.359595959595964798e-01
4.206666666666664334e+00
2.861616161616162834e+00
4.316666666666668206e+00
1.175858585858584160e+00
7.221717171717186190e+00
6.955555555555551495e-01
1.058484848484849250e+00
0.000000000000000000e+00
9.392929292929286245e-01
1.322323232323234787e+00
1.542424242424244918e+00
9.999999999999963779e-03
1.165151515151516159e+00
7.031313131313146059e-01
1.425252525252529157e-01
7.680808080808075866e-01
9.736363636363627450e-01
1.675757575757576001e-01
1.561414141414140921e+00
2.939393939393943403e-02
8.272727272727276038e-02
5.696969696969712837e-02
0.000000000000000000e+00
3.211000000000000654e+01
9.541414141414158445e-01
1.410666666666665847e+01
3.690909090909093027e-01
1.838585858585861876e+00
2.464040404040405363e+00
1.729898989898986938e+00
1.979797979797979016e-02
7.287878787878778741e-01
8.676767676767672965e-02
3.005050505050505638e+00
0.000000000000000000e+00
1.942121212121215912e+00
1.794141414141413815e+00
0.000000000000000000e+00
1.842424242424241798e-01
1.066666666666667568e-01
0.000000000000000000e+00
2.187878787878790032e-01
0.000000000000000000e+00
4.660606060606063417e-01
6.599999999999996980e-01
2.009191919191922082e+00
2.183545454545454945e+01
2.509090909090911925e-01
1.425252525252529434e-01
0.000000000000000000e+00
2.431313131313128095e-01
0.000000000000000000e+00
1.209191919191920706e+00
9.999999999999972453e-03
1.079595959595958110e+00
2.609090909090912569e-01
1.003535353535355279e+00
8.116161616161629011e-01
5.021515151515146158e+00
1.372727272727274572e+00
0.000000000000000000e+00
9.999999999999996739e-03
9.415151515151523043e-01
8.843434343434364298e-01
9.660606060606046208e-01
1.663737373737376624e+00
9.888888888888895667e-02
5.170303030303030845e+00
1.465464646464646847e+01
9.019191919191932305e-01
2.233333333333338278e-01
8.373737373737373257e-01
1.049999999999998934e+00
1.412020202020201953e+00
9.631313131313140596e-01
2.036363636363637819e-01
1.299292929292928944e+00
2.707171717171718228e+00
1.108888888888889923e+00
1.361919191919189975e+00
1.757151515151515397e+01
7.362626262626247309e-01
1.919222222222221674e+01
8.083838383838386488e-01
9.460606060606077117e-01
3.261616161616164078e+00
1.185454545454548647e+00
9.261616161616177401e-01
0.000000000000000000e+00
3.068383838383840434e+00
3.134343434343432322e-01
7.189898989898990678e-01
2.130979797979799528e+01
1.498888888888890270e+00
2.144545454545454533e+01
1.495656565656566350e+00
1.733333333333332005e-01
1.400707070707072122e+00
1.529090909090907502e+00
1.322727272727270975e+00
3.878787878787880172e-02
2.488888888888884654e-01
3.030242424242425159e+01
2.063333333333335240e+00
4.426060606060612912e+00
1.979797979797979710e-02
7.840404040404026498e-01
6.236363636363623231e-01
2.580808080808078664e+00
1.979797979797979016e-02
1.066666666666668400e-01
0.000000000000000000e+00
2.590909090909088608e+00
9.589898989899002801e-01
2.091919191919190124e-01
1.073545454545454270e+01
6.791919191919201237e-01
7.777777777777769574e-02
2.354545454545460825e-01
1.167575757575757267e+00
1.955050505050503151e+00
2.770646464646465290e+01
3.134343434343432211e+00
0.000000000000000000e+00
0.000000000000000000e+00
1.590909090909092272e-01
4.004949494949496369e+00
1.333232323232323990e+00
0.000000000000000000e+00
4.791919191919189469e-01
9.708080808080816748e-01
1.133636363636361999e+00
8.809090909090913080e-01
1.204949494949494326e+00
1.976868686868684444e+00
1.289898989898989878e+00
1.096363636363634653e+00
0.000000000000000000e+00
0.000000000000000000e+00
1.747070707070709217e+00
2.216161616161613501e-01
0.000000000000000000e+00
2.373737373737368761e-01
2.036363636363636986e-01
2.034343434343434676e-01
1.681414141414141028e+00
9.424242424242434968e-01
9.429292929292921732e-01
2.454545454545459526e-01
0.000000000000000000e+00
3.286868686868685829e-01
2.195858585858585510e+00
1.489595959595958696e+00
2.340505050505053308e+00
8.737373737373750338e-01
4.490909090909087631e-01
7.179797979797974961e-01
1.077373737373737983e+00
1.422525252525253414e+00
4.312353535353533829e+01
1.165454545454543522e+00
1.043838383838381789e+00
6.158585858585851058e-01
1.473838383838384392e+00
3.254949494949494593e+00
5.735353535353544530e-01
4.146464646464650960e-01
0.000000000000000000e+00
1.098888888888889692e+00
6.353535353535342267e-01
1.732828282828285271e+00
2.079797979797981533e-01
9.999999999999949901e-03
3.878787878787880172e-02
1.305858585858583609e+00
1.979797979797979363e-02
0.000000000000000000e+00
5.227272727272735953e-01
7.972727272727274439e+00
1.718181818181816922e+00
1.188232323232324106e+01
9.999999999999948166e-03
2.479797979797985219e-01
1.141313131313130613e+00
4.878787878787880367e-02
1.228080808080807218e+00
1.398383838383842059e+00
0.000000000000000000e+00
1.756868686868686469e+00
1.971383838383837883e+01
6.458585858585863537e-01
1.077878787878786770e+00
4.184444444444443079e+00
1.119494949494952207e+00
8.964646464646461865e-01
1.654242424242424070e+00
0.000000000000000000e+00
6.207070707070724280e-01
2.203434343434344633e+00
4.636363636363636243e-01
1.986363636363638996e+00
1.242323232323232718e+00
3.681212121212122490e+00
0.000000000000000000e+00
1.248282828282825774e+00
8.272727272727277426e-02
6.237373737373725913e-01
3.384545454545457410e+00
1.839010101010100939e+01
5.390202020202020883e+00
6.074747474747468345e-01
0.000000000000000000e+00
6.264242424242430829e+00
9.432323232323222006e-01
3.013131313131315325e-01
1.345686868686868465e+01
8.244444444444433140e-01
3.878787878787880172e-02
1.202525252525251664e+00
1.388585858585856814e+00
0.000000000000000000e+00
1.073434343434342741e+00
9.090909090909075896e-02
1.679595959595956645e+00
0.000000000000000000e+00
1.053030303030301651e+00
6.747474747474750956e-01
1.979797979797979363e-02
9.361010101010105444e+00
1.066666666666668678e-01
4.203030303030299564e+00
7.347474747474750378e-01
1.357575757575757991e-01
1.423232323232322072e+00
0.000000000000000000e+00
2.036464646464644090e+00
6.504040404040403178e-01
4.914121212121212778e+01
1.004343434343434760e+00
7.314545454545451797e+00
4.923131313131305475e+00
1.275151515151516035e+00
2.939393939393943056e-02
1.144949494949496716e+00
1.933131313131313922e+00
1.244545454545453289e+00
1.312121212121214242e+00
2.160606060606058143e-01
1.193686868686868863e+01
7.960606060606061352e-01
1.066666666666667290e-01
1.555151515151513175e+00
1.000606060606061831e+00
1.712121212121209546e-01
3.804121212121210505e+01
1.174444444444443736e+00
6.985858585858575331e-01
2.579595959595955890e+00
1.308181818181819889e+00
1.083050505050504242e+01
0.000000000000000000e+00
0.000000000000000000e+00
1.006767676767679198e+00
7.513131313131299338e-01
1.829727272727271625e+01
1.040303030303029175e+00
7.676767676767660975e-02
9.352525252525271116e-01
1.666363636363635825e+00
0.000000000000000000e+00
3.703333333333336252e+00
3.220515151515152041e+01
8.983838383838388397e-01
2.882828282828288069e-01
2.160606060606058421e-01
5.226565656565655971e+00
9.888888888888897055e-02
4.017818181818181245e+01
0.000000000000000000e+00
6.987878787878786246e-01
0.000000000000000000e+00
1.410000000000000142e+00
2.524242424242423843e-01
9.999999999999962044e-03
8.766666666666669272e-01
2.696969696969693242e-01
2.640343434343435192e+01
2.424242424242418481e-01
9.969696969696953959e-01
2.624242424242423377e-01
1.943434343434342904e-01
5.862626262626274842e-01
1.400606060606061964e+00
2.266666666666662944e-01
2.568383838383840878e+00
0.000000000000000000e+00
1.150808080808079392e+00
1.055555555555556690e+00
3.353030303030306580e+00
1.147575757575756583e+00
2.350606060606064585e+00
7.384848484848476335e-01
9.999999999999960310e-03
6.374747474747486375e-01
9.888888888888901219e-02
4.438383838383844759e-01
3.242424242424240788e+01
3.566575757575757422e+01
7.432323232323223561e-01
1.107070707070706012e-01
9.731313131313118481e-01
3.152515151515149938e+01
1.605252525252522267e+00
1.751818181818182385e+00
2.987878787878791020e-01
1.006262626262627968e+00
2.605050505050509058e-01
1.203434343434342413e+00
4.346828282828282397e+01
2.390909090909094925e-01
0.000000000000000000e+00
1.556666666666667309e+00
2.826858585858585116e+01
8.790909090909092560e-01
1.425555555555558129e+00
1.554545454545456507e-01
2.640101010101014722e+00
1.990909090909090962e-01
0.000000000000000000e+00
1.842424242424241798e-01
1.270080808080807344e+01
2.557777777777773931e+00
5.140515151515153747e+01
0.000000000000000000e+00
5.468686868686855052e-01
1.134444444444442146e+00
9.860606060606065260e-01
1.066666666666668678e-01
9.226262626262636823e-01
9.689898989898965143e-01
2.141414141414141048e-01
7.502121212121210192e+00
0.000000000000000000e+00
2.008080808080810464e-01
1.753030303030300052e+00
9.999999999999968983e-03
2.287878787878792342e-01
7.328282828282818295e-01
1.371616161616159291e+00
5.670101010101006089e+00
7.644444444444430387e-01
2.696969696969693242e-01
1.388585858585857480e+00
2.548484848484845466e-01
9.067676767676778882e-01
4.152525252525254840e-01
0.000000000000000000e+00
6.769393939393944848e+00
1.554545454545456229e-01
2.233333333333338278e-01
0.000000000000000000e+00
9.090909090909084223e-02
0.000000000000000000e+00
7.823232323232315322e-01
1.287878787878783127e-01
4.645454545454551498e-01
4.797979797979804589e-02
1.204949494949492994e+00
9.274747474747460085e-01
1.642626262626259992e+00
1.137979797979799645e+00
1.594444444444442999e+00
1.545959595959595312e+00
1.593555555555554726e+01
4.124878787878787278e+01
1.320303030303032976e+00
1.146767676767674660e+00
7.108080808080821100e+00
2.160606060606058143e-01
2.663535353535349870e+00
0.000000000000000000e+00
1.999797979797981906e+00
8.147474747474729995e-01
0.000000000000000000e+00
1.062525252525252872e+00
1.296969696969694497e-01
0.000000000000000000e+00
3.564444444444447413e+00
2.551989898989898720e+01
1.942424242424242720e-01
7.902020202020197948e-01
1.367979797979799406e+00
3.245353535353534991e+00
8.660606060606059753e-01
8.904040404040423073e-01
5.878787878787888194e-02
1.136060606060604661e+00
7.434343434343430868e-02
1.153030303030303738e+00
2.476666666666665684e+00
8.309090909090904864e-01
1.241515151515150128e+00
2.948484848484843046e-01
2.354545454545460548e-01
1.474343434343436732e+00
1.616161616161617132e-01
3.217171717171714906e+00
2.695050505050509138e+00
7.085858585858597625e-01
3.208787878787878967e+00
2.939393939393944791e-02
2.693939393939394078e-01
2.616161616161620240e-01
9.433333333333339121e-01
1.810303030303034078e+00
2.939393939393943056e-02
1.231919191919194523e+00
1.064040404040401455e+00
4.225111111111111484e+01
7.434343434343432255e-02
5.179696969696967024e+00
1.107070707070704346e-01
1.748484848484843368e-01
4.672929292929294043e+00
1.760101010101012164e+00
7.111111111111104721e-01
1.242424242424243763e-01
2.743090909090909335e+01
1.864141414141416542e+00
1.681515151515154960e+00
1.066666666666669372e-01
2.373737373737368761e-01
6.943434343434342626e-01
1.559696969696973134e+00
5.251515151515155466e+00
0.000000000000000000e+00
0.000000000000000000e+00
6.605050505050517051e-01
8.073737373737364109e-01
1.466464646464644472e+00
2.755353535353536110e+00
1.642020202020204600e+00
9.844444444444457876e-01
2.790909090909095558e-01
0.000000000000000000e+00
0.000000000000000000e+00
1.610606060606058820e+00
1.304949494949495303e+00
1.608383838383837361e+00
1.979797979797979016e-02
1.584545454545457144e+00
4.971919191919191405e+00
2.346464646464644088e-01
1.447414141414140509e+01
1.502424242424239553e+00
1.886767676767673763e+00
8.710101010101012342e-01
3.319393939393940673e+00
1.502929292929295668e+00
0.000000000000000000e+00
8.891919191919201992e-01
1.636969696969698962e+00
8.272727272727277426e-02
1.245353535353535435e+00
8.702020202020198658e-01
1.680818181818181856e+01
3.925050505050505567e+00
8.095959595959579813e-01
8.294949494949500624e-01
1.999999999999997266e-02
2.036363636363636709e-01
0.000000000000000000e+00
2.495959595959598432e-01
1.024444444444445823e+00
3.106060606060606077e-01
3.566666666666660213e-01
1.090303030303028775e+00
7.073737373737372103e+00
9.495656565656574344e+00
6.595959595959589583e-01
0.000000000000000000e+00
6.575757575757583406e-02
7.966161616161613779e+00
8.315151515151502082e-01
1.602727272727273222e+00
1.565151515151516959e+00
0.000000000000000000e+00
6.765656565656560373e-01
9.888888888888892892e-02
9.999999999999953371e-03
7.736363636363626561e+00
1.214444444444443327e+00
1.100101010101008914e+00
3.477777777777772972e-01
1.454444444444442430e+00
2.397979797979797600e-01
1.459696969696972824e+00
3.835353535353533960e+00
8.704040404040422896e-01
7.965656565656568100e-01
3.878787878787880172e-02
1.641818181818181177e+00
6.651313131313128402e+00
9.628282828282815897e-01
5.719191919191906059e-01
0.000000000000000000e+00
2.979797979797974700e-02
8.058585858585853856e-01
1.470303030303030223e+00
8.463636363636373172e-01
1.733333333333332282e-01
3.152929292929290916e+00
2.400070707070707599e+01
1.913737373737371739e+00
2.076262626262626920e+00
2.110505050505051550e+00
5.711111111111110139e-01
2.327272727272731989e-01
3.267070707070702440e+01
1.982484848484849138e+01
7.299999999999998712e-01
9.932323232323236883e-01
1.982525252525250137e+00
1.239494949494950982e+00
1.120707070707067654e+00
3.634343434343437762e-01
0.000000000000000000e+00
4.797979797979799732e-02
1.074848484848483388e+00
6.747777777777778319e+00
1.208484848484849827e+00
1.893000000000000327e+01
1.072505050505050761e+01
6.040808080808067082e+00
8.011111111111095529e-01
6.777777777777767299e-02
1.227676767676769254e+00
9.089898989899002357e-01
0.000000000000000000e+00
3.641535353535354602e+01
6.176767676767688231e-01
5.514141414141425779e-01
7.563636363636344617e-01
1.811111111111110450e+00
8.567676767676759564e-01
1.197777777777778496e+00
1.876262626262628297e+00
9.999999999999993269e-03
0.000000000000000000e+00
2.074676767676767142e+01
9.315151515151509631e-01
2.143535353535353494e+01
1.788888888888890694e-01
1.048383838383839528e+00
0.000000000000000000e+00
1.020151515151516364e+01
0.000000000000000000e+00
4.690000000000003055e+00
0.000000000000000000e+00
4.249494949494954099e-01
1.083808080808081797e+01
1.149393939393939412e+00
1.052828282828281781e+00
3.727848484848483679e+01
1.574040404040404351e+00
1.884545454545449861e+00
3.939393939393939781e-02
1.088484848484846168e+00
0.000000000000000000e+00
1.296868686868685616e+00
8.897575757575758360e+00
9.999999999999982861e-03
9.941212121212128494e+00
4.663131313131309241e+01
1.104949494949492461e+00
0.000000000000000000e+00
1.311717171717172059e+00
2.013434343434343177e+01
1.887777777777778221e+00
7.796969696969701102e-01
1.903303030303031562e+01
0.000000000000000000e+00
8.435353535353520282e-01
0.000000000000000000e+00
1.227272727272730041e-01
2.895171717171717063e+01
1.943434343434342904e-01
4.292424242424242031e+00
2.740404040404041286e+00
1.307575757575756281e+00
6.043434343434348488e-01
2.403030303030307957e-01
1.989898989898987447e-01
6.693939393939387639e-01
2.994141414141415325e+00
1.387878787878789932e+00
1.161515151515148503e+00
7.434343434343430868e-02
4.151515151515149382e-01
4.546868686868682730e+00
1.722363636363635919e+01
7.804040404040405443e-01
7.045454545454563622e-01
1.546060606060604137e+00
1.979797979797979363e-02
3.024151515151515568e+01
9.835353535353520416e-01
7.041414141414149563e-01
2.145252525252523412e+00
7.739393939393931499e-01
9.901010101010120357e-01
2.473333333333331385e+00
1.287878787878783959e-01
3.642424242424242564e-01
0.000000000000000000e+00
4.257575757575755016e-01
1.503131313131311986e+00
3.189020202020200401e+01
2.983212121212120849e+01
1.338282828282829628e+00
2.509090909090911925e-01
1.120101010101008043e+00
1.028989898989898677e+00
1.527878787878784284e+00
2.379797979797985408e-01
1.757676767676769947e+00
0.000000000000000000e+00
2.254040404040405843e+00
1.008080808080807245e+00
1.116262626262626956e+00
7.812121212121213576e-01
2.009696969696972868e+00
2.714141414141414410e-01
4.224494949494949481e+01
1.172020202020204405e+00
3.681919191919191370e+00
1.079494949494951506e+00
1.394242424242423617e+00
9.405050505050495113e-01
1.302121212121209126e+00
8.042424242424239811e-01
5.405555555555556779e+00
9.064646464646477497e-01
1.054040404040405887e+00
1.352626262626263509e+00
0.000000000000000000e+00
5.594949494949487123e-01
7.695959595959602773e-01
1.910707070707075239e+00
1.154949494949496946e+00
1.768787878787877466e+00
2.197979797979799643e-01
2.939393939393944444e-02
2.160606060606058143e-01
9.999999999999963779e-03
5.384848484848484551e-01
0.000000000000000000e+00
2.667676767676773197e-01
1.178888888888887987e+00
1.284747474747477636e+00
5.696969696969704511e-02
1.788888888888889028e-01
3.993838383838382189e+00
9.109090909090918897e-01
6.675757575757579332e+00
0.000000000000000000e+00
0.000000000000000000e+00
1.131212121212119781e+00
7.434343434343430868e-02
0.000000000000000000e+00
6.685858585858573955e-01
2.313333333333337016e+00
0.000000000000000000e+00
1.308989898989900258e+00
1.487070707070705433e+00
2.038585858585860944e+00
4.797979797979805977e-02
8.717171717171731671e-02
