2.033434343434340263e+00
9.133333333333331083e-01
0.000000000000000000e+00
7.121212121212138202e-01
2.070202020202020154e+00
5.893939393939383597e-01
2.424242424242418481e-01
1.077777777777779278e+00
2.475757575757577267e-01
1.041111111111109100e+00
3.096636363636364209e+01
1.775757575757578866e-01
0.000000000000000000e+00
7.262626262626264984e-01
1.326666666666669103e+00
3.112525252525253361e+00
0.000000000000000000e+00
2.939393939393944097e-02
2.292393939393939206e+01
8.769696969696975097e-01
0.000000000000000000e+00
5.739393939393931943e-01
1.340404040404042041e+00
2.233333333333338555e-01
0.000000000000000000e+00
9.999999999999974187e-03
1.242323232323233384e+00
1.999999999999992756e-02
9.999999999999960310e-03
9.173737373737363976e-01
2.779292929292931369e+00
6.575757575757587570e-02
2.373737373737368761e-01
5.364646464646468660e-01
1.124646464646466448e+00
9.518181818181802312e-01
5.403292929292927482e+01
2.185757575757576276e+01
2.488888888888884654e-01
1.389494949494951781e+00
4.587676767676772016e+00
6.573737373737378320e-01
1.124444444444442137e+00
7.755555555555563307e-01
1.075757575757578133e+00
0.000000000000000000e+00
4.557575757575758058e-01
0.000000000000000000e+00
1.676868686868686398e+00
7.169494949494952252e+00
1.309696969696968472e+00
0.000000000000000000e+00
9.090909090909093937e-02
4.525252525252530522e-01
1.623333333333334627e+00
3.910101010101010299e-01
1.103434343434342546e+00
4.572727272727271641e-01
2.440303030303033083e+00
8.026262626262622435e-01
2.269737373737375208e+01
9.156565656565642808e-01
1.747797979797980616e+01
0.000000000000000000e+00
1.038585858585859167e+00
3.939393939393939781e-02
2.700101010101007226e+00
1.121717171717172556e+00
2.524242424242423843e-01
4.797979797979796956e-02
1.499999999999998002e+00
1.979797979797979016e-02
1.256767676767676534e+00
1.537070707070707698e+00
1.137373737373739285e-01
2.702292929292930168e+01
1.295252525252523323e+00
1.025252525252527080e+00
1.532888888888889767e+01
4.695959595959598443e-01
7.168686868686864333e-01
9.194949494949503643e-01
1.137373737373739563e-01
3.472424242424242635e+00
2.374040404040407726e+00
1.443535353535355004e+00
6.002020202020198480e-01
1.579595959595959442e+00
4.944444444444452413e-01
2.036363636363637541e-01
4.919191919191923806e-02
9.065656565656564636e-01
5.797979797979802702e-02
1.102424242424244527e+00
1.108484848484851071e+00
4.924242424242419869e-01
1.204747474747473790e+00
1.170404040404041002e+00
1.045151515151513610e+00
3.291626262626262900e+01
2.005151515151517572e+00
0.000000000000000000e+00
9.090909090909086998e-02
6.869595959595957702e+00
2.403030303030307679e-01
9.445454545454525785e-01
5.817171717171704115e-01
4.115151515151513339e-01
2.521212121212118573e-01
1.851111111111109375e+00
2.697979797979794259e-01
1.979797979797979363e-02
1.979797979797979016e-02
1.565151515151516515e+00
1.162727272727271499e+00
1.045454545454545386e-01
0.000000000000000000e+00
1.845151515151512100e+00
1.068484848484847038e+00
4.150202020202021558e+00
3.639494949494952003e+00
6.454545454545441707e-01
2.086868686868690592e-01
7.582828282828278921e-01
1.227676767676765035e+00
3.627272727272736752e-01
8.747474747474738299e-01
2.939393939393944444e-02
6.516363636363633027e+00
0.000000000000000000e+00
9.999999999999965514e-03
0.000000000000000000e+00
9.999999999999977657e-03
1.060808080808082865e+00
8.504040404040424939e-01
8.838888888888888573e+00
2.525252525252525415e-01
2.243939393939394122e+00
9.574747474747475895e-01
0.000000000000000000e+00
7.716161616161628656e-01
1.000303030303028695e+00
9.999999999999975922e-03
1.185353535353537380e+00
2.197979797979799643e-01
1.197878787878786433e+00
9.988888888888874940e-01
2.644444444444448150e-01
1.043838383838381345e+00
9.999999999999993269e-03
1.423434343434344829e+00
7.974747474747461151e-01
0.000000000000000000e+00
1.144949494949497604e+00
3.043434343434342271e+00
6.474747474747479803e-01
1.013232323232324150e+00
3.488383838383838143e+00
8.962626262626273155e-01
6.575757575757584794e-02
7.434343434343430868e-02
0.000000000000000000e+00
9.888888888888897055e-02
7.150505050505050697e+00
1.475050505050505389e+00
3.525000000000000711e+01
1.979797979797979016e-02
9.279797979797971275e-01
5.170808080808083851e+00
1.001010101010099129e+00
1.142424242424243674e-01
1.053737373737374527e+00
7.303030303030300097e-01
0.000000000000000000e+00
7.298989898989898251e-01
5.002222222222227010e+00
1.110303030303029903e+00
1.216161616161617331e-01
7.434343434343430868e-02
8.721212121212131851e-01
0.000000000000000000e+00
1.007979797979798864e+00
7.575757575757578743e-02
1.205757575757575584e+00
3.178787878787884269e-01
7.297979797979792238e-01
9.896969696969716290e-01
8.364646464646439128e-01
9.586868686868669220e-01
1.893939393939393923e-01
1.364949494949496911e+00
1.297070707070709039e+00
9.611111111111116934e-01
1.265555555555557099e+00
0.000000000000000000e+00
1.487171717171718255e+00
0.000000000000000000e+00
1.071010101010100080e+00
1.979797979797979016e-02
8.094040404040400816e+00
6.129898989898993733e+00
7.719191919191928930e-01
1.554545454545452343e-01
0.000000000000000000e+00
1.144040404040402858e+00
0.000000000000000000e+00
2.600202020202016406e+00
0.000000000000000000e+00
2.939393939393944444e-02
3.174747474747477427e-01
3.750262626262627208e+01
2.524242424242423843e-01
3.373737373737368817e-01
3.658585858585856054e-01
1.244343434343434529e+00
2.784606060606059330e+01
1.212616161616160859e+01
1.202010101010100307e+01
6.680808080808082750e-01
1.027676767676770853e+00
5.625252525252527613e-01
2.624242424242423377e-01
3.265656565656568144e+00
0.000000000000000000e+00
1.114212121212121431e+01
6.855555555555564728e-01
1.367171717171715928e+00
4.442424242424237724e-01
3.249898989898989843e+00
6.616161616161627679e-01
0.000000000000000000e+00
5.601010101010094333e-01
1.284141414141412030e+00
1.411515151515150501e+00
4.036161616161614951e+00
1.994242424242425482e+00
5.555959595959596875e+00
1.179595959595962862e+00
9.972727272727278658e-01
6.508080808080797253e-01
8.874747474747496367e-01
7.990909090909100732e-01
0.000000000000000000e+00
1.842424242424241798e-01
1.254949494949492150e+00
1.416767676767678008e+00
9.728686868686869715e+00
1.302727272727273622e+00
6.875757575757586171e-01
6.514141414141427777e-01
7.586868686868699641e-01
1.325454545454547439e+00
1.315151515151516404e-01
4.797979797979804589e-02
2.366666666666671637e-01
5.153737373737379279e+00
7.533333333333336324e-01
2.329797979797981533e+00
1.964343434343437833e+00
1.508989898989898881e+00
0.000000000000000000e+00
0.000000000000000000e+00
9.399999999999990585e-01
3.634242424242433156e+00
2.605191919191918259e+01
1.062424242424244936e+00
2.747070707070708551e+00
8.398989898989902558e-01
5.546464646464639436e-01
9.783838383838382446e-01
1.259696969696971980e+00
4.372828282828280955e+00
0.000000000000000000e+00
2.935858585858583503e+00
0.000000000000000000e+00
2.939393939393943403e-02
1.425454545454543309e+00
1.287878787878785625e-01
0.000000000000000000e+00
1.368383838383837148e+00
1.243131313131310645e+00
8.365656565656561128e+00
7.052525252525251309e-01
1.048484848484849685e+00
2.815252525252526894e+00
1.210707070707073507e+00
1.127010101010101195e+01
1.285959595959594193e+00
1.265252525252523741e+00
2.521212121212118573e-01
1.305353535353536376e+00
6.935757575757578230e+00
1.314949494949496200e+00
0.000000000000000000e+00
1.139797979797978034e+00
7.594949494949490010e-01
3.420404040404035673e+00
5.696969696969706592e-02
1.354949494949492905e+00
1.675757575757577111e-01
8.766666666666654839e-01
7.023232323232317942e-01
4.470707070707073960e-01
1.161919191919191574e+00
0.000000000000000000e+00
9.012121212121190217e-01
1.166666666666668906e-01
2.460606060606066736e-01
7.429292929292914405e-01
9.816161616161590553e-01
1.979797979797979710e-02
2.939393939393944791e-02
9.213131313131300848e-01
4.749494949494941776e-01
0.000000000000000000e+00
0.000000000000000000e+00
8.123232323232328911e-01
1.249090909090911694e+00
1.520303030303030489e+00
1.979797979797979016e-02
2.331515151515154649e+00
7.266666666666667940e-01
3.864040404040403054e+00
2.554949494949493971e+00
4.233535353535352819e+00
1.110202020202021522e+00
7.039090909090904624e+00
7.056565656565647604e-01
9.312121212121229341e-01
0.000000000000000000e+00
8.461616161616151155e-01
1.333636363636363287e+00
1.362222222222223111e+00
9.999999999999963779e-03
1.117676767676769378e+00
6.560606060606056777e-01
1.425252525252529157e-01
7.363636363636366644e-01
8.596969696969685160e-01
1.788888888888890139e-01
1.401111111111113194e+00
2.939393939393944791e-02
7.434343434343430868e-02
4.797979797979808059e-02
0.000000000000000000e+00
3.111444444444443747e+01
8.938383838383835434e-01
1.239373737373737683e+01
3.690909090909093582e-01
1.654040404040403534e+00
2.243030303030300932e+00
1.706161616161613770e+00
9.999999999999986330e-03
6.762626262626255658e-01
4.939393939393953159e-02
2.979696969696966846e+00
0.000000000000000000e+00
1.967171717171716239e+00
1.614747474747475930e+00
0.000000000000000000e+00
1.943434343434342904e-01
1.066666666666668400e-01
9.999999999999991535e-03
2.141414141414138828e-01
0.000000000000000000e+00
4.641414141414132999e-01
5.777777777777783896e-01
1.901414141414142334e+00
2.048343434343433245e+01
2.524242424242423843e-01
1.425252525252529434e-01
0.000000000000000000e+00
2.358585858585862949e-01
9.999999999999995004e-03
1.131111111111112733e+00
9.999999999999972453e-03
1.041212121212120589e+00
2.621212121212118107e-01
1.020909090909091654e+00
8.035353535353545462e-01
4.982929292929294540e+00
1.274141414141412687e+00
0.000000000000000000e+00
0.000000000000000000e+00
9.340404040404052255e-01
8.461616161616165588e-01
9.421212121212132473e-01
1.641111111111109855e+00
1.066666666666668400e-01
4.542424242424241143e+00
1.413555555555556076e+01
8.543434343434352929e-01
2.197979797979799643e-01
8.090909090909094159e-01
1.081212121212121513e+00
1.398282828282829682e+00
9.025252525252535074e-01
2.036363636363636986e-01
1.227373737373739004e+00
2.587575757575761859e+00
1.002121212121211524e+00
1.199999999999998179e+00
1.787828282828282767e+01
6.838383838383825797e-01
1.993717171717170444e+01
7.817171717171729206e-01
8.377777777777780654e-01
3.038181818181816762e+00
1.154949494949493172e+00
8.665656565656565391e-01
0.000000000000000000e+00
3.005454545454545823e+00
3.042424242424237035e-01
7.144444444444442155e-01
1.952515151515150293e+01
1.472929292929289424e+00
1.965606060606061689e+01
1.610909090909091290e+00
1.616161616161617132e-01
1.399090909090908497e+00
1.540404040404040442e+00
1.360606060606061707e+00
2.939393939393944444e-02
2.379797979797985685e-01
2.909181818181818002e+01
1.858585858585859674e+00
4.571414141414139820e+00
9.999999999999998473e-03
7.457575757575762854e-01
6.490909090909091628e-01
2.649797979797981373e+00
9.999999999999963779e-03
9.888888888888901219e-02
0.000000000000000000e+00
2.234141414141415982e+00
9.783838383838371344e-01
1.814141414141413888e-01
1.000242424242423311e+01
6.571717171717158523e-01
7.777777777777772350e-02
2.403030303030308235e-01
1.240707070707072868e+00
1.934343434343432921e+00
2.612949494949496909e+01
2.978888888888890918e+00
0.000000000000000000e+00
0.000000000000000000e+00
1.654545454545455485e-01
3.975050505050500060e+00
1.140000000000002123e+00
0.000000000000000000e+00
4.631313131313128384e-01
9.254545454545440863e-01
1.035757575757576765e+00
8.057575757575758946e-01
1.059797979797979517e+00
1.979595959595960464e+00
1.173232323232320518e+00
1.106060606060607299e+00
0.000000000000000000e+00
0.000000000000000000e+00
1.729292929292931547e+00
1.868686868686868785e-01
0.000000000000000000e+00
2.454545454545453143e-01
1.842424242424241798e-01
2.034343434343435231e-01
1.612020202020203463e+00
9.244444444444465114e-01
9.368686868686862956e-01
2.297979797979792516e-01
0.000000000000000000e+00
2.924242424242418648e-01
2.225757575757576934e+00
1.306464646464644552e+00
2.327070707070707734e+00
8.623232323232328245e-01
4.251515151515141699e-01
6.511111111111125282e-01
1.026868686868684488e+00
1.452020202020203765e+00
4.261313131313134761e+01
1.060606060606062107e+00
1.026969696969699530e+00
6.330303030303022771e-01
1.342424242424244518e+00
2.991313131313130480e+00
6.000000000000013101e-01
4.221212121212116752e-01
0.000000000000000000e+00
1.016969696969695081e+00
6.793939393939389948e-01
1.547878787878789630e+00
2.197979797979799643e-01
0.000000000000000000e+00
3.878787878787880172e-02
1.171212121212119150e+00
1.979797979797979363e-02
0.000000000000000000e+00
5.538383838383835744e-01
7.719696969696972388e+00
1.534040404040406314e+00
1.145737373737374654e+01
9.999999999999948166e-03
2.479797979797985219e-01
1.176767676767677573e+00
5.858585858585859535e-02
1.220101010101007688e+00
1.302727272727270735e+00
0.000000000000000000e+00
1.586868686868689204e+00
2.021828282828283108e+01
6.034343434343427681e-01
1.056868686868688956e+00
3.832929292929289744e+00
1.082121212121214482e+00
9.302020202020221396e-01
1.453030303030303561e+00
0.000000000000000000e+00
5.872727272727283898e-01
2.228484848484851621e+00
4.504040404040409173e-01
1.668989898989898579e+00
1.136767676767676871e+00
3.180909090909088466e+00
0.000000000000000000e+00
1.183333333333336013e+00
9.090909090909091161e-02
6.236363636363642104e-01
3.202323232323234237e+00
1.706595959595960110e+01
5.305656565656559742e+00
5.700000000000005063e-01
0.000000000000000000e+00
6.687171717171712437e+00
8.768686868686857983e-01
3.081818181818177793e-01
1.246444444444443356e+01
7.829292929292930303e-01
3.878787878787879478e-02
1.136767676767677759e+00
1.332727272727274537e+00
0.000000000000000000e+00
1.159191919191920883e+00
7.434343434343430868e-02
1.565858585858589169e+00
0.000000000000000000e+00
1.029292929292932035e+00
6.031313131313119635e-01
1.979797979797979363e-02
8.934444444444425315e+00
9.888888888888898443e-02
3.853838383838381620e+00
7.478787878787893639e-01
1.425252525252529157e-01
1.397373737373737157e+00
0.000000000000000000e+00
2.044646464646464157e+00
6.483838383838393948e-01
4.764555555555553923e+01
9.733333333333349380e-01
7.054646464646464388e+00
4.901616161616168199e+00
1.146060606060607778e+00
1.979797979797979363e-02
1.153535353535354080e+00
2.030909090909088999e+00
1.159898989898988431e+00
1.252020202020203365e+00
2.233333333333338555e-01
1.127909090909090750e+01
7.906060606060603124e-01
9.888888888888885953e-02
1.471313131313127576e+00
9.549494949494964358e-01
1.636363636363634133e-01
3.821444444444441757e+01
1.168787878787876933e+00
6.342424242424254954e-01
2.630404040404042743e+00
1.259090909090906596e+00
1.006373737373736432e+01
0.000000000000000000e+00
0.000000000000000000e+00
9.731313131313116260e-01
7.193939393939403626e-01
1.883101010101008654e+01
9.622222222222227561e-01
5.858585858585859535e-02
9.489898989899002713e-01
1.550909090909089905e+00
0.000000000000000000e+00
3.473131313131314180e+00
3.221404040404039648e+01
8.605050505050503284e-01
2.722222222222215882e-01
1.990909090909091239e-01
5.534444444444441835e+00
1.066666666666669788e-01
3.867393939393939206e+01
0.000000000000000000e+00
6.765656565656575916e-01
0.000000000000000000e+00
1.420202020202018911e+00
2.521212121212118573e-01
9.999999999999962044e-03
8.801010101010110498e-01
2.601010101010097220e-01
2.484181818181818002e+01
2.443434343434337797e-01
9.318181818181829890e-01
2.525252525252525415e-01
1.733333333333334503e-01
6.079797979797970653e-01
1.368787878787876888e+00
2.327272727272731989e-01
2.650505050505053362e+00
0.000000000000000000e+00
1.092828282828281594e+00
1.077777777777778612e+00
3.222727272727269998e+00
1.102020202020203232e+00
2.130707070707071882e+00
7.460606060606063128e-01
0.000000000000000000e+00
6.032323232323221207e-01
1.066666666666668400e-01
4.325252525252523128e-01
3.008141414141413250e+01
3.626111111111112706e+01
7.230303030303021350e-01
1.025252525252525054e-01
8.657575757575777242e-01
2.894797979797981213e+01
1.423333333333333561e+00
1.662020202020203063e+00
2.910101010101004415e-01
1.071414141414140042e+00
2.297979797979793348e-01
1.167979797979800116e+00
4.063373737373738237e+01
2.585858585858590852e-01
0.000000000000000000e+00
1.550909090909090349e+00
2.577030303030306158e+01
8.773737373737369172e-01
1.433737373737374199e+00
1.675757575757577944e-01
2.275959595959593074e+00
1.733333333333331450e-01
0.000000000000000000e+00
1.842424242424241798e-01
1.181969696969696848e+01
2.447575757575754629e+00
4.903282828282827666e+01
0.000000000000000000e+00
5.421212121212111157e-01
1.057575757575756503e+00
9.942424242424227065e-01
9.888888888888901219e-02
8.540404040404027119e-01
8.912121212121226765e-01
2.330303030303025325e-01
7.130303030303028144e+00
0.000000000000000000e+00
1.764646464646467405e-01
1.824040404040406571e+00
0.000000000000000000e+00
2.230303030303033840e-01
7.679797979797976515e-01
1.178383838383838089e+00
5.835454545454550335e+00
6.885858585858587455e-01
2.601010101010097775e-01
1.353434343434342990e+00
2.377777777777776158e-01
8.755555555555563085e-01
4.179797979797981733e-01
0.000000000000000000e+00
6.712222222222216317e+00
1.616161616161617132e-01
2.233333333333338278e-01
0.000000000000000000e+00
7.434343434343430868e-02
0.000000000000000000e+00
7.832323232323238349e-01
1.425252525252529989e-01
4.815151515151508410e-01
3.878787878787880172e-02
1.112121212121210734e+00
8.288888888888888973e-01
1.765555555555557987e+00
1.077070707070710398e+00
1.536868686868686051e+00
1.473535353535356585e+00
1.592383838383838679e+01
4.005565656565656951e+01
1.206464646464649126e+00
1.185252525252525224e+00
6.773636363636361679e+00
2.036363636363636986e-01
2.424646464646467159e+00
0.000000000000000000e+00
1.998282828282830659e+00
8.139393939393937405e-01
0.000000000000000000e+00
9.696969696969716113e-01
1.121212121212119966e-01
0.000000000000000000e+00
3.459696969696965052e+00
2.441202020202018019e+01
1.752525252525255206e-01
7.489898989898996495e-01
1.271313131313132949e+00
3.038585858585857391e+00
8.116161616161617909e-01
9.028282828282845340e-01
7.757575757575760345e-02
1.081313131313129450e+00
7.434343434343430868e-02
1.049595959595957639e+00
2.488282828282831982e+00
8.345454545454557005e-01
1.085353535353537291e+00
2.855555555555558955e-01
2.403030303030307957e-01
1.338787878787879526e+00
1.287878787878785347e-01
3.492020202020204689e+00
2.728787878787878540e+00
7.222222222222213217e-01
2.900505050505050697e+00
1.979797979797979016e-02
2.652525252525249622e-01
2.621212121212116997e-01
9.269696969696977762e-01
1.710505050505051194e+00
1.979797979797979016e-02
1.272525252525250838e+00
1.047575757575755606e+00
3.724545454545453538e+01
6.575757575757583406e-02
4.941515151515152304e+00
7.434343434343430868e-02
1.586868686868684597e-01
4.335757575757578586e+00
1.667070707070705593e+00
7.359595959595949255e-01
1.242424242424243763e-01
2.515262626262625645e+01
1.764747474747472733e+00
1.488383838383840585e+00
1.166666666666670155e-01
2.188888888888894380e-01
6.960606060606052692e-01
1.576767676767675264e+00
5.153838383838387216e+00
0.000000000000000000e+00
0.000000000000000000e+00
6.664646464646477586e-01
8.366666666666657814e-01
1.476565656565655527e+00
2.673333333333332895e+00
1.645656565656563153e+00
9.182828282828293665e-01
2.859595959595963022e-01
0.000000000000000000e+00
0.000000000000000000e+00
1.638888888888888840e+00
1.205454545454546222e+00
1.438686868686869902e+00
1.979797979797979016e-02
1.477777777777780521e+00
4.583333333333331261e+00
2.196969696969689745e-01
1.362090909090908575e+01
1.537575757575758040e+00
1.634848484848486549e+00
7.990909090909080748e-01
3.464848484848483512e+00
1.390101010101012502e+00
0.000000000000000000e+00
9.400000000000000577e-01
1.658787878787877368e+00
7.434343434343430868e-02
1.218787878787880086e+00
8.703030303030310222e-01
1.548585858585859398e+01
4.039898989898994763e+00
7.045454545454531425e-01
7.634343434343431323e-01
1.999999999999997266e-02
2.197979797979799643e-01
0.000000000000000000e+00
2.595959595959599353e-01
1.101313131313130578e+00
3.054545454545454231e-01
3.882828282828275634e-01
1.061919191919190153e+00
7.009494949494954774e+00
9.207979797979806591e+00
6.927272727272720809e-01
0.000000000000000000e+00
6.575757575757583406e-02
7.965151515151504213e+00
7.586868686868700751e-01
1.445050505050506251e+00
1.562828282828280013e+00
0.000000000000000000e+00
6.586868686868677658e-01
9.888888888888892892e-02
9.999999999999953371e-03
7.598282828282830970e+00
1.212121212121211711e+00
1.048989898989900027e+00
3.391919191919199883e-01
1.449595959595959993e+00
2.525252525252522084e-01
1.394949494949492941e+00
4.048080808080813497e+00
8.447474747474736922e-01
7.332323232323217921e-01
2.939393939393944444e-02
1.544141414141414481e+00
6.367777777777781978e+00
8.792929292929286822e-01
5.518181818181825404e-01
0.000000000000000000e+00
4.959595959595952674e-02
7.785858585858569381e-01
1.384545454545450749e+00
7.923232323232313190e-01
1.675757575757577944e-01
3.252424242424243772e+00
2.414121212121212423e+01
1.805858585858587606e+00
2.081717171717168746e+00
2.011515151515151700e+00
5.594949494949505997e-01
2.327272727272731989e-01
3.181727272727271227e+01
1.906181818181820020e+01
6.959595959595971104e-01
1.048383838383838640e+00
1.803535353535350438e+00
1.191313131313133988e+00
9.836363636363617546e-01
3.126262626262631406e-01
0.000000000000000000e+00
4.797979797979800426e-02
1.034242424242422631e+00
6.906969696969695427e+00
1.100909090909089283e+00
1.816404040404040998e+01
1.030454545454544935e+01
6.161919191919189132e+00
7.994949494949483704e-01
5.858585858585859535e-02
1.136161616161618149e+00
8.914141414141409925e-01
0.000000000000000000e+00
3.584141414141415538e+01
5.682828282828294997e-01
5.884848484848479444e-01
7.597979797979789174e-01
1.683333333333332460e+00
9.121212121212144419e-01
1.104545454545456051e+00
1.878282828282830108e+00
0.000000000000000000e+00
0.000000000000000000e+00
1.941515151515150350e+01
9.400000000000006128e-01
1.945808080808079410e+01
1.733333333333332005e-01
1.034646464646462816e+00
0.000000000000000000e+00
1.043464646464646606e+01
0.000000000000000000e+00
4.306161616161619854e+00
0.000000000000000000e+00
4.432323232323232554e-01
1.105070707070706604e+01
1.103636363636364859e+00
1.038282828282827364e+00
3.707020202020201793e+01
1.612424242424240095e+00
1.882121212121209419e+00
2.979797979797976781e-02
1.063232323232321752e+00
0.000000000000000000e+00
1.382424242424242777e+00
8.124646464646465560e+00
1.979797979797979363e-02
9.287272727272730677e+00
4.241454545454545411e+01
1.117777777777776205e+00
0.000000000000000000e+00
1.257676767676767060e+00
2.062121212121211045e+01
1.759292929292928687e+00
7.225252525252544578e-01
1.740787878787877574e+01
0.000000000000000000e+00
7.892929292929308227e-01
0.000000000000000000e+00
1.401010101010098374e-01
2.510292929292929287e+01
1.943434343434342904e-01
3.946565656565662827e+00
2.723131313131315068e+00
1.218787878787876977e+00
5.715151515151508654e-01
2.266666666666661833e-01
1.916161616161614345e-01
6.034343434343444335e-01
3.057272727272724033e+00
1.228989898989902407e+00
1.133333333333335968e+00
5.696969696969710756e-02
4.146464646464648185e-01
4.204545454545451477e+00
1.514202020202020549e+01
8.083838383838367614e-01
6.850505050505052429e-01
1.521919191919194114e+00
1.979797979797979363e-02
2.889050505050505890e+01
9.036363636363651253e-01
7.315151515151505635e-01
2.058787878787883052e+00
7.315151515151517847e-01
9.081818181818164248e-01
2.316868686868689409e+00
1.287878787878786180e-01
3.705050505050499488e-01
0.000000000000000000e+00
4.137373737373737925e-01
1.520303030303030267e+00
2.907737373737371911e+01
2.723777777777777587e+01
1.242020202020199804e+00
2.524242424242423843e-01
1.080202020202021052e+00
9.405050505050520648e-01
1.537878787878787401e+00
2.443434343434337797e-01
1.651515151515153601e+00
0.000000000000000000e+00
2.079393939393943125e+00
9.502020202020189377e-01
1.055151515151514063e+00
7.566666666666661545e-01
1.706464646464644908e+00
2.624242424242423377e-01
3.861202020202022567e+01
1.056161616161617856e+00
3.540808080808078628e+00
1.011515151515148370e+00
1.371919191919193093e+00
9.355555555555579161e-01
1.195757575757574243e+00
7.785858585858581593e-01
5.321111111111123115e+00
9.599999999999989653e-01
1.022828282828281088e+00
1.260909090909089647e+00
0.000000000000000000e+00
5.841414141414151828e-01
7.565656565656556642e-01
1.763838383838387314e+00
1.221111111111109926e+00
1.629696969696970310e+00
2.121212121212122381e-01
2.939393939393944444e-02
2.079797979797982366e-01
9.999999999999963779e-03
5.566666666666674201e-01
0.000000000000000000e+00
2.604040404040403045e-01
1.076969696969695800e+00
1.374444444444441249e+00
8.272727272727276038e-02
1.554545454545456507e-01
3.615151515151513006e+00
8.119191919191915963e-01
6.836969696969703136e+00
0.000000000000000000e+00
0.000000000000000000e+00
1.105353535353537531e+00
5.696969696969704511e-02
0.000000000000000000e+00
6.854545454545445393e-01
2.415151515151510164e+00
0.000000000000000000e+00
1.202727272727271535e+00
1.305656565656566626e+00
2.047070707070705264e+00
2.939393939393943056e-02
7.818181818181825504e-02
