6.191010101010097522e+00
3.398080808080807813e+00
9.999999999999953371e-03
1.505353535353532557e+00
5.972828282828286817e+00
1.138080808080804474e+00
2.719191919191925599e-01
3.671414141414145238e+00
2.403030303030307957e-01
4.502525252525253485e+00
1.636511111111111347e+02
3.181818181818175106e-01
3.878787878787880172e-02
2.047070707070710593e+00
3.726161616161620671e+00
1.002767676767676441e+01
4.919191919191923112e-02
1.554545454545456507e-01
7.532232323232322813e+01
1.493535353535354826e+00
1.979797979797979363e-02
1.052828282828282225e+00
3.544343434343434573e+00
2.233333333333338555e-01
5.858585858585859535e-02
7.575757575757584295e-02
3.974747474747471809e+00
1.342424242424244407e-01
1.283838383838387665e-01
1.990909090909088297e+00
1.070727272727273593e+01
1.986868686868691336e-01
4.831313131313127451e-01
2.047171717171720307e+00
3.226262626262625499e+00
3.348888888888888360e+00
1.506547474747474951e+02
6.708919191919190439e+01
2.963636363636367732e-01
4.950505050505053184e+00
2.022232323232324802e+01
1.338282828282826964e+00
3.889090909090911374e+00
1.735555555555554630e+00
4.461010101010098872e+00
1.454545454545452532e-01
4.967676767676768579e-01
0.000000000000000000e+00
4.931111111111115441e+00
2.826363636363636900e+01
3.814343434343432815e+00
1.979797979797979363e-02
2.036363636363636986e-01
1.439898989898992898e+00
5.028888888888880970e+00
1.041111111111112875e+00
2.975555555555553511e+00
9.307070707070721483e-01
8.711818181818184570e+00
2.405151515151511710e+00
7.283747474747474371e+01
2.975555555555557508e+00
6.640757575757578479e+01
9.999999999999949901e-03
2.837878787878787890e+00
2.234343434343435963e-01
9.578888888888883457e+00
3.173131313131313025e+00
2.524242424242423843e-01
1.788888888888891804e-01
4.906060606060602680e+00
8.272727272727277426e-02
2.957474747474747812e+00
5.711414141414139500e+00
2.963636363636361071e-01
9.084383838383844534e+01
3.817272727272723376e+00
2.373939393939390907e+00
6.746414141414143728e+01
3.687878787878789977e-01
1.934747474747475549e+00
2.778484848484846559e+00
1.589898989898994308e-01
1.003252525252526617e+01
9.878585858585855917e+00
5.161919191919190908e+00
1.255959595959599717e+00
4.665959595959594530e+00
1.244646464646465889e+00
2.802020202020200079e-01
2.642424242424246117e-01
3.262525252525249719e+00
2.999999999999991562e-02
3.303636363636362372e+00
3.373131313131311870e+00
4.830303030303035872e-01
3.976868686868685998e+00
3.369494949494945768e+00
3.004444444444444251e+00
9.834989898989901747e+01
4.611919191919185756e+00
1.979797979797979016e-02
2.575757575757576801e-01
2.099191919191918032e+01
2.725252525252524483e-01
2.653838383838377890e+00
1.524242424242421734e+00
1.534747474747473639e+00
2.475757575757577267e-01
5.525555555555555109e+00
4.612121212121210179e-01
9.272727272727272763e-02
1.066666666666669094e-01
5.668585858585857729e+00
4.467171717171718015e+00
4.684848484848479488e-01
0.000000000000000000e+00
5.511010101010104023e+00
3.099393939393937369e+00
1.339404040404041751e+01
1.408141414141414494e+01
2.283434343434347813e+00
7.079797979797961549e-01
3.077070707070709510e+00
5.030505050505056808e+00
5.631313131313119280e-01
2.419191919191917783e+00
1.216161616161619136e-01
1.913838383838386292e+01
2.979797979797976087e-02
0.000000000000000000e+00
9.090909090909075896e-02
2.771717171717175132e-01
2.914747474747475753e+00
2.156666666666670285e+00
3.442565656565654564e+01
2.524242424242423843e-01
8.507575757575761344e+00
2.724747474747475806e+00
9.999999999999993269e-03
1.854444444444444562e+00
2.956161616161618877e+00
1.203030303030304671e-01
4.069595959595961432e+00
2.297979797979792516e-01
3.623333333333338846e+00
2.540606060606066308e+00
5.901010101010107922e-01
2.948585858585859309e+00
6.797979797979800121e-02
6.375252525252526503e+00
1.885050505050500425e+00
9.999999999999962044e-03
5.051313131313136751e+00
1.033404040404040636e+01
1.285454545454544739e+00
3.108181818181817935e+00
1.251181818181818528e+01
2.780101010101009518e+00
2.851515151515157109e-01
1.590909090909091994e-01
0.000000000000000000e+00
2.395959595959594179e-01
3.438707070707067004e+01
3.782525252525254622e+00
1.383218181818182018e+02
1.788888888888890416e-01
3.258080808080805912e+00
2.229767676767675155e+01
2.575757575757572582e+00
2.381818181818183833e-01
3.331111111111105139e+00
2.588181818181814364e+00
0.000000000000000000e+00
1.679393939393940771e+00
1.857696969696969092e+01
3.602727272727273888e+00
2.934343434343437140e-01
2.863636363636360982e-01
1.939696969696971696e+00
2.087878787878782727e-01
2.582626262626261049e+00
1.701010101010099196e-01
4.013333333333338082e+00
1.456060606060604501e+00
1.423434343434344163e+00
4.076565656565661833e+00
2.408484848484842455e+00
2.771818181818181070e+00
2.790909090909085011e-01
4.504848484848483103e+00
3.746565656565660429e+00
2.235858585858582437e+00
3.421616161616161111e+00
4.878787878787890775e-02
5.568484848484845706e+00
4.797979797979803201e-02
3.913737373737374625e+00
1.359595959595958914e-01
3.097969696969698461e+01
1.710696969696971337e+01
1.878585858585857915e+00
3.316161616161621972e-01
0.000000000000000000e+00
3.731515151515144790e+00
0.000000000000000000e+00
7.049898989898984780e+00
1.045454545454547052e-01
1.166666666666668212e-01
7.451515151515142321e-01
1.225172727272727400e+02
2.516161616161619596e-01
1.521414141414141552e+00
4.266666666666671381e-01
4.081010101010101643e+00
9.787373737373737015e+01
4.492232323232323665e+01
5.209878787878787421e+01
1.528989898989899565e+00
2.876969696969700951e+00
6.810101010101018426e-01
3.600000000000001532e-01
8.706565656565649292e+00
9.999999999999962044e-03
4.654898989898990180e+01
1.978888888888888031e+00
4.525959595959602844e+00
1.441515151515151638e+00
1.240020202020201623e+01
2.111414141414145629e+00
1.999999999999998307e-02
1.531919191919192125e+00
2.896868686868685483e+00
5.418989898989902798e+00
1.408070707070707606e+01
6.912626262626256235e+00
1.599060606060606382e+01
3.500101010101010157e+00
2.842323232323231252e+00
1.771212121212119683e+00
2.154444444444448603e+00
1.945050505050507139e+00
3.878787878787880172e-02
2.591919191919194176e-01
3.762323232323234734e+00
4.505656565656565249e+00
3.690525252525252142e+01
4.141313131313133944e+00
1.797373737373738845e+00
1.287979797979795782e+00
2.447070707070712281e+00
5.459292929292925756e+00
3.882828282828278965e-01
1.784848484848484684e-01
3.469696969696974276e-01
1.798777777777778653e+01
2.603030303030302139e+00
7.179696969696974129e+00
8.401111111111102758e+00
3.951313131313131777e+00
9.999999999999986330e-03
0.000000000000000000e+00
3.091212121212121300e+00
1.361313131313130675e+01
8.131262626262626725e+01
2.894343434343432442e+00
1.153767676767676065e+01
2.566363636363631962e+00
1.118686868686867175e+00
2.785757575757570770e+00
2.993333333333331847e+00
1.254050505050504150e+01
1.468686868686865099e-01
1.218373737373736709e+01
1.691919191919190602e-01
4.020202020202013476e-02
5.521515151515156816e+00
2.141414141414139660e-01
1.530303030303027390e-01
4.194242424242425216e+00
4.025656565656557717e+00
3.098838383838382526e+01
1.721111111111109482e+00
2.731212121212123201e+00
1.166525252525252476e+01
3.342828282828289144e+00
4.295494949494948855e+01
3.662828282828280102e+00
3.674242424242421201e+00
2.516161616161619596e-01
4.289494949494946141e+00
2.040989898989899487e+01
4.212424242424238408e+00
9.999999999999979391e-03
4.729191919191926274e+00
2.080707070707070727e+00
1.097040404040405193e+01
3.041414141414143235e-01
3.564040404040403676e+00
2.036363636363636709e-01
1.805555555555557801e+00
2.304444444444444962e+00
1.542424242424244252e+00
2.539292929292926715e+00
7.777777777777775126e-02
2.363131313131309419e+00
3.555555555555551805e-01
2.696969696969692132e-01
1.589797979797979099e+00
2.702828282828283690e+00
1.142424242424245895e-01
1.009090909090910038e-01
2.483232323232325012e+00
5.013131313131319322e-01
9.999999999999963779e-03
9.999999999999960310e-03
2.009595959595960935e+00
5.087474747474745485e+00
5.505656565656565249e+00
9.090909090909075896e-02
9.009393939393937956e+00
1.579090909090910433e+00
1.131464646464646151e+01
8.542828282828274666e+00
1.018282828282828234e+01
2.920505050505052935e+00
2.306171717171714164e+01
1.193333333333330692e+00
3.626868686868685909e+00
0.000000000000000000e+00
2.985353535353540089e+00
3.983636363636366973e+00
3.795858585858587375e+00
1.818181818181817400e-01
3.196767676767676480e+00
1.685252525252523892e+00
2.141414141414141603e-01
1.816767676767679252e+00
2.495959595959589716e+00
2.079797979797981256e-01
4.084949494949488447e+00
9.888888888888916484e-02
2.378787878787873566e-01
1.425252525252528046e-01
0.000000000000000000e+00
1.683039393939394017e+02
1.825555555555553378e+00
4.040787878787876508e+01
4.332323232323235795e-01
4.978383838383846793e+00
7.311313131313128544e+00
4.444343434343429600e+00
2.015151515151512585e-01
1.471414141414141952e+00
6.898989898989900393e-02
1.272787878787877780e+01
6.575757575757584794e-02
6.568383838383846651e+00
6.179696969696967912e+00
6.696969696969708175e-02
2.327272727272732267e-01
2.303030303030301762e-01
1.979797979797979363e-02
3.103030303030298587e-01
1.979797979797979016e-02
4.830303030303036982e-01
1.798181818181815883e+00
6.560707070707069377e+00
8.647868686868686439e+01
2.686868686868690848e-01
1.733333333333332560e-01
0.000000000000000000e+00
3.821212121212115842e-01
1.066666666666668678e-01
3.138383838383841606e+00
1.121212121212119966e-01
2.155959595959596964e+00
3.418181818181816323e-01
3.044141414141413815e+00
2.123131313131314979e+00
1.914737373737374426e+01
4.113737373737377467e+00
9.999999999999972453e-03
1.490909090909092183e-01
2.714141414141413300e+00
3.269696969696973987e+00
2.843838383838382278e+00
4.923838383838378796e+00
1.788888888888890416e-01
2.118848484848485469e+01
6.071262626262626583e+01
2.313939393939396627e+00
3.197979797979803585e-01
2.127070707070702671e+00
3.730707070707078632e+00
4.782121212121214882e+00
2.088989898989900951e+00
2.379797979797985130e-01
2.722727272727272219e+00
6.159898989898992205e+00
2.843434343434338096e+00
4.156565656565661904e+00
6.894050505050503830e+01
2.327171717171720999e+00
8.694888888888887379e+01
2.836666666666671777e+00
2.147272727272724335e+00
1.191383838383838878e+01
3.195454545454546214e+00
2.255151515151513575e+00
0.000000000000000000e+00
9.026464646464649633e+00
3.209090909090906996e-01
1.570101010101010663e+00
5.967141414141417499e+01
4.458282828282832178e+00
7.423717171717173358e+01
3.902525252525249844e+00
3.352525252525253574e-01
4.920606060606062648e+00
4.018787878787877688e+00
4.931818181818180769e+00
1.820202020202023041e-01
2.624242424242423377e-01
1.040187878787878617e+02
6.716868686868690652e+00
1.549747474747475273e+01
1.425252525252530544e-01
1.308989898989896705e+00
1.538787878787881924e+00
8.860404040404038284e+00
1.216161616161617887e-01
2.384848484848485772e-01
0.000000000000000000e+00
7.814040404040404120e+00
2.993030303030299155e+00
3.421212121212124369e-01
3.086323232323235288e+01
1.150909090909089771e+00
2.923232323232318186e-01
2.500000000000001110e-01
3.707777777777774730e+00
5.378787878787878896e+00
9.109434343434341486e+01
8.748585858585860464e+00
8.434343434343437307e-02
9.999999999999974187e-03
3.337373737373737770e-01
1.301080808080807749e+01
3.422020202020207513e+00
0.000000000000000000e+00
6.465656565656576760e-01
3.866565656565660980e+00
3.376060606060607761e+00
2.707979797979802150e+00
4.259494949494953886e+00
5.266262626262623314e+00
3.670505050505045386e+00
3.248686868686874618e+00
9.636363636363619312e-02
0.000000000000000000e+00
3.756969696969695960e+00
5.381818181818188718e-01
0.000000000000000000e+00
4.342424242424237080e-01
2.718181818181821807e-01
6.377777777777788870e-01
5.445858585858589507e+00
2.934242424242424985e+00
2.331616161616158145e+00
3.691919191919186827e-01
0.000000000000000000e+00
4.568686868686872571e-01
7.427676767676765657e+00
4.003636363636367435e+00
6.572929292929291734e+00
2.571616161616157470e+00
1.245555555555553306e+00
2.115757575757572173e+00
2.664343434343433792e+00
4.379898989898987516e+00
1.057609090909090952e+02
2.983535353535354151e+00
2.618787878787882661e+00
7.304040404040399448e-01
4.448787878787877403e+00
1.181959595959597031e+01
1.953333333333334254e+00
6.080808080808070004e-01
9.999999999999953371e-03
2.606666666666666909e+00
1.582323232323234130e+00
5.407777777777775796e+00
2.548484848484847132e-01
1.357575757575757991e-01
1.745454545454546424e-01
4.036262626262625552e+00
8.434343434343431756e-02
9.999999999999951636e-03
1.640202020202020217e+00
1.901404040404041140e+01
4.379696969696969866e+00
3.715101010101010814e+01
8.676767676767697945e-02
3.400000000000002465e-01
4.063939393939389966e+00
2.381818181818183555e-01
4.209393939393943462e+00
3.658989898989901235e+00
0.000000000000000000e+00
5.149898989898988866e+00
7.360111111111110915e+01
1.516666666666669272e+00
2.963838383838376611e+00
1.576111111111111462e+01
3.547777777777775032e+00
2.605050505050506171e+00
4.182727272727276180e+00
6.575757575757587570e-02
1.056868686868689844e+00
7.191313131313132878e+00
4.899999999999994915e-01
7.030707070707070017e+00
2.468080808080812538e+00
1.193040404040403857e+01
5.878787878787888888e-02
3.083535353535353352e+00
2.836363636363639640e-01
5.440404040404046571e-01
1.172383838383838217e+01
6.480707070707069306e+01
1.723424242424240660e+01
1.188989898989898153e+00
1.341414141414144501e-01
2.398121212121212054e+01
2.493535353535350385e+00
3.386868686868687583e-01
3.896020202020201850e+01
2.144141414141414348e+00
1.942424242424243552e-01
3.429898989898988670e+00
3.740909090909095625e+00
9.090909090909075896e-02
3.052424242424242262e+00
1.842424242424241798e-01
5.326666666666659999e+00
9.999999999999967248e-03
3.166262626262620117e+00
1.582828282828280919e+00
1.752525252525255761e-01
1.965717171717171041e+01
1.733333333333333115e-01
1.308454545454545404e+01
2.190909090909094470e+00
2.548484848484846021e-01
4.218282828282827523e+00
0.000000000000000000e+00
5.745656565656563686e+00
1.355050505050503062e+00
1.750552525252525129e+02
3.624646464646470889e+00
2.808484848484848584e+01
1.663949494949495289e+01
3.124747474747470832e+00
1.622222222222219623e-01
3.657474747474743104e+00
6.202626262626260711e+00
2.963434343434346196e+00
4.506262626262624416e+00
2.479797979797985219e-01
4.802707070707072035e+01
1.874242424242426708e+00
2.160606060606058976e-01
4.310606060606063217e+00
3.101818181818179365e+00
3.130303030303025480e-01
1.177918181818182433e+02
3.876262626262630739e+00
2.126363636363638676e+00
7.033333333333321669e+00
3.314040404040403232e+00
3.886252525252524492e+01
1.455555555555554659e-01
1.121212121212120105e-01
2.626565656565660323e+00
2.198080808080812965e+00
9.677434343434340747e+01
3.856464646464643042e+00
1.712121212121211211e-01
2.766767676767678097e+00
4.749393939393944386e+00
9.999999999999984596e-03
1.075535353535352634e+01
1.067363636363635919e+02
1.652323232323229973e+00
3.590909090909089052e-01
3.316161616161617531e-01
1.523515151515152333e+01
2.121212121212122381e-01
1.648039393939393449e+02
1.009090909090911981e-01
6.419191919191913343e-01
6.696969696969710950e-02
4.285050505050503666e+00
2.896969696969697861e-01
3.878787878787880172e-02
1.862828282828282722e+00
3.737373737373733684e-01
9.925404040404026773e+01
2.818181818181822451e-01
3.130404040404041854e+00
2.815151515151515516e-01
2.834343434343438162e-01
2.157676767676763863e+00
3.924141414141412376e+00
3.923232323232325736e-01
7.965656565656567878e+00
1.137373737373739979e-01
4.630606060606062613e+00
2.160303030303027505e+00
1.157585858585858318e+01
3.447979797979796590e+00
7.104444444444441231e+00
1.487979797979800622e+00
7.434343434343430868e-02
1.878383838383837823e+00
2.333333333333336979e-01
6.147474747474748202e-01
1.287930303030303492e+02
1.114892929292929011e+02
1.716767676767674278e+00
4.373737373737374701e-01
1.874141414141409223e+00
9.435818181818183348e+01
5.801111111111105778e+00
4.883535353535354062e+00
5.465656565656566990e-01
3.272121212121208433e+00
4.310101010101007324e-01
3.627575757575759230e+00
1.345262626262626213e+02
3.893939393939397919e-01
2.483838383838380126e-01
5.198686868686872131e+00
8.750494949494947150e+01
2.758989898989902212e+00
5.417979797979801226e+00
2.403030303030307957e-01
7.979393939393930602e+00
2.495959595959598432e-01
1.979797979797979710e-02
2.379797979797985408e-01
5.700616161616162003e+01
8.947373737373757407e+00
1.858943434343434546e+02
6.575757575757587570e-02
6.481818181818193025e-01
3.047878787878790074e+00
2.332424242424238514e+00
1.842424242424241798e-01
2.663636363636361359e+00
2.984848484848487082e+00
3.655555555555555780e-01
1.956434343434343859e+01
8.272727272727277426e-02
4.420202020202022020e-01
4.594848484848488290e+00
2.939393939393944791e-02
3.548484848484850240e-01
2.166565656565657694e+00
3.335959595959593571e+00
2.255818181818180790e+01
1.408888888888889968e+00
3.805050505050507348e-01
3.334848484848482286e+00
3.533333333333332216e-01
2.497575757575763777e+00
1.175252525252525881e+00
0.000000000000000000e+00
2.379141414141414046e+01
2.266666666666661833e-01
2.460606060606065904e-01
9.999999999999975922e-03
2.357575757575756104e-01
2.939393939393943403e-02
2.543737373737370522e+00
2.188888888888894102e-01
3.884848484848480443e-01
1.525252525252529245e-01
3.341616161616157488e+00
3.095151515151517430e+00
4.892020202020200159e+00
3.532424242424241800e+00
5.144242424242430722e+00
4.561717171717167396e+00
4.961555555555555230e+01
1.206596969696969950e+02
3.875757575757579065e+00
2.839494949494945519e+00
2.257111111111111512e+01
2.621212121212118662e-01
8.053535353535352215e+00
9.999999999999986330e-03
7.545757575757578550e+00
2.268888888888893618e+00
1.999999999999999001e-02
3.536767676767675450e+00
3.585858585858582304e-01
5.696969696969709368e-02
1.024090909090909207e+01
7.685878787878785090e+01
3.873737373737371481e-01
2.068080808080806854e+00
3.320808080808080653e+00
5.662929292929290703e+00
2.138484848484852208e+00
2.725959595959595472e+00
3.618181818181815390e-01
2.273333333333336537e+00
1.675757575757577666e-01
2.350202020202020847e+00
5.841414141414139394e+00
1.829797979797979313e+00
3.916969696969702319e+00
5.469696969696958844e-01
2.427272727272731800e-01
3.673434343434344829e+00
3.187878787878792308e-01
1.007060606060606034e+01
1.189656565656565590e+01
2.239494949494953424e+00
9.760606060606066947e+00
1.142424242424244091e-01
4.209090909090914545e-01
3.030303030303025391e-01
2.864141414141418096e+00
4.626262626262626299e+00
1.416161616161618342e-01
4.372424242424240326e+00
3.693333333333334245e+00
1.335739393939393835e+02
2.268686868686866920e-01
1.646747474747477114e+01
2.600000000000000644e-01
4.056565656565656042e-01
1.757171717171716807e+01
5.798989898989894698e+00
2.605656565656564894e+00
3.324242424242428440e-01
7.616424242424247382e+01
6.383434343434342573e+00
3.871111111111107839e+00
3.448484848484852372e-01
3.787878787878782294e-01
1.163131313131312128e+00
4.841414141414136729e+00
1.302787878787878739e+01
4.797979797979808753e-02
1.360606060606062706e-01
1.446767676767678035e+00
1.966666666666664787e+00
3.993030303030303596e+00
1.083414141414141163e+01
5.983333333333333393e+00
2.815353535353539716e+00
5.181818181818190761e-01
0.000000000000000000e+00
9.515151515151502870e-02
4.901212121212122241e+00
3.584545454545454479e+00
5.235656565656561234e+00
2.027272727272723396e-01
4.641818181818178957e+00
1.721111111111111569e+01
4.427272727272719144e-01
5.062373737373733462e+01
4.220505050505051869e+00
6.970707070707068631e+00
2.981313131313134690e+00
9.941212121212124941e+00
3.711313131313127567e+00
9.999999999999953371e-03
2.287979797979793339e+00
6.307474747474746124e+00
2.772727272727267267e-01
3.029797979797983043e+00
1.683131313131313034e+00
3.854767676767676221e+01
9.181212121212123378e+00
2.260000000000001119e+00
1.914444444444440618e+00
1.478787878787874710e-01
2.454545454545460081e-01
9.090909090909080059e-02
2.187878787878790310e-01
2.603535353535351149e+00
5.492929292929283891e-01
6.798989898989887815e-01
3.115555555555563405e+00
2.670888888888891088e+01
3.221474747474749023e+01
2.115454545454543034e+00
9.999999999999998473e-03
1.554545454545456507e-01
2.928757575757575538e+01
1.761818181818182172e+00
3.275353535353537460e+00
4.928686868686869005e+00
6.979797979797974783e-02
1.737575757575757773e+00
2.188888888888894380e-01
8.434343434343431756e-02
2.656626262626264534e+01
3.943333333333330248e+00
3.492828282828280173e+00
4.213131313131310285e-01
5.188888888888884665e+00
3.776767676767676662e-01
4.203030303030304005e+00
1.134777777777777530e+01
2.701212121212118067e+00
3.100101010101013799e+00
1.590909090909091994e-01
3.390505050505050910e+00
2.385595959595960736e+01
3.599090909090907342e+00
1.554646464646463500e+00
0.000000000000000000e+00
2.193939393939400573e-01
2.287070707070702813e+00
5.045454545454550299e+00
1.711414141414143275e+00
1.990909090909091239e-01
1.127131313131313206e+01
8.942828282828284614e+01
5.751313131313128935e+00
5.928989898989903473e+00
7.245050505050506295e+00
1.522020202020198720e+00
2.754545454545450078e-01
1.056904040404040188e+02
1.008928282828282619e+02
2.281010101010096491e+00
2.513030303030300505e+00
4.908989898989902123e+00
3.873838383838384303e+00
3.791414141414136907e+00
1.543737373737374519e+00
0.000000000000000000e+00
1.993939393939393456e-01
3.361010101010100559e+00
2.479212121212119158e+01
4.727070707070705424e+00
7.842171717171714818e+01
2.943545454545452955e+01
1.620545454545453978e+01
1.635858585858584346e+00
1.840404040404041430e-01
4.624747474747477938e+00
2.455858585858586185e+00
4.919191919191923112e-02
1.109549494949495170e+02
1.272020202020203383e+00
1.460808080808082776e+00
1.219696969696968614e+00
4.597474747474749712e+00
1.915757575757574660e+00
3.314545454545454017e+00
6.228080808080808772e+00
1.203030303030305503e-01
0.000000000000000000e+00
5.934686868686866035e+01
2.308484848484845919e+00
7.257131313131311856e+01
3.514141414141413455e-01
2.751919191919186769e+00
0.000000000000000000e+00
4.317434343434343447e+01
0.000000000000000000e+00
1.518797979797979458e+01
9.999999999999956840e-03
5.926262626262631672e-01
4.457878787878789240e+01
2.952929292929295624e+00
3.668888888888892197e+00
1.101900000000000688e+02
4.532828282828286426e+00
6.370303030303031910e+00
1.654545454545455485e-01
3.885858585858584124e+00
1.307070707070708548e-01
4.305656565656564183e+00
2.894737373737372721e+01
2.621212121212116997e-01
4.027212121212121332e+01
1.495913131313131146e+02
2.380707070707066553e+00
0.000000000000000000e+00
4.449393939393929465e+00
7.358323232323230911e+01
5.911414141414145007e+00
1.840808080808082225e+00
8.322919191919194759e+01
2.939393939393944444e-02
2.072626262626263927e+00
8.636363636363626750e-02
3.158585858585852835e-01
8.450696969696973326e+01
2.327272727272732267e-01
1.806797979797978471e+01
1.028363636363636147e+01
3.943838383838377926e+00
1.732424242424239980e+00
3.493939393939398674e-01
5.372727272727261250e-01
1.281010101010102042e+00
8.378484848484855974e+00
3.861313131313134139e+00
3.610606060606060375e+00
1.943434343434342904e-01
1.406868686868687268e+00
1.810222222222222044e+01
5.777272727272728048e+01
2.856060606060604190e+00
1.512525252525256825e+00
4.497272727272725312e+00
1.387878787878790710e-01
1.226520202020202106e+02
3.413333333333336217e+00
1.804242424242427978e+00
7.423232323232320518e+00
2.384040404040408401e+00
3.595555555555555394e+00
6.361212121212125759e+00
2.188888888888894380e-01
4.254545454545454741e-01
2.939393939393944791e-02
5.251515151515155910e-01
5.700404040404042583e+00
1.372374747474747210e+02
1.250762626262625758e+02
3.778888888888884967e+00
3.178787878787874277e-01
3.226969696969696155e+00
2.339595959595958341e+00
3.899292929292926591e+00
3.118181818181821052e-01
5.803030303030297432e+00
0.000000000000000000e+00
6.202626262626268705e+00
3.297272727272726911e+00
2.740101010101011703e+00
2.686363636363633400e+00
6.401919191919198227e+00
3.600000000000000977e-01
1.321044444444444537e+02
3.924747474747471987e+00
1.316050505050504960e+01
2.899595959595959727e+00
4.643333333333330870e+00
2.509090909090911925e+00
3.311313131313134317e+00
2.204646464646462967e+00
1.539313131313131855e+01
2.325252525252521796e+00
3.654040404040404422e+00
3.511212121212122117e+00
1.307070707070709104e-01
6.672727272727284609e-01
1.278282828282830463e+00
4.974141414141411310e+00
2.853939393939397551e+00
5.413232323232325172e+00
2.354545454545459715e-01
1.066666666666668678e-01
3.081818181818177793e-01
0.000000000000000000e+00
9.910101010101016739e-01
1.388888888888886730e-01
5.150505050505057580e-01
2.778383838383843063e+00
4.112424242424241427e+00
1.873737373737368317e-01
2.197979797979799643e-01
1.503383838383837556e+01
2.240606060606058048e+00
1.973767676767676349e+01
9.434343434343431256e-02
2.939393939393943403e-02
3.262020202020202042e+00
2.124242424242427651e-01
3.878787878787880172e-02
2.217373737373733888e+00
7.422929292929292266e+00
2.979797979797979557e-02
3.236161616161617349e+00
3.864141414141415876e+00
5.071818181818180449e+00
1.978787878787882371e-01
2.641414141414145100e-01
