3.015555555555553102e+00
1.752121212121210858e+00
0.000000000000000000e+00
9.463636363636351856e-01
3.370000000000000107e+00
7.157575757575753705e-01
2.266666666666662389e-01
1.768181818181820963e+00
2.475757575757577267e-01
1.872323232323235942e+00
6.688333333333332575e+01
2.237373737373739846e-01
9.999999999999949901e-03
1.361414141414142298e+00
1.975959595959600357e+00
4.290303030303027398e+00
1.979797979797979710e-02
7.434343434343430868e-02
3.568797979797979281e+01
1.184444444444443745e+00
0.000000000000000000e+00
5.868686868686858737e-01
1.956262626262624371e+00
2.266666666666661278e-01
9.999999999999993269e-03
0.000000000000000000e+00
1.916262626262629221e+00
2.979797979797977822e-02
2.979797979797975047e-02
1.195252525252528342e+00
4.493939393939392346e+00
1.066666666666667984e-01
2.560606060606064882e-01
8.959595959595954007e-01
1.468282828282826191e+00
1.404747474747474634e+00
8.245999999999999375e+01
2.836969696969701005e+01
2.427272727272731245e-01
2.144242424242420064e+00
9.399898989899003965e+00
9.048484848484867893e-01
1.694444444444447084e+00
9.371717171717190986e-01
1.822626262626262372e+00
9.999999999999977657e-03
3.931313131313139420e-01
0.000000000000000000e+00
2.753434343434344456e+00
1.257060606060605856e+01
1.907272727272724344e+00
0.000000000000000000e+00
1.425252525252527769e-01
7.344444444444435671e-01
2.453535353535350794e+00
6.503030303030303827e-01
1.357777777777775752e+00
5.607070707070697102e-01
3.442020202020204866e+00
1.263333333333332531e+00
3.877030303030302605e+01
1.480606060606061813e+00
3.307676767676766616e+01
0.000000000000000000e+00
1.472121212121209277e+00
9.414141414141416475e-02
4.937676767676771661e+00
1.961818181818180129e+00
2.516161616161619596e-01
9.888888888888913709e-02
2.382525252525256487e+00
2.939393939393943403e-02
2.068686868686864688e+00
2.917070707070709368e+00
2.051515151515151680e-01
4.037767676767675340e+01
1.751818181818183939e+00
1.839090909090908443e+00
2.800191919191919254e+01
3.607070707070708648e-01
7.954545454545449701e-01
1.280606060606058083e+00
1.125252525252528196e-01
4.896868686868672604e+00
4.543333333333326784e+00
2.017070707070703239e+00
7.970707070707060415e-01
2.187878787878789755e+00
8.127272727272740749e-01
2.327272727272732267e-01
1.223232323232323476e-01
1.205151515151513975e+00
4.959595959595955450e-02
1.891919191919190002e+00
1.732727272727270451e+00
4.903030303030297965e-01
2.014848484848483334e+00
1.660707070707072575e+00
1.745656565656567238e+00
5.753151515151514417e+01
2.381515151515149142e+00
9.999999999999960310e-03
1.242424242424242792e-01
1.311949494949492312e+01
2.424242424242418481e-01
1.177171717171718202e+00
8.136363636363639351e-01
7.420202020202015802e-01
2.524242424242423843e-01
2.706161616161618877e+00
3.405050505050500331e-01
6.575757575757583406e-02
4.797979797979806671e-02
2.355858585858587873e+00
2.023838383838379329e+00
2.105050505050502785e-01
0.000000000000000000e+00
2.678888888888887987e+00
1.464343434343433392e+00
6.757070707070708337e+00
5.917474747474745556e+00
1.012323232323233846e+00
3.589898989898987480e-01
1.201111111111112573e+00
2.247676767676765053e+00
4.228282828282822758e-01
1.216161616161617109e+00
1.066666666666668678e-01
1.018858585858586707e+01
0.000000000000000000e+00
9.999999999999965514e-03
2.939393939393944097e-02
4.797979797979800426e-02
1.513838383838382207e+00
1.159191919191921771e+00
1.693676767676769757e+01
2.516161616161619596e-01
3.529797979797976826e+00
1.363030303030301926e+00
0.000000000000000000e+00
1.163030303030301083e+00
1.713535353535355688e+00
4.919191919191923112e-02
1.697979797979797700e+00
2.197979797979799643e-01
2.005555555555558200e+00
1.287171717171714747e+00
3.170707070707075581e-01
1.402727272727272378e+00
9.999999999999993269e-03
2.350606060606064140e+00
1.112828282828285387e+00
0.000000000000000000e+00
2.101717171717174093e+00
4.036666666666665293e+00
9.235353535353539867e-01
1.290000000000001146e+00
5.641919191919190446e+00
1.531111111111111533e+00
1.107070707070705318e-01
9.090909090909075896e-02
0.000000000000000000e+00
1.654545454545455485e-01
1.102575757575755944e+01
2.226969696969694379e+00
6.317717171717168867e+01
9.090909090909084223e-02
1.307272727272727808e+00
9.080000000000000071e+00
1.385252525252524514e+00
9.888888888888890116e-02
1.522323232323232745e+00
1.289999999999997815e+00
0.000000000000000000e+00
8.446464646464650894e-01
7.961313131313138669e+00
1.829393939393938462e+00
2.090909090909090218e-01
1.581818181818183677e-01
1.189292929292930623e+00
6.777777777777772850e-02
1.568888888888889888e+00
7.737373737373737237e-02
1.962424242424240628e+00
4.930303030303022083e-01
1.029797979797980823e+00
1.584646464646464414e+00
1.136969696969699628e+00
1.341313131313128570e+00
2.036363636363636709e-01
2.327878787878786770e+00
2.036565656565652471e+00
1.202626262626260267e+00
1.640505050505052242e+00
2.979797979797977822e-02
2.338888888888889905e+00
0.000000000000000000e+00
1.516363636363635470e+00
1.979797979797979016e-02
1.687101010101010701e+01
9.202424242424237733e+00
1.209494949494950511e+00
1.751515151515148361e-01
0.000000000000000000e+00
1.761010101010097362e+00
0.000000000000000000e+00
2.903232323232322720e+00
4.797979797979800426e-02
4.797979797979797650e-02
4.369696969696965083e-01
6.357797979797974364e+01
2.525252525252525415e-01
5.832323232323246565e-01
4.070707070707069719e-01
2.113434343434339002e+00
4.409202020202017991e+01
1.923505050505049496e+01
2.169151515151514431e+01
9.589898989898999471e-01
1.570707070707071829e+00
6.166666666666653640e-01
3.181818181818182878e-01
5.478686868686866163e+00
0.000000000000000000e+00
1.949292929292928633e+01
8.927272727272714814e-01
2.363131313131312083e+00
6.110101010101016694e-01
5.962020202020205772e+00
9.909090909090895183e-01
0.000000000000000000e+00
1.066565656565655829e+00
1.851111111111113372e+00
2.350909090909092836e+00
6.721515151515142783e+00
3.682626262626262470e+00
8.506565656565653555e+00
1.691111111111112786e+00
1.546060606060607023e+00
1.173636363636362701e+00
1.021212121212119461e+00
1.065757575757578346e+00
0.000000000000000000e+00
2.431313131313128928e-01
1.874242424242422267e+00
2.120707070707073871e+00
1.803535353535354346e+01
1.755252525252527951e+00
7.408080808080805824e-01
8.957575757575773068e-01
1.271717171717172690e+00
2.257979797979793979e+00
1.511111111111109462e-01
1.186868686868686185e-01
2.400000000000001577e-01
1.047020202020202362e+01
1.329292929292927194e+00
3.175858585858584604e+00
3.117373737373743570e+00
2.463737373737376668e+00
0.000000000000000000e+00
0.000000000000000000e+00
1.128181818181815732e+00
5.925959595959597870e+00
4.134707070707072063e+01
1.456969696969699912e+00
4.674242424242424754e+00
1.221919191919189851e+00
6.836363636363650409e-01
1.260707070707071997e+00
1.728686868686871936e+00
7.595252525252524478e+00
0.000000000000000000e+00
5.672626262626256022e+00
5.000000000000003053e-02
2.939393939393943403e-02
2.253131313131308655e+00
1.490909090909092738e-01
9.999999999999960310e-03
2.157070707070704696e+00
2.136868686868683476e+00
1.586808080808083155e+01
8.236363636363647212e-01
1.329898989898988804e+00
4.896969696969700969e+00
1.744949494949498581e+00
1.838090909090907843e+01
1.773535353535352410e+00
1.841818181818182687e+00
2.509090909090911925e-01
1.851616161616163936e+00
1.364878787878787492e+01
1.939494949494949383e+00
0.000000000000000000e+00
2.248686868686863960e+00
9.668686868686858782e-01
4.632626262626270197e+00
1.546464646464643933e-01
2.124545454545450962e+00
1.675757575757577666e-01
1.139292929292928136e+00
1.095050505050504608e+00
6.431313131313137754e-01
1.704545454545455696e+00
9.999999999999979391e-03
1.221212121212122526e+00
1.783838383838386721e-01
2.460606060606066736e-01
9.417171717171735068e-01
1.386969696969697630e+00
2.939393939393944097e-02
3.878787878787880172e-02
1.160707070707068578e+00
4.878787878787873566e-01
0.000000000000000000e+00
0.000000000000000000e+00
1.140909090909089096e+00
2.412727272727271721e+00
2.278282828282830241e+00
1.979797979797979016e-02
4.768080808080807920e+00
9.638383838383861590e-01
5.670404040404047663e+00
4.423737373737372636e+00
6.431717171717171055e+00
1.799090909090911294e+00
1.405242424242425514e+01
7.685858585858588166e-01
1.823030303030306998e+00
0.000000000000000000e+00
1.364343434343436634e+00
1.518282828282829122e+00
2.018888888888893618e+00
8.676767676767672965e-02
1.822121212121212475e+00
1.094848484848486514e+00
1.357575757575757991e-01
1.003131313131315094e+00
1.382626262626264868e+00
1.733333333333332560e-01
2.194242424242424772e+00
8.272727272727277426e-02
1.357575757575757991e-01
8.272727272727277426e-02
0.000000000000000000e+00
6.477070707070706135e+01
1.191717171717172175e+00
2.756464646464646506e+01
4.196969696969695129e-01
2.726666666666668792e+00
3.171616161616163332e+00
2.192424242424247716e+00
3.939393939393939087e-02
1.001414141414140202e+00
1.243434343434341449e-01
5.093737373737371676e+00
1.979797979797979363e-02
2.993838383838383077e+00
2.495252525252520392e+00
0.000000000000000000e+00
1.943434343434342904e-01
1.425252525252528879e-01
9.999999999999991535e-03
2.606060606060604523e-01
0.000000000000000000e+00
4.524242424242420069e-01
9.738383838383826152e-01
2.883232323232322702e+00
3.467060606060606176e+01
2.403030303030307957e-01
1.357575757575757991e-01
0.000000000000000000e+00
3.012121212121217084e-01
2.939393939393940974e-02
1.801818181818181541e+00
5.878787878787884724e-02
1.446060606060606935e+00
2.616161616161619685e-01
1.582424242424243621e+00
1.115252525252526716e+00
9.841111111111105814e+00
2.125858585858589223e+00
0.000000000000000000e+00
8.272727272727277426e-02
1.106868686868685892e+00
1.385252525252528066e+00
1.529696969696969777e+00
2.388282828282825232e+00
1.066666666666670066e-01
9.086363636363641305e+00
2.581959595959596143e+01
1.079696969696967157e+00
2.260606060606057677e-01
1.134949494949493820e+00
1.727777777777780299e+00
2.260404040404037751e+00
1.200202020202021824e+00
2.121212121212122381e-01
1.843434343434346534e+00
3.514242424242422835e+00
1.592222222222224426e+00
2.117474747474751950e+00
2.746202020202017735e+01
1.192222222222221406e+00
2.918000000000000682e+01
1.082929292929295517e+00
1.233333333333331172e+00
5.861111111111109828e+00
1.765858585858585128e+00
9.109090909090921118e-01
0.000000000000000000e+00
4.157070707070706916e+00
3.271717171717168360e-01
8.159595959595968839e-01
2.834030303030303699e+01
2.173636363636362034e+00
3.346525252525254501e+01
1.982020202020204680e+00
2.277777777777776347e-01
1.739999999999999547e+00
1.939595959595958652e+00
2.472626262626256732e+00
6.575757575757590345e-02
2.525252525252525415e-01
4.436303030303031392e+01
3.651010101010097930e+00
6.034040404040402095e+00
8.272727272727276038e-02
7.950505050505041194e-01
9.074747474747466569e-01
5.288787878787874597e+00
4.797979797979802508e-02
1.581818181818183122e-01
0.000000000000000000e+00
3.216767676767676498e+00
1.488686868686867282e+00
2.373737373737367373e-01
1.435747474747473618e+01
8.854545454545452721e-01
6.858585858585855566e-02
2.488888888888884376e-01
1.510202020202019435e+00
2.347575757575755429e+00
4.393323232323231764e+01
5.316969696969700010e+00
9.999999999999981126e-03
0.000000000000000000e+00
2.121212121212116830e-01
6.092929292929289531e+00
1.815151515151516293e+00
0.000000000000000000e+00
5.509090909090916810e-01
1.943232323232326975e+00
1.503131313131315761e+00
1.228080808080805886e+00
1.625353535353535106e+00
2.785454545454544739e+00
1.718686868686868152e+00
1.455151515151517749e+00
0.000000000000000000e+00
0.000000000000000000e+00
2.264040404040400301e+00
3.492929292929297658e-01
0.000000000000000000e+00
3.048484848484841470e-01
2.179797979797982732e-01
3.191919191919198040e-01
2.787171717171717855e+00
1.346969696969698704e+00
1.107979797979796954e+00
2.577777777777774393e-01
0.000000000000000000e+00
3.659595959595955961e-01
3.370303030303034131e+00
2.348181818181813263e+00
3.311818181818186435e+00
1.203838383838385706e+00
7.009090909090918142e-01
8.424242424242406324e-01
1.216868686868685767e+00
2.477373737373741669e+00
6.192747474747474712e+01
1.423131313131314135e+00
1.449696969696971705e+00
5.988888888888899142e-01
1.931111111111106560e+00
5.238989898989895977e+00
9.536363636363640595e-01
5.009090909090914145e-01
0.000000000000000000e+00
1.542828282828285547e+00
8.192929292929311824e-01
2.680303030303024414e+00
2.297979797979792516e-01
1.979797979797979016e-02
6.575757575757587570e-02
1.876666666666669148e+00
3.878787878787879478e-02
0.000000000000000000e+00
1.027171717171715626e+00
9.983737373737376686e+00
2.714949494949493669e+00
1.941717171717170487e+01
0.000000000000000000e+00
2.495959595959593991e-01
1.674444444444447955e+00
1.121212121212119966e-01
2.012424242424244447e+00
2.032222222222222818e+00
0.000000000000000000e+00
2.732424242424240202e+00
2.966454545454546476e+01
8.779797979797967500e-01
1.541111111111113541e+00
7.468989898989892851e+00
1.650707070707068569e+00
1.425353535353534706e+00
2.296868686868683618e+00
1.979797979797979016e-02
6.140404040404029429e-01
2.896060606060608222e+00
4.676767676767680237e-01
3.291515151515152393e+00
1.533535353535353973e+00
4.504242424242427489e+00
1.999999999999995531e-02
1.752929292929295668e+00
1.142424242424244785e-01
5.956565656565665501e-01
5.032626262626254565e+00
2.785919191919192883e+01
9.933939393939395401e+00
7.525252525252544844e-01
9.999999999999989800e-03
9.740707070707076198e+00
1.176060606060607361e+00
3.101010101010095443e-01
1.984636363636363754e+01
1.092828282828281372e+00
9.272727272727274150e-02
1.584040404040403471e+00
1.976565656565654860e+00
4.797979797979805977e-02
1.428484848484848024e+00
9.090909090909073120e-02
2.846666666666666234e+00
0.000000000000000000e+00
1.604646464646462434e+00
9.157575757575734388e-01
2.939393939393941321e-02
1.207111111111111157e+01
1.216161616161618581e-01
5.810101010101011987e+00
1.017777777777776338e+00
1.733333333333332005e-01
2.274141414141418682e+00
0.000000000000000000e+00
2.454444444444445317e+00
7.070707070707080710e-01
6.795696969696967926e+01
1.737575757575757995e+00
1.199383838383838530e+01
7.281414141414145114e+00
1.470909090909092498e+00
2.939393939393944444e-02
1.801616161616159228e+00
3.174040404040403551e+00
1.737575757575759328e+00
2.032727272727269163e+00
2.354545454545460548e-01
2.003777777777777658e+01
9.781818181818189295e-01
1.490909090909092460e-01
2.544141414141412039e+00
1.284040404040406758e+00
2.322222222222223020e-01
6.617696969696969234e+01
2.470909090909092942e+00
1.348484848484849730e+00
4.453535353535346353e+00
1.637272727272726769e+00
1.724797979797981284e+01
0.000000000000000000e+00
3.878787878787879478e-02
1.342929292929291085e+00
1.210606060606062240e+00
4.616888888888885134e+01
1.995353535353536989e+00
1.454545454545451144e-01
1.402929292929292693e+00
2.536868686868684275e+00
0.000000000000000000e+00
4.462424242424242848e+00
5.124585858585857068e+01
9.186868686868674416e-01
3.231313131313127140e-01
2.834343434343437051e-01
7.903232323232325385e+00
1.490909090909092460e-01
6.545787878787876934e+01
1.979797979797979363e-02
6.321212121212117507e-01
9.999999999999991535e-03
1.836868686868688316e+00
2.509090909090911925e-01
9.999999999999955105e-03
1.135252525252527178e+00
2.848484848484853504e-01
4.173121212121211698e+01
2.543434343434349265e-01
1.526262626262627542e+00
2.641414141414143990e-01
2.036363636363638652e-01
9.440404040404026809e-01
1.824949494949498874e+00
2.601010101010097775e-01
4.280707070707073569e+00
4.797979797979808753e-02
2.074545454545456913e+00
1.619494949494951097e+00
4.451818181818181230e+00
1.713737373737370007e+00
3.757575757575756459e+00
9.848484848484857501e-01
1.979797979797979016e-02
6.627272727272740527e-01
1.833333333333333481e-01
4.904040404040397871e-01
5.347090909090907473e+01
4.230020202020202902e+01
1.052929292929291494e+00
1.913131313131312405e-01
1.074242424242423111e+00
4.248656565656565931e+01
2.869393939393941828e+00
2.281515151515153939e+00
3.243434343434347111e-01
1.513737373737374492e+00
3.461616161616154486e-01
1.651212121212121575e+00
6.593000000000003524e+01
3.286868686868685829e-01
5.878787878787900684e-02
2.027373737373739715e+00
4.462010101010098850e+01
1.275151515151513593e+00
2.280303030303033385e+00
1.893939393939393923e-01
4.323333333333341244e+00
2.121212121212122381e-01
0.000000000000000000e+00
2.160606060606058421e-01
1.917585858585857750e+01
4.346767676767671951e+00
9.016878787878791002e+01
0.000000000000000000e+00
5.994949494949501911e-01
1.770707070707070008e+00
1.560808080808079534e+00
1.490909090909092460e-01
1.388484848484846879e+00
1.292222222222223271e+00
2.948484848484844156e-01
9.909898989898989541e+00
1.979797979797979016e-02
2.726262626262621613e-01
2.548181818181817437e+00
2.939393939393944444e-02
3.433333333333333792e-01
1.069797979797981302e+00
1.647777777777776231e+00
1.059020202020201395e+01
9.756565656565635569e-01
3.012121212121214864e-01
1.967171717171718237e+00
2.430303030303024858e-01
1.147272727272729220e+00
6.415151515151505945e-01
0.000000000000000000e+00
1.117363636363636914e+01
2.160606060606058143e-01
2.488888888888884654e-01
0.000000000000000000e+00
1.216161616161617331e-01
2.939393939393944444e-02
1.217070707070705193e+00
1.842424242424241798e-01
5.060606060606051004e-01
8.272727272727277426e-02
1.849898989898991708e+00
1.194949494949496982e+00
2.329898989898990802e+00
1.685959595959596991e+00
3.072222222222220189e+00
2.753232323232322809e+00
2.894717171717171667e+01
7.950808080808081968e+01
2.015656565656568588e+00
1.204343434343432495e+00
1.025606060606061476e+01
2.160606060606058143e-01
4.226464646464649810e+00
9.999999999999949901e-03
3.499696969696961979e+00
1.014545454545454861e+00
0.000000000000000000e+00
1.437676767676768996e+00
1.970707070707073405e-01
1.979797979797979016e-02
4.083333333333338366e+00
4.147979797979795791e+01
2.584848484848481509e-01
1.176868686868687286e+00
1.752525252525250821e+00
4.632020202020196820e+00
1.052121212121214455e+00
1.333636363636365729e+00
2.414141414141421083e-01
1.357878787878785021e+00
9.090909090909075896e-02
1.590202020202018174e+00
3.509393939393934847e+00
1.123030303030300159e+00
1.693939393939396965e+00
4.292929292929289486e-01
2.233333333333339110e-01
2.146868686868682374e+00
1.931313131313131815e-01
4.939191919191920910e+00
5.170303030303031733e+00
1.389797979797977145e+00
5.054848484848489143e+00
8.272727272727277426e-02
3.174747474747477427e-01
2.723232323232319674e-01
1.253535353535357055e+00
2.336767676767679269e+00
4.797979797979806671e-02
1.665555555555556566e+00
1.629393939393941393e+00
6.992656565656565704e+01
1.287878787878785625e-01
8.056565656565656042e+00
1.651515151515149105e-01
2.741414141414146299e-01
7.575656565656565533e+00
2.563030303030297219e+00
1.382929292929297116e+00
1.969696969696965450e-01
3.686454545454546405e+01
2.600808080808078682e+00
2.146161616161617491e+00
1.837373737373736160e-01
2.677777777777780588e-01
7.668686868686873659e-01
2.555858585858591159e+00
8.355757575757575495e+00
0.000000000000000000e+00
1.979797979797979363e-02
9.113131313131292988e-01
1.115757575757573727e+00
2.232929292929296317e+00
4.417676767676766758e+00
2.958181818181821576e+00
1.591414141414142058e+00
3.260606060606064394e-01
0.000000000000000000e+00
0.000000000000000000e+00
2.464242424242420348e+00
1.679191919191916016e+00
2.418888888888885980e+00
9.888888888888897055e-02
2.580404040404035815e+00
8.925151515151519277e+00
3.251515151515144697e-01
2.189434343434344399e+01
2.299191919191921674e+00
3.048282828282825818e+00
1.297272727272725579e+00
4.912525252525244746e+00
1.782121212121216436e+00
0.000000000000000000e+00
1.370303030303029912e+00
2.883434343434340352e+00
1.425252525252528879e-01
1.968686868686870151e+00
1.082727272727274093e+00
2.133969696969696273e+01
5.852929292929291982e+00
1.083535353535356016e+00
1.162626262626261342e+00
4.939393939393948996e-02
2.079797979797982366e-01
1.979797979797979363e-02
2.319191919191922191e-01
1.699999999999999289e+00
3.825252525252516578e-01
5.050505050505040838e-01
1.331818181818182900e+00
1.256585858585859050e+01
1.463343434343433458e+01
1.249595959595957817e+00
0.000000000000000000e+00
1.142424242424244091e-01
1.293282828282828412e+01
1.057272727272727808e+00
2.515858585858583130e+00
2.683737373737375531e+00
9.999999999999993269e-03
8.983838383838395059e-01
1.457575757575757247e-01
9.999999999999977657e-03
1.320707070707072361e+01
1.552525252525254196e+00
1.565555555555554479e+00
3.763636363636359006e-01
2.151717171717176580e+00
2.940404040404041575e-01
1.986868686868684675e+00
5.682323232323235551e+00
1.224242424242426797e+00
1.555454545454545867e+00
4.797979797979806671e-02
2.185353535353538934e+00
8.839494949494948628e+00
1.502525252525253707e+00
7.654545454545454986e-01
9.999999999999956840e-03
6.696969696969709562e-02
1.216767676767673834e+00
2.384949494949490045e+00
9.884848484848471895e-01
1.893939393939393923e-01
5.287575757575763369e+00
3.312151515151514758e+01
2.629696969696971642e+00
3.058585858585855632e+00
3.074242424242423333e+00
7.149494949494943352e-01
2.197979797979799643e-01
5.383121212121211130e+01
3.610616161616163566e+01
1.016767676767675210e+00
1.423131313131311249e+00
2.939292929292929291e+00
1.672626262626261795e+00
1.856161616161611683e+00
6.539393939393944866e-01
0.000000000000000000e+00
9.090909090909084223e-02
1.628383838383838267e+00
1.110535353535354020e+01
2.256464646464644286e+00
2.856828282828282184e+01
1.609646464646464992e+01
7.456363636363636971e+00
1.139494949494951559e+00
9.717171717171728396e-02
2.056767676767674580e+00
1.319797979797978416e+00
0.000000000000000000e+00
6.325969696969698930e+01
5.942424242424257930e-01
8.151515151515155155e-01
8.463636363636369842e-01
2.304545454545451566e+00
1.218787878787877643e+00
1.731313131313130471e+00
2.931919191919192258e+00
4.797979797979808059e-02
0.000000000000000000e+00
3.122171717171717731e+01
1.502222222222221015e+00
3.122686868686867356e+01
2.136363636363637353e-01
1.593030303030303463e+00
0.000000000000000000e+00
1.474727272727272798e+01
0.000000000000000000e+00
6.647575757575756583e+00
0.000000000000000000e+00
4.581818181818186897e-01
1.872868686868685728e+01
1.407676767676767193e+00
1.761010101010097584e+00
5.203222222222225213e+01
2.233535353535357260e+00
3.143535353535355181e+00
7.676767676767667914e-02
1.399595959595957506e+00
9.999999999999977657e-03
2.001111111111109953e+00
1.405323232323232752e+01
9.414141414141406761e-02
1.600656565656563757e+01
7.681858585858587674e+01
1.437878787878789311e+00
0.000000000000000000e+00
2.305656565656566404e+00
3.508181818181818556e+01
2.914848484848484578e+00
1.133232323232321592e+00
3.079989898989899544e+01
9.999999999999953371e-03
1.013636363636364335e+00
9.999999999999949901e-03
2.479797979797981056e-01
4.107060606060604613e+01
2.121212121212122381e-01
5.899090909090907608e+00
4.710505050505045865e+00
1.807474747474743682e+00
7.731313131313134468e-01
2.882828282828284183e-01
2.960606060606060796e-01
1.029292929292930925e+00
4.511818181818183504e+00
1.953030303030302006e+00
2.078484848484846381e+00
9.888888888888908157e-02
6.928282828282830152e-01
7.390505050505053575e+00
2.654636363636363328e+01
1.224141414141415751e+00
7.933333333333330017e-01
2.197373737373739200e+00
7.434343434343430868e-02
5.305565656565654820e+01
1.606565656565659861e+00
9.336363636363641527e-01
3.722828282828277491e+00
9.745454545454530493e-01
1.455151515151515973e+00
3.137575757575759905e+00
1.554545454545455951e-01
4.078787878787878962e-01
0.000000000000000000e+00
4.886868686868692802e-01
2.464040404040401810e+00
5.479050505050504682e+01
4.049696969696970683e+01
1.854343434343436847e+00
2.616161616161619130e-01
1.600101010101008914e+00
1.530404040404041099e+00
2.231313131313127585e+00
2.424242424242418481e-01
2.763535353535349071e+00
0.000000000000000000e+00
3.799696969696969795e+00
1.314545454545455350e+00
1.332424242424240957e+00
1.160707070707072353e+00
2.563838383838379364e+00
2.616161616161620240e-01
5.613606060606057468e+01
1.988181818181820937e+00
7.772727272727276926e+00
1.402323232323233526e+00
1.876161616161613477e+00
1.299595959595958083e+00
1.669292929292927274e+00
1.071111111111109349e+00
8.508383838383840825e+00
9.765656565656547494e-01
1.653636363636362905e+00
1.989797979797981675e+00
3.959595959595958031e-02
6.206060606060590512e-01
8.701010101010101527e-01
2.058484848484843699e+00
1.533232323232324834e+00
2.407979797979796555e+00
2.266666666666662944e-01
2.939393939393943056e-02
2.260606060606056567e-01
0.000000000000000000e+00
6.765656565656573695e-01
0.000000000000000000e+00
3.558585858585854855e-01
1.469797979797980769e+00
2.157777777777774908e+00
1.216161616161617470e-01
1.675757575757577111e-01
6.379595959595961041e+00
1.254040404040401846e+00
9.347878787878780571e+00
3.878787878787880172e-02
0.000000000000000000e+00
1.493434343434344891e+00
7.575757575757582907e-02
0.000000000000000000e+00
1.070808080808082874e+00
3.384848484848481220e+00
0.000000000000000000e+00
1.734040404040406713e+00
1.937272727272725481e+00
2.896060606060604226e+00
5.696969696969710756e-02
1.533333333333333215e-01
