4.625050505050501748e+00
2.321919191919189274e+00
0.000000000000000000e+00
1.205757575757575584e+00
5.110505050505055102e+00
8.854545454545429406e-01
2.521212121212118573e-01
3.088787878787877084e+00
2.403030303030307957e-01
2.939292929292928847e+00
9.809999999999999432e+01
2.742424242424247871e-01
2.939393939393944791e-02
1.527070707070707245e+00
2.849595959595962569e+00
7.178888888888889319e+00
1.999999999999996919e-02
1.216161616161618442e-01
5.040868686868684989e+01
1.109696969696968294e+00
0.000000000000000000e+00
9.181818181818177660e-01
2.935757575757579563e+00
2.197979797979799643e-01
0.000000000000000000e+00
6.575757575757584794e-02
2.546060606060608578e+00
4.939393939393937200e-02
3.959595959595958031e-02
1.276666666666667949e+00
6.779696969696974662e+00
1.688888888888890882e-01
3.448484848484845156e-01
1.188181818181815785e+00
2.163131313131315459e+00
2.011717171717169794e+00
9.384232323232322415e+01
4.478313131313137774e+01
2.685858585858582614e-01
3.224040404040405150e+00
1.281444444444444564e+01
9.559595959595963421e-01
2.568787878787874401e+00
1.513737373737372494e+00
2.701010101010098641e+00
3.878787878787879478e-02
3.658585858585867712e-01
0.000000000000000000e+00
3.903636363636359796e+00
2.340404040404040487e+01
2.648484848484845333e+00
0.000000000000000000e+00
1.733333333333331450e-01
1.049494949494946372e+00
3.388080808080811135e+00
8.235353535353527876e-01
1.833333333333336146e+00
7.025252525252527747e-01
5.391010101010103917e+00
1.888585858585857702e+00
5.807939393939397377e+01
1.819090909090905983e+00
3.642969696969699100e+01
0.000000000000000000e+00
2.332222222222224861e+00
1.767676767676764071e-01
6.603636363636367967e+00
2.464040404040402699e+00
2.524242424242423843e-01
1.357575757575757991e-01
3.337676767676773348e+00
5.696969696969712837e-02
2.426969696969702106e+00
4.068585858585854531e+00
2.125252525252524782e-01
5.867383838383838679e+01
2.765151515151511141e+00
2.087979797979802044e+00
4.641353535353535165e+01
3.868686868686864178e-01
1.481414141414140850e+00
1.719595959595955126e+00
1.188888888888891965e-01
7.305151515151514729e+00
7.471717171717167538e+00
2.998989898989893987e+00
1.311717171717173391e+00
3.439090909090911641e+00
1.086060606060608391e+00
2.358585858585862671e-01
2.196969696969695574e-01
1.720303030303033553e+00
1.999999999999994491e-02
2.536363636363632157e+00
2.104949494949497346e+00
4.945454545454541218e-01
2.982828282828283495e+00
2.198686868686869467e+00
2.106060606060602414e+00
8.249838383838385880e+01
4.035454545454539854e+00
9.999999999999960310e-03
1.848484848484847065e-01
1.675808080808080902e+01
2.624242424242423377e-01
1.610303030303029681e+00
1.386969696969699628e+00
1.095050505050506384e+00
2.509090909090911370e-01
3.711010101010103757e+00
4.079797979797984420e-01
9.888888888888891504e-02
9.090909090909067569e-02
3.367171717171717926e+00
2.846363636363635319e+00
3.793939393939393945e-01
0.000000000000000000e+00
4.009595959595953829e+00
1.837474747474745485e+00
1.032070707070707272e+01
8.264040404040400745e+00
1.608181818181820599e+00
4.106060606060610851e-01
2.019191919191921425e+00
2.959494949494950955e+00
4.454545454545451033e-01
1.776363636363634146e+00
1.066666666666669094e-01
1.149414141414141710e+01
2.979797979797975047e-02
9.999999999999965514e-03
5.696969696969707980e-02
1.261616161616162246e-01
2.352222222222225323e+00
1.341515151515152660e+00
2.390121212121211158e+01
2.509090909090911925e-01
4.461313131313136893e+00
1.680101010101011427e+00
0.000000000000000000e+00
1.312929292929294167e+00
2.108181818181821487e+00
6.818181818181823228e-02
2.719191919191921158e+00
2.233333333333338555e-01
2.696565656565652169e+00
1.830303030303027656e+00
3.815151515151516404e-01
2.099696969696967397e+00
2.979797979797979210e-02
3.795858585858585599e+00
1.502929292929290561e+00
1.979797979797979710e-02
3.207070707070705851e+00
5.890000000000002345e+00
1.155353535353535799e+00
2.016060606060603888e+00
6.726262626262625055e+00
1.661515151515151389e+00
1.867676767676764160e-01
1.425252525252529434e-01
0.000000000000000000e+00
1.775757575757578588e-01
2.085808080808079623e+01
2.938181818181820226e+00
8.658080808080811153e+01
1.357575757575757991e-01
1.873333333333332185e+00
1.341080808080807607e+01
1.680808080808080085e+00
1.264646464646463075e-01
2.056868686868689622e+00
1.752020202020201145e+00
0.000000000000000000e+00
1.111212121212119541e+00
1.203858585858585606e+01
2.118989898989901199e+00
2.373737373737368761e-01
1.651515151515149105e-01
1.415050505050503560e+00
1.131313131313131382e-01
1.980808080808085014e+00
1.239393939393940436e-01
2.747777777777778763e+00
7.892929292929301566e-01
1.240303030303031129e+00
2.533535353535348200e+00
1.834444444444446987e+00
2.013939393939395472e+00
2.424242424242418481e-01
3.290808080808078184e+00
2.255656565656568358e+00
1.749595959595957595e+00
1.900101010101007626e+00
5.797979797979802702e-02
3.090000000000002522e+00
9.999999999999975922e-03
2.129494949494953104e+00
8.737373737373720084e-02
2.626282828282827708e+01
1.391383838383837634e+01
1.433434343434345504e+00
2.397979797979793992e-01
0.000000000000000000e+00
2.190707070707072379e+00
0.000000000000000000e+00
4.525252525252533076e+00
7.737373737373731686e-02
9.888888888888901219e-02
5.291919191919188803e-01
8.585151515151514445e+01
2.525252525252525415e-01
8.527272727272754427e-01
4.432323232323232554e-01
2.661616161616165765e+00
7.370484848484849749e+01
2.706202020202019654e+01
3.118323232323230698e+01
1.372323232323232833e+00
1.940000000000003721e+00
6.451515151515143653e-01
3.538383838383833968e-01
6.379898989898985739e+00
0.000000000000000000e+00
3.118535353535353494e+01
1.459696969696969049e+00
3.135959595959593837e+00
1.001313131313129601e+00
8.630505050505048459e+00
1.223838383838381727e+00
0.000000000000000000e+00
1.227575757575758653e+00
2.509797979797976364e+00
3.471414141414147281e+00
9.321313131313132772e+00
4.396969696969702746e+00
1.129232323232322877e+01
2.510606060606054957e+00
2.098383838383837574e+00
1.512222222222222801e+00
1.369494949494947544e+00
1.182929292929295384e+00
1.979797979797979710e-02
2.373737373737368761e-01
2.430808080808084082e+00
3.067373737373743747e+00
2.731696969696969646e+01
2.756666666666669929e+00
1.097171717171719241e+00
1.117878787878786584e+00
1.596262626262628936e+00
3.655555555555555891e+00
2.389898989898986970e-01
1.009090909090911287e-01
2.762626262626267648e-01
1.278787878787879251e+01
1.920202020202016691e+00
4.465353535353537850e+00
4.714949494949498998e+00
2.980101010101017245e+00
0.000000000000000000e+00
0.000000000000000000e+00
2.154444444444451712e+00
8.569898989898987907e+00
5.675272727272724893e+01
2.224444444444447999e+00
7.353434343434344989e+00
1.781717171717171588e+00
8.031313131313114750e-01
2.210101010101007457e+00
2.283434343434340263e+00
8.993030303030302264e+00
3.939393939393939781e-02
8.661616161616151999e+00
4.040404040404041441e-02
2.939393939393943403e-02
3.729898989898988049e+00
1.775757575757578866e-01
7.434343434343430868e-02
3.173939393939396059e+00
2.568080808080809962e+00
2.025848484848484787e+01
1.083131313131313389e+00
2.071111111111107128e+00
7.213232323232330323e+00
2.871111111111107839e+00
2.862171717171716523e+01
2.742020202020206021e+00
2.332020202020198774e+00
2.524242424242423843e-01
2.703131313131314606e+00
1.740797979797979878e+01
2.971515151515149888e+00
0.000000000000000000e+00
2.712121212121211933e+00
1.390101010101010948e+00
7.919494949494951364e+00
2.043434343434347433e-01
2.666868686868686833e+00
1.733333333333332282e-01
1.338484848484848611e+00
1.527878787878785394e+00
7.682828282828283450e-01
2.169595959595961521e+00
3.979797979797979057e-02
1.588585858585857435e+00
3.037373737373731952e-01
2.354545454545460548e-01
1.099090909090909784e+00
2.000303030303032248e+00
9.090909090909075896e-02
9.272727272727274150e-02
1.630606060606063501e+00
4.927272727272721808e-01
0.000000000000000000e+00
0.000000000000000000e+00
1.594141414141415414e+00
3.365050505050503737e+00
3.315050505050503915e+00
4.797979797979808059e-02
6.284343434343437451e+00
1.241818181818181710e+00
8.523434343434347582e+00
5.500505050505050342e+00
9.083838383838395814e+00
2.256767676767677422e+00
1.832181818181817690e+01
1.052323232323231883e+00
2.490606060606064709e+00
0.000000000000000000e+00
2.030909090909088555e+00
2.434545454545453680e+00
2.995858585858584888e+00
9.575757575757563866e-02
2.521414141414139554e+00
1.360707070707070532e+00
2.079797979797981811e-01
1.249393939393939945e+00
1.738080808080807671e+00
1.788888888888889583e-01
3.307777777777773931e+00
8.272727272727277426e-02
1.490909090909092460e-01
1.287878787878785347e-01
0.000000000000000000e+00
9.350484848484846623e+01
1.339191919191918156e+00
3.154888888888888232e+01
4.345454545454541240e-01
3.823737373737373879e+00
5.286464646464650308e+00
2.572020202020205648e+00
1.066666666666669094e-01
1.006767676767678754e+00
1.163636363636361970e-01
9.280303030303027612e+00
2.939393939393943056e-02
4.078585858585859647e+00
3.947373737373739200e+00
1.979797979797979363e-02
2.036363636363636709e-01
1.986868686868689948e-01
9.999999999999965514e-03
3.107070707070702653e-01
9.999999999999970718e-03
4.622222222222217014e-01
1.457070707070708737e+00
4.197373737373736979e+00
5.527333333333331211e+01
2.560606060606065992e-01
1.893939393939393923e-01
0.000000000000000000e+00
3.070707070707078268e-01
5.696969696969701735e-02
2.699898989898988244e+00
7.737373737373724747e-02
1.580707070707071837e+00
3.090909090909095269e-01
1.863232323232325571e+00
1.511313131313134273e+00
1.328828282828282603e+01
3.044646464646462380e+00
9.999999999999972453e-03
1.142424242424244091e-01
1.667373737373735620e+00
2.038080808080806605e+00
1.989696969696971296e+00
3.257979797979797532e+00
1.554545454545456507e-01
1.478393939393941103e+01
3.923080808080809589e+01
1.533232323232321059e+00
2.848484848484851839e-01
1.476161616161613788e+00
2.544444444444446951e+00
3.249898989898988955e+00
1.318282828282827612e+00
2.297979797979792238e-01
2.065252525252528226e+00
5.253535353535354169e+00
1.909090909090905841e+00
3.113838383838385404e+00
4.676151515151514815e+01
1.597474747474747270e+00
5.192595959595959698e+01
1.625858585858587446e+00
1.696767676767675814e+00
8.002424242424241996e+00
2.507777777777781658e+00
1.433333333333335124e+00
0.000000000000000000e+00
6.526363636363632814e+00
4.542424242424242253e-01
1.266060606060608773e+00
3.640707070707070159e+01
3.238787878787871222e+00
4.335040404040405804e+01
2.738080808080804562e+00
2.864646464646467550e-01
2.998585858585862240e+00
2.630404040404044075e+00
4.046767676767679234e+00
1.514141414141411401e-01
2.575757575757576801e-01
6.550494949494948571e+01
5.102525252525248689e+00
8.146565656565652347e+00
1.066666666666668400e-01
9.545454545454529205e-01
1.266464646464650512e+00
6.707676767676765905e+00
4.797979797979801814e-02
2.131313131313129772e-01
0.000000000000000000e+00
5.470202020202017401e+00
2.298585858585857622e+00
2.648484848484845000e-01
2.133797979797981270e+01
9.312121212121204916e-01
2.708080808080805535e-01
2.500000000000001110e-01
1.925858585858588157e+00
3.756262626262620419e+00
5.144707070707073626e+01
8.054343434343431696e+00
7.575757575757587070e-02
0.000000000000000000e+00
2.979797979797975671e-01
9.121717171717172334e+00
2.466060606060599625e+00
0.000000000000000000e+00
6.129292929292918801e-01
2.591414141414134509e+00
2.293232323232327730e+00
1.609595959595958359e+00
2.524646464646468136e+00
3.725353535353538970e+00
2.740909090909091184e+00
2.300101010101008203e+00
5.797979797979804784e-02
0.000000000000000000e+00
2.764242424242427276e+00
4.324242424242416005e-01
0.000000000000000000e+00
3.573737373737373990e-01
2.260606060606057677e-01
3.434343434343431478e-01
3.896161616161618824e+00
1.883131313131318096e+00
1.487070707070705433e+00
2.972727272727268555e-01
0.000000000000000000e+00
3.966666666666670005e-01
5.111414141414138967e+00
2.984141414141410209e+00
4.504848484848483103e+00
1.760101010101011720e+00
9.162626262626237805e-01
1.252626262626261866e+00
1.886060606060607769e+00
3.173232323232319185e+00
6.674535353535353011e+01
1.951010101010102193e+00
1.890303030303031928e+00
6.701010101010094200e-01
3.637070707070703346e+00
8.428585858585861956e+00
1.304848484848482926e+00
5.512121212121213754e-01
0.000000000000000000e+00
1.934646464646460728e+00
1.163030303030304413e+00
3.869191919191918849e+00
2.297979797979792516e-01
5.696969696969703817e-02
1.066666666666668400e-01
2.785757575757578763e+00
4.797979797979804589e-02
9.999999999999951636e-03
1.238888888888890927e+00
1.225787878787879848e+01
3.121818181818182047e+00
2.778080808080806818e+01
0.000000000000000000e+00
2.403030303030307957e-01
2.330303030303033207e+00
1.785858585858582648e-01
3.182424242424243044e+00
2.634545454545450305e+00
0.000000000000000000e+00
3.685757575757571569e+00
3.872262626262624252e+01
9.690909090909077817e-01
2.030101010101012182e+00
1.004696969696969511e+01
3.189898989898994230e+00
1.697272727272728154e+00
3.467373737373736553e+00
4.797979797979806671e-02
8.892929292929288021e-01
6.039494949494952358e+00
4.959595959595957115e-01
4.222929292929293865e+00
2.133737373737378817e+00
6.405656565656559387e+00
9.999999999999958575e-03
1.924949494949498963e+00
2.082828282828283195e-01
5.557575757575751174e-01
6.189797979797982741e+00
3.666252525252525629e+01
1.478040404040403644e+01
9.048484848484855680e-01
5.858585858585859535e-02
1.696929292929292998e+01
1.699595959595959327e+00
3.287878787878782405e-01
3.123939393939393128e+01
1.512121212121211977e+00
1.264646464646463075e-01
2.031818181818183966e+00
2.591414141414139394e+00
6.575757575757593121e-02
1.782525252525255066e+00
1.066666666666669094e-01
3.715454545454551560e+00
0.000000000000000000e+00
2.217777777777776738e+00
1.119090909090906250e+00
1.242424242424243208e-01
1.620909090909091432e+01
1.287878787878785347e-01
1.025404040404040806e+01
1.475858585858586203e+00
1.893939393939393923e-01
3.202828282828280582e+00
0.000000000000000000e+00
3.331818181818183788e+00
8.889898989898979975e-01
9.810898989898993250e+01
2.220707070707073072e+00
1.915575757575757621e+01
1.236373737373737214e+01
1.855656565656564894e+00
4.797979797979802508e-02
2.420606060606055987e+00
4.555454545454542092e+00
2.371616161616155960e+00
2.662121212121209446e+00
2.475757575757577267e-01
3.104878787878787705e+01
1.288787878787876817e+00
1.788888888888891249e-01
3.065757575757570574e+00
2.090707070707070514e+00
3.058585858585863293e-01
8.538030303030301127e+01
3.114141414141414099e+00
1.888686868686871412e+00
6.108484848484841301e+00
2.316565656565656717e+00
2.666727272727274212e+01
1.979797979797979710e-02
8.555555555555556524e-02
1.929898989898992001e+00
1.497171717171720040e+00
6.576979797979798548e+01
2.385555555555550544e+00
1.767676767676764071e-01
1.715959595959595907e+00
3.521010101010098037e+00
0.000000000000000000e+00
6.949797979797984304e+00
8.125929292929295400e+01
1.294040404040400993e+00
3.461616161616156151e-01
3.243434343434346001e-01
1.145060606060606112e+01
1.893939393939393923e-01
1.118600000000000136e+02
4.878787878787876897e-02
6.394949494949483393e-01
1.979797979797979016e-02
2.739595959595961805e+00
2.722222222222218657e-01
9.999999999999955105e-03
1.384040404040403294e+00
3.173737373737380851e-01
6.125878787878787080e+01
2.621212121212118107e-01
2.054444444444447626e+00
2.622222222222225785e-01
2.260606060606056844e-01
1.394848484848485670e+00
2.915656565656568944e+00
3.279797979797984819e-01
6.168888888888885980e+00
1.121212121212118995e-01
2.650505050505044036e+00
2.056767676767676356e+00
6.277474747474744099e+00
2.323131313131314268e+00
6.087474747474746373e+00
1.093232323232323333e+00
6.575757575757587570e-02
9.763636363636346571e-01
2.423232323232323848e-01
5.488888888888894257e-01
7.045090909090906450e+01
6.634535353535355284e+01
1.501515151515154134e+00
2.778787878787874477e-01
1.364949494949496023e+00
6.958888888888888857e+01
3.849898989898991264e+00
3.232222222222224772e+00
4.177777777777778589e-01
2.038282828282823811e+00
3.968686868686862601e-01
2.346060606060605735e+00
1.010231313131312731e+02
3.615151515151515116e-01
1.343434343434343203e-01
3.454646464646462967e+00
6.572999999999998977e+01
1.451414141414141046e+00
4.060404040404035797e+00
2.036363636363636709e-01
5.829696969696969155e+00
2.233333333333338555e-01
0.000000000000000000e+00
2.233333333333338000e-01
3.281737373737374242e+01
6.135151515151511248e+00
1.183771717171717341e+02
2.939393939393944444e-02
6.393939393939384042e-01
2.264848484848486887e+00
1.898383838383838063e+00
1.675757575757578499e-01
1.849292929292927878e+00
1.796161616161612073e+00
3.227272727272722519e-01
1.270010101010100811e+01
3.878787878787880172e-02
2.983838383838384734e-01
3.851212121212121975e+00
3.878787878787880172e-02
3.959595959595963444e-01
1.480202020202018964e+00
2.067676767676764449e+00
1.575939393939394506e+01
1.179191919191917792e+00
3.585858585858580638e-01
2.642424242424246561e+00
3.422222222222223720e-01
1.703333333333332700e+00
8.468686868686857716e-01
0.000000000000000000e+00
1.926565656565655260e+01
2.297979797979792516e-01
2.479797979797984941e-01
0.000000000000000000e+00
1.716161616161616665e-01
3.878787878787880172e-02
1.857171717171714809e+00
1.986868686868689671e-01
5.648484848484845999e-01
1.490909090909092460e-01
2.251616161616158518e+00
2.046363636363631500e+00
3.420404040404041446e+00
2.302020202020200745e+00
4.642222222222219585e+00
3.229494949494954525e+00
3.823575757575755318e+01
9.160818181818180506e+01
2.569898989898985686e+00
2.005959595959593056e+00
1.503878787878788259e+01
2.160606060606057865e-01
4.761616161616160525e+00
9.999999999999965514e-03
4.027272727272734443e+00
1.250707070707074431e+00
0.000000000000000000e+00
1.890707070707070558e+00
2.777777777777774015e-01
3.878787878787880172e-02
5.677979797979795684e+00
5.610606060606062329e+01
3.224242424242432792e-01
1.338383838383839786e+00
2.287474747474745662e+00
5.239898989898981618e+00
1.364747474747473266e+00
1.666363636363638934e+00
3.158585858585851169e-01
1.879090909090911143e+00
1.357575757575757991e-01
1.604646464646468429e+00
4.410404040404046100e+00
1.626161616161615697e+00
2.282626262626266112e+00
5.310101010101020425e-01
2.333333333333338089e-01
2.852121212121209393e+00
2.532323232323228646e-01
8.036666666666663517e+00
6.438181818181822003e+00
1.751313131313130933e+00
6.515656565656563259e+00
1.066666666666667984e-01
3.448484848484845156e-01
2.754545454545450078e-01
1.893535353535357846e+00
3.517070707070701907e+00
1.066666666666668400e-01
2.871212121212122437e+00
2.233737373737374909e+00
1.006451515151514684e+02
1.842424242424241798e-01
1.281363636363636260e+01
1.852525252525255295e-01
4.124242424242429150e-01
1.150414141414141689e+01
3.747373737373742575e+00
1.816060606060607707e+00
2.751515151515148694e-01
5.874595959595959016e+01
3.616060606060605753e+00
2.692424242424240610e+00
2.779797979797974938e-01
3.316161616161623082e-01
9.933333333333319581e-01
3.787272727272725348e+00
1.087585858585858567e+01
0.000000000000000000e+00
5.696969696969707286e-02
1.176868686868689284e+00
1.550808080808079747e+00
3.192525252525248991e+00
7.000303030303030027e+00
4.755454545454545823e+00
2.200202020202014719e+00
3.469696969696964839e-01
0.000000000000000000e+00
0.000000000000000000e+00
3.024848484848487562e+00
2.501414141414143533e+00
3.396464646464647519e+00
1.340404040404040709e-01
2.874646464646470001e+00
1.164232323232322663e+01
3.724242424242424909e-01
3.220808080808078699e+01
2.667777777777779580e+00
4.581414141414143160e+00
1.779191919191915661e+00
6.831717171717176740e+00
2.659595959595962178e+00
9.999999999999953371e-03
2.037171717171717411e+00
3.599393939393933817e+00
1.814141414141413056e-01
2.201919191919195828e+00
1.006969696969697292e+00
3.115999999999999304e+01
6.032929292929287257e+00
1.808383838383838427e+00
1.432323232323232443e+00
7.757575757575760345e-02
2.379797979797985685e-01
5.696969696969703817e-02
2.462626262626259332e-01
2.067171717171714995e+00
4.479797979797988106e-01
5.203030303030315995e-01
1.743434343434345779e+00
1.635323232323231579e+01
2.519090909090907360e+01
1.532727272727269607e+00
0.000000000000000000e+00
1.490909090909092738e-01
1.906010101010101820e+01
1.165454545454547963e+00
2.915858585858582597e+00
3.172323232323231323e+00
2.979797979797975394e-02
1.329393939393938462e+00
1.775757575757578866e-01
2.979797979797977822e-02
1.886575757575756995e+01
2.718686868686871261e+00
2.112121212121214064e+00
3.979797979797972673e-01
3.017272727272734656e+00
3.167676767676767535e-01
3.293535353535347987e+00
7.675858585858588157e+00
1.841111111111115806e+00
2.372828282828280511e+00
7.434343434343430868e-02
2.286464646464650308e+00
1.356454545454545624e+01
2.270303030303026048e+00
1.097171717171717020e+00
9.999999999999956840e-03
2.479797979797973839e-01
1.616060606060607086e+00
3.718080808080805433e+00
1.107979797979796732e+00
1.893939393939393923e-01
7.902525252525260946e+00
4.879858585858583808e+01
3.932828282828280120e+00
4.656262626262630100e+00
4.515555555555555323e+00
1.264545454545455749e+00
2.403030303030307679e-01
7.197595959595960835e+01
6.061333333333333684e+01
1.767878787878786939e+00
2.101010101010098552e+00
3.960404040404039705e+00
2.693535353535352783e+00
2.763737373737372938e+00
1.040303030303029619e+00
0.000000000000000000e+00
1.357575757575757991e-01
2.303636363636359707e+00
1.812838383838383294e+01
3.504848484848483992e+00
4.301999999999996760e+01
2.223424242424242436e+01
1.203373737373737740e+01
1.346565656565658076e+00
1.437373737373741356e-01
3.083131313131315832e+00
1.681212121212118715e+00
9.999999999999981126e-03
7.844828282828281374e+01
8.314141414141427155e-01
8.777777777777771018e-01
1.113636363636361537e+00
3.000808080808083034e+00
1.599393939393940922e+00
2.691111111111110787e+00
3.719494949494952962e+00
6.696969696969706787e-02
0.000000000000000000e+00
4.791535353535352471e+01
2.067676767676769778e+00
4.575626262626260399e+01
2.924242424242418648e-01
1.932020202020198640e+00
0.000000000000000000e+00
3.064909090909090139e+01
0.000000000000000000e+00
1.112545454545453971e+01
0.000000000000000000e+00
5.076767676767673931e-01
2.248676767676767341e+01
2.333636363636367506e+00
2.367171717171714374e+00
6.758494949494949822e+01
3.018787878787877244e+00
3.352222222222221770e+00
1.215151515151517286e-01
2.278181818181821416e+00
2.939393939393944444e-02
3.387272727272727213e+00
1.877595959595959485e+01
1.969696969696964062e-01
2.740969696969699498e+01
1.079557575757575592e+02
1.845454545454543682e+00
0.000000000000000000e+00
3.273737373737372280e+00
4.466676767676767668e+01
3.951515151515159641e+00
1.304848484848482260e+00
4.530242424242426580e+01
1.979797979797979016e-02
1.238686868686869280e+00
9.999999999999981126e-03
2.633333333333335302e-01
6.008121212121208288e+01
2.197979797979799643e-01
1.035505050505050662e+01
6.264040404040405186e+00
3.063838383838384249e+00
1.445151515151516186e+00
3.288888888888888973e-01
2.719191919191926154e-01
1.139494949494949561e+00
5.924242424242422089e+00
2.584040404040409022e+00
2.584545454545455367e+00
1.066666666666669372e-01
8.536363636363643037e-01
1.202060606060605785e+01
4.070656565656566528e+01
1.795858585858586931e+00
1.045151515151517385e+00
3.228989898989901963e+00
6.575757575757587570e-02
7.589030303030305902e+01
2.052828282828279782e+00
1.130808080808079596e+00
5.459696969696966384e+00
1.411515151515151612e+00
2.330606060606060126e+00
3.823232323232324870e+00
2.043434343434342437e-01
4.345454545454541240e-01
0.000000000000000000e+00
5.096969696969703145e-01
3.961212121212119186e+00
8.865464646464644716e+01
5.704595959595958732e+01
2.173131313131309028e+00
3.004040404040405066e-01
2.234747474747472040e+00
1.836262626262624709e+00
2.953838383838385262e+00
2.575757575757576801e-01
3.274646464646464583e+00
0.000000000000000000e+00
5.622121212121212075e+00
2.484444444444442013e+00
1.686363636363632512e+00
1.775353535353534351e+00
3.936969696969695232e+00
3.065656565656570964e-01
9.009030303030300502e+01
2.611818181818177376e+00
9.115050505050506402e+00
2.005959595959593056e+00
3.028787878787878807e+00
1.586161616161616994e+00
2.159393939393937867e+00
1.374343434343433312e+00
1.272414141414141220e+01
1.416464646464645982e+00
2.072121212121208700e+00
2.673535353535347880e+00
6.818181818181824616e-02
6.423232323232315188e-01
8.876767676767667314e-01
3.410202020202016904e+00
2.218787878787876977e+00
3.992828282828289499e+00
2.121212121212122381e-01
9.090909090909071733e-02
2.524242424242421068e-01
0.000000000000000000e+00
8.891919191919200882e-01
1.979797979797979363e-02
4.340404040404033936e-01
2.648686868686871865e+00
2.844040404040407033e+00
1.733333333333330895e-01
1.842424242424241798e-01
9.105252525252531370e+00
1.659595959595959735e+00
1.292313131313131258e+01
5.696969696969703817e-02
0.000000000000000000e+00
2.160909090909086228e+00
1.436363636363638119e-01
1.979797979797979363e-02
1.421212121212121149e+00
5.982424242424241534e+00
1.999999999999996225e-02
2.277474747474745431e+00
2.676666666666668526e+00
3.819292929292924743e+00
9.090909090909068957e-02
2.196969696969698072e-01
