1.258787878787880343e+00
7.440404040404029473e-01
0.000000000000000000e+00
6.249494949494948104e-01
1.326767676767678150e+00
5.598989898989902292e-01
2.197979797979799643e-01
6.312121212121222236e-01
2.354545454545460270e-01
6.952525252525256771e-01
2.132383838383839247e+01
1.425252525252529989e-01
0.000000000000000000e+00
3.845454545454544681e-01
7.008080808080803248e-01
1.693030303030305106e+00
0.000000000000000000e+00
0.000000000000000000e+00
1.323030303030303756e+01
7.173737373737374412e-01
0.000000000000000000e+00
4.227272727272731179e-01
8.692929292929303386e-01
1.990909090909090962e-01
0.000000000000000000e+00
0.000000000000000000e+00
8.864646464646459556e-01
0.000000000000000000e+00
0.000000000000000000e+00
6.706060606060610940e-01
2.014343434343434769e+00
2.939393939393944444e-02
1.888888888888888007e-01
2.337373737373737437e-01
8.881818181818192937e-01
6.192929292929293394e-01
2.186010101010100115e+01
1.230151515151514907e+01
2.079797979797981811e-01
9.998989898989882885e-01
2.791313131313133855e+00
4.596969696969686603e-01
8.687878787878795528e-01
6.369696969696980737e-01
8.854545454545452721e-01
0.000000000000000000e+00
3.737373737373733129e-01
0.000000000000000000e+00
1.028585858585857604e+00
4.168787878787874490e+00
7.483838383838387065e-01
0.000000000000000000e+00
3.878787878787880172e-02
3.287878787878791287e-01
1.037676767676767975e+00
2.616161616161614689e-01
8.461616161616152265e-01
3.692929292929288954e-01
1.848383838383837796e+00
6.901010101010098818e-01
1.502212121212121332e+01
5.377777777777772439e-01
9.694848484848485271e+00
0.000000000000000000e+00
6.578787878787877297e-01
2.939393939393944097e-02
2.016767676767672768e+00
7.126262626262632738e-01
2.521212121212118573e-01
1.979797979797979016e-02
8.866666666666657148e-01
0.000000000000000000e+00
8.622222222222211130e-01
1.203232323232325651e+00
2.000000000000000042e-02
1.443646464646464622e+01
9.399999999999996136e-01
8.296969696969691555e-01
8.359191919191921727e+00
2.601010101010102216e-01
5.867676767676760496e-01
6.680808080808082750e-01
3.878787878787880172e-02
1.848484848484851284e+00
1.558383838383840647e+00
8.362626262626264850e-01
4.814141414141410169e-01
9.982828282828272171e-01
2.847474747474755263e-01
1.943434343434342904e-01
0.000000000000000000e+00
6.341414141414134509e-01
1.979797979797979363e-02
9.247474747474735413e-01
6.418181818181802889e-01
4.596969696969688823e-01
8.022222222222210597e-01
8.183838383838396568e-01
5.849494949494944418e-01
1.978727272727273601e+01
1.410808080808080067e+00
0.000000000000000000e+00
1.979797979797979363e-02
4.679898989898983785e+00
2.443434343434337797e-01
6.451515151515159197e-01
4.940404040404050567e-01
2.819191919191921802e-01
2.516161616161619596e-01
1.233535353535350598e+00
2.524242424242423843e-01
9.999999999999981126e-03
0.000000000000000000e+00
9.343434343434353639e-01
7.369696969696969413e-01
9.999999999999998473e-03
0.000000000000000000e+00
1.012424242424242227e+00
7.758585858585850259e-01
2.373636363636366209e+00
2.537171717171717411e+00
4.283838383838374786e-01
1.873737373737368317e-01
5.647474747474743317e-01
8.283838383838391106e-01
2.767676767676763849e-01
7.570707070707077824e-01
0.000000000000000000e+00
3.906464646464641977e+00
0.000000000000000000e+00
0.000000000000000000e+00
0.000000000000000000e+00
0.000000000000000000e+00
7.171717171717159056e-01
4.559595959595952319e-01
4.870606060606065491e+00
2.521212121212118573e-01
1.428888888888886877e+00
6.657575757575768804e-01
0.000000000000000000e+00
5.165656565656571164e-01
7.259595959595952497e-01
0.000000000000000000e+00
7.569696969696975142e-01
2.266666666666662389e-01
8.644444444444454589e-01
6.722222222222224985e-01
1.943434343434342904e-01
7.265656565656563037e-01
9.999999999999993269e-03
9.791919191919182808e-01
6.296969696969704211e-01
0.000000000000000000e+00
9.324242424242439320e-01
1.963030303030299351e+00
5.873737373737357714e-01
8.636363636363633134e-01
1.797878787878787410e+00
6.255555555555563085e-01
2.939393939393942362e-02
3.878787878787880172e-02
0.000000000000000000e+00
5.696969696969707286e-02
3.818585858585867854e+00
8.705050505050515586e-01
2.208515151515149455e+01
9.999999999999991535e-03
6.921212121212116930e-01
3.123838383838382526e+00
7.585858585858593628e-01
2.939393939393939933e-02
7.123232323232321361e-01
3.914141414141412145e-01
0.000000000000000000e+00
5.016161616161620707e-01
3.232222222222215890e+00
6.273737373737386935e-01
5.696969696969707286e-02
1.979797979797979016e-02
5.891919191919184895e-01
0.000000000000000000e+00
1.039393939393938204e+00
9.090909090909084223e-02
7.437373737373743632e-01
1.108080808080806473e-01
5.101010101010097220e-01
7.537373737373734839e-01
5.350505050505062199e-01
4.636363636363629581e-01
1.357575757575757991e-01
9.813131313131329136e-01
1.011818181818183948e+00
5.990909090909076751e-01
7.739393939393953703e-01
0.000000000000000000e+00
1.145353535353536900e+00
0.000000000000000000e+00
7.919191919191916895e-01
0.000000000000000000e+00
4.971313131313130462e+00
3.708181818181814471e+00
6.696969696969689023e-01
6.696969696969710950e-02
0.000000000000000000e+00
7.076767676767665716e-01
0.000000000000000000e+00
1.543535353535353538e+00
0.000000000000000000e+00
0.000000000000000000e+00
1.688888888888890882e-01
2.009171717171716764e+01
2.509090909090911925e-01
1.755555555555553260e-01
2.988888888888892592e-01
7.914141414141419029e-01
1.928989898989900453e+01
7.529595959595957844e+00
8.064949494949489761e+00
2.777777777777776791e-01
5.546464646464640547e-01
4.631313131313136711e-01
2.641414141414143990e-01
1.855252525252528928e+00
0.000000000000000000e+00
5.813636363636365267e+00
6.056565656565645606e-01
9.017171717171718059e-01
3.606060606060604301e-01
2.183737373737375531e+00
5.021212121212129675e-01
0.000000000000000000e+00
2.529292929292927261e-01
8.524242424242410854e-01
7.852525252525250909e-01
2.605454545454549464e+00
1.439292929292928180e+00
2.665252525252522986e+00
8.031313131313131404e-01
6.910101010101007413e-01
3.443434343434337297e-01
5.311111111111121996e-01
5.348484848484843512e-01
0.000000000000000000e+00
1.490909090909092460e-01
8.608080808080803559e-01
8.976767676767696269e-01
5.350707070707069413e+00
8.248484848484849419e-01
3.157575757575768471e-01
5.639393939393945177e-01
7.215151515151511097e-01
8.288888888888882311e-01
5.919191919191918450e-02
1.979797979797979363e-02
2.121212121212122381e-01
3.588989898989900951e+00
3.981818181818172486e-01
1.632929292929291787e+00
1.368181818181819720e+00
9.989898989899003157e-01
0.000000000000000000e+00
0.000000000000000000e+00
5.642424242424256553e-01
2.811515151515156852e+00
1.625464646464645924e+01
6.131313131313119724e-01
1.552323232323228996e+00
6.302020202020193196e-01
3.210101010101013008e-01
5.949494949494965601e-01
7.946464646464643788e-01
2.473838383838382615e+00
0.000000000000000000e+00
1.904646464646462478e+00
0.000000000000000000e+00
0.000000000000000000e+00
1.096060606060605069e+00
8.272727272727277426e-02
0.000000000000000000e+00
8.933333333333337567e-01
7.792929292929305918e-01
4.439090909090912085e+00
6.175757575757558904e-01
5.649494949494960894e-01
2.025050505050506100e+00
8.022222222222230581e-01
9.121414141414142307e+00
8.124242424242410499e-01
9.827272727272716724e-01
2.516161616161619596e-01
8.983838383838385067e-01
4.177979797979798349e+00
8.574747474747481668e-01
0.000000000000000000e+00
8.178787878787882049e-01
6.160606060606060863e-01
2.195353535353530727e+00
0.000000000000000000e+00
8.677777777777767598e-01
9.888888888888892892e-02
6.321212121212109736e-01
6.185858585858595715e-01
3.880808080808086924e-01
7.627272727272724762e-01
0.000000000000000000e+00
7.371717171717168116e-01
6.575757575757583406e-02
2.297979797979792238e-01
7.394949494949483171e-01
6.935353535353533383e-01
0.000000000000000000e+00
9.999999999999974187e-03
7.574747474747477449e-01
4.684848484848486705e-01
0.000000000000000000e+00
0.000000000000000000e+00
6.642424242424249670e-01
9.520202020202033211e-01
9.049494949494959473e-01
0.000000000000000000e+00
1.599393939393936925e+00
4.438383838383841984e-01
2.755757575757580291e+00
1.516060606060605442e+00
2.250808080808081701e+00
7.405050505050506660e-01
5.939292929292932399e+00
6.284848484848476469e-01
6.580808080808068228e-01
0.000000000000000000e+00
6.253535353535357721e-01
8.438383838383826108e-01
8.625252525252526947e-01
0.000000000000000000e+00
8.086868686868692313e-01
3.537373737373732396e-01
1.066666666666668400e-01
6.321212121212120838e-01
5.851515151515147561e-01
1.216161616161617331e-01
8.874747474747466391e-01
0.000000000000000000e+00
2.939393939393943056e-02
1.979797979797979016e-02
0.000000000000000000e+00
1.901727272727272222e+01
7.531313131313124298e-01
6.774343434343427894e+00
3.281818181818181301e-01
1.087979797979798713e+00
1.445858585858585732e+00
1.141010101010099476e+00
0.000000000000000000e+00
5.560606060606070322e-01
0.000000000000000000e+00
2.288787878787874597e+00
0.000000000000000000e+00
1.147070707070707130e+00
9.835353535353520416e-01
0.000000000000000000e+00
1.066666666666668400e-01
5.696969696969703817e-02
0.000000000000000000e+00
1.888888888888889672e-01
0.000000000000000000e+00
4.055555555555552805e-01
2.887878787878794817e-01
1.002222222222220349e+00
1.171303030303030290e+01
2.443434343434337797e-01
1.142424242424245201e-01
0.000000000000000000e+00
2.160606060606057310e-01
0.000000000000000000e+00
7.771717171717176242e-01
0.000000000000000000e+00
7.194949494949504087e-01
2.509090909090911925e-01
7.123232323232316920e-01
6.605050505050489296e-01
2.903737373737377059e+00
7.837373737373736216e-01
0.000000000000000000e+00
0.000000000000000000e+00
6.265656565656558818e-01
6.249494949494943663e-01
5.542424242424236480e-01
8.938383838383825442e-01
3.878787878787880172e-02
2.728282828282830419e+00
9.155454545454546178e+00
6.223232323232338326e-01
2.036363636363636431e-01
5.479797979797987884e-01
6.248484848484854304e-01
8.523232323232311503e-01
5.856565656565659861e-01
2.036363636363638097e-01
7.727272727272724850e-01
1.473535353535354142e+00
7.469696969696963951e-01
6.686868686868678857e-01
1.172929292929292444e+01
3.430303030303034628e-01
1.184515151515150677e+01
7.276767676767684767e-01
5.590909090909103041e-01
2.131818181818179170e+00
7.973737373737357359e-01
7.914141414141412367e-01
0.000000000000000000e+00
1.833939393939393314e+00
1.816161616161616477e-01
6.713131313131319722e-01
9.123939393939382470e+00
1.058787878787878167e+00
1.086212121212121495e+01
8.435353535353524723e-01
1.287878787878786180e-01
9.754545454545471284e-01
8.455555555555543945e-01
1.075151515151517412e+00
0.000000000000000000e+00
2.297979797979792238e-01
1.468616161616160909e+01
1.117171717171718592e+00
2.592424242424244518e+00
0.000000000000000000e+00
6.869696969696980071e-01
4.389898989898993742e-01
1.729090909090909456e+00
0.000000000000000000e+00
1.066666666666668400e-01
0.000000000000000000e+00
1.580808080808080218e+00
8.038383838383840185e-01
1.414141414141411035e-01
4.791010101010093614e+00
4.728282828282822092e-01
9.999999999999949901e-03
2.475757575757577267e-01
8.361616161616172160e-01
1.034242424242421965e+00
1.514616161616162060e+01
2.442828282828279907e+00
0.000000000000000000e+00
0.000000000000000000e+00
1.387878787878792652e-01
2.441111111111106791e+00
8.755555555555544212e-01
0.000000000000000000e+00
4.688888888888884665e-01
5.586868686868686762e-01
7.739393939393935939e-01
5.965656565656559662e-01
8.049494949494964136e-01
1.038989898989896909e+00
7.950505050505046745e-01
8.289898989898979442e-01
0.000000000000000000e+00
0.000000000000000000e+00
1.057676767676766438e+00
4.959595959595956838e-02
0.000000000000000000e+00
2.036363636363636431e-01
1.943434343434342904e-01
1.282828282828285538e-01
9.781818181818172642e-01
5.805050505050507459e-01
7.712121212121225700e-01
2.297979797979792238e-01
0.000000000000000000e+00
2.601010101010103326e-01
1.858989898989899858e+00
1.210707070707072619e+00
1.263636363636365001e+00
5.358585858585853678e-01
3.184848484848492589e-01
2.594949494949486679e-01
7.783838383838389552e-01
8.803030303030313641e-01
2.385636363636364266e+01
7.558585858585864514e-01
7.012121212121215086e-01
5.324242424242415783e-01
1.071717171717174066e+00
2.147474747474747314e+00
3.056565656565656819e-01
4.050505050505039950e-01
0.000000000000000000e+00
7.839393939393954902e-01
1.848484848484847898e-01
1.237777777777781196e+00
1.943434343434342904e-01
0.000000000000000000e+00
0.000000000000000000e+00
8.116161616161615688e-01
9.999999999999993269e-03
0.000000000000000000e+00
4.596969696969691044e-01
4.809191919191928122e+00
1.140101010101008505e+00
6.565959595959586892e+00
0.000000000000000000e+00
2.160606060606058976e-01
8.959595959595969550e-01
1.979797979797979710e-02
9.210101010101019448e-01
8.140404040404048969e-01
0.000000000000000000e+00
1.235757575757578053e+00
1.030121212121213503e+01
4.874747474747483378e-01
8.383838383838403407e-01
2.143434343434343248e+00
7.469696969696959510e-01
6.467676767676781013e-01
9.569696969696970257e-01
0.000000000000000000e+00
5.293939393939387505e-01
1.396767676767675548e+00
4.367676767676773042e-01
1.132727272727273693e+00
8.227272727272738617e-01
2.185050505050506242e+00
0.000000000000000000e+00
8.026262626262627986e-01
9.090909090909086998e-02
6.718181818181825360e-01
1.822424242424242502e+00
1.181484848484849159e+01
2.973232323232319008e+00
4.055555555555558911e-01
0.000000000000000000e+00
4.087676767676770240e+00
7.150505050505066018e-01
3.690909090909090806e-01
6.753434343434338238e+00
5.813131313131306710e-01
9.999999999999991535e-03
8.751515151515135704e-01
8.722222222222214549e-01
0.000000000000000000e+00
8.600000000000000977e-01
2.939393939393943403e-02
1.156767676767679109e+00
0.000000000000000000e+00
9.335353535353529963e-01
5.961616161616154486e-01
9.999999999999981126e-03
3.846767676767677724e+00
3.878787878787880172e-02
2.095151515151515209e+00
7.363636363636368865e-01
8.272727272727277426e-02
7.438383838383837432e-01
0.000000000000000000e+00
1.125858585858583893e+00
4.074747474747479892e-01
2.858444444444443633e+01
5.594949494949491564e-01
3.896767676767671773e+00
3.312929292929293723e+00
8.508080808080819013e-01
0.000000000000000000e+00
7.241414141414153072e-01
1.289595959595956964e+00
7.031313131313118303e-01
9.409090909090913613e-01
2.160606060606057310e-01
7.658585858585862383e+00
7.021212121212115909e-01
7.434343434343430868e-02
8.761616161616180287e-01
7.340404040404046038e-01
1.009090909090909621e-01
2.139858585858585371e+01
8.042424242424239811e-01
6.069696969696974920e-01
1.402222222222222259e+00
7.590909090909085943e-01
6.119696969696962974e+00
0.000000000000000000e+00
0.000000000000000000e+00
6.955555555555571479e-01
2.854545454545447947e-01
1.158121212121212551e+01
7.323232323232333751e-01
2.939393939393944444e-02
5.805050505050491916e-01
1.003838383838381976e+00
0.000000000000000000e+00
2.245252525252523945e+00
1.992828282828283193e+01
6.576767676767668602e-01
2.095959595959597521e-01
1.675757575757576834e-01
3.076161616161614099e+00
9.999999999999993269e-03
2.554030303030303273e+01
0.000000000000000000e+00
6.304040404040414103e-01
0.000000000000000000e+00
7.895959595959585187e-01
2.500000000000001110e-01
0.000000000000000000e+00
7.315151515151512296e-01
2.233333333333338278e-01
1.213838383838384338e+01
2.327272727272732267e-01
6.569696969696974254e-01
2.516161616161619596e-01
1.554545454545456507e-01
3.742424242424241543e-01
8.622222222222227783e-01
1.842424242424241798e-01
1.710505050505047420e+00
9.999999999999949901e-03
7.659595959595960624e-01
9.602020202020190576e-01
2.027474747474746763e+00
7.184848484848491701e-01
1.257676767676767726e+00
7.194949494949492985e-01
0.000000000000000000e+00
5.598989898989906733e-01
4.797979797979799732e-02
2.876767676767673643e-01
1.613646464646464551e+01
2.174797979797979508e+01
6.314141414141403175e-01
4.797979797979799732e-02
6.411111111111120753e-01
1.973676767676767341e+01
8.423232323232325847e-01
7.939393939393921684e-01
2.575757575757576801e-01
8.034343434343429458e-01
1.414141414141411590e-01
7.468686868686855718e-01
2.702727272727273089e+01
1.719191919191919438e-01
0.000000000000000000e+00
1.090909090909089940e+00
1.340626262626263276e+01
5.465656565656556998e-01
9.445454545454553541e-01
1.675757575757577111e-01
1.435151515151515955e+00
1.490909090909092460e-01
0.000000000000000000e+00
1.554545454545456229e-01
7.473838383838394606e+00
1.430505050505050058e+00
3.121757575757575154e+01
0.000000000000000000e+00
4.979797979797973562e-01
6.859595959595955472e-01
6.375757575757573514e-01
3.878787878787880172e-02
7.816161616161615422e-01
6.317171717171711220e-01
1.733333333333331450e-01
3.836666666666668668e+00
0.000000000000000000e+00
8.676767676767679904e-02
1.113030303030301260e+00
0.000000000000000000e+00
1.387878787878789599e-01
5.267676767676763294e-01
7.505050505050517851e-01
3.800505050505050608e+00
7.014141414141421560e-01
2.079797979797981811e-01
7.549494949494951479e-01
2.696969696969693242e-01
4.423232323232330065e-01
3.913131313131312794e-01
0.000000000000000000e+00
3.544848484848484915e+00
1.357575757575757991e-01
2.079797979797981533e-01
0.000000000000000000e+00
1.979797979797979016e-02
0.000000000000000000e+00
5.736363636363642771e-01
9.888888888888902606e-02
3.525252525252522418e-01
9.999999999999970718e-03
7.918181818181818654e-01
7.134343434343430879e-01
1.025656565656566599e+00
7.137373737373732263e-01
1.092323232323232807e+00
8.705050505050510035e-01
9.089191919191925706e+00
2.081616161616160809e+01
7.782828282828300193e-01
6.644444444444451703e-01
3.939696969696969031e+00
1.425252525252529434e-01
1.637272727272724993e+00
0.000000000000000000e+00
1.255151515151516683e+00
7.246464646464657600e-01
0.000000000000000000e+00
7.399999999999996581e-01
8.555555555555562075e-02
0.000000000000000000e+00
2.043030303030300754e+00
1.183666666666665712e+01
1.623232323232321750e-01
6.020202020202011228e-01
8.329292929292924086e-01
1.609696969696972069e+00
6.627272727272722763e-01
7.081818181818195779e-01
5.858585858585859535e-02
7.506060606060601659e-01
4.797979797979803201e-02
7.355555555555567393e-01
1.281919191919189238e+00
7.459595959595960446e-01
7.242424242424252423e-01
1.784848484848484962e-01
2.233333333333339110e-01
7.551515151515173496e-01
8.272727272727277426e-02
2.197272727272727710e+00
1.694848484848484826e+00
3.945454545454539219e-01
1.827373737373738427e+00
0.000000000000000000e+00
2.366666666666672469e-01
2.403030303030307957e-01
7.281818181818189295e-01
1.117070707070705327e+00
0.000000000000000000e+00
6.263636363636376769e-01
6.475757575757564721e-01
1.994939393939393568e+01
2.939393939393940974e-02
2.428181818181814222e+00
3.878787878787880172e-02
1.460606060606063905e-01
2.836464646464646133e+00
1.041919191919192356e+00
6.307070707070718818e-01
7.434343434343430868e-02
1.329999999999998650e+01
1.114747474747472600e+00
8.108080808080808666e-01
5.696969696969706592e-02
2.179797979797982732e-01
6.378787878787890442e-01
8.749494949494937002e-01
2.626060606060612646e+00
0.000000000000000000e+00
0.000000000000000000e+00
3.392929292929289797e-01
5.140404040404030761e-01
8.938383838383825442e-01
1.638787878787878904e+00
1.003030303030301829e+00
6.726262626262633493e-01
2.622222222222225785e-01
0.000000000000000000e+00
0.000000000000000000e+00
8.824242424242404459e-01
7.316161616161604986e-01
1.000202020202019648e+00
0.000000000000000000e+00
1.250303030303030694e+00
2.264343434343435657e+00
1.282828282828285815e-01
6.994141414141417101e+00
7.901010101010104147e-01
1.331212121212121957e+00
7.344444444444432341e-01
2.153333333333328881e+00
9.283838383838368680e-01
0.000000000000000000e+00
6.940404040404050123e-01
9.865656565656563126e-01
3.878787878787880172e-02
8.701010101010118181e-01
6.770707070707084885e-01
1.090818181818182175e+01
2.469292929292927763e+00
3.553535353535361430e-01
3.832323232323243678e-01
0.000000000000000000e+00
2.036363636363636431e-01
0.000000000000000000e+00
2.297979797979792238e-01
5.934343434343447576e-01
2.176767676767679127e-01
2.715151515151515982e-01
7.006060606060590112e-01
4.227878787878784017e+00
5.787878787878785403e+00
3.559595959595967529e-01
0.000000000000000000e+00
0.000000000000000000e+00
5.737979797979787300e+00
5.125252525252531610e-01
8.260606060606079382e-01
1.176363636363639387e+00
0.000000000000000000e+00
4.621212121212127655e-01
7.434343434343430868e-02
0.000000000000000000e+00
4.921616161616169549e+00
7.724242424242426797e-01
9.130303030303041911e-01
2.585858585858590297e-01
9.549494949494934382e-01
2.036363636363637541e-01
1.015151515151516248e+00
1.803434343434344278e+00
6.143434343434336364e-01
5.125252525252530500e-01
9.999999999999953371e-03
9.461616161616144272e-01
3.339393939393937139e+00
5.399999999999990363e-01
4.238383838383845692e-01
0.000000000000000000e+00
0.000000000000000000e+00
6.093939393939379334e-01
1.070808080808081542e+00
3.312121212121215685e-01
1.425252525252529989e-01
2.115353535353529768e+00
1.288828282828282212e+01
1.065050505050503915e+00
1.354242424242425358e+00
1.198686868686869467e+00
2.633333333333336412e-01
2.036363636363638652e-01
2.016989898989900709e+01
1.100515151515151047e+01
5.229292929292922443e-01
7.057575757575766939e-01
1.210404040404041925e+00
8.890909090909101531e-01
8.428282828282832595e-01
2.027272727272729780e-01
0.000000000000000000e+00
9.999999999999948166e-03
5.810101010101003105e-01
4.023737373737367840e+00
7.929292929292914849e-01
1.205747474747475678e+01
6.337171717171718122e+00
3.253636363636365658e+00
5.993939393939399229e-01
0.000000000000000000e+00
7.981818181818194358e-01
6.180808080808090077e-01
0.000000000000000000e+00
2.284030303030306897e+01
4.527272727272735331e-01
4.262626262626263429e-01
7.262626262626260543e-01
9.393939393939410021e-01
7.421212121212125146e-01
9.907070707070714244e-01
1.300808080808082856e+00
0.000000000000000000e+00
0.000000000000000000e+00
1.045474747474748156e+01
5.848484848484837295e-01
1.146828282828282575e+01
1.675757575757577111e-01
7.267676767676778393e-01
0.000000000000000000e+00
6.248080808080807458e+00
0.000000000000000000e+00
2.556060606060609697e+00
0.000000000000000000e+00
4.040404040404034780e-01
6.270909090909100314e+00
6.942424242424243275e-01
9.096969696969708918e-01
1.836717171717171482e+01
9.570707070707051844e-01
1.016767676767678763e+00
0.000000000000000000e+00
7.012121212121203984e-01
0.000000000000000000e+00
9.817171717171701006e-01
3.958080808080806978e+00
1.999999999999997266e-02
5.386060606060603106e+00
2.646212121212121104e+01
7.703030303030308223e-01
0.000000000000000000e+00
8.548484848484851906e-01
1.296878787878787342e+01
1.129494949494951106e+00
6.249494949494954765e-01
1.093040404040404390e+01
0.000000000000000000e+00
4.757575757575754349e-01
0.000000000000000000e+00
9.414141414141428965e-02
1.478292929292929792e+01
1.616161616161617132e-01
2.644040404040404635e+00
1.605151515151516328e+00
8.874747474747493037e-01
3.514141414141410680e-01
1.990909090909089574e-01
1.485858585858583214e-01
4.656565656565661571e-01
1.688181818181818894e+00
7.096969696969714914e-01
8.111111111111107830e-01
2.939393939393942362e-02
3.197979797979801919e-01
2.565555555555554701e+00
9.613535353535350936e+00
6.546464646464639214e-01
5.942424242424234615e-01
1.200000000000000178e+00
0.000000000000000000e+00
2.226202020202018872e+01
6.140404040404051633e-01
4.249494949494948548e-01
1.340000000000001412e+00
5.592929292929291751e-01
6.514141414141416675e-01
1.278686868686870204e+00
8.272727272727276038e-02
3.327272727272720387e-01
0.000000000000000000e+00
3.391919191919198218e-01
9.732323232323242257e-01
1.715969696969695590e+01
1.650515151515151402e+01
6.990909090909075418e-01
2.475757575757577267e-01
8.501010101010090247e-01
6.591919191919185517e-01
1.048383838383836864e+00
2.233333333333339110e-01
1.092828282828284037e+00
0.000000000000000000e+00
1.299494949494947260e+00
7.419191919191914231e-01
7.648484848484846665e-01
5.729292929292931769e-01
9.402020202020191508e-01
2.521212121212118573e-01
2.778282828282828376e+01
6.169696969696985001e-01
2.500404040404042405e+00
7.678787878787881604e-01
8.039393939393953969e-01
4.930303030303030409e-01
6.814141414141404729e-01
5.933333333333329351e-01
3.811818181818182438e+00
7.226262626262618394e-01
7.631313131313134379e-01
7.929292929292947045e-01
0.000000000000000000e+00
4.970707070707064967e-01
5.918181818181816878e-01
1.011111111111112182e+00
7.840404040404037600e-01
1.092626262626263722e+00
1.616161616161617132e-01
9.999999999999972453e-03
1.675757575757578222e-01
0.000000000000000000e+00
5.610101010101014030e-01
0.000000000000000000e+00
1.652525252525252342e-01
6.773737373737368506e-01
8.839393939393946908e-01
2.939393939393944097e-02
1.287878787878785625e-01
1.940808080808083647e+00
6.827272727272730712e-01
3.800707070707074031e+00
0.000000000000000000e+00
0.000000000000000000e+00
7.962626262626262275e-01
0.000000000000000000e+00
0.000000000000000000e+00
5.899999999999988587e-01
1.343333333333332824e+00
0.000000000000000000e+00
8.591919191919200616e-01
6.842424242424246517e-01
1.108181818181817935e+00
0.000000000000000000e+00
9.999999999999962044e-03
