2.852929292929288874e+00
1.520606060606062071e+00
0.000000000000000000e+00
7.984848484848469097e-01
2.978888888888889586e+00
6.915151515151503059e-01
2.379797979797985408e-01
1.644242424242423173e+00
2.424242424242418759e-01
1.601919191919189744e+00
5.636727272727272720e+01
1.986868686868691058e-01
9.999999999999953371e-03
1.121414141414143861e+00
1.773838383838387989e+00
3.501515151515150137e+00
1.979797979797979710e-02
7.434343434343430868e-02
3.213636363636364734e+01
1.095555555555557836e+00
0.000000000000000000e+00
6.503030303030302717e-01
1.875656565656567354e+00
2.233333333333339110e-01
0.000000000000000000e+00
1.979797979797979363e-02
1.659696969696968560e+00
2.979797979797977822e-02
1.979797979797979016e-02
1.130707070707072326e+00
4.416868686868682836e+00
9.888888888888895667e-02
2.546464646464643988e-01
8.477777777777767421e-01
1.317575757575760065e+00
1.468989898989897291e+00
7.683949494949494863e+01
2.656101010101009052e+01
2.479797979797984941e-01
1.889898989898989523e+00
7.661717171717167929e+00
8.462626262626246065e-01
1.628888888888891273e+00
8.252525252525259036e-01
1.611414141414142298e+00
9.999999999999988065e-03
4.140404040404038200e-01
0.000000000000000000e+00
2.246565656565659541e+00
1.124808080808080923e+01
1.938080808080806294e+00
0.000000000000000000e+00
9.888888888888898443e-02
6.843434343434343647e-01
2.118585858585859683e+00
5.440404040404039909e-01
1.265252525252527516e+00
5.865656565656557353e-01
3.500404040404042405e+00
1.078282828282826289e+00
3.543959595959594822e+01
1.326161616161613432e+00
2.576020202020201921e+01
0.000000000000000000e+00
1.318888888888887001e+00
9.272727272727272763e-02
4.345151515151514765e+00
1.652727272727273711e+00
2.509090909090911370e-01
7.434343434343430868e-02
2.077373737373740870e+00
2.939393939393943403e-02
1.535353535353536580e+00
2.531515151515156603e+00
1.486868686868686174e-01
3.211212121212120962e+01
1.703737373737375105e+00
1.708383838383839226e+00
2.314929292929292259e+01
3.836363636363635532e-01
7.628282828282829664e-01
1.212121212121213709e+00
8.555555555555563463e-02
3.764949494949499709e+00
3.695555555555548821e+00
1.887474747474750192e+00
7.372727272727271908e-01
2.138282828282825232e+00
8.018181818181806531e-01
2.397979797979796768e-01
9.414141414141422026e-02
1.095959595959595134e+00
4.959595959595955450e-02
1.616363636363636447e+00
1.515151515151514472e+00
4.968686868686856828e-01
1.937878787878789533e+00
1.522323232323232300e+00
1.575252525252525349e+00
4.944949494949494095e+01
2.465252525252520588e+00
0.000000000000000000e+00
1.387878787878789599e-01
1.174494949494950191e+01
2.424242424242418481e-01
1.133939393939393359e+00
8.459595959595962444e-01
6.890909090909086432e-01
2.524242424242423843e-01
2.260505050505047908e+00
3.203030303030297565e-01
6.575757575757583406e-02
2.939393939393944444e-02
2.190606060606064887e+00
1.938787878787876284e+00
1.929292929292927561e-01
0.000000000000000000e+00
2.637777777777781552e+00
1.413131313131311462e+00
5.613939393939387124e+00
5.191414141414139927e+00
1.012828282828282855e+00
3.460606060606056800e-01
1.093232323232324665e+00
1.975757575757572271e+00
3.909090909090915944e-01
1.019191919191917206e+00
7.434343434343430868e-02
9.552121212121205573e+00
0.000000000000000000e+00
1.979797979797979363e-02
3.878787878787880172e-02
3.878787878787880172e-02
1.525252525252526192e+00
1.141212121212119568e+00
1.419222222222222030e+01
2.509090909090911925e-01
3.170303030303027736e+00
1.213535353535352135e+00
0.000000000000000000e+00
1.186262626262623465e+00
1.492323232323230719e+00
3.959595959595958725e-02
1.516262626262624424e+00
2.160606060606059253e-01
1.893737373737372831e+00
1.193535353535351673e+00
3.335353535353539067e-01
1.312929292929289726e+00
9.999999999999993269e-03
1.960707070707073063e+00
9.312121212121213798e-01
0.000000000000000000e+00
1.992323232323228499e+00
3.864040404040403498e+00
8.605050505050516607e-01
1.428181818181816221e+00
4.927979797979800125e+00
1.389494949494951781e+00
1.088888888888889656e-01
9.888888888888901219e-02
0.000000000000000000e+00
1.616161616161617132e-01
9.521515151515149711e+00
2.091919191919188403e+00
5.317070707070708835e+01
1.066666666666668400e-01
1.361717171717173436e+00
8.080202020202028379e+00
1.232323232323235151e+00
1.066666666666667984e-01
1.263737373737375380e+00
1.131919191919193990e+00
0.000000000000000000e+00
7.973737373737375123e-01
7.030101010101009962e+00
1.711919191919188288e+00
1.942424242424241887e-01
1.186868686868686740e-01
1.042323232323233650e+00
6.818181818181823228e-02
1.384444444444444366e+00
8.636363636363629526e-02
1.826161616161616097e+00
4.079797979797984420e-01
9.921212121212118484e-01
1.499595959595959149e+00
1.182828282828281230e+00
1.214141414141414410e+00
2.036363636363636986e-01
2.068888888888893884e+00
2.002222222222219461e+00
1.111818181818182705e+00
1.517171717171716949e+00
9.999999999999981126e-03
2.238989898989897309e+00
0.000000000000000000e+00
1.434343434343433143e+00
1.979797979797979016e-02
1.603787878787879961e+01
8.589696969696968054e+00
1.070101010101011996e+00
1.845454545454544293e-01
0.000000000000000000e+00
1.603333333333333499e+00
0.000000000000000000e+00
2.883636363636365108e+00
4.878787878787876203e-02
7.434343434343430868e-02
4.342424242424243186e-01
5.914525252525248789e+01
2.500000000000001110e-01
4.920202020202010806e-01
4.075757575757573137e-01
1.945454545454542883e+00
4.398363636363636431e+01
1.642181818181818898e+01
1.968222222222220807e+01
8.038383838383841296e-01
1.450404040404042139e+00
6.128282828282825001e-01
3.085858585858584635e-01
4.734747474747470264e+00
0.000000000000000000e+00
1.735545454545455257e+01
9.829292929292912095e-01
1.867777777777775094e+00
5.100000000000005640e-01
4.648383838383833400e+00
8.387878787878795261e-01
0.000000000000000000e+00
9.262626262626271201e-01
1.862525252525252473e+00
1.968585858585853776e+00
5.851717171717167432e+00
3.481515151515147455e+00
7.263838383838383095e+00
1.502828282828284179e+00
1.394545454545453644e+00
9.065656565656566857e-01
1.066262626262628910e+00
1.051919191919193031e+00
9.999999999999979391e-03
2.179797979797982732e-01
1.652626262626263554e+00
2.063636363636365267e+00
1.648060606060605693e+01
1.874242424242422267e+00
8.147474747474754420e-01
7.494949494949507685e-01
1.154040404040405088e+00
1.913333333333333997e+00
1.505050505050508081e-01
1.107070707070705179e-01
2.297979797979799177e-01
8.836262626262612940e+00
1.076464646464645680e+00
2.919696969696968125e+00
3.043333333333331669e+00
2.028080808080803710e+00
0.000000000000000000e+00
0.000000000000000000e+00
1.043131313131314020e+00
5.222828282828293034e+00
3.710333333333331751e+01
1.363535353535353822e+00
4.186767676767678914e+00
1.155353535353534911e+00
7.771717171717162920e-01
1.335050505050507041e+00
1.647878787878790385e+00
7.001919191919197871e+00
9.999999999999949901e-03
5.035252525252523981e+00
3.999999999999999389e-02
2.939393939393943403e-02
2.090707070707066517e+00
1.490909090909092738e-01
9.999999999999960310e-03
1.976363636363634546e+00
1.843232323232320891e+00
1.305323232323232219e+01
8.333333333333339255e-01
1.029797979797976604e+00
3.889595959595959496e+00
1.593737373737372343e+00
1.913919191919191576e+01
1.727676767676763925e+00
1.670303030303027958e+00
2.524242424242423843e-01
1.500505050505049676e+00
1.308474747474746813e+01
1.872222222222219568e+00
0.000000000000000000e+00
2.083535353535350687e+00
9.389898989899013726e-01
4.473737373737373346e+00
1.468686868686867597e-01
2.095555555555552729e+00
1.675757575757577111e-01
1.035454545454542963e+00
8.996969696969688846e-01
5.722222222222215215e-01
1.501818181818178388e+00
0.000000000000000000e+00
1.137070707070706232e+00
1.489898989898986448e-01
2.354545454545460270e-01
8.681818181818179436e-01
1.268282828282827346e+00
3.878787878787880172e-02
3.878787878787880172e-02
1.089898989898988590e+00
4.952525252525257216e-01
0.000000000000000000e+00
0.000000000000000000e+00
9.538383838383824864e-01
1.949696969696968374e+00
2.051515151515152180e+00
1.979797979797979016e-02
3.704141414141405964e+00
7.818181818181824116e-01
5.474141414141416639e+00
3.896969696969698305e+00
5.400505050505048033e+00
1.562929292929293057e+00
1.187020202020203463e+01
7.088888888888887907e-01
1.459595959595959780e+00
0.000000000000000000e+00
1.230101010101009473e+00
1.535656565656564609e+00
1.995050505050503853e+00
5.797979797979803396e-02
1.578383838383840221e+00
9.741414141414146410e-01
1.733333333333332282e-01
1.023030303030304955e+00
1.254747474747473612e+00
1.733333333333330895e-01
2.164949494949496511e+00
6.575757575757583406e-02
1.216161616161618442e-01
8.272727272727277426e-02
0.000000000000000000e+00
5.762969696969697964e+01
1.175555555555555465e+00
2.294212121212121502e+01
4.169696969696967126e-01
2.424343434343439352e+00
2.796565656565652702e+00
2.205959595959600783e+00
2.939393939393943403e-02
8.903030303030302628e-01
1.594949494949497448e-01
4.085252525252527356e+00
0.000000000000000000e+00
2.251111111111113949e+00
2.367272727272731636e+00
0.000000000000000000e+00
1.788888888888890416e-01
1.142424242424244091e-01
9.999999999999991535e-03
2.412121212121207392e-01
0.000000000000000000e+00
4.676767676767680237e-01
7.857575757575766540e-01
2.751111111111116614e+00
3.044484848484848882e+01
2.424242424242418481e-01
1.616161616161617132e-01
0.000000000000000000e+00
2.836363636363638530e-01
2.939393939393940974e-02
1.482626262626262070e+00
3.959595959595958725e-02
1.386868686868688805e+00
2.621212121212118107e-01
1.463737373737372227e+00
9.977777777777766532e-01
8.685050505050501357e+00
1.974747474747473364e+00
0.000000000000000000e+00
7.434343434343430868e-02
1.174343434343432024e+00
1.160303030303029281e+00
1.425555555555555021e+00
2.073434343434341631e+00
9.888888888888897055e-02
8.583737373737376330e+00
2.219494949494949054e+01
1.050404040404042005e+00
2.043434343434342715e-01
1.108585858585856787e+00
1.783535353535351753e+00
2.032424242424244465e+00
1.102020202020202788e+00
2.160606060606058143e-01
1.696868686868684639e+00
3.388888888888892392e+00
1.477777777777777857e+00
1.870202020202018200e+00
2.297313131313131507e+01
1.002727272727273355e+00
2.825474747474750004e+01
9.012121212121223524e-01
1.262525252525254826e+00
4.707070707070709403e+00
1.626161616161615919e+00
8.415151515151496620e-01
0.000000000000000000e+00
4.026060606060601010e+00
3.460606060606059575e-01
7.815151515151513850e-01
2.661353535353536159e+01
1.837979797979800045e+00
2.834242424242423297e+01
1.991313131313129148e+00
2.079797979797981811e-01
1.450404040404039918e+00
1.910404040404039883e+00
2.119090909090905139e+00
4.797979797979805283e-02
2.509090909090911370e-01
3.907181818181817334e+01
3.142020202020201491e+00
6.236565656565657534e+00
4.797979797979808753e-02
8.590909090909100154e-01
7.629292929292933456e-01
4.769898989898996078e+00
3.878787878787880172e-02
1.216161616161618164e-01
0.000000000000000000e+00
3.091111111111105370e+00
1.500505050505052340e+00
2.424242424242417648e-01
1.343535353535354382e+01
7.860606060606054601e-01
6.878787878787881449e-02
2.403030303030308235e-01
1.527979797979795773e+00
2.197979797979802807e+00
3.740363636363638733e+01
4.943434343434348399e+00
0.000000000000000000e+00
9.999999999999967248e-03
2.303030303030301762e-01
5.602525252525249577e+00
1.605151515151514774e+00
0.000000000000000000e+00
5.581818181818190006e-01
1.781919191919189904e+00
1.386262626262624975e+00
1.128888888888886832e+00
1.533939393939394380e+00
2.731616161616159832e+00
1.577171717171717225e+00
1.223535353535352588e+00
0.000000000000000000e+00
0.000000000000000000e+00
2.102020202020205897e+00
3.026262626262623545e-01
0.000000000000000000e+00
3.012121212121213754e-01
2.221212121212121637e-01
2.735353535353538534e-01
2.236969696969698607e+00
1.122828282828284285e+00
1.086363636363635532e+00
2.464646464646467472e-01
0.000000000000000000e+00
3.585858585858580083e-01
3.386767676767678203e+00
2.028080808080809039e+00
2.693333333333329804e+00
1.072929292929291734e+00
6.625252525252535163e-01
8.167676767676753657e-01
1.257272727272727542e+00
2.147373737373738933e+00
5.703010101010100641e+01
1.378484848484851311e+00
1.500909090909089860e+00
5.958585858585851991e-01
1.997474747474750290e+00
4.339292929292923873e+00
8.047474747474753221e-01
4.762626262626265539e-01
0.000000000000000000e+00
1.230303030303031342e+00
7.788888888888894080e-01
2.425858585858583716e+00
2.266666666666662111e-01
2.939393939393944791e-02
7.434343434343430868e-02
1.480404040404042387e+00
1.979797979797979363e-02
0.000000000000000000e+00
9.772727272727279590e-01
1.061929292929293744e+01
2.458484848484852492e+00
1.785282828282826628e+01
9.999999999999948166e-03
2.433333333333337900e-01
1.422828282828285218e+00
1.215151515151515066e-01
1.777171717171715626e+00
1.884646464646462682e+00
0.000000000000000000e+00
2.892323232323231963e+00
2.704232323232325186e+01
8.887878787878801257e-01
1.268585858585857817e+00
6.330808080808077776e+00
1.532828282828282207e+00
1.175656565656563846e+00
2.136363636363633578e+00
0.000000000000000000e+00
6.163636363636360027e-01
3.042525252525253521e+00
4.686868686868678746e-01
2.766262626262626423e+00
1.518282828282827346e+00
4.092323232323231252e+00
1.999999999999995531e-02
1.851919191919190855e+00
1.066666666666668400e-01
5.973737373737385559e-01
4.387272727272724104e+00
2.453888888888890207e+01
9.378787878787886001e+00
8.152525252525256727e-01
0.000000000000000000e+00
9.172424242424236596e+00
1.109696969696970736e+00
3.204040404040411905e-01
1.826656565656566400e+01
9.708080808080830071e-01
1.009090909090910038e-01
1.506464646464646062e+00
1.616363636363636003e+00
4.797979797979804589e-02
1.419292929292929273e+00
1.216161616161617887e-01
2.481111111111110823e+00
0.000000000000000000e+00
1.332323232323231244e+00
9.440404040404026809e-01
4.797979797979799038e-02
1.083616161616161655e+01
1.287878787878784237e-01
5.518181818181814080e+00
1.050303030303032736e+00
1.425252525252528324e-01
2.208383838383836117e+00
0.000000000000000000e+00
2.264141414141415343e+00
7.813131313131308486e-01
6.387818181818188634e+01
1.513737373737371605e+00
1.099575757575758495e+01
6.074242424242428662e+00
1.398585858585860597e+00
1.979797979797979363e-02
1.665454545454541968e+00
2.851616161616162159e+00
1.551717171717173827e+00
1.917878787878790847e+00
2.233333333333339110e-01
1.613515151515150947e+01
8.765656565656557708e-01
1.490909090909092460e-01
2.459696969696966384e+00
1.287979797979799335e+00
1.970707070707073127e-01
5.742131313131316261e+01
2.253535353535348396e+00
1.325959595959598447e+00
3.705959595959587904e+00
1.677676767676769209e+00
1.653565656565655217e+01
0.000000000000000000e+00
3.878787878787879478e-02
1.391313131313130613e+00
1.060404040404042236e+00
4.681252525252526908e+01
1.923939393939391396e+00
8.434343434343428980e-02
1.217575757575755535e+00
2.397171717171713734e+00
0.000000000000000000e+00
4.678686868686869893e+00
4.427333333333334764e+01
9.643434343434355016e-01
3.324242424242427330e-01
2.297979797979799177e-01
7.305353535353534156e+00
1.490909090909092460e-01
6.049888888888888516e+01
9.999999999999967248e-03
6.538383838383848845e-01
9.999999999999991535e-03
1.738484848484847856e+00
2.424242424242418481e-01
9.999999999999955105e-03
1.038282828282826253e+00
2.993939393939398785e-01
3.850696969696969063e+01
2.424242424242418481e-01
1.421717171717170380e+00
2.719191919191924489e-01
1.943434343434342904e-01
8.389898989899006176e-01
1.839393939393938471e+00
2.427272727272731245e-01
3.741313131313131368e+00
2.939393939393944097e-02
1.607171717171715697e+00
1.443838383838385475e+00
3.939696969696967255e+00
1.604848484848481860e+00
3.247777777777776542e+00
9.704040404040382706e-01
9.999999999999956840e-03
6.797979797979790684e-01
1.842424242424241798e-01
4.676767676767671911e-01
4.677494949494951015e+01
4.281595959595959044e+01
1.060909090909092800e+00
1.610101010101011310e-01
1.189292929292929735e+00
3.982121212121213460e+01
2.313030303030301216e+00
2.061010101010098072e+00
2.903030303030298409e-01
1.362727272727273231e+00
2.875757575757569851e-01
1.604343434343435071e+00
5.837565656565656980e+01
3.187878787878791198e-01
3.979797979797973506e-02
1.976363636363633658e+00
3.804262626262623570e+01
1.154949494949493838e+00
1.955353535353532957e+00
1.893939393939393923e-01
3.151717171717172583e+00
2.121212121212122381e-01
0.000000000000000000e+00
2.327272727272731989e-01
1.636989898989899572e+01
3.867272727272722310e+00
7.935313131313134249e+01
0.000000000000000000e+00
5.698989898989890168e-01
1.605858585858583654e+00
1.297171717171714977e+00
1.287878787878785625e-01
1.420909090909090677e+00
1.217272727272729727e+00
2.559595959595963310e-01
8.679797979797980290e+00
1.979797979797979016e-02
2.648484848484852772e-01
2.110606060606057266e+00
2.939393939393944097e-02
3.531313131313129072e-01
8.801010101010108277e-01
1.445555555555556371e+00
9.037676767676769529e+00
8.650505050505057358e-01
2.984848484848486305e-01
1.844343434343432175e+00
2.571717171717165518e-01
1.015656565656566590e+00
6.071717171717176953e-01
0.000000000000000000e+00
1.005000000000000071e+01
2.121212121212122381e-01
2.379797979797985408e-01
0.000000000000000000e+00
1.287878787878786180e-01
9.999999999999955105e-03
9.433333333333330240e-01
1.616161616161617132e-01
4.940404040404031694e-01
9.090909090909084223e-02
1.542727272727272725e+00
1.126666666666666039e+00
2.326868686868685199e+00
1.429292929292929282e+00
2.159393939393939643e+00
2.419292929292934158e+00
2.629484848484848669e+01
6.967232323232325086e+01
1.777878787878790945e+00
1.412626262626262896e+00
9.805050505050513010e+00
1.943434343434342904e-01
4.168686868686864777e+00
0.000000000000000000e+00
2.950303030303030205e+00
9.837373737373730220e-01
0.000000000000000000e+00
1.281414141414141783e+00
1.942424242424244940e-01
0.000000000000000000e+00
3.541818181818184197e+00
3.807737373737374043e+01
2.331313131313134668e-01
9.740404040404032626e-01
1.701313131313134219e+00
3.780303030303026723e+00
1.118282828282830987e+00
1.194545454545453911e+00
1.785858585858580150e-01
1.424848484848484809e+00
9.090909090909075896e-02
1.452828282828281914e+00
3.114141414141413655e+00
1.007070707070708115e+00
1.483535353535357038e+00
3.910101010101002528e-01
2.379797979797985685e-01
1.912929292929296698e+00
2.091919191919190957e-01
4.763131313131318656e+00
4.517070707070706348e+00
1.072525252525252881e+00
4.705757575757577804e+00
8.272727272727277426e-02
3.182828282828280009e-01
2.707070707070700633e-01
1.067676767676765781e+00
2.194242424242422995e+00
2.939393939393943056e-02
1.470606060606061805e+00
1.348989898989897185e+00
6.274656565656565732e+01
1.216161616161617470e-01
7.257979797979800196e+00
1.719191919191919160e-01
2.488888888888885487e-01
6.848282828282827417e+00
2.448080808080812965e+00
1.210808080808080556e+00
2.124242424242427929e-01
3.420101010101010530e+01
2.366666666666661367e+00
1.942727272727270638e+00
1.485858585858583214e-01
2.640404040404036312e-01
7.364646464646460444e-01
2.296767676767673905e+00
7.471717171717164874e+00
0.000000000000000000e+00
0.000000000000000000e+00
8.689898989898973136e-01
9.342424242424256509e-01
2.040505050505053042e+00
4.280202020202018787e+00
2.652222222222221593e+00
1.495555555555558636e+00
3.225252525252516045e-01
0.000000000000000000e+00
0.000000000000000000e+00
2.001010101010102460e+00
1.600202020202024178e+00
2.165959595959592310e+00
7.434343434343430868e-02
2.379797979797983576e+00
7.967575757575755091e+00
3.251515151515144697e-01
1.881868686868685359e+01
1.931212121212119825e+00
2.914949494949496955e+00
1.216363636363636758e+00
4.577070707070714839e+00
1.821717171717167849e+00
0.000000000000000000e+00
1.292020202020203845e+00
2.410606060606064194e+00
1.142424242424245201e-01
1.799999999999997602e+00
9.440404040404027919e-01
2.157838383838385354e+01
5.342828282828280706e+00
1.004343434343432540e+00
1.062020202020201198e+00
4.939393939393948996e-02
2.197979797979799643e-01
9.999999999999981126e-03
2.479797979797974117e-01
1.577979797979797150e+00
3.702020202020202544e-01
4.773737373737362844e-01
1.263131313131315547e+00
1.094161616161616024e+01
1.364353535353535563e+01
1.145656565656566483e+00
0.000000000000000000e+00
1.142424242424244091e-01
1.125666666666667126e+01
9.213131313131323052e-01
2.372424242424241214e+00
2.313131313131310485e+00
0.000000000000000000e+00
8.372727272727283898e-01
1.387878787878790987e-01
9.999999999999977657e-03
1.136989898989900638e+01
1.245252525252523945e+00
1.361717171717174324e+00
3.690909090909090806e-01
2.076868686868690528e+00
2.673737373737369860e-01
1.726060606060603630e+00
4.762222222222218804e+00
1.012424242424244225e+00
1.436363636363636065e+00
3.878787878787880172e-02
2.087878787878787001e+00
8.258686868686865523e+00
1.230505050505051656e+00
7.114141414141420539e-01
0.000000000000000000e+00
7.434343434343430868e-02
1.041515151515152615e+00
2.124343434343439085e+00
8.685858585858587944e-01
1.893939393939393923e-01
4.882222222222221575e+00
3.214737373737373360e+01
2.616767676767677742e+00
2.719292929292929095e+00
2.932525252525250536e+00
7.316161616161618308e-01
2.424242424242418481e-01
4.783585858585858830e+01
3.130030303030304140e+01
9.993939393939408333e-01
1.360909090909092178e+00
2.526868686868683600e+00
1.516666666666665941e+00
1.794949494949491742e+00
5.606060606060597751e-01
0.000000000000000000e+00
5.696969696969707286e-02
1.500505050505051230e+00
1.023141414141413286e+01
1.950505050505052518e+00
2.593686868686866021e+01
1.308020202020201594e+01
7.156161616161624828e+00
1.131313131313129938e+00
1.061616161616162068e-01
1.880303030303027478e+00
1.088282828282830739e+00
0.000000000000000000e+00
5.657727272727271384e+01
6.443434343434333300e-01
8.285858585858572045e-01
8.377777777777772883e-01
2.275858585858590022e+00
1.046868686868684506e+00
1.655252525252524087e+00
2.430606060606056218e+00
2.939393939393943403e-02
0.000000000000000000e+00
2.713727272727273743e+01
1.474141414141414419e+00
3.145636363636362987e+01
1.842424242424241798e-01
1.334444444444446543e+00
0.000000000000000000e+00
1.285515151515152255e+01
0.000000000000000000e+00
6.237878787878782916e+00
0.000000000000000000e+00
4.621212121212123214e-01
1.740888888888889952e+01
1.352727272727273666e+00
1.543030303030303196e+00
4.471090909090906251e+01
2.185656565656562744e+00
2.630909090909089088e+00
7.737373737373727522e-02
1.155353535353537353e+00
9.999999999999977657e-03
1.668080808080808053e+00
1.348797979797979529e+01
8.555555555555553748e-02
1.293242424242424882e+01
6.409484848484849806e+01
1.280606060606062746e+00
0.000000000000000000e+00
1.741717171717168666e+00
3.234161616161616593e+01
2.327373737373738649e+00
9.097979797979786065e-01
2.635777777777777686e+01
0.000000000000000000e+00
1.020101010101008399e+00
1.999999999999998654e-02
2.055555555555558800e-01
3.924959595959595759e+01
2.121212121212122381e-01
5.124040404040405505e+00
4.471717171717171091e+00
1.958888888888886015e+00
7.223232323232313679e-01
2.696969696969693242e-01
2.685858585858583725e-01
9.180808080808089411e-01
4.136666666666663161e+00
1.690303030303028642e+00
1.706969696969699024e+00
9.090909090909066181e-02
5.819191919191929463e-01
6.323333333333336803e+00
2.125636363636363413e+01
1.041515151515151283e+00
7.539393939393934652e-01
2.073838383838388033e+00
4.797979797979805977e-02
4.583656565656567494e+01
1.205959595959597674e+00
8.698989898989916147e-01
3.189393939393941224e+00
9.116161616161609915e-01
1.308080808080810176e+00
3.266464646464649402e+00
1.616161616161616854e-01
4.164646464646466484e-01
0.000000000000000000e+00
4.714141414141423403e-01
2.205050505050504484e+00
4.463959595959597237e+01
3.435545454545454902e+01
1.814040404040407894e+00
2.621212121212118107e-01
1.524646464646467026e+00
1.443939393939396965e+00
1.909696969696966340e+00
2.379797979797985685e-01
2.504646464646468562e+00
0.000000000000000000e+00
3.074545454545454692e+00
1.231414141414140184e+00
1.142020202020203046e+00
1.029393939393940194e+00
2.658484848484843788e+00
2.723232323232320229e-01
5.063868686868685387e+01
1.806060606060605034e+00
6.387777777777780663e+00
1.305757575757575895e+00
1.826464646464643238e+00
1.296363636363635052e+00
1.538484848484847678e+00
9.707070707070695192e-01
7.945454545454545325e+00
9.964646464646478297e-01
1.556363636363633729e+00
2.030000000000004245e+00
3.959595959595958031e-02
5.590909090909096379e-01
7.783838383838398434e-01
1.976464646464643815e+00
1.301212121212118378e+00
2.258383838383837272e+00
2.197979797979799643e-01
3.878787878787880172e-02
2.197979797979799643e-01
9.999999999999963779e-03
6.950505050505058069e-01
0.000000000000000000e+00
3.332323232323232687e-01
1.405050505050507770e+00
1.902121212121212768e+00
9.090909090909086998e-02
1.675757575757577111e-01
5.844646464646467088e+00
1.151010101010099929e+00
8.398383838383832511e+00
2.939393939393940974e-02
0.000000000000000000e+00
1.337979797979796714e+00
5.797979797979803396e-02
0.000000000000000000e+00
9.809090909090888433e-01
3.086666666666664671e+00
1.979797979797979016e-02
1.514545454545453085e+00
1.862020202020200577e+00
2.877070707070707556e+00
3.878787878787880172e-02
1.449494949494952445e-01
