3.956464646464645352e+00
2.162727272727275718e+00
0.000000000000000000e+00
8.936363636363628959e-01
4.232929292929290099e+00
7.990909090909077417e-01
2.460606060606065904e-01
2.851818181818185582e+00
2.354545454545460270e-01
2.838787878787880192e+00
8.351060606060605096e+01
2.585858585858589742e-01
2.939393939393944791e-02
1.473333333333335382e+00
2.455555555555549052e+00
5.325555555555554932e+00
9.999999999999981126e-03
9.090909090909075896e-02
4.665646464646464153e+01
1.133838383838384756e+00
0.000000000000000000e+00
8.342424242424230085e-01
2.775252525252527747e+00
2.327272727272732267e-01
0.000000000000000000e+00
2.939393939393943403e-02
2.368282828282824770e+00
4.878787878787878979e-02
2.979797979797975047e-02
1.373030303030304600e+00
6.094545454545454710e+00
1.287878787878784514e-01
3.235353535353531207e-01
9.509090909090914812e-01
1.827676767676770453e+00
1.766262626262628199e+00
8.739949494949492248e+01
3.715515151515150905e+01
2.479797979797984941e-01
3.311717171717171393e+00
1.013595959595959783e+01
9.630303030303051237e-01
2.085858585858583414e+00
1.219797979797981657e+00
2.447070707070707840e+00
9.999999999999986330e-03
3.715151515151515205e-01
0.000000000000000000e+00
3.200101010101011223e+00
1.730212121212121090e+01
2.360707070707074973e+00
0.000000000000000000e+00
1.425252525252527769e-01
7.925252525252514113e-01
2.887474747474742642e+00
7.772727272727274483e-01
1.652323232323231528e+00
5.638383838383845825e-01
4.477676767676767255e+00
1.697171717171717553e+00
5.145616161616162998e+01
1.613636363636364868e+00
3.419161616161619577e+01
0.000000000000000000e+00
1.940808080808082314e+00
1.485858585858582936e-01
6.053434343434339837e+00
2.274646464646460142e+00
2.524242424242423843e-01
1.287878787878785625e-01
2.992323232323236049e+00
5.696969696969712837e-02
2.290505050505049045e+00
3.510505050505052349e+00
1.816161616161618975e-01
5.236666666666666714e+01
2.105252525252519824e+00
2.080101010101014669e+00
3.851868686868686353e+01
3.521212121212123902e-01
1.174848484848485919e+00
1.650303030303033491e+00
1.188888888888891965e-01
6.321818181818171567e+00
6.070606060606051457e+00
2.728686868686865719e+00
1.006464646464647172e+00
3.161010101010104378e+00
1.063333333333335462e+00
2.577777777777774393e-01
1.816161616161617309e-01
1.621717171717167894e+00
4.959595959595955450e-02
2.380707070707071438e+00
2.084343434343437274e+00
4.943434343434345846e-01
2.515151515151513362e+00
1.921818181818185201e+00
1.729898989898989159e+00
7.720797979797978883e+01
3.827373737373735985e+00
9.999999999999960310e-03
1.436363636363635621e-01
1.560010101010102090e+01
2.524242424242421623e-01
1.580505050505049969e+00
1.052727272727273844e+00
1.020707070707068898e+00
2.524242424242423843e-01
3.482121212121211062e+00
3.424242424242427418e-01
8.272727272727276038e-02
6.575757575757587570e-02
3.094040404040406145e+00
2.473838383838387056e+00
3.238383838383841473e-01
0.000000000000000000e+00
3.317373737373735310e+00
1.587676767676769574e+00
8.885050505050505976e+00
7.017575757575761131e+00
1.391919191919192222e+00
3.320202020202024373e-01
1.508080808080807245e+00
2.966565656565657072e+00
4.201010101010102527e-01
1.665757575757574660e+00
1.142424242424244785e-01
9.207171717171720005e+00
1.999999999999992409e-02
9.999999999999965514e-03
2.939393939393944097e-02
8.676767676767668802e-02
2.047575757575756938e+00
1.344545454545456931e+00
2.092181818181817832e+01
2.521212121212118573e-01
4.425858585858586380e+00
1.514545454545453751e+00
0.000000000000000000e+00
1.303636363636361706e+00
1.685959595959593882e+00
8.676767676767667414e-02
2.264646464646467905e+00
2.354545454545460270e-01
2.441313131313127549e+00
1.615656565656566457e+00
3.934343434343425816e-01
2.024949494949499051e+00
2.979797979797979210e-02
3.322121212121211364e+00
1.210303030303027549e+00
0.000000000000000000e+00
2.796868686868691167e+00
5.001919191919187213e+00
1.111818181818180484e+00
1.670101010101010974e+00
6.723434343434341542e+00
1.318080808080806632e+00
1.376767676767675364e-01
9.888888888888901219e-02
0.000000000000000000e+00
1.775757575757578588e-01
1.769060606060604002e+01
2.588989898989902283e+00
8.206858585858584831e+01
9.888888888888898443e-02
1.609191919191919284e+00
1.311666666666666892e+01
1.500505050505050564e+00
1.088888888888888823e-01
1.906969696969698980e+00
1.532727272727272272e+00
0.000000000000000000e+00
1.044141414141411817e+00
9.319696969696966704e+00
2.265353535353537229e+00
2.190909090909088919e-01
1.719191919191919160e-01
1.290404040404042219e+00
8.676767676767674353e-02
1.700303030303027318e+00
1.247474747474748985e-01
2.617373737373737796e+00
1.012020202020200710e+00
1.088585858585861432e+00
2.269797979797982368e+00
1.436565656565655047e+00
1.649595959595956840e+00
2.403030303030307957e-01
2.952828282828287243e+00
2.176969696969698553e+00
1.574040404040403907e+00
1.747979797979799743e+00
2.979797979797977822e-02
3.108484848484851515e+00
0.000000000000000000e+00
1.924242424242428084e+00
4.878787878787884530e-02
2.167616161616162174e+01
1.241555555555554946e+01
1.321515151515152864e+00
2.104040404040405654e-01
0.000000000000000000e+00
1.825656565656569752e+00
0.000000000000000000e+00
4.296060606060606801e+00
6.777777777777767299e-02
9.888888888888890116e-02
4.850505050505047322e-01
7.872919191919191917e+01
2.524242424242423843e-01
7.416161616161630610e-01
4.249494949494954654e-01
2.651919191919195562e+00
6.011858585858586679e+01
2.424020202020203030e+01
2.659969696969698560e+01
1.264848484848483778e+00
1.762525252525253494e+00
6.030303030303019174e-01
3.375757575757583617e-01
6.436262626262622355e+00
0.000000000000000000e+00
2.402242424242423269e+01
1.239393939393937716e+00
2.656262626262623883e+00
7.708080808080799429e-01
7.936161616161614418e+00
1.126060606060606206e+00
0.000000000000000000e+00
1.227676767676767700e+00
2.388888888888888395e+00
3.091010101010096545e+00
7.528787878787864152e+00
4.069797979797977305e+00
1.047949494949494209e+01
2.014343434343428552e+00
1.809090909090907084e+00
1.522424242424245344e+00
1.236565656565654869e+00
1.142525252525254942e+00
9.999999999999986330e-03
2.260606060606056567e-01
2.144949494949494717e+00
2.499999999999996003e+00
2.355494949494948642e+01
2.403939393939395153e+00
1.085555555555554497e+00
1.033333333333331439e+00
1.386868686868687028e+00
2.866565656565657871e+00
2.304040404040404999e-01
1.107070707070705318e-01
2.711111111111115801e-01
1.164000000000000767e+01
1.734848484848484640e+00
3.578383838383840665e+00
4.131212121212124444e+00
2.761010101010099138e+00
0.000000000000000000e+00
0.000000000000000000e+00
1.928787878787876275e+00
7.726161616161617118e+00
4.833656565656568915e+01
1.697070707070708062e+00
5.133939393939390250e+00
1.558585858585856965e+00
7.662626262626263118e-01
1.761111111111110183e+00
2.066363636363639955e+00
8.898888888888890847e+00
9.999999999999949901e-03
7.575353535353545276e+00
6.979797979797967844e-02
2.939393939393943403e-02
3.131919191919186662e+00
1.490909090909092738e-01
4.797979797979805283e-02
2.514040404040399856e+00
2.348888888888891469e+00
1.686404040404040217e+01
1.159393939393941642e+00
1.619292929292931227e+00
6.235454545454548025e+00
2.302020202020196749e+00
2.653171717171716892e+01
2.304141414141418043e+00
2.048888888888887649e+00
2.488888888888884932e-01
2.398484848484844001e+00
1.671909090909090168e+01
2.127272727272730091e+00
0.000000000000000000e+00
2.359191919191923059e+00
1.181717171717174386e+00
6.641212121212126895e+00
2.031313131313131348e-01
2.783636363636362798e+00
1.733333333333332282e-01
1.286363636363638374e+00
1.400505050505052917e+00
7.686868686868699729e-01
2.275353535353536127e+00
2.999999999999997807e-02
1.441111111111113674e+00
2.541414141414144456e-01
2.297979797979791960e-01
1.229696969696972397e+00
1.860303030303029015e+00
5.696969696969710756e-02
5.797979797979803396e-02
1.271010101010102478e+00
4.903030303030299630e-01
0.000000000000000000e+00
0.000000000000000000e+00
1.440202020202018263e+00
3.089393939393944688e+00
2.952626262626258491e+00
2.939393939393944444e-02
5.329898989898995687e+00
1.215252525252522586e+00
7.785454545454546071e+00
5.062525252525252206e+00
7.963030303030306456e+00
2.192525252525250767e+00
1.760222222222223820e+01
9.033333333333338766e-01
2.061313131313134761e+00
0.000000000000000000e+00
2.011212121212125226e+00
2.231414141414139518e+00
2.707979797979795045e+00
8.676767676767668802e-02
2.396666666666662060e+00
1.257676767676767060e+00
1.842424242424241798e-01
1.188484848484846257e+00
1.684646464646466058e+00
1.842424242424241798e-01
3.062929292929288394e+00
6.575757575757590345e-02
1.425252525252527769e-01
1.066666666666668678e-01
0.000000000000000000e+00
8.638494949494949537e+01
1.216464646464643140e+00
3.046282828282827992e+01
4.416161616161616843e-01
3.391818181818182953e+00
4.461616161616163367e+00
2.567070707070703950e+00
6.575757575757588957e-02
1.044949494949493740e+00
1.163636363636361970e-01
7.557878787878785865e+00
1.979797979797979016e-02
3.534444444444447164e+00
3.421717171717168160e+00
1.979797979797979363e-02
2.179797979797983287e-01
2.187878787878787534e-01
1.979797979797979363e-02
2.852525252525250354e-01
9.999999999999998473e-03
4.815151515151504524e-01
1.209797979797979428e+00
3.732424242424247307e+00
4.846363636363637539e+01
2.503030303030307491e-01
1.490909090909092460e-01
0.000000000000000000e+00
2.976767676767685389e-01
5.696969696969705899e-02
2.239494949494952980e+00
4.919191919191921725e-02
1.636262626262625197e+00
3.058585858585861073e-01
1.844343434343430843e+00
1.267777777777779891e+00
1.048878787878788188e+01
2.629595959595954380e+00
9.999999999999972453e-03
1.066666666666667984e-01
1.359090909090910460e+00
1.706969696969695027e+00
1.619191919191921958e+00
3.461313131313135116e+00
1.287878787878784237e-01
1.232313131313131294e+01
3.339717171717170174e+01
1.358282828282829202e+00
2.737373737373734461e-01
1.292323232323233428e+00
2.123939393939396236e+00
2.912222222222219159e+00
1.462525252525252784e+00
2.233333333333338555e-01
2.132020202020198152e+00
4.701313131313131777e+00
1.738888888888887152e+00
2.568282828282832941e+00
3.546616161616162088e+01
1.430202020202020474e+00
4.567444444444444684e+01
1.387878787878788600e+00
1.529090909090908168e+00
7.462121212121215486e+00
1.993838383838385964e+00
1.212121212121213043e+00
0.000000000000000000e+00
5.204242424242422338e+00
3.590909090909086276e-01
1.090808080808080005e+00
2.933848484848484617e+01
2.691919191919188936e+00
4.176909090909088462e+01
2.373636363636367541e+00
2.677777777777780588e-01
2.448787878787883177e+00
2.294444444444439402e+00
3.244848484848484205e+00
1.186868686868684519e-01
2.600000000000000644e-01
5.899707070707069079e+01
4.113030303030301482e+00
8.164747474747473532e+00
1.066666666666667984e-01
8.951515151515160307e-01
1.060505050505047731e+00
6.051919191919195029e+00
6.575757575757587570e-02
1.767676767676764904e-01
0.000000000000000000e+00
4.525959595959597515e+00
2.000202020202018982e+00
2.513131313131307110e-01
1.742373737373738862e+01
8.435353535353530274e-01
1.388888888888885620e-01
2.488888888888884376e-01
1.919393939393942095e+00
3.127373737373732698e+00
5.318525252525250124e+01
6.584343434343430168e+00
4.797979797979806671e-02
0.000000000000000000e+00
2.669696969696979116e-01
8.134444444444445921e+00
2.050404040404036898e+00
0.000000000000000000e+00
5.755555555555564862e-01
2.475151515151510662e+00
2.076262626262628697e+00
1.293939393939391502e+00
2.184242424242421876e+00
3.343232323232322667e+00
2.350909090909090615e+00
1.939595959595958874e+00
2.939393939393944444e-02
0.000000000000000000e+00
2.519696969696972655e+00
4.267676767676768512e-01
0.000000000000000000e+00
4.068686868686866576e-01
2.079797979797981256e-01
3.456565656565650513e-01
3.136464646464649064e+00
1.495858585858584666e+00
1.368686868686869840e+00
2.503030303030306936e-01
0.000000000000000000e+00
3.846464646464643478e-01
4.396969696969699193e+00
2.762020202020198045e+00
3.988888888888885376e+00
1.432525252525252535e+00
9.550505050505034843e-01
1.183737373737374643e+00
1.605858585858585430e+00
2.906161616161614614e+00
6.881333333333330415e+01
1.872121212121213629e+00
1.764343434343433437e+00
6.787878787878793840e-01
3.344747474747472804e+00
6.982424242424241534e+00
1.210505050505049418e+00
5.347474747474737500e-01
0.000000000000000000e+00
1.868181818181820608e+00
1.366767676767678852e+00
3.438686868686871456e+00
2.552525252525248978e-01
6.575757575757587570e-02
1.142424242424244091e-01
2.445555555555552374e+00
4.797979797979804589e-02
9.999999999999951636e-03
1.204646464646466741e+00
1.201202020202020115e+01
3.099595959595962125e+00
2.498646464646465759e+01
9.999999999999995004e-03
2.652525252525249622e-01
2.400909090909094878e+00
1.745454545454546702e-01
2.740000000000003322e+00
2.800606060606061209e+00
0.000000000000000000e+00
3.653434343434343035e+00
3.438494949494950248e+01
9.096969696969685604e-01
1.808585858585861184e+00
8.885858585858581904e+00
2.651414141414142556e+00
1.585353535353536625e+00
2.827070707070701960e+00
1.979797979797979016e-02
7.586868686868679656e-01
5.413131313131319011e+00
4.816161616161609427e-01
3.926767676767675130e+00
1.943030303030299333e+00
6.043131313131317128e+00
1.999999999999995531e-02
1.839494949494947518e+00
1.910101010101011576e-01
5.565656565656564858e-01
6.001515151515154578e+00
3.210242424242423454e+01
1.246232323232323935e+01
8.213131313131304401e-01
1.999999999999998307e-02
1.427696969696969020e+01
1.552929292929294380e+00
3.123232323232328911e-01
2.523171717171717177e+01
1.474646464646462096e+00
1.088888888888889656e-01
2.114545454545452063e+00
2.361414141414141632e+00
7.434343434343430868e-02
1.766060606060603888e+00
7.434343434343430868e-02
3.425656565656565622e+00
0.000000000000000000e+00
1.814545454545450909e+00
1.060505050505053282e+00
8.272727272727277426e-02
1.404626262626262978e+01
1.287878787878786180e-01
8.756565656565650002e+00
1.298484848484846355e+00
1.888888888888889950e-01
2.788282828282825587e+00
0.000000000000000000e+00
2.996767676767672750e+00
8.462626262626269380e-01
8.436646464646464949e+01
2.017171717171719614e+00
1.517959595959595021e+01
1.054252525252524819e+01
1.713434343434346196e+00
4.797979797979802508e-02
1.906060606060606455e+00
3.926767676767675574e+00
2.086666666666670000e+00
2.332424242424238958e+00
2.443434343434337519e-01
2.608646464646464125e+01
1.123131313131310760e+00
1.616161616161617132e-01
2.745050505050512069e+00
1.695454545454545769e+00
3.301010101010095066e-01
7.953595959595962483e+01
2.662929292929293368e+00
1.685555555555555918e+00
4.923939393939390285e+00
1.898484848484849774e+00
2.289616161616162771e+01
0.000000000000000000e+00
5.858585858585859535e-02
1.787575757575759816e+00
1.402626262626263109e+00
5.593272727272729128e+01
2.047575757575754274e+00
1.296969696969694219e-01
1.717373737373741438e+00
3.259292929292929575e+00
0.000000000000000000e+00
6.229090909090905015e+00
6.726161616161616053e+01
1.247070707070708329e+00
3.521212121212125568e-01
2.979797979797981777e-01
1.012272727272727657e+01
1.893939393939393923e-01
8.848999999999996646e+01
2.939393939393942709e-02
5.925252525252528990e-01
1.999999999999998307e-02
2.474242424242426353e+00
2.560606060606065992e-01
9.999999999999955105e-03
1.242929292929295215e+00
3.287878787878784070e-01
5.500909090909092214e+01
2.588888888888884465e-01
2.010000000000005116e+00
2.887878787878791487e-01
2.036363636363638097e-01
1.282424242424240690e+00
2.606464646464648371e+00
3.574747474747471121e-01
5.764444444444447591e+00
6.575757575757590345e-02
2.272525252525248618e+00
1.908585858585859718e+00
5.504141414141414224e+00
2.206060606060607832e+00
5.099898989898985491e+00
1.008585858585859807e+00
1.979797979797979363e-02
8.789898989899002091e-01
2.082828282828283195e-01
5.318181818181823006e-01
6.977171717171717091e+01
5.643060606060605267e+01
1.287575757575756041e+00
2.391919191919195387e-01
1.275252525252523306e+00
5.883939393939390783e+01
3.203131313131316826e+00
2.781616161616163652e+00
3.640404040404032204e-01
1.822929292929295730e+00
3.690909090909095802e-01
2.128686868686866518e+00
9.528575757575757166e+01
3.187878787878790643e-01
8.757575757575766784e-02
2.707171717171721781e+00
5.640393939393935341e+01
1.332626262626262159e+00
3.261212121212120341e+00
2.079797979797982366e-01
4.973636363636358304e+00
2.121212121212122381e-01
0.000000000000000000e+00
2.379797979797985408e-01
2.660757575757575921e+01
5.352929292929283100e+00
1.027185858585858540e+02
2.939393939393944791e-02
5.869696969696974742e-01
1.938989898989899041e+00
1.630101010101010051e+00
1.842424242424241798e-01
1.614747474747473710e+00
1.454040404040406687e+00
3.149494949494944795e-01
1.098080808080807991e+01
1.979797979797979016e-02
3.456565656565662170e-01
3.128989898989900986e+00
3.878787878787880172e-02
3.553535353535357544e-01
1.209494949494948735e+00
1.836262626262623376e+00
1.395595959595959634e+01
1.207373737373736766e+00
3.352525252525254684e-01
2.387171717171715724e+00
2.730303030303037337e-01
1.534444444444444944e+00
8.669696969696988331e-01
0.000000000000000000e+00
1.600070707070707243e+01
2.266666666666662389e-01
2.475757575757577267e-01
0.000000000000000000e+00
1.425252525252529434e-01
1.979797979797979016e-02
1.618484848484852634e+00
1.969696969696966005e-01
5.190909090909082702e-01
1.287878787878785347e-01
2.159898989898986876e+00
1.772323232323230080e+00
3.320505050505051958e+00
2.297575757575757383e+00
3.824141414141414064e+00
3.111414141414137635e+00
3.295060606060605579e+01
8.418242424242421862e+01
2.296363636363633720e+00
1.484040404040402716e+00
1.475949494949494323e+01
2.233333333333338555e-01
4.983737373737378462e+00
9.999999999999984596e-03
3.482020202020204014e+00
1.390808080808079161e+00
0.000000000000000000e+00
1.895151515151517696e+00
2.503030303030300274e-01
3.878787878787880172e-02
5.470909090909090722e+00
5.043828282828284415e+01
3.090909090909088053e-01
1.199898989898989576e+00
2.294444444444446063e+00
5.287171717171708529e+00
1.448484848484848930e+00
1.549393939393937769e+00
2.891919191919198884e-01
1.616767676767676187e+00
1.554545454545456507e-01
1.725959595959597914e+00
4.227272727272727515e+00
1.333535353535353352e+00
2.265252525252521298e+00
4.999999999999995559e-01
2.197979797979799643e-01
2.574949494949494433e+00
2.373737373737374867e-01
6.955454545454550441e+00
5.834242424242423120e+00
1.472626262626257843e+00
6.253333333333332966e+00
8.272727272727277426e-02
3.469696969696964284e-01
2.818181818181823006e-01
1.603939393939394220e+00
3.645959595959594512e+00
7.434343434343430868e-02
2.451010101010103082e+00
1.973636363636360080e+00
9.002696969696972928e+01
1.425252525252527214e-01
1.003434343434343212e+01
1.845454545454546791e-01
3.186868686868687406e-01
9.907272727272729895e+00
3.379393939393943391e+00
1.690404040404041686e+00
2.601010101010102216e-01
5.539292929292927425e+01
3.444949494949496760e+00
2.540909090909087453e+00
2.358585858585861839e-01
2.941414141414144812e-01
8.330303030303047862e-01
2.915858585858590146e+00
1.086575757575758061e+01
0.000000000000000000e+00
2.939393939393943403e-02
1.380303030303027478e+00
1.552626262626262799e+00
2.844444444444449438e+00
7.258181818181822287e+00
3.775555555555558218e+00
1.792929292929291263e+00
3.596969696969695707e-01
0.000000000000000000e+00
0.000000000000000000e+00
3.169191919191918227e+00
2.047171717171720751e+00
2.822929292929296619e+00
1.088888888888888684e-01
2.748686868686872398e+00
1.058515151515152475e+01
3.833333333333330262e-01
2.484565656565655445e+01
2.686767676767673585e+00
3.712121212121204827e+00
1.587777777777774402e+00
5.771919191919190339e+00
2.388989898989896776e+00
0.000000000000000000e+00
1.670505050505049383e+00
3.206565656565650180e+00
1.457575757575757525e-01
2.303636363636366813e+00
1.179090909090905859e+00
2.524868686868688528e+01
5.842727272727271881e+00
1.508080808080810797e+00
1.226464646464646258e+00
4.919191919191923806e-02
2.424242424242418481e-01
3.878787878787880172e-02
1.943434343434342626e-01
2.087979797979794938e+00
4.455555555555564262e-01
5.291919191919188803e-01
1.792424242424244696e+00
1.539888888888889618e+01
2.155616161616159587e+01
1.459696969696969937e+00
0.000000000000000000e+00
1.425252525252528879e-01
1.455141414141413847e+01
1.203939393939394975e+00
2.977878787878790234e+00
3.218484848484848282e+00
2.979797979797975394e-02
1.208989898989900613e+00
1.287878787878784514e-01
3.939393939393939087e-02
1.597696969696966818e+01
2.439696969696965034e+00
1.958181818181815359e+00
3.833333333333325266e-01
2.723535353535349923e+00
2.940404040404041575e-01
2.818080808080804189e+00
6.345454545454540352e+00
1.703232323232327650e+00
1.945353535353531838e+00
5.696969696969712837e-02
1.925656565656564734e+00
1.158484848484847696e+01
1.768484848484844774e+00
9.345454545454565665e-01
9.999999999999956840e-03
1.780808080808077565e-01
1.495656565656561909e+00
3.108181818181816158e+00
1.115252525252523830e+00
1.990909090909091794e-01
7.054949494949493527e+00
4.386656565656566187e+01
3.449494949494954277e+00
3.959898989898988919e+00
4.260505050505051017e+00
1.113333333333335284e+00
2.424242424242418481e-01
7.013151515151510296e+01
4.614333333333333087e+01
1.581616161616159255e+00
1.692222222222224293e+00
3.550505050505048832e+00
2.390606060606060179e+00
2.153030303030307291e+00
9.455555555555535951e-01
0.000000000000000000e+00
1.142424242424244507e-01
1.974444444444448221e+00
1.795292929292928363e+01
3.047070707070702600e+00
4.034525252525250494e+01
1.891777777777778979e+01
1.164040404040403587e+01
1.284242424242425962e+00
1.255555555555555591e-01
2.550101010101009535e+00
1.593939393939394433e+00
0.000000000000000000e+00
7.073646464646465404e+01
7.189898989899006221e-01
8.495959595959596822e-01
1.047575757575759603e+00
3.152121212121218097e+00
1.174747474747476872e+00
2.480000000000001759e+00
3.365858585858588548e+00
5.696969696969712837e-02
0.000000000000000000e+00
3.906515151515149853e+01
1.780808080808077953e+00
3.940393939393938894e+01
2.585858585858589742e-01
1.685959595959595658e+00
0.000000000000000000e+00
2.445979797979796189e+01
0.000000000000000000e+00
9.002222222222224346e+00
0.000000000000000000e+00
4.879797979797973473e-01
2.056121212121210817e+01
2.027373737373735274e+00
2.007474747474751187e+00
5.513373737373736105e+01
2.425858585858584604e+00
3.354646464646466875e+00
1.215151515151516731e-01
2.043838383838381123e+00
2.979797979797977128e-02
2.706464646464648904e+00
1.736060606060606659e+01
1.376767676767675364e-01
2.216000000000000725e+01
9.225686868686868536e+01
1.616464646464646826e+00
0.000000000000000000e+00
2.862222222222227330e+00
4.160323232323223408e+01
3.238181818181823157e+00
1.188484848484849588e+00
3.949969696969698418e+01
1.979797979797979016e-02
9.988888888888911577e-01
9.999999999999981126e-03
2.430303030303030964e-01
4.987616161616159616e+01
1.842424242424241798e-01
7.958181818181821576e+00
5.145656565656569370e+00
2.951414141414143710e+00
1.159393939393937423e+00
2.984848484848487971e-01
3.260606060606064949e-01
1.066767676767675033e+00
5.792929292929290597e+00
2.315050505050503915e+00
2.064949494949496867e+00
1.066666666666668400e-01
8.393939393939402471e-01
1.025575757575756697e+01
3.591424242424242408e+01
1.528888888888888964e+00
9.090909090909100598e-01
2.934343434343437806e+00
6.575757575757587570e-02
6.273969696969697196e+01
1.807171717171713876e+00
1.125050505050503524e+00
4.595959595959596911e+00
1.096060606060604403e+00
2.134848484848482997e+00
3.505555555555556868e+00
1.733333333333331450e-01
4.087878787878787556e-01
0.000000000000000000e+00
4.955555555555549163e-01
3.453030303030302672e+00
6.787979797979798491e+01
5.410202020202022055e+01
2.496868686868683795e+00
2.625252525252524949e-01
1.982828282828279720e+00
1.755050505050507414e+00
2.479292929292923553e+00
2.503030303030307491e-01
3.126363636363640452e+00
0.000000000000000000e+00
5.079797979797981533e+00
1.773232323232324159e+00
1.551616161616163669e+00
1.490707070707069759e+00
3.442222222222226513e+00
3.170707070707065034e-01
7.026727272727269735e+01
2.294343434343431465e+00
8.457272727272727053e+00
1.843838383838380501e+00
2.496464646464643167e+00
1.575858585858588290e+00
2.063333333333337016e+00
1.249494949494947882e+00
1.079414141414141781e+01
1.232222222222224550e+00
1.775959595959595072e+00
2.429191919191913129e+00
5.858585858585859535e-02
6.204040404040395140e-01
1.040101010101011747e+00
3.075858585858585847e+00
1.962828282828280146e+00
3.647171717171717731e+00
2.121212121212122381e-01
7.434343434343430868e-02
2.427272727272731245e-01
9.999999999999991535e-03
8.687878787878792197e-01
9.999999999999977657e-03
4.204040404040399470e-01
2.179292929292931724e+00
2.567272727272724708e+00
1.788888888888891526e-01
1.943434343434342904e-01
7.615555555555557632e+00
1.401919191919191343e+00
1.195868686868686659e+01
4.797979797979799732e-02
0.000000000000000000e+00
2.152727272727276375e+00
1.186868686868686323e-01
9.999999999999989800e-03
1.185353535353537380e+00
4.450202020202023157e+00
0.000000000000000000e+00
1.838282828282829184e+00
2.453131313131317270e+00
3.452727272727273089e+00
1.142424242424245895e-01
2.294949494949493352e-01
